/*--------------------------------*- C++ -*----------------------------------*\
| =========                 |                                                 |
| \\      /  F ield         | OpenFOAM: The Open Source CFD Toolbox           |
|  \\    /   O peration     | Version:  2412                                  |
|   \\  /    A nd           | Website:  www.openfoam.com                      |
|    \\/     M anipulation  |                                                 |
\*---------------------------------------------------------------------------*/
FoamFile
{
    version     2.0;
    format      ascii;
    arch        "LSB;label=32;scalar=64";
    class       volScalarField;
    location    "2.2";
    object      gradTz;
}
// * * * * * * * * * * * * * * * * * * * * * * * * * * * * * * * * * * * * * //

dimensions      [0 -1 0 1 0 0 0];

internalField   nonuniform List<scalar> 
5712
(
7280.18
22120.7
5521.64
24201.9
3026.71
25640.4
5164.22
40627.1
8439.45
51020.5
8648.23
36188.5
9229.18
32158.7
9095.22
27623.7
4276.42
2322.81
12890.8
6085.95
3989.71
1832.08
13900.1
5593.58
5567.48
4100.73
16437.5
12007.9
3732.09
2933.48
16534.2
12508.9
8383.18
3047.43
6349.88
2304.45
2897.92
7773.44
39724.8
12139.9
11924.9
5510.51
48234.8
15122.4
11128.4
5230.17
26296.2
8766.61
13402.7
6109.74
21400.3
6804.82
4966.4
2692.89
8744.72
3536.51
4417.03
2791.86
9181.19
3463.84
5918.11
3760.08
5764.27
2418.98
10254.8
3703.35
4037.03
1491.37
12541.4
9446.68
7603.4
6823.67
14010.7
12280.7
7599.26
8107.54
7053.47
6061.21
9208.42
7888.29
5658.59
4871.19
3283.94
2823.92
5634.94
5621.4
3220.71
3225.14
5422.06
4258.33
3165.84
2237.08
6058.72
3411.06
6088.05
6712.68
8062.16
6137.74
8718.05
11486.9
4422.63
1893.69
3909.23
4032.6
2503.12
875.501
1793.12
1548.73
5690.77
11505.6
4150.6
13019.1
6153.91
11653.3
4947.54
13857.2
8108.4
11568.8
6859.51
14101.5
8971.91
10757.6
6937.24
6970.61
8508.18
7095.77
7837.57
10814.9
12633.3
18514.2
9595.36
7770.04
7423.39
9411.18
14969.2
14356
13915.8
16783.8
16925.8
14009.5
14046
16832.8
16776.6
12915.1
13423.1
16137.6
16323.7
8935.17
9492.19
8752.78
9255.65
10638.5
10675.8
12459.7
12155.1
15747.5
15959.3
8151.31
8959.87
9229.99
9882.1
10318.9
11177.6
11904.8
13099.5
15679.5
17084.6
9537.82
6509.46
7719.62
7781.7
10676.3
12146.1
8681.63
11479
7091.93
7209.62
9022.74
6478.44
3262.49
5617.74
1334.81
2092.44
5376.7
8509.47
2107.02
3186.85
2742.26
4932.06
1025.06
1798.09
6753.05
5766.27
6905.88
4327.18
9510.01
6789.45
10824.6
7239.57
3157.73
3676.16
3931.52
2238.44
2431.63
2650.32
2708.85
2056.54
12096.2
7964.67
2605.72
13102.3
8245.67
2850.87
11909.1
7787.34
2649.17
13081.6
8221.18
2786.23
11372.4
7323.95
2455.06
12853
8092.82
2783.04
6797.6
3883.88
1015.13
8080.62
5517.73
1794.27
9294.06
6545.42
2208.44
10290.9
6703.98
2198.01
12439.4
7826.29
2767.72
7492.91
4112.87
1348.6
7279.68
4713.83
1638.25
8197.22
5406.57
1850.94
9739.15
6255.36
2137.8
11802.1
6889.31
2386.31
-495.291
991.366
448.741
2644.94
1783.75
1802.06
4598.72
4026.78
602.881
973.549
638.857
1021.31
340.544
943.825
627.91
1383.5
1895.92
1136.52
3823.42
2706.89
1749.7
2879.5
2932.99
828.001
5890.23
1867.12
-4143.6
-608.747
668.311
699.735
22.5711
179.246
10316.2
4525.52
2737.65
1623.55
10163.1
4590.8
2986.93
1920.45
9829.2
5028.86
4025.07
2857.63
3092.26
2021.75
1733.68
1568.15
13123.5
11471.7
5751.14
7350.57
14718.2
13744.1
7165.62
8593.04
5232.05
6312.2
11139.5
9188.81
3659.86
4795.59
2108.38
2788.91
4790.34
5598.88
2764.84
3206.35
2975.32
4163.94
1670.36
2533.74
4668.02
3325.54
5296.29
3574.73
8023.45
4795.67
7122.38
4695.69
2777.56
2275.58
3676.5
2455.84
1561.26
1435.84
2328.09
1518.85
12034.8
8029.65
5902.63
6150.94
11929.2
7997.85
5836.52
6031.75
12054.5
7672.17
5944.87
5605.96
13229.1
12791.3
12336
9487.31
5481.59
7789.77
9376
9901.03
9289.16
6522.29
11069.5
9910.14
8211.89
6642.58
4348.34
6880.07
6833.84
6911.02
8386.66
6842.84
6608.45
6749.97
8201.22
6514.04
6231.79
6410.56
7841.74
8750.93
8274.82
8138.44
7001.94
6083.25
6098.42
5873.75
6133.54
5598.18
7387.69
6422.09
7278.33
5361.39
6099.33
4766.83
5454.47
4674.58
5618.7
4254.72
6780.26
4737.23
3798.11
3243.35
1731.39
7285.95
5537.21
5887.79
3720.53
2468.76
1415.44
3654.72
3296.94
4225.4
1835.65
1970.07
1084.78
5502.69
3147.61
2263.51
1559.75
3428.48
1462.14
1748.54
877.272
2086.47
2495.22
2590.23
4380.58
3148.75
3845.31
3121.8
5691.04
2512.16
1828.64
1903.07
3140.33
1136.87
453.137
415.9
792.976
5402.99
2479.04
713.948
5820
1552.86
410.605
5256.4
2580.36
805.8
5778
1598.03
443.078
4787.3
2368.77
612.321
5496.91
1479.91
335.004
5596.06
3060.83
807.668
4686.45
2518.15
702.199
4572.05
2300.71
657.332
4486.84
2129.89
495.99
5212.63
1307.1
222.893
6206.98
3266.74
1012.83
5334.99
2909.63
958.428
4802.94
2523.63
829.19
4601.66
1895.98
515.243
5427.72
1353.47
431.648
1748.71
671.04
324.225
18.0309
709.409
287.252
150.283
31.5101
1808
719.215
385.463
79.5233
859.975
386.115
249.888
116.747
2074.13
859.867
503.259
160.688
1482.06
762.021
431.84
199.502
1097.96
682.337
326.58
105.316
1145.21
776.307
448.914
247.788
1735.6
825.038
430.425
48.9549
1652.48
760.878
450.528
-30.6645
2180.48
918.825
545.302
126.284
1955.48
811.143
505.31
-54.9947
1320.32
720.597
374.335
51.4953
1287.52
671.76
411.14
68.7839
985.02
626.964
392.523
225.727
900.111
561.384
384.009
217.952
2237.02
818.211
399.274
-65.4442
2338.02
797.062
445.167
-229.142
2230.38
830.117
433.119
-34.8477
2244.7
769.568
444.004
-212.81
2245.94
853.762
500.978
15.2515
2011.93
697.112
440.76
-151.329
2088.39
823.681
550.724
147.453
2219.11
789.915
566.771
-144.743
1626.01
640.228
434.521
49.9639
1933.74
585.29
332.45
-217.059
760.316
207.98
101.627
-50.6067
1909.56
594.356
342.59
-193.562
774.995
219.329
112.607
-37.4331
1794.23
580.222
357.023
-149.629
746.956
222.022
126.005
-18.4766
1512.18
498.237
343.434
-100.691
658.649
196.998
135.22
5.99911
1327.14
466.316
333.998
-34.4767
594.016
200.025
151.822
40.663
1042.46
451.498
273.11
19.2562
546.339
277.85
171.665
90.2714
1110.6
410.591
278.664
-7.49901
541.144
223.681
157.723
68.4368
926.569
483.795
292.128
71.6954
553.963
328.325
198.881
122.581
723.362
466.525
311.607
185.267
513.531
353.634
235.964
174.051
15.8393
11.3901
7.24826
4.64116
3.45409
8.87577
5.86648
3.68233
2.36849
1.77653
36.0055
23.533
14.3596
9.05729
6.69691
37.2721
22.9902
13.6259
8.49968
6.26319
83.7743
53.4356
32.106
20.2176
14.9666
164.424
98.6174
58.4356
36.5602
26.9714
168.64
103.838
62.3539
39.2612
29.0774
182.48
109.154
64.8489
40.6867
30.1347
110.423
71.3196
43.3903
27.445
20.2672
86.9372
56.0818
34.1884
21.7049
16.0592
114.887
71.3353
42.6504
26.9037
19.9
88.7374
50.4667
29.6816
18.6848
13.7684
123.199
83.3115
51.2796
32.5707
24.1579
118.987
77.0102
46.9297
29.7553
22.0506
162.706
99.68
59.5103
37.3903
27.6866
156.147
96.1009
57.472
36.125
26.7157
7.64516
9.07551
6.02584
3.88897
2.90318
0.471804
3.40194
2.36932
1.55934
1.18328
19.585
15.7271
9.91162
6.32203
4.71663
2.99214
4.92288
3.26976
2.12325
1.61304
31.6437
24.0799
14.9184
9.5219
7.13669
18.0806
12.589
7.46658
4.64439
3.47653
96.3253
59.0132
34.8722
22.0268
16.3999
48.103
29.3439
17.1436
10.7743
8.03979
121.901
64.9175
37.1721
23.1507
17.0628
2454.74
4259.82
2313.72
4132.64
2153.31
3844.42
2097.94
3695.39
2292.5
4224.72
1341.8
1966.12
1866.43
2951.05
886.581
1176.88
345.022
470.655
7260.27
1747.87
400.738
88.7447
22.2174
1934.16
512.715
137.261
30.7347
6.84845
7205.83
1710.57
389.279
85.5743
21.3245
1998.41
581.587
142.921
33.1232
8.29242
6954.05
1622.34
365.172
79.65
19.7353
1940.11
562.689
137.209
31.4744
7.80468
6526.11
1492.37
332.805
72.3058
17.8995
1866.92
529.222
126.455
28.5397
6.97708
5724.98
1288.95
287.095
62.6051
15.6002
1738.92
470.428
109.851
24.4805
5.92958
3215.95
772.811
178.206
39.7533
10.0765
886.178
225.202
48.9662
10.1084
2.30601
4488.23
1048.44
237.479
52.3271
13.1573
1235.6
323.103
73.8755
16.2606
3.91765
2016.14
496.897
116.239
26.183
6.67423
566.98
147.406
31.5284
6.19894
1.34882
740.919
184.771
43.5656
9.88165
2.53275
275.564
65.1979
13.1338
3.54924
0.513275
-1251.63
624.558
4181.89
-3571.95
976.233
1041.26
2610.04
3183.66
2157.04
3481.17
2874.74
4343.19
2742.26
3582.42
1311.39
1911.84
1428.99
1664.11
998.264
1034.36
2876.37
2266.32
-350.087
-906.883
-986.516
-1320.51
-690.957
11970.7
3146.08
4077.85
3323.67
362.485
-30.0893
3311.48
-989.941
-432.222
-820.572
-281.22
5910.36
3046.52
1373.99
765.996
3295.67
1521.05
225.26
397.45
-1115.36
-1101.54
863.027
738.035
9311.78
4592.56
4504.87
2599.67
3437.51
3189.41
-11.4884
-1077.96
305.46
2023.33
1794.58
1585.62
1490.49
1147.2
1821.72
1483.17
1212.1
901.818
360.441
-314.81
-262.527
-192.955
-115.474
-38.0903
-809.997
-677.112
-507.814
-314.127
-106.245
-881.271
-736.434
-551.385
-340.248
-114.935
-1180.74
-988.103
-741.327
-458.434
-155.048
-611.188
-503.925
-370.946
-225.173
-75.3808
8940.94
8269.19
7137.99
6764.63
6391.43
2943.39
2429.75
2231.78
1899.37
874.282
3346.27
2694.36
2285.06
1832.4
860.199
2588.13
2047.41
1707.43
1294.46
496.102
308.974
220.481
232.943
191.283
101.608
42.2486
99.8744
125.6
107.35
42.3935
2760.19
2220.86
1740.32
1216.22
465.599
-627.757
-335.623
-170.598
-77.5336
-25.1043
-346.173
-246.894
-148.989
-70.5476
-18.7741
-596.618
-387.336
-228.286
-116.435
-36.0556
-262.614
-223.638
-163.529
-95.4862
-30.3671
4105.48
4066.04
3576.45
3571.55
3632.46
2528.45
2005.15
1688.38
1305.62
521.186
1262.5
1108.64
912.433
634.611
233.022
677.014
574.502
463.338
318.992
116.28
2765.96
2214.98
1698.02
1136.43
415.138
1365.92
1152.49
903.667
590.835
195.793
194.569
164.165
136.777
98.2052
35.8124
361.049
313.539
253.935
171.575
60.5089
-968.399
-783.041
-567.705
-341.48
-113.748
-970.892
-797.239
-584.549
-353.559
-117.995
766.1
648.172
509.2
337.422
120.322
654.217
552.655
434.228
287.599
102.06
6187.5
5031.71
4494.08
4393.28
3703.07
3606.81
2872.94
2321.97
1733.05
726.046
3596.18
3064.47
2605.14
2163.5
928.71
2082.37
1726.97
1397.48
1023.75
462.024
2954.59
2415.02
1857.03
1222.71
432.164
2676.89
1938.65
1601.15
1192.3
226.535
-5.95722
5.47379
23.1241
29.3791
12.3038
-957.464
-793.013
-586.017
-356.486
-119.36
286.311
258.079
223.99
161.59
56.8281
-28697.9
-44932.9
-21709.4
-38197.1
-23107.9
-53709.7
-30407.2
-65298.4
-16224.2
-10864.9
-18039.1
-9687.47
-15147.5
-9939.49
-18189.6
-8626.71
-23597
-16578.6
-32720.7
-23582.6
-18570.9
-13587.3
-28179.9
-21098.4
-14263.2
-14473.1
-9972.06
-9599.19
-12102.1
-12820.4
-42996.7
-13216.8
-13721.6
-6529.68
-50604.9
-16065.7
-12457.4
-5994.24
-30057.8
-9907.47
-15252
-7118.38
-25231.7
-7700.77
-11310.7
-4809.34
-15513.1
-5832.11
-9841.28
-4397.33
-14353
-5119.3
-10249.3
-4948.85
-8770.32
-3349.59
-12423.6
-4414.31
-4869.38
-1803.18
-10189.9
-7331.95
-8319.84
-6193.13
-8844.87
-7539.64
-7398.49
-6477
-8311.7
-6069.44
-9599.04
-7533.52
-6248.26
-4580.36
-3709.62
-2627.58
-5655.05
-4749.74
-3241.69
-2593.02
-6301.2
-4323.85
-3776.73
-2303.31
-7418.28
-3928.04
-6330.23
-6816.82
-9630.04
-6760.43
-8980.59
-11584
-5289.44
-2222.13
-4091.26
-4113.69
-3083.09
-1102.15
-1938.64
-1613.49
-9921.98
-12643.7
-5675.09
-14259.5
-9833.99
-12336.1
-6199.98
-14751
-10888
-11920.1
-7709.95
-14454.5
-6075.42
-3744.31
-7791.96
-9048.36
-9291.69
-5578.36
-7734.28
-11591.8
-13260
-18776.6
-5009.92
-5714.74
-6964.48
-9482.23
-15020.1
-13366.5
-11009.8
-16578
-13751.4
-12980.9
-11302.9
-16595.2
-13862.2
-11870.7
-10514.4
-15689.3
-13773.7
-8204.65
-7694.73
-8174.13
-7385.83
-9386.31
-8347.97
-10792.3
-9549.84
-15064.4
-13825.5
-6774.73
-7427.57
-7539.05
-7361.68
-8634.79
-8398.45
-10480.5
-10403.2
-15020.7
-14768.7
-7998.87
-5448.44
-6704.56
-6847.25
-8380.54
-10540.4
-7058.08
-9987.92
-6568.87
-6631.52
-8155.39
-5754
-2563.73
-4900.71
-724.56
-1491.6
-4183.28
-7405.95
-1115.06
-2284.35
-2388.02
-4494.85
-696.715
-1422.28
-6527.97
-5449.9
-6818.13
-4173.89
-9063.68
-6295.38
-10630.9
-6875.92
-3002.74
-3443.86
-3856.02
-2127.02
-2266.62
-2432.41
-2621.9
-1939.38
-8027.71
-3101.61
-8556.91
-2978.18
-8220.58
-3080.19
-8978.42
-3308.15
-7868.54
-2900.6
-9718.78
-3841.39
-4327.27
-1021.44
-5152.32
-1847.36
-5965.41
-2326.02
-7226.65
-2739.76
-9683.62
-3755.24
-5274.58
-860.801
-4541.44
-1523.58
-5227.96
-1926.39
-6795.83
-2520.28
-8781.65
-2874.05
-6186.74
-6021.13
-3971.29
-3851.48
-9841.96
-7813.45
-7595.97
-6010.4
-5379.11
-4998.95
-2061.16
-1698.93
-5031.21
-4893.87
-1756.97
-1677.78
-2434.78
-5709.4
-3682.42
-6904.43
-4733.95
-1981.97
-3068.24
-662.641
-6564.2
-2227.96
4106.43
1306.51
-149.867
45.1092
1099.32
1292.89
-2648.16
-1453.25
-1046.84
-424.562
-2638.95
-1602.62
-1132.82
-402.628
-2891.71
-1920.92
-1218.97
-234.024
-1009.26
337.675
367.795
1038.31
-5055.97
-4983.14
-3709.01
-4240.19
-7277.23
-7026.96
-5916.18
-5930.25
-2510.58
-3222.07
-4095.33
-3927.76
-2497.91
-2847.54
-1168.21
-1225.9
-4187.89
-4082.1
-2315.18
-2061.43
-1263.41
-2011.45
-251.287
-699.648
-1613.52
-979.869
-2579.51
-1526.53
-2746.31
-2055.95
-3205.84
-2351.2
-639.826
-192.92
-1565.86
-607.72
269.191
555.09
-409.454
258.702
-3001.36
-3069.1
-2550.27
-4077.57
-3091.83
-3224.3
-2689.17
-4180.57
-3655.01
-3351.53
-3052.49
-4097.69
-2191.66
-2619.01
-2803.04
-2763.23
-2575.34
-4364.34
-3503.58
-3335.99
-4157.95
-4506.29
-4460.92
-3419.18
-2940.38
-2771.33
-2179.48
-4126.85
-5256.4
-7084.66
-12270.1
-3939.15
-4449.13
-6653.11
-11403
-3985.82
-4858.79
-6106.15
-10197.7
-7511.93
-6487.6
-6052.72
-5321.05
-4290.87
-4751.54
-4569.98
-5563.16
-5248.42
-9126.33
-5086.34
-5908.95
-3718.92
-4805.36
-3105.41
-4345
-3364.79
-5008.38
-3145.08
-7252.12
-2300.38
-2455.59
-1231.71
-276.816
-4682.27
-4133.09
-3899.59
-2253.2
-606.516
-79.4715
-1605.65
-2133.04
-2523.25
-611.391
-467.387
11.5008
-3913.36
-1922.2
-937.076
-491.5
-1783.17
-340.652
-208.091
164.191
-570.305
-1515.51
-1496.14
-3940.25
-1606.17
-3100.69
-2199.01
-5705.56
-1076.83
-911.464
-638.317
-2465.69
320.755
491.842
901.635
7.07002
-4421.18
-1450.91
-9011.71
-1269.84
-3809.58
-1577.55
-8507.4
-1258.56
-3409.02
-1014.75
-7063.71
-650.878
-3513.23
-763.61
-3085.05
-733.547
-3519.28
-1058.49
-3363.29
-557.099
-6335.27
-554.863
-4297.69
-545.909
-3828.13
-575.622
-3866.67
-762.935
-3987.54
-410.086
-6284.59
-640.832
-669.739
-198.3
-74.3057
157.332
-207.723
-51.6329
-25.0069
43.9767
-643.794
-160.773
-68.0203
153.201
-84.1391
32.5885
1.61861
51.9756
-694.22
-130.698
-42.2021
227.225
191.394
268.392
306.431
401.258
697.883
518.176
524.593
517.122
1012.52
723.055
582.134
419.78
-277.447
89.3758
214.342
460.053
-272.5
133.205
157.713
509.971
-798.671
-125.975
-7.06527
375.378
-628.717
-16.4102
5.90043
512.987
200.857
306.069
346.491
479.025
97.8702
283.391
269.201
450.961
601.974
485.639
413.366
357.952
488.506
427.088
340.646
337.862
-1102.59
-334.872
-162.783
276.503
-1509.46
-411.584
-301.978
455.257
-1075.02
-304.415
-165.449
273.113
-1463.83
-389.412
-296.556
439.068
-1069.07
-267.737
-192.659
259.168
-1320.72
-337.62
-288.667
382.503
-729.592
-94.3414
-117.049
289.12
-1241.88
-257.429
-306.228
481.495
-539.008
-24.9531
-23.4022
439.692
-1492.19
-320.282
-243.15
395.269
-654.484
-117.996
-62.788
109.067
-1338.26
-272.15
-224.638
379.893
-606.483
-103.155
-59.7331
104.51
-1084.77
-185.981
-204.722
336.142
-504.652
-71.1785
-52.9003
98.8091
-843.822
-120.179
-178.427
286.802
-424.855
-53.1239
-53.334
87.1314
-562.689
-35.3903
-97.6637
276.491
-233.662
4.56339
-21.2987
90.945
-200.41
113.252
129.522
350.598
151.139
186.016
151.634
190.319
-475.106
-16.2861
-10.2382
293.31
-21.936
90.2785
56.065
131.041
122.803
263.851
239.071
368.292
273.164
271.183
224.865
228.289
425.939
383.994
291.389
294.945
382.513
329.451
246.973
216.783
47.6332
17.2289
8.05091
4.62607
3.34356
20.5489
7.99642
3.84525
2.21226
1.5875
67.9268
28.9052
14.9706
8.96992
6.58051
51.0392
24.9006
13.8171
8.48868
6.27314
125.624
58.5655
31.8598
19.3535
14.2314
189.048
101.743
57.9363
35.7774
26.4729
197.461
108.609
61.9877
38.21
28.1939
193.788
110.881
64.6371
40.201
29.7169
160.852
79.054
43.5552
26.5614
19.6362
131.616
62.2572
33.9735
20.6102
15.2099
156.437
74.617
41.0651
24.9682
18.395
100.187
49.9152
27.8142
16.9348
12.5308
183.049
93.2014
51.8645
31.6858
23.3575
163.461
84.0443
47.0386
28.7925
21.2699
181.071
102.373
59.4446
36.9108
27.271
175.301
99.2199
57.5224
35.6825
26.3754
51.4293
15.4798
6.81587
3.84457
2.76102
23.9759
6.08444
2.52046
1.3758
0.964656
59.7548
21.2998
10.3476
6.05437
4.38385
25.9834
7.4673
3.3673
1.90945
1.34793
75.0771
28.7896
14.6375
8.65416
6.25292
34.9726
14.1312
7.54929
4.60142
3.33543
127.929
58.3946
31.9409
19.2688
14.0607
61.243
28.0883
15.5498
9.42819
6.85917
111.012
59.8992
34.2578
21.0634
15.564
-2840.88
-4294.76
-2712.82
-4203.91
-2500.74
-3911.9
-2364
-3726.42
-2375.37
-4065.41
-1342.04
-1913.22
-1889.13
-2862.94
-852.559
-1122.06
-288.287
-407.582
-7942.22
-1885.95
-427.997
-94.0063
-23.361
-2094.3
-552.641
-146.962
-32.6483
-7.21296
-7794.43
-1830.13
-413.096
-90.199
-22.3359
-2172.29
-627.794
-152.929
-35.1627
-8.73953
-7368.01
-1709
-382.909
-83.1673
-20.5175
-2101.11
-603.711
-146.008
-33.2558
-8.19479
-6753.98
-1543.25
-343.807
-74.5802
-18.4227
-1987.34
-559.804
-133.088
-29.8945
-7.27707
-5805.11
-1310.72
-292.365
-63.7752
-15.8844
-1800.21
-487.894
-113.873
-25.3326
-6.1242
-3210.28
-773.34
-178.72
-39.9333
-10.1341
-886.217
-227.381
-49.7831
-10.3283
-2.36625
-4499.73
-1054.43
-239.378
-52.8168
-13.2896
-1252.5
-330.099
-75.735
-16.6867
-4.02164
-2005.5
-495.495
-116.176
-26.2203
-6.69485
-555.872
-146.166
-31.5447
-6.25638
-1.37409
-728.821
-182.689
-43.2661
-9.85475
-2.53564
-258.035
-62.0096
-12.6578
-3.50078
-0.514846
725.408
-1503.38
-5403.33
1833
-6607.44
-2900.82
-6475.66
-2938.57
-10980.8
-5977.29
-12869.5
-7031.89
-121.545
-490.637
-761.13
-878.447
-771.936
-413.035
-193.62
-746.246
-1133.67
-1255.04
-1023.5
-379.922
-95.8914
-93.6984
-356.678
-334.497
-459.11
-442.256
-322.927
-331.891
-208.301
-245.656
-357.698
-272.633
483.124
1755.82
3418.66
2728.08
2479.23
1199.81
743.209
2226.51
3699.57
4095.4
3490.73
1608.33
-109.604
-92.6449
-70.1995
-43.7422
-14.8523
-443.064
-375.187
-284.838
-177.768
-60.4125
-687.254
-581.884
-441.711
-275.659
-93.6805
-792.829
-670.927
-509.052
-317.567
-107.901
-696.306
-588.801
-446.343
-278.221
-94.4845
-373.073
-315.581
-238.844
-148.427
-50.2774
-174.512
-147.426
-111.652
-69.5495
-23.6118
-673.571
-570.069
-432.585
-269.897
-91.7098
-1023.03
-865.616
-656.753
-409.745
-139.235
-1131.81
-957.022
-725.725
-452.654
-153.803
-922.253
-779.153
-590.439
-368.135
-125.07
-343.001
-290.169
-219.874
-136.909
-46.4523
-86.5258
-73.1987
-55.5107
-34.6108
-11.7549
-84.5996
-71.6208
-54.3546
-33.9105
-11.5212
-322.201
-272.954
-207.305
-129.414
-43.9837
-302.228
-256.09
-194.54
-121.465
-41.2862
-414.673
-351.234
-266.716
-166.482
-56.5785
-399.465
-338.359
-256.944
-160.388
-54.5091
-291.68
-247.06
-187.583
-117.058
-39.7713
-299.62
-253.631
-192.481
-120.087
-40.7996
-188.035
-159.078
-120.53
-75.0311
-25.4481
-221.355
-186.946
-141.526
-88.1167
-29.9026
-321.969
-271.318
-204.634
-126.863
-42.9228
-245.133
-206.407
-155.693
-96.6119
-32.7197
429.829
359.831
272.69
171.468
58.7491
1556.71
1299.18
983.464
619.116
212.438
2997.66
2485.12
1889.07
1205.76
419
2379.56
1994.34
1536.5
1001.06
366.052
2175.34
1826.28
1408.29
912.452
319.675
1083.99
926.276
718.77
460.941
157.501
662.464
554.688
419.14
262.234
89.4955
1979.54
1654.64
1250.71
784.274
268.278
3271.61
2726.21
2064.15
1302.24
448.268
3607.52
3005.14
2283.47
1451.36
504.724
3071.26
2559.39
1950.82
1245.6
433.361
1428.58
1201.47
922.38
590.835
205.367
280.617
646.956
911.447
1019.62
902.386
553.636
413.297
959.814
1331.99
1424.56
1150.9
464.909
216.676
190.526
469.643
425.994
553.829
519.976
386.111
381.389
257.793
234.861
485.17
304.042
-321.689
-1524.69
-3002.71
-2181.46
-1804.52
-446.19
-680.937
-2125.74
-3462.77
-3668.6
-2862.21
-848.692
253.841
215.409
163.898
102.472
34.8577
584.908
495.998
377.114
235.645
80.1374
823.778
698.317
530.771
331.584
112.751
921.285
780.733
593.249
370.548
125.989
815.345
690.91
524.927
327.821
111.449
501.615
426.087
324.094
202.344
68.7416
373.789
317.121
241.239
150.808
51.298
867.447
735.294
558.865
349.142
118.725
1203.25
1019.43
774.499
483.732
164.475
1286.15
1089.04
827.033
516.442
175.589
1038.51
878.887
667.204
416.593
141.644
420.609
356.788
271.185
169.316
57.5411
196.019
166.358
126.586
79.146
26.9227
172.363
146.277
111.302
69.5864
23.6701
424.669
360.195
273.913
171.176
58.2132
385.218
326.745
248.482
155.286
52.8097
500.676
424.555
322.776
201.674
68.5766
470.055
398.562
302.994
189.304
64.3699
349.145
296.153
225.203
140.717
47.8461
344.688
292.186
222.069
138.717
47.1623
233.382
198.174
150.779
94.2069
32.0222
212.216
179.844
136.637
85.3205
29.0005
438.918
372.311
282.927
176.588
59.9922
274.679
232.681
176.664
110.238
37.456
-282.514
-233.414
-175.353
-110.019
-37.7355
-1346.41
-1119.37
-845.635
-532.515
-182.902
-2617.26
-2157.78
-1636.72
-1046.76
-364.682
-1867.45
-1542.19
-1177.94
-769.1
-286.668
-1535.96
-1256.15
-950.036
-609.976
-212.733
-366.861
-283.3
-198.278
-114.308
-34.2903
-606.133
-506.907
-382.822
-239.563
-81.7905
-1889.03
-1578.55
-1193.47
-748.924
-256.346
-3056.57
-2542.84
-1924.09
-1214.6
-418.484
-3214.2
-2663.92
-2017.76
-1282.05
-446.671
-2487.12
-2047.79
-1547.94
-985.684
-343.181
-719.743
-577.63
-428.32
-270.209
-93.6717
-1942.84
-1404.68
750.681
1245.58
1312.02
1818.65
1186.84
-10018.3
-1570.15
-3038.54
-1337.65
668.122
-4049.1
984.92
2399.2
841.677
-4925.32
-1999.19
-535.388
-266.001
-2926.86
-739.797
209.887
170.186
1869.45
1811.96
-466.04
-271.554
-8333.09
-3826.54
-3553.33
-1814.47
-2903.4
-2196.56
686.455
1831
334.533
-1044.73
-871.345
-779.169
-890.876
-898.399
-978.417
-710.405
-569.751
-458.887
-198.027
683.913
582.92
442.635
274.72
92.8915
1121.7
947.345
718.202
448.247
152.378
1182.41
999.053
757.031
471.954
160.373
1638.08
1383.51
1048.42
653.887
222.247
1070.85
905.678
686.304
427.609
145.337
-7238.05
-6966.81
-6312.48
-6566.28
-7019.81
-1089.8
-695.573
-801.52
-926.929
-464.137
-2304.42
-1749.02
-1526.91
-1348.23
-698.984
-904.145
-631.391
-614.557
-567.209
-195.898
593.211
490.622
362.167
219.817
74.3766
-3360.21
-2698.41
-2112.47
-1475.76
-563.887
880.96
737.109
551.711
339.776
114.28
2084.93
1707.24
1284.29
815.649
285.445
759.398
640.816
482.178
297.165
99.657
-3180.83
-3253.13
-2963.58
-3276.76
-3790.85
-1482.68
-1033.77
-891.663
-778.48
-334.537
-426.644
-336.587
-280.156
-215.311
-84.415
-198.104
-143.812
-118.087
-94.515
-38.1247
-2445.02
-1951.95
-1510.25
-1031.68
-384.136
-617.857
-477.592
-358.529
-231.691
-68.0564
211.004
192.532
144.592
82.8943
26.9344
171.38
157.346
119.433
69.9335
23.427
1670.3
1399.66
1055.45
657.709
223.948
1629.42
1373.19
1037.65
645.438
219.166
-389.951
-312.511
-241.387
-163.508
-59.8179
-216.358
-165.542
-127.905
-90.12
-33.6722
-5273.63
-4230.49
-3867.84
-4040.53
-3699.95
-2883.62
-2227.91
-1805.94
-1398.34
-611.788
-2645.53
-2217.39
-1908.21
-1704.65
-750.891
-1338.85
-1062.83
-865.825
-679.317
-348.413
-2456.4
-1977.85
-1513.45
-1002.7
-355.285
-1730.06
-1061.98
-891.148
-726.931
-41.6554
637.263
551.571
417.747
255.335
86.5373
1650.48
1394.19
1054.94
656.295
222.773
325.471
293.02
220.159
129.574
45.4815
-91.346
-191.274
-229.863
-282.535
-414.298
-580.051
-20157.8
-16593.1
-15598.6
-18682.6
-14198.7
-10885.3
-13051.2
-9919.52
-17756.3
-14123.7
-14931.6
-12708.9
-12836.4
-9761.72
-12152.7
-16992.5
-14890.4
-13240.8
-15038.3
-12630.4
-9799.86
-11247
-8450.7
-16446
-13871.6
-14816
-12983.6
-12809.6
-10693.3
-12426.3
-13254.5
-12144.5
-10631
-11573
-10573.2
-8744.31
-9454.23
-8103.86
-13676.4
-12510.8
-12979.9
-12069.3
-11840.2
-10265.5
-11541.6
-9116.53
-8743.83
-7570.68
-7873.9
-8096.31
-7585.54
-7221.28
-7202.93
-9875.98
-10939.6
-9560.66
-10493.4
-9126.04
-8317.21
-9950.66
-5870.2
-5779.4
-4874.12
-4953.03
-5703.87
-5776.78
-4813.85
-4981.48
-6912.71
-8435.84
-6794.02
-7861.74
-6685.71
-6482.23
-7478.78
-2145.22
-2131.51
-1754.31
-1771.27
-2146.52
-2252.91
-1728.37
-1721.14
-2828.99
-3546.3
-2762.59
-3124.06
-2744.47
-2719.1
-2974.83
-7547.96
-7598.31
-10645.3
-11729
-7619.72
-7215.95
-9901.94
-8249.11
-7145.07
-4614.6
-7280.71
-4537.33
-7372.4
-7403.89
-4631.2
-7177.28
-7018.67
-9819.11
-10609.3
-6781.89
-5975.4
-8932
-7327.91
-5029.12
-1889.73
-4981.08
-2129.12
-4242.41
-4046.01
-2479.8
-6036.17
-5931.56
-8274.94
-8727.02
-5964.67
-5501.82
-7754.63
-6960.86
-2659.03
-1810.56
-2633.11
-2420.49
-2573.01
-2839.61
-3112.71
-4448.04
-4465.43
-6075.14
-6215.02
-4602.85
-4545.97
-5976.29
-5879.14
-2747.64
-1681.82
-2961.37
-2650.38
-3244.34
-3806.41
-3596.02
-2762.24
-2780.64
-3871.57
-3907.82
-2725.15
-2736.25
-3846.88
-3799.68
-1531.58
-1240.85
-1736.99
-2096.95
-2220.73
-2718.49
-2823.71
-931.03
-940.608
-1369.56
-1377.4
-937.866
-985.805
-1355.18
-1315.03
-265.104
-513.657
-434.956
-949.467
-757.932
-986.054
-1182.12
7194.7
21665
5511.7
24214.1
3022.5
25645.3
5162.1
40625.7
8435.91
51016.1
8640.51
36186
9215.73
32155
8974
26978.3
4274.54
2322.43
12892.1
6086.22
3988.41
1831.66
13899.1
5593.22
5499.33
4050.13
16130.5
11784.3
3723.27
2929.63
16548.5
12526
8388.38
3045.78
6351.06
2304.24
2897.8
7780.86
39727.7
12140.2
11925.6
5510.4
48234.3
15121.9
11128.3
5229.84
26303
8767.89
13404.3
6110.09
21410
6806.46
4927.52
2658.73
8569.53
3459.93
4420.5
2791.81
9196.81
3467.45
5920.36
3760.46
5769.31
2420.55
10260.5
3705.24
4038.44
1491.89
12541.3
9446.7
7603.49
6823.71
14010.8
12280.8
7599.14
8107.51
7053.96
6061.36
9208.45
7888.37
5658.79
4871.23
3283.79
2823.83
5634.86
5621.36
3220.53
3225.06
5422.66
4258.48
3165.87
2237.04
6059.83
3411.52
6088.29
6712.8
8062.84
6137.94
8718.25
11486.9
4423.66
1894.11
3909.44
4032.72
2503.37
875.622
1793.13
1548.75
5698.06
11532.4
4133.87
13044
6159.1
11645.5
4949.63
13849.3
8109.09
11565.8
6859.27
14098.7
8971.94
10757.8
6937.33
6971.45
8508.01
7095.82
7837.45
10814.4
12632.3
18512.8
9595.47
7770.05
7423.38
9411.21
14969
14379.1
13926.2
16812.5
16905.7
14003.1
14043.1
16826.2
16779.3
12912.4
13421.5
16135.4
16324
8935.12
9492.03
8752.52
9255.34
10637.8
10675.2
12458.1
12154.2
15746.5
15959.1
8151.24
8959.73
9229.76
9881.85
10318.5
11177.2
11904.3
13099.1
15679.3
17084.4
9537.69
6509.4
7719.56
7781.65
10676.2
12145.9
8681.59
11478.9
7091.92
7209.62
9022.6
6478.41
3262.49
5617.72
1334.78
2092.42
5376.68
8509.43
2107.01
3186.83
2742.28
4932.07
1025.04
1798.08
6753.08
5766.3
6905.92
4327.18
9509.93
6789.46
10824.6
7239.56
3157.78
3676.19
3931.56
2238.45
2431.63
2650.32
2708.86
2056.53
12093.8
7956.55
2607.64
13088.5
8232.82
2845.41
11905.7
7785.04
2647.87
13081.9
8220.25
2785.39
11371
7322.94
2454.61
12853.1
8092.35
2782.71
6797.43
3883.75
1015.08
8080.33
5517.51
1794.18
9293.59
6545.06
2208.3
10290.3
6703.51
2197.82
12439.3
7825.99
2767.54
7492.76
4112.76
1348.55
7279.46
4713.65
1638.17
8196.92
5406.34
1850.84
9738.86
6255.12
2137.69
11801.9
6889.04
2386.16
-497.203
990.716
444.048
2644.03
1782.36
1801.47
4595.91
4025.97
592.804
969.935
626.845
1013.61
343.048
945.861
630.639
1385.29
1898.91
1138.08
3823.82
2707.13
1751.51
2882.6
2932.57
828.22
5889.81
1866.95
-4142.33
-607.45
668.62
700.472
24.6949
180.857
10301
4521.32
2731.94
1618.07
10161.7
4592.36
2986.61
1922.32
9828.34
5029.17
4025.66
2858.92
3093.38
2022.88
1735.04
1569.09
13123.7
11471.7
5750.97
7350.55
14718.4
13744.3
7165.4
8592.99
5232.11
6312.19
11139.3
9188.6
3659.82
4795.64
2108.62
2789.07
4790.17
5598.84
2764.82
3206.38
2975.6
4164.07
1670.85
2534
4668.16
3325.87
5296.27
3574.75
8022.93
4795.43
7122.03
4695.36
2778.02
2276.07
3676.67
2456.03
1561.9
1436.35
2328.4
1519.12
12035.5
8043.72
5907.82
6160.68
11927
7994.06
5834.98
6024.92
12052.4
7669.99
5943.43
5602.97
13229.4
12791.7
12335.5
9486.16
5480.72
7789.88
9375.96
9900.35
9287.65
6520.55
11069.6
9910.15
8211.57
6642.04
4347.78
6889.88
6837.31
6916.14
8380.59
6839.71
6605.29
6742.96
8197.92
6512.24
6230.51
6407.62
7840.36
8750.96
8274.74
8138.34
7001.78
6082.85
6098.08
5872.91
6132.91
5596.79
7387.02
6422.1
7278.26
5361.37
6099.23
4766.64
5454.29
4674.21
5618.43
4254.08
6779.91
4737.28
3798.1
3243.36
1731.39
7286.02
5537.2
5887.8
3720.52
2468.73
1415.41
3654.62
3296.88
4225.42
1835.66
1970.14
1084.82
5502.69
3147.61
2263.53
1559.76
3428.52
1462.16
1748.64
877.323
2086.4
2495.18
2590.17
4380.55
3148.55
3845.2
3121.55
5690.93
2512.2
1828.66
1903.13
3140.37
1137
453.197
416.036
793.054
5401.16
2477.29
714.987
5819.38
1555.76
411.172
5254.2
2581.89
806.547
5776.83
1599.64
443.87
4786.65
2369.18
612.58
5496.42
1480.2
335.204
5595.95
3060.75
807.638
4686.33
2518.1
702.179
4571.87
2300.72
657.346
4486.46
2129.88
495.979
5212.4
1307.17
222.933
6206.89
3266.67
1012.8
5334.89
2909.56
958.399
4802.82
2523.56
829.165
4601.5
1895.87
515.185
5427.61
1353.47
431.669
1742.94
667.242
320.495
15.2951
703.152
283.766
147.563
29.8459
1808.81
719.534
385.716
79.6899
860.812
386.47
250.178
116.926
2074.28
859.941
503.361
160.787
1482.43
762.193
432.02
199.596
1098.29
682.503
326.724
105.385
1145.64
776.534
449.05
247.845
1735.75
825.125
430.511
49.0202
1652.51
760.924
450.585
-30.6053
2180.38
918.809
545.354
126.372
1955.32
811.107
505.339
-54.9257
1320.56
720.727
374.425
51.55
1287.66
671.855
411.215
68.8408
985.302
627.126
392.623
225.781
900.304
561.513
384.096
218.008
2238.88
818.085
397.716
-67.5339
2342.85
798.347
445.021
-230.571
2229.65
829.827
433.017
-34.8602
2241.6
768.514
443.533
-212.677
2245.27
853.526
500.924
15.3249
2010.54
696.618
440.589
-151.235
2087.97
823.539
550.737
147.558
2218.32
789.634
566.712
-144.654
1625.76
640.149
434.544
50.0603
1941.19
587.875
333.641
-218.287
765.016
209.477
102.2
-51.0062
1906.11
593.266
342.158
-193.385
774.605
219.268
112.64
-37.3957
1792.67
579.715
356.899
-149.511
746.449
221.878
125.996
-18.4159
1511.49
497.999
343.389
-100.63
658.35
196.901
135.208
6.03917
1326.82
466.208
333.993
-34.426
593.858
199.973
151.822
40.6959
1042.45
451.512
273.142
19.3029
546.317
277.86
171.691
90.3079
1110.48
410.556
278.674
-7.45476
541.06
223.66
157.735
68.4707
926.635
483.856
292.181
71.7447
554.005
328.371
198.923
122.621
723.495
466.626
311.676
185.317
513.628
353.714
236.019
174.093
14.9673
10.8706
6.91643
4.41215
3.26953
8.35429
5.53885
3.46057
2.20612
1.64108
36.0807
23.5814
14.382
9.06574
6.69695
37.3387
23.0323
13.6514
8.51672
6.26876
83.8164
53.4517
32.1064
20.211
14.9557
164.462
98.6207
58.4277
36.5497
26.9601
168.679
103.852
62.3605
39.2655
29.0854
182.506
109.168
64.857
40.6925
30.1409
110.442
71.3169
43.3789
27.4307
20.2515
86.9581
56.0867
34.186
21.6996
16.0529
114.922
71.3425
42.6449
26.8937
19.8896
88.7601
50.4704
29.6773
18.6778
13.7617
123.221
83.3174
51.2781
32.5663
24.1526
119.012
77.0186
46.9309
29.7535
22.0479
162.731
99.6928
59.5176
37.3949
27.6906
156.174
96.1149
57.4798
36.1298
26.7194
7.122
8.80081
5.87446
3.80147
2.85641
0.302388
3.32265
2.33004
1.53955
1.1863
19.6735
15.8106
9.97578
6.37378
4.77999
3.06238
4.99515
3.3324
2.17874
1.67745
31.7252
24.1483
14.9725
9.5673
7.18734
18.1346
12.6362
7.50562
4.67838
3.51511
96.3976
59.0581
34.9008
22.0479
16.4256
48.1608
29.3865
17.1755
10.8005
8.07069
121.942
64.9302
37.1721
23.1462
17.0607
2433.46
4253.9
2312.46
4131.58
2152.33
3843.52
2097.28
3694.74
2292.18
4224.39
1341.73
1966.07
1866.31
2950.93
886.54
1176.85
344.992
470.635
7274.01
1749.8
401.147
88.8428
22.2439
1947.04
516.401
138.037
30.9136
6.89697
7193.82
1706.61
388.209
85.3083
21.251
1996.5
580.772
142.665
33.051
8.27124
6948.84
1620.34
364.575
79.4914
19.6892
1938.05
561.831
136.943
31.4015
7.78351
6524
1491.46
332.506
72.2208
17.8735
1865.7
528.679
126.279
28.49
6.96229
5724.22
1288.59
286.964
62.5653
15.5873
1738.34
470.154
109.756
24.4526
5.92098
3215.87
772.758
178.183
39.7451
10.0735
886.079
225.146
48.9436
10.1011
2.30351
4488
1048.31
237.426
52.3097
13.1514
1235.38
322.989
73.8335
16.2476
3.91342
2016.12
496.876
116.229
26.1792
6.6728
566.936
147.379
31.5168
6.19495
1.3474
740.91
184.764
43.5624
9.88046
2.53229
275.547
65.188
13.1297
3.54785
0.51278
-1251.82
623.958
4180.01
-3575.18
938.087
999.456
2612.33
3184.82
2154.92
3477.28
2873.07
4340.99
2740.67
3580.55
1310.03
1910.3
1428.29
1663.35
959.122
992.982
2876.37
2266.32
-350.096
-906.889
-986.525
-1320.52
-690.971
11970.5
3145.99
4077.78
3323.6
362.454
-30.1202
3311.44
-989.976
-432.249
-820.604
-281.229
5910.31
3046.47
1373.94
765.971
3295.65
1521.02
225.248
397.43
-1115.38
-1101.56
863.006
738.015
9311.73
4592.55
4504.84
2599.65
3437.49
3189.37
-11.5093
-1077.98
305.435
2023.34
1794.6
1585.65
1490.53
1147.23
1821.73
1483.18
1212.12
901.837
360.45
-314.819
-262.535
-192.962
-115.479
-38.092
-810.003
-677.119
-507.819
-314.131
-106.246
-881.279
-736.442
-551.393
-340.253
-114.937
-1180.75
-988.112
-741.336
-458.44
-155.05
-611.201
-503.938
-370.958
-225.181
-75.3837
8940.85
8269.1
7137.91
6764.57
6391.45
2943.3
2429.64
2231.65
1899.24
874.193
3346.2
2694.29
2285
1832.34
860.169
2588.08
2047.37
1707.4
1294.45
496.106
308.949
220.454
232.917
191.262
101.605
42.2153
99.8394
125.566
107.324
42.3831
2760.16
2220.83
1740.31
1216.21
465.595
-627.8
-335.673
-170.652
-77.5805
-25.1261
-346.201
-246.923
-149.016
-70.5672
-18.7815
-596.654
-387.377
-228.327
-116.468
-36.0691
-262.623
-223.645
-163.535
-95.4898
-30.3682
4105.44
4066
3576.42
3571.52
3632.47
2528.4
2005.1
1688.33
1305.58
521.166
1262.45
1108.59
912.386
634.575
233.007
676.991
574.479
463.318
318.978
116.275
2765.94
2214.97
1698.02
1136.43
415.138
1365.89
1152.46
903.642
590.816
195.785
194.558
164.155
136.768
98.199
35.8102
361.029
313.52
253.918
171.563
60.5047
-968.42
-783.063
-567.725
-341.494
-113.754
-970.913
-797.259
-584.567
-353.572
-118
766.079
648.152
509.183
337.41
120.318
654.197
552.637
434.212
287.588
102.056
6187.49
5031.72
4494.1
4393.31
3703.1
3606.81
2872.94
2321.98
1733.06
726.053
3596.16
3064.45
2605.12
2163.49
928.708
2082.36
1726.96
1397.47
1023.75
462.024
2954.58
2415
1857.03
1222.7
432.163
2676.86
1938.61
1601.12
1192.27
226.523
-5.97809
5.4537
23.1066
29.3668
12.2993
-957.481
-793.03
-586.032
-356.496
-119.364
286.285
258.053
223.967
161.573
56.8217
-28760.3
-44707.3
-21686.6
-38223.9
-23085.2
-53729.9
-30521.3
-65128
-16217.2
-10862.7
-18047.9
-9688.82
-15141.2
-9937.81
-18194.5
-8626.99
-23622.3
-16581.6
-32543.8
-23423.3
-18556
-13582.4
-28201.3
-21118.3
-14270.7
-14468.5
-9973.86
-9597.24
-12100.8
-12829.1
-43010.6
-13219.9
-13724.4
-6531.2
-50612.7
-16067.7
-12458.7
-5995.12
-30069.8
-9910.35
-15255.4
-7120.03
-25244.8
-7703.28
-11285.9
-4775.92
-15359.9
-5759.19
-9841.94
-4394.6
-14369.8
-5121.91
-10250.1
-4948.37
-8775.69
-3350.93
-12430.4
-4416.35
-4871.28
-1803.8
-10188.8
-7331.37
-8320.06
-6193.04
-8844.08
-7539.18
-7398.39
-6476.83
-8312.29
-6069.52
-9598.37
-7533.2
-6249.24
-4580.6
-3710.23
-2627.8
-5655.5
-4749.83
-3242.04
-2593.15
-6302.4
-4324.16
-3777.37
-2303.53
-7419.38
-3928.44
-6330.44
-6816.98
-9630.14
-6760.47
-8980.6
-11584.1
-5290.8
-2222.61
-4091.57
-4113.86
-3083.68
-1102.37
-1938.82
-1613.58
-9944.65
-12687.8
-5663.51
-14313.8
-9835.95
-12329
-6200.47
-14747.1
-10887.1
-11917
-7709.48
-14453.2
-6074.32
-3743.71
-7791.04
-9048.36
-9291.57
-5577.83
-7732.9
-11590.1
-13258.7
-18776.1
-5009.49
-5714.09
-6964
-9482.09
-15020.3
-13402.2
-11031.3
-16640.4
-13739
-12977.4
-11301.5
-16595.5
-13872.3
-11868.5
-10512.7
-15689.7
-13776.9
-8204.28
-7694.5
-8172.98
-7385.09
-9384.93
-8346.97
-10790.9
-9549.04
-15064.6
-13826.8
-6774.5
-7427.39
-7538.48
-7361.25
-8634.15
-8397.99
-10480.1
-10403
-15021
-14769.2
-7998.44
-5448.23
-6704.37
-6847.14
-8380.27
-10540.2
-7057.92
-9987.76
-6568.78
-6631.49
-8155.05
-5753.85
-2563.75
-4900.68
-724.619
-1491.61
-4183.24
-7405.87
-1115.07
-2284.33
-2388.08
-4494.87
-696.79
-1422.31
-6528.01
-5449.95
-6818.25
-4173.97
-9063.56
-6295.38
-10631
-6876.07
-3002.84
-3443.92
-3856.12
-2127.08
-2266.7
-2432.47
-2621.97
-1939.42
-8024.04
-3094.96
-8532.97
-2963.56
-8217.8
-3078.95
-8983.3
-3310.27
-7866.77
-2899.91
-9720.71
-3842.08
-4327.12
-1021.38
-5151.89
-1847.2
-5964.79
-2325.79
-7226.08
-2739.51
-9684.41
-3755.52
-5274.44
-860.72
-4541.12
-1523.4
-5227.68
-1926.25
-6795.76
-2520.25
-8782.09
-2874.25
-6188.76
-6021.67
-3965.04
-3850.13
-9840.58
-7812.94
-7591.9
-6009.48
-5376.8
-4993.11
-2054.79
-1695.47
-5038.98
-4896.81
-1758.59
-1677.67
-2432.42
-5711.69
-3681.48
-6905.49
-4734.75
-1979.13
-3066.93
-661.734
-6563.86
-2227.86
4109.77
1308.73
-148.505
46.3418
1102.47
1295.09
-2647.88
-1457.78
-1049.11
-428.369
-2639.32
-1604.88
-1131.96
-403.951
-2891.67
-1921.29
-1217.21
-234.383
-1007.36
337.817
369.459
1038.95
-5056.42
-4983.33
-3708.62
-4240.05
-7277.15
-7026.9
-5915.84
-5930.07
-2510.16
-3221.9
-4095.64
-3927.81
-2497.28
-2847.31
-1167.78
-1225.69
-4187.69
-4081.98
-2315.12
-2061.38
-1262.69
-2011.15
-250.654
-699.35
-1612.96
-979.605
-2579.24
-1526.19
-2746.18
-2055.49
-3205.6
-2350.65
-639.044
-192.566
-1565.53
-607.412
269.928
555.551
-409.119
259.005
-3000.19
-3068.93
-2551.45
-4072.06
-3092.85
-3222.73
-2689.04
-4171.16
-3655.6
-3351.24
-3051.25
-4093.75
-2192.31
-2619.06
-2803.65
-2762.96
-2574.17
-4364.68
-3504.59
-3336.86
-4157.6
-4504.06
-4460.96
-3419.49
-2940.52
-2771.06
-2178.71
-4117.45
-5228.99
-7066.11
-12246.4
-3933.71
-4442.01
-6638.42
-11390.6
-3984.81
-4858.15
-6100.83
-10194.3
-7512.44
-6487.92
-6053.7
-5321.65
-4291.53
-4752.03
-4569.84
-5563.05
-5246.4
-9125.38
-5086.52
-5909.07
-3719.31
-4805.61
-3105.72
-4345.23
-3364.84
-5008.51
-3144.37
-7251.98
-2300.64
-2455.75
-1231.76
-276.857
-4682.35
-4133.13
-3899.57
-2253.19
-606.515
-79.5
-1605.84
-2133.19
-2523.16
-611.373
-467.287
11.5435
-3913.29
-1922.16
-937.03
-491.471
-1783.06
-340.623
-207.954
164.249
-570.217
-1515.51
-1495.97
-3940.23
-1606.19
-3100.79
-2198.79
-5705.6
-1076.69
-911.416
-638.131
-2465.64
320.912
491.914
901.814
7.14887
-4397.24
-1440.49
-9001.81
-1266.33
-3804.03
-1577.7
-8499.34
-1257.59
-3408.78
-1014.8
-7061.63
-650.46
-3513.35
-763.642
-3085.3
-733.62
-3519.5
-1058.55
-3363.21
-557.036
-6334.83
-554.77
-4297.76
-545.945
-3828.31
-575.711
-3866.8
-762.962
-3987.56
-409.966
-6284.5
-640.658
-672.028
-200.549
-74.6645
157.397
-208.489
-52.7282
-25.1468
44.0031
-644.288
-160.882
-68.0934
153.333
-84.4131
32.5755
1.53712
51.9802
-694.07
-130.584
-42.1782
227.276
191.601
268.558
306.424
401.234
698.199
518.372
524.623
517.101
1012.93
723.292
582.231
419.806
-277.171
89.5529
214.416
460.091
-272.177
133.397
157.797
510.009
-798.266
-125.771
-7.00429
375.391
-628.263
-16.1865
5.97149
512.998
201.136
306.245
346.575
479.069
98.1369
283.562
269.29
451.006
602.267
485.815
413.46
357.994
488.738
427.24
340.736
337.912
-1105.72
-337.013
-163.099
277.153
-1512.82
-413.242
-302.677
456.18
-1074.57
-304.36
-165.494
273.175
-1460.6
-388.651
-296.289
438.767
-1068.3
-267.505
-192.63
259.131
-1319.11
-337.182
-288.573
382.369
-728.855
-94.0717
-117.02
289.071
-1240.81
-257.083
-306.182
481.421
-538.498
-24.7367
-23.3588
439.663
-1496.42
-322.081
-244.632
396.672
-658.082
-119.051
-63.3035
109.659
-1334.05
-271.26
-224.343
379.572
-605.353
-103.026
-59.7805
104.465
-1082.69
-185.508
-204.675
335.969
-503.779
-71.0138
-52.9146
98.7286
-842.816
-119.891
-178.401
286.735
-424.376
-53.0021
-53.331
87.0835
-562.144
-35.1932
-97.6357
276.463
-233.379
4.66119
-21.286
90.9192
-200.193
113.381
129.579
350.621
151.332
186.125
151.678
190.333
-474.846
-16.1608
-10.1996
293.31
-21.7177
90.3777
56.0926
131.034
123.01
263.988
239.142
368.331
273.332
271.295
224.922
228.32
426.12
384.123
291.464
294.992
382.651
329.553
247.034
216.822
47.0056
16.888
7.87912
4.54137
3.29636
20.2394
7.85214
3.79158
2.20331
1.59648
68.1001
29.0076
15.038
9.01803
6.62254
51.1062
24.94
13.8407
8.5028
6.29089
125.712
58.6348
31.9134
19.3953
14.2688
189.05
101.776
57.9726
35.8082
26.5001
197.437
108.612
61.9969
38.2183
28.1964
193.797
110.892
64.6478
40.2099
29.7229
160.898
79.1005
43.5966
26.5964
19.6682
131.647
62.2865
33.9989
20.6315
15.2288
156.483
74.6676
41.1096
25.0045
18.4257
100.212
49.9452
27.8417
16.9577
12.5499
183.082
93.2319
51.8912
31.7083
23.3774
163.489
84.0694
47.0605
28.8108
21.2859
181.092
102.39
59.4585
36.922
27.28
175.327
99.2389
57.5374
35.6945
26.3854
50.9629
15.1716
6.62355
3.71738
2.6487
23.8451
5.97938
2.44985
1.32673
0.910377
59.7862
21.2951
10.3309
6.03243
4.34227
25.9344
7.4117
3.31485
1.8603
1.28793
75.0649
28.7684
14.613
8.62784
6.21644
34.9432
14.1028
7.52231
4.57524
3.30255
127.935
58.4073
31.9505
19.2732
14.0542
61.2266
28.0771
15.5388
9.41565
6.83849
111.035
59.9352
34.2915
21.0906
15.5834
-2825.71
-4294.49
-2712.59
-4205.23
-2500.33
-3912.16
-2363.69
-3726.38
-2375.25
-4065.38
-1342.05
-1913.24
-1889.1
-2862.95
-852.59
-1122.09
-288.321
-407.609
-7963.5
-1888.97
-428.583
-94.1349
-23.3934
-2109.6
-556.851
-147.842
-32.8465
-7.26536
-7782.57
-1826.07
-411.987
-89.9226
-22.2595
-2170.72
-627.001
-152.67
-35.0884
-8.71759
-7363.17
-1707.02
-382.302
-83.0044
-20.47
-2099.27
-602.866
-145.737
-33.1808
-8.17291
-6752.19
-1542.38
-343.511
-74.4944
-18.3961
-1986.29
-559.282
-132.912
-29.8439
-7.2619
-5804.54
-1310.39
-292.239
-63.7359
-15.8714
-1799.75
-487.641
-113.78
-25.3047
-6.11546
-3210.25
-773.3
-178.699
-39.9256
-10.1312
-886.158
-227.335
-49.7627
-10.3213
-2.36381
-4499.59
-1054.31
-239.329
-52.8001
-13.2837
-1252.34
-330
-75.6953
-16.6739
-4.01741
-2005.5
-495.482
-116.168
-26.2169
-6.6935
-555.856
-146.147
-31.5351
-6.2528
-1.37276
-728.83
-182.688
-43.2643
-9.85387
-2.53525
-258.04
-62.0068
-12.6555
-3.49982
-0.514454
727.55
-1502.94
-5401.72
1838.24
-6615.9
-2894.22
-6486.61
-2940.55
-10982
-5973.58
-12910.3
-7025.89
-121.542
-490.635
-761.129
-878.447
-771.937
-413.037
-193.617
-746.244
-1133.67
-1255.04
-1023.5
-379.923
-95.8893
-93.6967
-356.676
-334.496
-459.109
-442.255
-322.927
-331.891
-208.302
-245.657
-357.701
-272.635
483.122
1755.81
3418.65
2728.07
2479.23
1199.82
743.208
2226.51
3699.57
4095.4
3490.73
1608.34
-109.602
-92.6428
-70.1979
-43.7413
-14.852
-443.062
-375.185
-284.837
-177.768
-60.4123
-687.253
-581.883
-441.711
-275.659
-93.6804
-792.829
-670.927
-509.052
-317.568
-107.901
-696.307
-588.802
-446.344
-278.221
-94.4848
-373.075
-315.583
-238.845
-148.428
-50.2778
-174.509
-147.423
-111.65
-69.5482
-23.6113
-673.569
-570.067
-432.584
-269.896
-91.7096
-1023.02
-865.615
-656.753
-409.745
-139.235
-1131.81
-957.022
-725.726
-452.654
-153.803
-922.254
-779.154
-590.439
-368.136
-125.07
-343.002
-290.169
-219.875
-136.909
-46.4525
-86.5239
-73.1971
-55.5095
-34.61
-11.7547
-84.598
-71.6196
-54.3536
-33.9099
-11.521
-322.2
-272.953
-207.304
-129.413
-43.9835
-302.226
-256.089
-194.539
-121.465
-41.2861
-414.672
-351.234
-266.715
-166.482
-56.5784
-399.464
-338.359
-256.944
-160.388
-54.5091
-291.68
-247.06
-187.583
-117.058
-39.7713
-299.62
-253.631
-192.481
-120.087
-40.7996
-188.035
-159.078
-120.53
-75.0315
-25.4483
-221.356
-186.947
-141.527
-88.117
-29.9028
-321.972
-271.32
-204.636
-126.865
-42.9233
-245.134
-206.408
-155.694
-96.6128
-32.7201
429.826
359.829
272.689
171.468
58.7488
1556.71
1299.18
983.463
619.116
212.438
2997.65
2485.12
1889.07
1205.76
419.001
2379.56
1994.34
1536.5
1001.06
366.053
2175.35
1826.28
1408.29
912.458
319.677
1084
926.288
718.782
460.951
157.505
662.464
554.688
419.141
262.234
89.4957
1979.54
1654.64
1250.71
784.277
268.279
3271.61
2726.22
2064.15
1302.24
448.269
3607.52
3005.15
2283.48
1451.37
504.727
3071.27
2559.4
1950.83
1245.6
433.365
1428.59
1201.48
922.392
590.844
205.37
280.62
646.96
911.451
1019.62
902.39
553.641
413.301
959.819
1331.99
1424.56
1150.9
464.911
216.678
190.528
469.645
425.996
553.832
519.978
386.113
381.391
257.795
234.862
485.175
304.045
-321.685
-1524.69
-3002.69
-2181.45
-1804.5
-446.176
-680.936
-2125.74
-3462.77
-3668.59
-2862.2
-848.679
253.843
215.412
163.9
102.473
34.8582
584.911
496
377.116
235.646
80.1379
823.781
698.321
530.773
331.586
112.752
921.289
780.737
593.252
370.549
125.99
815.349
690.913
524.93
327.823
111.449
501.619
426.091
324.097
202.346
68.7423
373.793
317.124
241.242
150.81
51.2986
867.451
735.298
558.868
349.144
118.726
1203.25
1019.43
774.503
483.735
164.476
1286.15
1089.05
827.037
516.444
175.59
1038.52
878.891
667.207
416.595
141.644
420.611
356.79
271.187
169.317
57.5415
196.022
166.36
126.588
79.1469
26.9231
172.365
146.279
111.303
69.5872
23.6703
424.671
360.197
273.915
171.177
58.2136
385.22
326.747
248.484
155.287
52.81
500.678
424.557
322.778
201.675
68.5769
470.057
398.564
302.995
189.305
64.3702
349.147
296.154
225.204
140.717
47.8464
344.689
292.187
222.07
138.718
47.1625
233.383
198.175
150.781
94.2078
32.0225
212.218
179.845
136.638
85.3211
29.0007
438.922
372.314
282.93
176.59
59.9929
274.681
232.683
176.666
110.239
37.4564
-282.51
-233.411
-175.351
-110.018
-37.7351
-1346.41
-1119.36
-845.634
-532.515
-182.902
-2617.25
-2157.77
-1636.72
-1046.76
-364.683
-1867.44
-1542.17
-1177.93
-769.094
-286.666
-1535.94
-1256.13
-950.023
-609.967
-212.729
-366.845
-283.285
-198.264
-114.297
-34.2856
-606.132
-506.907
-382.822
-239.563
-81.7906
-1889.03
-1578.55
-1193.48
-748.926
-256.347
-3056.57
-2542.85
-1924.09
-1214.61
-418.486
-3214.19
-2663.92
-2017.76
-1282.05
-446.671
-2487.11
-2047.78
-1547.93
-985.682
-343.18
-719.73
-577.619
-428.31
-270.202
-93.6693
-1942.81
-1404.66
750.693
1245.59
1312.03
1818.66
1186.85
-10018.1
-1570.08
-3038.48
-1337.63
668.139
-4049.09
984.935
2399.23
841.686
-4925.25
-1999.14
-535.356
-265.982
-2926.84
-739.768
209.902
170.205
1869.47
1811.98
-466.028
-271.539
-8333.01
-3826.51
-3553.28
-1814.43
-2903.38
-2196.52
686.478
1831.02
334.556
-1044.7
-871.313
-779.136
-890.848
-898.39
-978.397
-710.385
-569.733
-458.872
-198.021
683.925
582.931
442.644
274.726
92.8936
1121.71
947.354
718.21
448.252
152.38
1182.42
999.062
757.039
471.96
160.375
1638.1
1383.53
1048.43
653.895
222.249
1070.86
905.692
686.317
427.618
145.34
-7238.03
-6966.84
-6312.56
-6566.41
-7020.03
-1089.78
-695.579
-801.504
-926.873
-464.049
-2304.4
-1749.02
-1526.91
-1348.23
-698.974
-904.144
-631.401
-614.57
-567.222
-195.906
593.228
490.639
362.184
219.832
74.3833
-3360.22
-2698.44
-2112.51
-1475.8
-563.907
880.975
737.124
551.725
339.787
114.284
2084.95
1707.27
1284.32
815.678
285.458
759.407
640.825
482.186
297.17
99.6587
-3180.8
-3253.12
-2963.58
-3276.78
-3790.92
-1482.65
-1033.74
-891.64
-778.456
-334.524
-426.619
-336.567
-280.136
-215.294
-84.4066
-198.088
-143.799
-118.077
-94.5077
-38.1219
-2445.01
-1951.95
-1510.26
-1031.7
-384.144
-617.831
-477.569
-358.508
-231.675
-68.0495
211.018
192.545
144.602
82.9013
26.937
171.397
157.362
119.446
69.9428
23.4304
1670.32
1399.68
1055.47
657.722
223.953
1629.44
1373.21
1037.66
645.45
219.171
-389.941
-312.504
-241.382
-163.505
-59.8167
-216.345
-165.531
-127.898
-90.1148
-33.6703
-5273.6
-4230.48
-3867.85
-4040.56
-3700.01
-2883.6
-2227.9
-1805.93
-1398.34
-611.79
-2645.49
-2217.36
-1908.18
-1704.63
-750.883
-1338.82
-1062.81
-865.808
-679.307
-348.41
-2456.39
-1977.84
-1513.45
-1002.7
-355.285
-1730.03
-1061.95
-891.127
-726.915
-41.6464
637.285
551.591
417.764
255.346
86.5417
1650.5
1394.21
1054.96
656.306
222.777
325.493
293.04
220.177
129.587
45.487
-91.3595
-191.292
-229.873
-282.538
-414.296
-580.047
-20257.6
-16583.2
-15597
-18787.5
-14193.5
-10882.7
-13049.2
-9918.35
-17835.8
-14186.1
-14923.7
-12707.4
-12832
-9759.1
-12150.2
-17069.7
-14883.4
-13239.9
-15112.6
-12626.4
-9797.67
-11246
-8449.95
-16489.3
-13914.5
-14806.9
-12977.1
-12805.1
-10690.6
-12422.2
-13299.7
-12140.7
-10631.2
-11616.2
-10570.6
-8742.72
-9453.84
-8103.41
-13693.1
-12523.5
-12972.6
-12062
-11836.4
-10263.3
-11537.8
-9133.84
-8742.48
-7571.37
-7889.72
-8094.95
-7584.51
-7221.27
-7202.72
-9888.33
-10938
-9556.24
-10483.8
-9123.13
-8315.52
-9946.62
-5875.6
-5778.77
-4874.48
-4957.83
-5703.04
-5776.1
-4813.82
-4981.34
-6920.95
-8424.48
-6790.97
-7850.28
-6683.4
-6480.93
-7474.44
-2146.45
-2131.41
-1754.39
-1772.29
-2146.27
-2252.68
-1728.34
-1721.09
-2839.64
-3550.32
-2762.04
-3119.8
-2743.73
-2718.65
-2973.18
-7571.17
-7611.63
-10654
-11780.5
-7624.93
-7218.09
-9904.53
-8249.86
-7160.35
-4611.8
-7291.69
-4541.3
-7376.56
-7406.1
-4633.63
-7194.91
-7027.49
-9824.72
-10649.7
-6786.19
-5977.38
-8934.33
-7328.73
-5048.17
-1883.17
-4989.6
-2132.18
-4245.88
-4047.96
-2481.51
-6045.88
-5936.95
-8278.62
-8751.7
-5967.69
-5503.37
-7756.42
-6961.62
-2662.41
-1807.78
-2638.3
-2426.23
-2575.6
-2841.11
-3114.6
-4449.34
-4467.99
-6077.05
-6223.97
-4604.57
-4547
-5977.35
-5879.66
-2739.55
-1670.95
-2965.1
-2656.78
-3246.52
-3807.64
-3598.24
-2760.53
-2781.28
-3872.26
-3910.21
-2725.9
-2736.79
-3847.34
-3799.93
-1518.38
-1231.81
-1738.05
-2103.25
-2222.02
-2719.27
-2825.87
-929.854
-940.53
-1369.66
-1377.76
-938.003
-985.941
-1355.27
-1315.09
-256.361
-507.924
-434.589
-951.616
-758.202
-986.255
-1182.84
)
;

boundaryField
{
    patch1
    {
        type            calculated;
        value           nonuniform List<scalar> 
2440
(
0
0
3189.41
-11.4884
-1077.96
305.46
-2196.56
686.455
1831
334.533
0
0
3189.37
-11.5093
-1077.98
305.435
-2196.52
686.478
1831.02
334.556
0
0
0
0
0
0
0
0
-718.082
0
0
0
0
0
0
0
0
2876.37
2266.32
-350.087
-906.883
-986.516
-1320.51
-690.957
11970.7
3146.08
4077.85
3323.67
362.485
-30.0893
3311.48
-989.941
-432.222
-820.572
-281.22
5910.36
3046.52
1373.99
765.996
3295.67
1521.05
225.26
397.45
-1115.36
-1101.54
863.027
738.035
9311.78
4592.56
4504.87
2599.67
3437.51
-150.019
-95.8914
-93.6984
-356.678
-334.497
-459.11
-442.256
-322.927
-331.891
-208.301
-245.656
-357.698
-272.633
216.676
190.526
469.643
425.994
553.829
519.976
386.111
381.389
257.793
234.861
485.17
304.042
-1942.84
-1404.68
750.681
1245.58
1312.02
1818.65
1186.84
-10018.3
-1570.15
-3038.54
-1337.65
668.122
-4049.1
984.92
2399.2
841.677
-4925.32
-1999.19
-535.388
-266.001
-2926.86
-739.797
209.887
170.186
1869.45
1811.96
-466.04
-271.554
-8333.09
-3826.54
-3553.33
-1814.47
-2903.4
0
0
0
0
0
0
0
0
-718.73
0
0
0
0
0
0
0
0
2876.37
2266.32
-350.096
-906.889
-986.525
-1320.52
-690.971
11970.5
3145.99
4077.78
3323.6
362.454
-30.1202
3311.44
-989.976
-432.249
-820.604
-281.229
5910.31
3046.47
1373.94
765.971
3295.65
1521.02
225.248
397.43
-1115.38
-1101.56
863.006
738.015
9311.73
4592.55
4504.84
2599.65
3437.49
-149.512
-95.8893
-93.6967
-356.676
-334.496
-459.109
-442.255
-322.927
-331.891
-208.302
-245.657
-357.701
-272.635
216.678
190.528
469.645
425.996
553.832
519.978
386.113
381.391
257.795
234.862
485.175
304.045
-1942.81
-1404.66
750.693
1245.59
1312.03
1818.66
1186.85
-10018.1
-1570.08
-3038.48
-1337.63
668.139
-4049.09
984.935
2399.23
841.686
-4925.25
-1999.14
-535.356
-265.982
-2926.84
-739.768
209.902
170.205
1869.47
1811.98
-466.028
-271.539
-8333.01
-3826.51
-3553.28
-1814.43
-2903.38
0
0
8.03979
17.0628
6.85917
15.564
-580.051
0
0
0
0
0
0
8.07069
17.0607
6.83849
15.5834
-580.047
0
0
0
0
0
116.671
1453.54
1649.24
931.665
374.259
338.454
313.676
231.063
951.746
598.873
1759.95
2544.18
9.99939
-104.687
1301.08
1096.16
0
0
0
0
0
0
0
0
0
0
0
0
0
0
0
0
0
0
0
0
0
0
0
0
0
0
0
0
0
0
0
0
0
-217.059
-50.6067
-193.562
-37.4331
-149.629
-18.4766
-100.691
5.99911
-34.4767
40.663
19.2562
90.2714
-7.49901
68.4368
71.6954
122.581
185.267
174.051
3.45409
1.77653
6.69691
6.26319
14.9666
26.9714
29.0774
30.1347
20.2672
16.0592
19.9
13.7684
24.1579
22.0506
27.6866
26.7157
2.90318
1.18328
4.71663
1.61304
7.13669
3.47653
16.3999
22.5142
5.94291
21.6004
7.43144
19.9863
7.00227
18.1203
6.23833
15.7916
5.26136
10.1853
2.16832
13.3421
3.49299
6.72533
1.34984
2.54526
0.527601
-1258.33
-199.347
-4073.56
145.313
6381.21
6910.63
5097.69
4479.69
5547.12
4935.69
687.34
575.852
-727.854
-1282.14
-633.467
262.112
253.881
39.3779
136.38
-788.627
-518.632
-1574.34
-2324.65
162.615
191.375
-1089.64
-982.521
-0.310856
0.02663
0
0
0
0
0
0
0
0
0
0
0
0
0
0
0.477913
-0.201021
0
0
0
0
0
0
0
0
0
0
0
0
0
0
395.269
109.067
379.893
104.51
336.142
98.8091
286.802
87.1314
276.491
90.945
350.598
190.319
293.31
131.041
368.292
228.289
294.945
216.783
3.34356
1.5875
6.58051
6.27314
14.2314
26.4729
28.1939
29.7169
19.6362
15.2099
18.395
12.5308
23.3575
21.2699
27.271
26.3754
2.76102
0.964656
4.38385
1.34793
6.25292
3.33543
14.0607
-23.6761
-6.25167
-22.6271
-7.83162
-20.7793
-7.35858
-18.6498
-6.51791
-16.0786
-5.44616
-10.243
-2.22846
-13.4754
-3.59465
-6.74593
-1.37512
-2.54814
-0.529166
734.9
-837.222
2570.58
230.979
104.844
762.557
600.363
-0.56729
-0.15814
-0.139668
-0.631154
0
0
0
0
0
0
0
0
0
0.587832
0.221497
0.371391
0.716952
0
0
0
0
0
0
0
0
0
0
116.726
1453.58
1649.32
931.76
374.286
338.452
313.719
231.061
951.806
598.852
1760.04
2544.09
10.0345
-104.694
1301.08
1096.15
0
0
0
0
0
0
0
0
0
0
0
0
0
0
0
0
0
0
0
0
0
0
0
0
0
0
0
0
0
0
0
0
0
-218.287
-51.0062
-193.385
-37.3957
-149.511
-18.4159
-100.63
6.03917
-34.426
40.6959
19.3029
90.3079
-7.45476
68.4707
71.7447
122.621
185.317
174.093
3.26953
1.64108
6.69695
6.26876
14.9557
26.9601
29.0854
30.1409
20.2515
16.0529
19.8896
13.7617
24.1526
22.0479
27.6906
26.7194
2.85641
1.1863
4.77999
1.67745
7.18734
3.51511
16.4256
22.5391
5.99258
21.526
7.41227
19.9397
6.98232
18.094
6.22419
15.7786
5.25304
10.1823
2.16583
13.3361
3.48885
6.72389
1.34843
2.54479
0.527106
-1258.58
-201.015
-4076.3
-83.1156
6356.73
6894.86
5091.24
4474.48
5538.59
4927.63
369.01
575.934
-727.852
-1282.2
-633.471
262.076
253.853
39.3084
136.335
-788.721
-518.701
-1574.46
-2324.8
162.536
191.323
-1089.7
-982.563
-0.307426
0.028749
0
0
0
0
0
0
0
0
0
0
0
0
0
0
0.481955
-0.200056
0
0
0
0
0
0
0
0
0
0
0
0
0
0
396.672
109.659
379.572
104.465
335.969
98.7286
286.735
87.0835
276.463
90.9192
350.621
190.333
293.31
131.034
368.331
228.32
294.992
216.822
3.29636
1.59648
6.62254
6.29089
14.2688
26.5001
28.1964
29.7229
19.6682
15.2288
18.4257
12.5499
23.3774
21.2859
27.28
26.3854
2.6487
0.910377
4.34227
1.28793
6.21644
3.30255
14.0542
-23.7069
-6.30501
-22.5497
-7.81176
-20.7313
-7.33794
-18.623
-6.50338
-16.0656
-5.43771
-10.2401
-2.22602
-13.4695
-3.59051
-6.74457
-1.37378
-2.54775
-0.528773
737.097
-835.715
2575.18
230.711
126.318
779.026
572.292
-0.568722
-0.158229
-0.139799
-0.636876
0
0
0
0
0
0
0
0
0
0.584594
0.22158
0.371488
0.709197
0
0
0
0
0
0
0
0
0
10806.9
9904.17
0
10806.4
9903.49
0
0
0
0
0
0
0
0
0
5690.77
11524
6153.91
11681.4
8112.69
11542.5
8971.91
10757.6
6940.9
14355.9
13887.2
14009.6
14046.4
12915.2
13409.6
12096.2
7964.67
2609.55
11909.1
7787.34
2653.14
11369.8
7321.95
2453.43
0
0
0
0
0
0
0
0
12034.8
8024.49
11929.2
7979.02
12058.9
7660.41
13229.1
12791.3
12340.8
6880.11
6846.45
6842.85
6610.7
6514.05
6231.23
5402.99
2479.04
707.496
5256.4
2580.36
810.06
4786.85
2368.65
612.382
-23.8004
-190.017
-443.709
-576.863
-198.265
266.065
258.547
208.834
118
-1.4624
-0.519298
63.997
128.879
-126.166
-293.443
-382.419
-180.621
-61.6828
0
0
0
0
0
0
0
0
5698.06
11549.4
6159.1
11673.9
8113.36
11539.6
8971.94
10757.8
6940.99
14379.1
13895.2
14003.1
14043.4
12912.5
13408.1
12093.8
7956.55
2611.97
11905.7
7785.04
2651.82
11368.5
7320.94
2452.98
0
0
0
0
0
0
0
0
12035.5
8039.01
11927
7975.18
12056.8
7658.23
13229.4
12791.7
12340.3
6889.92
6850.43
6839.73
6607.55
6512.25
6229.95
5401.16
2477.29
707.949
5254.2
2581.89
810.826
4786.2
2369.06
612.639
-18.8741
-191.939
-445.656
-578.179
-198.965
265.937
258.245
208.779
117.967
-2.0035
1.13552
65.5811
129.847
-125.73
-293.422
-382.284
-180.643
-61.7145
7789.77
9376
41.8599
22.7919
12.8328
7.83925
5.79708
93.7957
49.4993
28.2082
17.505
12.8925
3740.72
2023.17
7095.82
7837.45
-3110.19
-609.168
39.8602
21.5616
12.5621
7.8681
5.77982
83.2792
45.6638
26.2781
16.227
11.9978
0
0
0
0
0
8935.19
9481.36
8752.83
9271.5
10638.5
10673.4
6797.59
3883.87
1015.12
8080.62
5517.73
1794.27
9292.96
6545.84
2209.83
-4541.44
-1523.58
-5227.96
-1926.39
-6795.83
-2520.28
-8781.65
-2874.05
3403.56
1807.11
2321.76
1683.41
808.18
529.455
473.82
398.438
1067.56
740.411
579.527
399.586
155.303
87.1537
50.1427
31.0055
22.9031
189.987
109.165
63.7474
39.6728
29.3376
208.706
503.693
722.203
811.443
953.976
1332.56
188.804
160.221
121.903
76.2111
25.9234
455.467
386.306
293.759
183.574
62.4303
652.789
553.409
420.645
262.785
89.3551
732.939
620.881
471.618
294.506
100.123
860.729
728.296
552.72
344.995
117.271
1200.18
1013.76
768.506
479.534
163.016
1237.05
1098.03
915.569
690.571
432.63
148.154
7279.46
4713.65
1638.17
8196.92
5406.34
1850.84
9738.86
6255.12
2137.69
11801.9
6889.04
2386.16
-1968.23
190.599
-294.129
886.983
8750.96
8272.86
8138.32
7001.51
6082.88
6095.19
5595.96
3060.75
807.638
4686.33
2518.1
702.179
4570.16
2299.43
656.065
781.604
532.574
269.201
121.073
1071.06
745.099
441.221
260.084
142.377
85.2242
50.7289
31.844
23.5654
181.572
108.035
64.0626
40.1692
29.7452
-1092.5
-944.111
-762.629
-556.914
-339.788
-114.598
-111.186
-405.798
-625.659
-722.094
-907.128
-1214.37
-100.412
-85.0272
-64.5452
-40.2769
-13.6863
-366.66
-310.686
-236.014
-147.363
-50.0913
-565.056
-478.537
-363.336
-226.778
-77.0721
-651.448
-551.02
-417.886
-260.61
-88.5337
-816.86
-689.501
-521.935
-325.09
-110.372
-1090.1
-916.981
-692.124
-430.338
-146.001
7095.77
7837.57
-3111.83
-610.717
39.8749
21.5708
12.571
7.87848
5.79702
83.2636
45.6372
26.253
16.2068
11.9839
0
0
0
0
0
7789.88
9375.96
41.9083
22.8275
12.8593
7.86109
5.82273
93.8283
49.51
28.209
17.5023
12.8919
3743.4
2025.36
8439.4
51097.6
8648.13
36177.2
9229.25
32152.7
9095.41
27625.4
13102.3
8245.67
2850.87
13081.6
8221.18
2786.23
12853
8092.82
2783.04
12439.4
7826.29
2767.72
11802.1
6889.31
2386.31
122.574
-122.261
-837.814
-1437.73
-2507.58
531.219
-140.688
-87.5814
-40.4525
481.607
52.9916
33.9813
31.7339
26.6704
392.721
237.177
205.683
168.941
13.9053
5.47228
3.12858
2.46192
106.602
43.2006
24.0288
19.2356
242.947
102.385
60.1382
48.1729
347.62
156.611
95.6307
77.2495
343.432
188.02
113.695
95.2872
277.194
244.054
145.306
118.626
255.026
204.05
125.664
109.282
370.649
297.261
180.014
141.143
448.905
339.385
228.544
180.8
9.26078
4.91945
2.7322
1.64851
1.19874
65.5483
36.4683
20.682
12.6488
9.2583
76.1622
46.2626
27.761
17.5237
12.9416
75.8908
40.4314
23.2838
14.52
10.6629
113.227
71.2459
43.115
27.276
20.2002
155.858
95.1829
56.8158
35.6919
26.3889
2.32193
1.06397
0.544085
0.312241
0.222445
15.3725
6.97868
3.60249
2.08342
1.49078
31.9705
15.1892
8.08968
4.75178
3.44915
302.733
152.068
-111.297
-528.049
12.5816
296.659
558.916
120.911
124.6
195.5
52.6302
13.6435
3.06116
0.502511
178.505
57.8894
15.0965
3.60249
0.722987
128.459
50.0895
13.6955
3.25132
0.630285
67.889
29.4406
7.41509
1.53859
0.127913
-4.33664
-24.7586
-10.2731
-3.22188
-1.22698
-131.268
-80.4941
-27.8099
-7.98485
-2.52396
-173.632
-95.8577
-30.5599
-8.27541
-2.5392
-40.1971
-34.046
-13.9566
-4.49125
-1.52613
81.8941
6.48287
-1.7479
0.280799
-0.431238
2742.25
3591.16
1311.3
1910.07
1428.77
1652.92
997.98
1029.24
-1227.96
-3461.25
-2246.85
-1308.24
-1091.63
-908.513
-679.398
-419.948
-142.131
-1734.35
-1209.65
-788.21
-646.663
-388.738
-1564.56
-1016.57
-678.127
-422.893
-160.223
-1099.38
-864.21
-620.65
-377.244
-127.813
-8556.91
-2978.18
-8978.42
-3308.15
-9718.78
-3841.39
-9683.62
-3755.24
-8781.65
-2874.05
170.361
195.962
1468.52
1571.39
2475.62
168.317
268.068
248.335
862.874
614.553
58.8342
31.8697
8.13697
-2.09959
328.24
193.074
66.8618
18.2671
5.78298
3.1118
0.948134
0.307632
46.8285
26.1576
10.1808
3.89374
104.317
67.3915
25.6587
9.98926
182.121
119.259
46.4478
19.2031
348.8
177.173
88.3871
50.0908
581.046
306.448
214.586
165.174
552.656
251.715
150.663
101.926
516.028
336.573
257.305
208.562
453.188
347.324
255.76
209.732
6.0016
4.19109
2.64661
1.70965
1.28457
53.6413
33.2143
20.1728
12.8077
9.55798
100.058
49.4691
27.4246
16.7411
12.3791
70.0791
38.0954
21.7975
13.4201
9.9667
146.085
76.4722
43.0598
26.4147
19.5269
171.735
97.8303
56.8186
35.2683
26.0787
0.49103
0.716398
0.521872
0.355338
0.271433
4.37943
5.11032
3.55538
2.38389
1.81108
17.2137
13.1551
8.37715
5.47213
4.09806
-358.116
-345.378
-229.489
142.133
-243.527
-278.471
-583.751
-76.0915
-62.4114
-223.17
-58.4737
-14.9222
-3.3007
-0.539004
-239.324
-70.2852
-17.4778
-4.04804
-0.805822
-226.018
-69.5203
-17.3408
-3.9211
-0.759768
-173.434
-50.9039
-11.5507
-2.31362
-0.284815
-73.6845
7.14415
6.70376
2.54084
1.08568
124.793
76.9023
26.7418
7.72596
2.45857
140.818
86.2076
28.3461
7.82043
2.43829
49.3103
34.8037
13.8467
4.41778
1.49831
-64.5407
-3.33581
2.21561
-0.233636
0.429429
-226.156
-840.733
-1278.52
-1423.42
-1182.03
-505.958
618.652
2181.18
3964.92
5053.79
4472
2068.85
-203.908
-172.337
-130.579
-81.369
-27.6295
-758.888
-642.316
-487.44
-304.137
-103.347
-1153.63
-976.042
-740.487
-461.967
-156.976
-1283.22
-1084.68
-822.317
-512.834
-174.242
-1064.01
-898.047
-680.126
-423.995
-144.055
-454.356
-382.635
-289.418
-180.406
-61.3153
553.534
464.696
351.049
219
74.5255
1941.14
1622.8
1225.11
766.464
261.648
3502.27
2913.05
2201.25
1386.33
476.426
4424.75
3663.43
2778.43
1769.86
615.792
3884
3207.13
2447.26
1580.72
557.782
1803.24
1498.51
1153.31
751.557
266.662
446.036
1055.83
1479.08
1590.83
1293
542.342
-647.18
-2217.33
-3893.41
-4754.59
-3904.83
-1317.23
403.374
342.196
260.294
162.709
55.3439
954.174
808.767
614.677
383.993
130.572
1335.96
1131.72
859.716
536.916
182.55
1435.76
1215.29
922.656
576.069
195.85
1165.47
985.301
747.463
466.595
158.644
487.823
411.627
311.965
194.763
66.2501
-580.122
-488.09
-369.54
-230.935
-78.6597
-1976.7
-1655.99
-1252.91
-785.265
-268.332
-3441.72
-2865.9
-2169.08
-1368.46
-470.828
-4154.45
-3434.18
-2604.46
-1661.83
-579.327
-3360.67
-2752.19
-2092.12
-1353.86
-479.699
-1102.55
-882.406
-665.919
-435.701
-156.747
1402.13
0
1586.03
1257.85
1058.6
800.979
499.937
170.146
0
0
0
0
0
1391.34
1148.96
865.804
546.833
189.397
8435.86
51093.2
8640.4
36174.7
9215.8
32148.9
8974.21
26980.4
13088.5
8232.82
2845.41
13081.9
8220.25
2785.39
12853.1
8092.35
2782.71
12439.3
7825.99
2767.54
11801.9
6889.04
2386.16
107.316
-94.0625
-818.342
-1432.54
-2506.39
532.487
-116.358
-73.8948
-42.1465
483.135
44.573
28.671
26.7685
22.4774
392.366
237.048
205.675
168.856
12.3446
4.82714
2.72257
2.0964
106.26
43.1154
23.9973
19.2486
242.535
102.275
60.1426
48.2489
347.309
156.514
95.6341
77.3073
343.237
187.96
113.705
95.3327
277.174
244.068
145.336
118.665
254.927
204.029
125.683
109.322
370.692
297.31
180.058
141.184
449.001
339.464
228.599
180.843
7.75825
4.13678
2.30623
1.39797
1.01991
65.5899
36.4899
20.7114
12.6842
9.29119
76.1794
46.2661
27.7586
17.5192
12.9368
75.9064
40.4314
23.2776
14.512
10.6554
113.25
71.2536
43.116
27.2743
20.1979
155.885
95.1967
56.8235
35.6966
26.3926
1.92619
0.882663
0.454508
0.263905
0.188434
15.417
7.0105
3.62635
2.10337
1.50875
32.0359
15.2417
8.1316
4.78799
3.48757
306.174
149.753
-112.993
-529.151
11.9576
296.555
558.641
120.87
124.577
197.022
53.2864
13.7016
3.08112
0.512573
177.038
57.4451
14.9879
3.57706
0.716971
126.982
49.5571
13.5491
3.21512
0.620885
66.9063
29.0383
7.29264
1.50627
0.118963
-4.90414
-25.0086
-10.3542
-3.2442
-1.23338
-131.384
-80.5551
-27.8329
-7.99203
-2.52628
-173.892
-95.9809
-30.6026
-8.28785
-2.54295
-40.2484
-34.0749
-13.9683
-4.49513
-1.52746
81.8746
6.4726
-1.752
0.279449
-0.431704
2740.67
3589.31
1309.94
1908.52
1428.07
1652.15
958.836
986.881
-1227.97
-3461.27
-2246.87
-1308.25
-1091.64
-908.521
-679.406
-419.953
-142.133
-1734.39
-1209.73
-788.336
-646.831
-388.87
-1564.6
-1016.62
-678.191
-422.955
-160.254
-1099.4
-864.23
-620.67
-377.261
-127.82
-8532.97
-2963.56
-8983.3
-3310.27
-9720.71
-3842.08
-9684.41
-3755.52
-8782.09
-2874.25
130.989
152.645
1468.05
1575.7
2478.66
170.568
222.286
209.447
866.485
613.208
49.6824
26.8571
6.87628
-1.73325
328.698
193.288
66.8074
18.1245
4.47624
2.5552
0.792667
0.300642
47.2681
26.1921
10.1804
3.85498
105
67.4908
25.6229
9.88054
182.735
119.407
46.4386
19.1271
349.27
177.324
88.4004
50.0468
581.291
306.579
214.635
165.185
552.994
251.856
150.696
101.911
516.213
336.693
257.364
208.591
453.328
347.427
255.82
209.771
5.10609
3.53267
2.21815
1.42552
1.06761
53.4139
33.1015
20.0936
12.7414
9.50212
100.079
49.491
27.4444
16.7577
12.3936
70.096
38.12
21.8211
13.44
9.98344
146.108
76.4943
43.0794
26.4312
19.5411
171.76
97.8488
56.8334
35.2801
26.0885
0.404798
0.589626
0.4256
0.286737
0.21876
4.37018
5.10473
3.54743
2.37351
1.79992
17.1803
13.1279
8.35142
5.44608
4.06694
-358.668
-343.778
-228.453
142.77
-243.224
-278.46
-583.659
-76.1091
-62.4359
-224.179
-59.0755
-14.9654
-3.31875
-0.549012
-237.877
-69.8215
-17.3634
-4.02127
-0.799488
-224.612
-68.9763
-17.1881
-3.8832
-0.749915
-172.548
-50.5053
-11.4255
-2.28016
-0.275497
-73.2069
7.38336
6.78497
2.56364
1.09229
124.871
76.9541
26.7632
7.73291
2.46087
141.02
86.3205
28.3878
7.8329
2.44211
49.3341
34.8248
13.8566
4.42129
1.49956
-64.5437
-3.33252
2.21787
-0.232714
0.429794
-226.153
-840.731
-1278.52
-1423.42
-1182.03
-505.958
618.652
2181.18
3964.92
5053.79
4472.01
2068.86
-203.905
-172.334
-130.577
-81.3677
-27.6291
-758.886
-642.314
-487.439
-304.136
-103.346
-1153.63
-976.041
-740.487
-461.967
-156.976
-1283.22
-1084.68
-822.317
-512.835
-174.242
-1064.01
-898.048
-680.127
-423.996
-144.055
-454.357
-382.636
-289.418
-180.407
-61.3155
553.534
464.697
351.05
219.001
74.5258
1941.14
1622.8
1225.12
766.467
261.649
3502.27
2913.06
2201.26
1386.33
476.429
4424.75
3663.44
2778.44
1769.87
615.795
3884.01
3207.14
2447.27
1580.73
557.787
1803.26
1498.53
1153.32
751.567
266.666
446.041
1055.84
1479.08
1590.83
1293
542.343
-647.181
-2217.33
-3893.41
-4754.59
-3904.81
-1317.22
403.378
342.199
260.297
162.711
55.3445
954.179
808.771
614.68
383.995
130.573
1335.96
1131.73
859.72
536.918
182.55
1435.76
1215.3
922.66
576.072
195.851
1165.47
985.304
747.466
466.597
158.644
487.824
411.628
311.966
194.764
66.2504
-580.124
-488.092
-369.541
-230.936
-78.6601
-1976.7
-1655.99
-1252.91
-785.27
-268.333
-3441.72
-2865.91
-2169.09
-1368.47
-470.83
-4154.45
-3434.18
-2604.47
-1661.84
-579.331
-3360.66
-2752.19
-2092.12
-1353.87
-479.7
-1102.54
-882.396
-665.912
-435.696
-156.745
1402.14
0
1586.04
1257.86
1058.61
800.988
499.943
170.148
0
0
0
0
0
1391.35
1148.98
865.82
546.847
189.403
7279.68
4713.83
1638.25
8197.22
5406.57
1850.94
9739.15
6255.36
2137.8
11802.1
6889.31
2386.31
-1969.21
189.578
-295.412
886.061
8750.93
8272.94
8138.43
7001.67
6083.28
6095.53
5596.07
3060.83
807.669
4686.45
2518.15
702.199
4570.35
2299.43
656.052
781.291
532.422
269.068
121.012
1070.63
744.873
441.084
260.026
142.344
85.2115
50.7227
31.8395
23.5572
181.545
108.021
64.0545
40.1634
29.7389
-1092.49
-944.098
-762.614
-556.9
-339.778
-114.594
-111.187
-405.8
-625.66
-722.094
-907.126
-1214.37
-100.413
-85.0285
-64.5462
-40.2775
-13.6865
-366.661
-310.687
-236.014
-147.364
-50.0914
-565.057
-478.537
-363.337
-226.778
-77.0721
-651.447
-551.019
-417.885
-260.609
-88.5335
-816.858
-689.5
-521.934
-325.089
-110.372
-1090.09
-916.977
-692.12
-430.336
-146
8935.13
9481.21
8752.56
9271.18
10637.8
10672.8
6797.43
3883.75
1015.08
8080.33
5517.51
1794.18
9292.48
6545.48
2209.69
-4541.12
-1523.4
-5227.68
-1926.25
-6795.76
-2520.25
-8782.09
-2874.25
3405.68
1807.36
2323.51
1684.08
808.456
529.625
473.836
398.408
1067.96
740.645
579.62
399.61
155.274
87.1514
50.1474
31.0101
22.9024
189.994
109.175
63.7577
39.6814
29.3432
208.708
503.696
722.206
811.446
953.979
1332.56
188.806
160.222
121.904
76.2119
25.9236
455.469
386.308
293.76
183.575
62.4306
652.792
553.411
420.647
262.787
89.3555
732.942
620.883
471.62
294.507
100.123
860.733
728.299
552.723
344.997
117.272
1200.19
1013.77
768.511
479.538
163.017
1237.06
1098.04
915.58
690.582
432.638
148.158
)
;
    }
    patch2
    {
        type            calculated;
        value           nonuniform List<scalar> 
348
(
-91.346
-91.3595
226.535
12.3038
-119.36
56.8281
-41.6554
86.5373
222.773
45.4815
226.523
12.2993
-119.364
56.8217
-41.6464
86.5417
222.777
45.487
1147.2
360.441
-38.0903
-106.245
-114.935
-155.048
-75.3808
6391.43
874.282
860.199
496.102
101.608
42.3935
465.599
-25.1043
-18.7741
-36.0556
-30.3671
3632.46
521.186
233.022
116.28
415.138
195.793
35.8124
60.5089
-113.748
-117.995
120.322
102.06
3703.07
726.046
928.71
462.024
432.164
-14.8523
-60.4125
-93.6805
-107.901
-94.4845
-50.2774
-23.6118
-91.7098
-139.235
-153.803
-125.07
-46.4523
-11.7549
-11.5212
-43.9837
-41.2862
-56.5785
-54.5091
-39.7713
-40.7996
-25.4481
-29.9026
-42.9228
-32.7197
58.7491
212.438
419
366.052
319.675
157.501
89.4955
268.278
448.268
504.724
433.361
205.367
34.8577
80.1374
112.751
125.989
111.449
68.7416
51.298
118.725
164.475
175.589
141.644
57.5411
26.9227
23.6701
58.2132
52.8097
68.5766
64.3699
47.8461
47.1623
32.0222
29.0005
59.9922
37.456
-37.7355
-182.902
-364.682
-286.668
-212.733
-34.2903
-81.7905
-256.346
-418.484
-446.671
-343.181
-93.6717
-898.399
-198.027
92.8915
152.378
160.373
222.247
145.337
-7019.81
-464.137
-698.984
-195.898
74.3766
-563.887
114.28
285.445
99.657
-3790.85
-334.537
-84.415
-38.1247
-384.136
-68.0564
26.9344
23.427
223.948
219.166
-59.8179
-33.6722
-3699.95
-611.788
-750.891
-348.413
-355.285
1147.23
360.45
-38.092
-106.246
-114.937
-155.05
-75.3837
6391.45
874.193
860.169
496.106
101.605
42.3831
465.595
-25.1261
-18.7815
-36.0691
-30.3682
3632.47
521.166
233.007
116.275
415.138
195.785
35.8102
60.5047
-113.754
-118
120.318
102.056
3703.1
726.053
928.708
462.024
432.163
-14.852
-60.4123
-93.6804
-107.901
-94.4848
-50.2778
-23.6113
-91.7096
-139.235
-153.803
-125.07
-46.4525
-11.7547
-11.521
-43.9835
-41.2861
-56.5784
-54.5091
-39.7713
-40.7996
-25.4483
-29.9028
-42.9233
-32.7201
58.7488
212.438
419.001
366.053
319.677
157.505
89.4957
268.279
448.269
504.727
433.365
205.37
34.8582
80.1379
112.752
125.99
111.449
68.7423
51.2986
118.726
164.476
175.59
141.644
57.5415
26.9231
23.6703
58.2136
52.81
68.5769
64.3702
47.8464
47.1625
32.0225
29.0007
59.9929
37.4564
-37.7351
-182.902
-364.683
-286.666
-212.729
-34.2856
-81.7906
-256.347
-418.486
-446.671
-343.18
-93.6693
-898.39
-198.021
92.8936
152.38
160.375
222.249
145.34
-7020.03
-464.049
-698.974
-195.906
74.3833
-563.907
114.284
285.458
99.6587
-3790.92
-334.524
-84.4066
-38.1219
-384.144
-68.0495
26.937
23.4304
223.953
219.171
-59.8167
-33.6703
-3700.01
-611.79
-750.883
-348.41
-355.285
5820
1552.86
410.605
5778
1598.03
443.078
5496.91
1479.91
335.004
5212.63
1307.1
222.893
5427.72
1353.47
431.648
-9011.71
-1269.84
-8507.4
-1258.56
-7063.71
-650.878
-6335.27
-554.863
-6284.59
-640.832
5819.38
1555.76
411.172
5776.83
1599.64
443.87
5496.42
1480.2
335.204
5212.4
1307.17
222.933
5427.61
1353.47
431.669
-9001.81
-1266.33
-8499.34
-1257.59
-7061.63
-650.46
-6334.83
-554.77
-6284.5
-640.658
)
;
    }
    patch3
    {
        type            calculated;
        value           nonuniform List<scalar> 
96
(
-121.545
-490.637
-761.13
-878.447
-771.936
-413.035
-193.62
-746.246
-1133.67
-1255.04
-1023.5
-379.922
483.124
1755.82
3418.66
2728.08
2479.23
1199.81
743.209
2226.51
3699.57
4095.4
3490.73
1608.33
280.617
646.956
911.447
1019.62
902.386
553.636
413.297
959.814
1331.99
1424.56
1150.9
464.909
-321.689
-1524.69
-3002.71
-2181.46
-1804.52
-446.19
-680.937
-2125.74
-3462.77
-3668.6
-2862.21
-848.692
-121.542
-490.635
-761.129
-878.447
-771.937
-413.037
-193.617
-746.244
-1133.67
-1255.04
-1023.5
-379.923
483.122
1755.81
3418.65
2728.07
2479.23
1199.82
743.208
2226.51
3699.57
4095.4
3490.73
1608.34
280.62
646.96
911.451
1019.62
902.39
553.641
413.301
959.819
1331.99
1424.56
1150.9
464.911
-321.685
-1524.69
-3002.69
-2181.45
-1804.5
-446.176
-680.936
-2125.74
-3462.77
-3668.59
-2862.2
-848.679
)
;
    }
    patch4
    {
        type            calculated;
        value           nonuniform List<scalar> 
384
(
28938.3
32167.9
35151.6
69422.8
83755.8
48991.9
42426.1
36439.7
-53247.9
-49980.3
-79161
-89890.9
28373.7
32234.3
35174.5
69423.9
83754.5
49003
42449.9
35615.4
-52909.2
-50111.6
-79278.3
-89592.4
45950.3
14215.6
64667.2
21007.6
-49557.9
-15330.7
-67359.4
-21993
45953.8
14216
64666.6
21007.1
-49573.3
-15334.1
-67367.9
-21995.1
24499.3
7531.41
-28413.2
-8447.38
12236.2
5355.96
4448.44
2059.34
-14837.5
-6280.69
-5327.89
-2396.45
-28399.9
-8444.76
24509
7533.15
20915.2
15192
21985
16745.2
26747.2
8665.54
10686.8
4094.87
12055.9
4187.83
-37335.2
-26876.7
-35273.9
-26457.5
-30812.6
-9844.34
-17711.8
-6450.24
-18007.5
-6055.2
20527.2
14907.7
22048.6
16803.6
26754.9
8667
10462.2
3997.39
12102.8
4199.61
-37045
-26624.7
-35360.4
-26524.1
-30825.9
-9847.44
-17487.7
-6347.13
-18059.3
-6066.71
-14829.1
-6277.92
-5325.75
-2395.68
12243.1
5358.48
4450.05
2059.98
18514.2
14969.2
-18776.6
-15020.1
18512.8
14969
-18776.1
-15020.3
2692.89
3536.51
2791.86
3463.84
3760.08
2418.98
3703.35
1491.37
3411.06
6712.68
6137.74
11486.9
1893.69
4032.6
875.501
1548.73
-4809.34
-5832.11
-4397.33
-5119.3
-4948.85
-3349.59
-4414.31
-1803.18
-3928.04
-6816.82
-6760.43
-11584
-2222.13
-4113.69
-1102.15
-1613.49
2658.73
3459.93
2791.81
3467.45
3760.46
2420.55
3705.24
1491.89
3411.52
6712.8
6137.94
11486.9
1894.11
4032.72
875.622
1548.75
-4775.92
-5759.19
-4394.6
-5121.91
-4948.37
-3350.93
-4416.35
-1803.8
-3928.44
-6816.98
-6760.47
-11584.1
-2222.61
-4113.86
-1102.37
-1613.58
4150.6
13019.1
4947.54
13857.2
6859.51
14101.5
8508.18
-5675.09
-14259.5
-6199.98
-14751
-7709.95
-14454.5
-9291.69
4133.87
13044
4949.63
13849.3
6859.27
14098.7
8508.01
-5663.51
-14313.8
-6200.47
-14747.1
-7709.48
-14453.2
-9291.57
10674.5
10393.8
9914.55
9144.85
7861.42
4859.03
6536.81
3079.29
1084.53
-11759.5
-11307.6
-10552.4
-9502.3
-7997.03
-4853.28
-6564.77
-3066.65
-1072.05
10657.2
10372.5
9906.6
9141.85
7860.37
4858.93
6536.48
3079.27
1084.52
-11749
-11286
-10544.9
-9499.71
-7996.24
-4853.25
-6564.57
-3066.66
-1072.06
2350.15
2252.66
2102.81
1893.44
1594.65
1070.15
1379.24
703.297
252.162
-2539.4
-2413.25
-2218.17
-1961.55
-1624.59
-1071.11
-1388.5
-701.677
-250.022
2345.13
2245.95
2099.92
1892.2
1594.16
1070.08
1379.06
703.273
252.156
-2535.16
-2406.28
-2215.26
-1960.36
-1624.15
-1071.06
-1388.35
-701.662
-250.02
531.478
505.463
466.268
415.29
348.472
244.135
307.14
163.746
59.2706
-567.549
-536.374
-489.06
-429.436
-355.361
-244.845
-309.829
-163.68
-58.9626
530.343
503.708
465.423
414.891
348.3
244.104
307.067
163.734
59.2672
-566.521
-534.541
-488.196
-429.039
-355.195
-244.818
-309.761
-163.67
-58.9606
118.259
111.827
102.399
90.7809
76.3323
55.0185
68.1014
37.4218
13.6413
-125.214
-117.832
-106.916
-93.6928
-77.8482
-55.26
-68.7793
-37.4672
-13.6135
118.016
111.4
102.177
90.668
76.2801
55.0077
68.0775
37.4173
13.64
-124.988
-117.386
-106.687
-93.5784
-77.7965
-55.2499
-68.7563
-37.4631
-13.6125
29.839
28.11
25.6182
22.6817
19.1682
14.1828
17.3104
9.75817
3.5778
-31.3608
-29.4325
-26.6293
-23.3538
-19.5362
-14.2597
-17.4921
-9.78296
-3.58068
29.7797
27.9945
25.5543
22.6471
19.1513
14.1788
17.3022
9.75639
3.57728
-31.3042
-29.3122
-26.5632
-23.3184
-19.5191
-14.2558
-17.4839
-9.78127
-3.58024
)
;
    }
}


// ************************************************************************* //
