/*--------------------------------*- C++ -*----------------------------------*\
| =========                 |                                                 |
| \\      /  F ield         | OpenFOAM: The Open Source CFD Toolbox           |
|  \\    /   O peration     | Version:  2412                                  |
|   \\  /    A nd           | Website:  www.openfoam.com                      |
|    \\/     M anipulation  |                                                 |
\*---------------------------------------------------------------------------*/
FoamFile
{
    version     2.0;
    format      ascii;
    arch        "LSB;label=32;scalar=64";
    class       volScalarField;
    location    "90/topAir";
    object      p_rgh;
}
// * * * * * * * * * * * * * * * * * * * * * * * * * * * * * * * * * * * * * //

dimensions      [1 -1 -2 0 0 0 0];

internalField   nonuniform List<scalar> 
1200
(
100000.01
100000.01
100000.01
100000.01
100000.01
100000.01
100000.01
100000.01
100000.01
100000.01
100000.01
100000.01
100000.01
100000
100000
100000
100000
100000
100000
100000
100000
99999.999
99999.999
99999.999
99999.999
99999.999
99999.999
99999.999
99999.999
99999.999
100000.01
100000.01
100000.01
100000.01
100000.01
100000.01
100000.01
100000.01
100000.01
100000.01
100000.01
100000.01
100000.01
100000.01
100000.01
100000.01
100000.01
100000
100000
100000
100000
100000
100000
100000
100000
100000
100000
100000
100000
100000
100000.01
100000.01
100000.01
100000.01
100000.01
100000.01
100000.01
100000.01
100000.01
100000.01
100000.01
100000.01
100000.01
100000.01
100000.01
100000.01
100000.01
100000.01
100000.01
100000
100000
100000
100000
100000
100000
100000
100000
100000
100000
100000
100000.01
100000.01
100000.01
100000.01
100000.01
100000.01
100000.01
100000.01
100000.01
100000.01
100000.01
100000.01
100000.01
100000.01
100000.01
100000.01
100000.01
100000.01
100000.01
100000
100000
100000
100000
100000
100000
100000
100000
100000
100000
100000
100000.01
100000.01
100000.01
100000.01
100000.01
100000.01
100000.01
100000.01
100000.01
100000.01
100000.01
100000.01
100000.01
100000
100000
100000
100000
100000
100000
100000
100000
100000
99999.999
99999.999
99999.999
99999.999
99999.999
99999.999
99999.999
99999.999
100000.01
100000.01
100000.01
100000.01
100000.01
100000.01
100000.01
100000.01
100000.01
100000.01
100000.01
100000.01
100000.01
100000.01
100000.01
100000.01
100000.01
100000
100000
100000
100000
100000
100000
100000
100000
100000
100000
100000
100000
100000
100000.01
100000.01
100000.01
100000.01
100000.01
100000.01
100000.01
100000.01
100000.01
100000.01
100000.01
100000.01
100000.01
100000.01
100000.01
100000.01
100000.01
100000.01
100000.01
100000
100000
100000
100000
100000
100000
100000
100000
100000
100000
100000
100000.01
100000.01
100000.01
100000.01
100000.01
100000.01
100000.01
100000.01
100000.01
100000.01
100000.01
100000.01
100000.01
100000.01
100000.01
100000.01
100000.01
100000.01
100000.01
100000
100000
100000
100000
100000
100000
100000
100000
100000
100000
100000
100000.01
100000.01
100000.01
100000.01
100000.01
100000.01
100000.01
100000.01
100000.01
100000.01
100000.01
100000.01
100000.01
100000
100000
100000
100000
100000
100000
100000
99999.999
99999.999
99999.999
99999.999
99999.999
99999.999
99999.999
99999.999
99999.999
99999.999
100000.01
100000.01
100000.01
100000.01
100000.01
100000.01
100000.01
100000.01
100000.01
100000.01
100000.01
100000.01
100000.01
100000.01
100000.01
100000.01
100000.01
100000
100000
100000
100000
100000
100000
100000
100000
100000
100000
100000
100000
100000
100000.01
100000.01
100000.01
100000.01
100000.01
100000.01
100000.01
100000.01
100000.01
100000.01
100000.01
100000.01
100000.01
100000.01
100000.01
100000.01
100000.01
100000.01
100000.01
100000
100000
100000
100000
100000
100000
100000
100000
100000
100000
100000
100000.01
100000.01
100000.01
100000.01
100000.01
100000.01
100000.01
100000.01
100000.01
100000.01
100000.01
100000.01
100000.01
100000.01
100000.01
100000.01
100000.01
100000.01
100000.01
100000
100000
100000
100000
100000
100000
100000
100000
100000
100000
100000
100000.01
100000.01
100000.01
100000.01
100000.01
100000.01
100000.01
100000.01
100000.01
100000.01
100000.01
100000.01
100000.01
100000
100000
100000
100000
100000
99999.999
99999.999
99999.998
99999.998
99999.998
99999.998
99999.998
99999.998
99999.998
99999.998
99999.998
99999.999
100000.01
100000.01
100000.01
100000.01
100000.01
100000.01
100000.01
100000.01
100000.01
100000.01
100000.01
100000.01
100000.01
100000.01
100000.01
100000.01
100000.01
100000
100000
100000
100000
100000
100000
100000
100000
100000
100000
100000
100000
100000
100000.01
100000.01
100000.01
100000.01
100000.01
100000.01
100000.01
100000.01
100000.01
100000.01
100000.01
100000.01
100000.01
100000.01
100000.01
100000.01
100000.01
100000.01
100000.01
100000
100000
100000
100000
100000
100000
100000
100000
100000
100000
100000
100000.01
100000.01
100000.01
100000.01
100000.01
100000.01
100000.01
100000.01
100000.01
100000.01
100000.01
100000.01
100000.01
100000.01
100000.01
100000.01
100000.01
100000.01
100000.01
100000.01
100000
100000
100000
100000
100000
100000
100000
100000
100000
100000
100000.01
100000.01
100000.01
100000.01
100000.01
100000.01
100000.01
100000.01
100000.01
100000.01
100000.01
100000.01
100000.01
100000
100000
100000
99999.999
99999.998
99999.998
99999.997
99999.997
99999.997
99999.996
99999.996
99999.997
99999.997
99999.997
99999.997
99999.998
99999.999
100000.01
100000.01
100000.01
100000.01
100000.01
100000.01
100000.01
100000.01
100000.01
100000.01
100000.01
100000.01
100000.01
100000.01
100000.01
100000.01
100000.01
100000
100000
100000
100000
100000
100000
100000
100000
100000
100000
99999.999
99999.999
99999.999
100000.01
100000.01
100000.01
100000.01
100000.01
100000.01
100000.01
100000.01
100000.01
100000.01
100000.01
100000.01
100000.01
100000.01
100000.01
100000.01
100000.01
100000.01
100000.01
100000.01
100000
100000
100000
100000
100000
100000
100000
100000
100000
100000
100000.01
100000.01
100000.01
100000.01
100000.01
100000.01
100000.01
100000.01
100000.01
100000.01
100000.01
100000.01
100000.01
100000.01
100000.01
100000.01
100000.01
100000.01
100000.01
100000.01
100000
100000
100000
100000
100000
100000
100000
100000
100000
100000
100000.01
100000.01
100000.01
100000.01
100000.01
100000.01
100000.01
100000.01
100000.01
100000.01
100000.01
100000.01
100000.01
100000
100000
100000
99999.999
99999.998
99999.998
99999.997
99999.997
99999.997
99999.996
99999.996
99999.997
99999.997
99999.997
99999.997
99999.998
99999.999
100000.01
100000.01
100000.01
100000.01
100000.01
100000.01
100000.01
100000.01
100000.01
100000.01
100000.01
100000.01
100000.01
100000.01
100000.01
100000.01
100000.01
100000
100000
100000
100000
100000
100000
100000
100000
100000
100000
99999.999
99999.999
99999.999
100000.01
100000.01
100000.01
100000.01
100000.01
100000.01
100000.01
100000.01
100000.01
100000.01
100000.01
100000.01
100000.01
100000.01
100000.01
100000.01
100000.01
100000.01
100000.01
100000.01
100000
100000
100000
100000
100000
100000
100000
100000
100000
100000
100000.01
100000.01
100000.01
100000.01
100000.01
100000.01
100000.01
100000.01
100000.01
100000.01
100000.01
100000.01
100000.01
100000.01
100000.01
100000.01
100000.01
100000.01
100000.01
100000.01
100000
100000
100000
100000
100000
100000
100000
100000
100000
100000
100000.01
100000.01
100000.01
100000.01
100000.01
100000.01
100000.01
100000.01
100000.01
100000.01
100000.01
100000.01
100000.01
100000
100000
100000
100000
100000
99999.999
99999.999
99999.998
99999.998
99999.998
99999.998
99999.998
99999.998
99999.998
99999.998
99999.998
99999.999
100000.01
100000.01
100000.01
100000.01
100000.01
100000.01
100000.01
100000.01
100000.01
100000.01
100000.01
100000.01
100000.01
100000.01
100000.01
100000.01
100000.01
100000
100000
100000
100000
100000
100000
100000
100000
100000
100000
100000
100000
100000
100000.01
100000.01
100000.01
100000.01
100000.01
100000.01
100000.01
100000.01
100000.01
100000.01
100000.01
100000.01
100000.01
100000.01
100000.01
100000.01
100000.01
100000.01
100000.01
100000
100000
100000
100000
100000
100000
100000
100000
100000
100000
100000
100000.01
100000.01
100000.01
100000.01
100000.01
100000.01
100000.01
100000.01
100000.01
100000.01
100000.01
100000.01
100000.01
100000.01
100000.01
100000.01
100000.01
100000.01
100000.01
100000.01
100000
100000
100000
100000
100000
100000
100000
100000
100000
100000
100000.01
100000.01
100000.01
100000.01
100000.01
100000.01
100000.01
100000.01
100000.01
100000.01
100000.01
100000.01
100000.01
100000
100000
100000
100000
100000
100000
100000
99999.999
99999.999
99999.999
99999.999
99999.999
99999.999
99999.999
99999.999
99999.999
99999.999
100000.01
100000.01
100000.01
100000.01
100000.01
100000.01
100000.01
100000.01
100000.01
100000.01
100000.01
100000.01
100000.01
100000.01
100000.01
100000.01
100000.01
100000
100000
100000
100000
100000
100000
100000
100000
100000
100000
100000
100000
100000
100000.01
100000.01
100000.01
100000.01
100000.01
100000.01
100000.01
100000.01
100000.01
100000.01
100000.01
100000.01
100000.01
100000.01
100000.01
100000.01
100000.01
100000.01
100000.01
100000
100000
100000
100000
100000
100000
100000
100000
100000
100000
100000
100000.01
100000.01
100000.01
100000.01
100000.01
100000.01
100000.01
100000.01
100000.01
100000.01
100000.01
100000.01
100000.01
100000.01
100000.01
100000.01
100000.01
100000.01
100000.01
100000
100000
100000
100000
100000
100000
100000
100000
100000
100000
100000
100000.01
100000.01
100000.01
100000.01
100000.01
100000.01
100000.01
100000.01
100000.01
100000.01
100000.01
100000.01
100000.01
100000
100000
100000
100000
100000
100000
100000
100000
100000
99999.999
99999.999
99999.999
99999.999
99999.999
99999.999
99999.999
99999.999
100000.01
100000.01
100000.01
100000.01
100000.01
100000.01
100000.01
100000.01
100000.01
100000.01
100000.01
100000.01
100000.01
100000.01
100000.01
100000.01
100000.01
100000
100000
100000
100000
100000
100000
100000
100000
100000
100000
100000
100000
100000
100000.01
100000.01
100000.01
100000.01
100000.01
100000.01
100000.01
100000.01
100000.01
100000.01
100000.01
100000.01
100000.01
100000.01
100000.01
100000.01
100000.01
100000.01
100000.01
100000
100000
100000
100000
100000
100000
100000
100000
100000
100000
100000
100000.01
100000.01
100000.01
100000.01
100000.01
100000.01
100000.01
100000.01
100000.01
100000.01
100000.01
100000.01
100000.01
100000.01
100000.01
100000.01
100000.01
100000.01
100000.01
100000
100000
100000
100000
100000
100000
100000
100000
100000
100000
100000
100000.01
100000.01
100000.01
100000.01
100000.01
100000.01
100000.01
100000.01
100000.01
100000.01
100000.01
100000.01
100000.01
100000
100000
100000
100000
100000
100000
100000
100000
99999.999
99999.999
99999.999
99999.999
99999.999
99999.999
99999.999
99999.999
99999.999
100000.01
100000.01
100000.01
100000.01
100000.01
100000.01
100000.01
100000.01
100000.01
100000.01
100000.01
100000.01
100000.01
100000.01
100000.01
100000.01
100000.01
100000
100000
100000
100000
100000
100000
100000
100000
100000
100000
100000
100000
100000
100000.01
100000.01
100000.01
100000.01
100000.01
100000.01
100000.01
100000.01
100000.01
100000.01
100000.01
100000.01
100000.01
100000.01
100000.01
100000.01
100000.01
100000.01
100000.01
100000
100000
100000
100000
100000
100000
100000
100000
100000
100000
100000
100000.01
100000.01
100000.01
100000.01
100000.01
100000.01
100000.01
100000.01
100000.01
100000.01
100000.01
100000.01
100000.01
100000.01
100000.01
100000.01
100000.01
100000.01
100000.01
100000
100000
100000
100000
100000
100000
100000
100000
100000
100000
100000
)
;

boundaryField
{
    maxY
    {
        type            fixedFluxPressure;
        gradient        nonuniform List<scalar> 
300
(
-5.1674977e-05
-5.1674977e-05
-5.1674977e-05
-5.1674977e-05
-5.1674977e-05
-5.1674977e-05
-5.1674977e-05
-5.1674977e-05
-5.1674977e-05
-5.1674978e-05
-5.1674977e-05
-5.1674977e-05
-5.1674977e-05
-5.1674977e-05
-5.1674977e-05
-5.1674977e-05
-5.1674977e-05
-5.1674977e-05
-5.1674977e-05
-5.1674977e-05
-5.1674976e-05
-5.1674976e-05
-5.1674976e-05
-5.1674976e-05
-5.1674976e-05
-5.1674976e-05
-5.1674976e-05
-5.1674976e-05
-5.1674976e-05
-5.1674976e-05
-5.1674976e-05
-5.1674976e-05
-5.1674976e-05
-5.1674976e-05
-5.1674976e-05
-5.1674976e-05
-5.1674976e-05
-5.1674976e-05
-5.1674976e-05
-5.1674976e-05
-5.1674975e-05
-5.1674975e-05
-5.1674975e-05
-5.1674975e-05
-5.1674975e-05
-5.1674975e-05
-5.1674975e-05
-5.1674975e-05
-5.1674975e-05
-5.1674975e-05
-5.1674974e-05
-5.1674975e-05
-5.1674975e-05
-5.1674975e-05
-5.1674975e-05
-5.1674975e-05
-5.1674975e-05
-5.1674975e-05
-5.1674975e-05
-5.1674974e-05
-5.1674974e-05
-5.1674974e-05
-5.1674974e-05
-5.1674974e-05
-5.1674974e-05
-5.1674974e-05
-5.1674974e-05
-5.1674974e-05
-5.1674974e-05
-5.1674974e-05
-5.1674973e-05
-5.1674973e-05
-5.1674973e-05
-5.1674973e-05
-5.1674973e-05
-5.1674973e-05
-5.1674973e-05
-5.1674973e-05
-5.1674973e-05
-5.1674973e-05
-5.1674972e-05
-5.1674972e-05
-5.1674973e-05
-5.1674972e-05
-5.1674972e-05
-5.1674972e-05
-5.1674972e-05
-5.1674972e-05
-5.1674972e-05
-5.1674972e-05
-5.1674971e-05
-5.1674971e-05
-5.1674971e-05
-5.1674971e-05
-5.1674971e-05
-5.1674971e-05
-5.1674971e-05
-5.1674971e-05
-5.1674971e-05
-5.1674971e-05
-5.1674969e-05
-5.167497e-05
-5.167497e-05
-5.167497e-05
-5.167497e-05
-5.167497e-05
-5.167497e-05
-5.167497e-05
-5.167497e-05
-5.1674969e-05
-5.1674967e-05
-5.1674969e-05
-5.1674969e-05
-5.1674968e-05
-5.1674968e-05
-5.1674968e-05
-5.1674968e-05
-5.1674969e-05
-5.1674969e-05
-5.1674967e-05
-5.1674964e-05
-5.1674966e-05
-5.1674966e-05
-5.1674965e-05
-5.1674965e-05
-5.1674965e-05
-5.1674965e-05
-5.1674966e-05
-5.1674966e-05
-5.1674964e-05
-5.1674948e-05
-5.1674957e-05
-5.1674956e-05
-5.1674952e-05
-5.1674948e-05
-5.1674948e-05
-5.1674952e-05
-5.1674956e-05
-5.1674957e-05
-5.1674948e-05
-5.1674901e-05
-5.167493e-05
-5.1674927e-05
-5.1674914e-05
-5.1674896e-05
-5.1674896e-05
-5.1674914e-05
-5.1674927e-05
-5.167493e-05
-5.1674901e-05
-5.16748e-05
-5.1674872e-05
-5.1674864e-05
-5.1674831e-05
-5.1674773e-05
-5.1674773e-05
-5.1674831e-05
-5.1674864e-05
-5.1674872e-05
-5.16748e-05
-5.1674614e-05
-5.1674766e-05
-5.1674751e-05
-5.1674678e-05
-5.167451e-05
-5.167451e-05
-5.1674678e-05
-5.1674751e-05
-5.1674766e-05
-5.1674614e-05
-5.1674311e-05
-5.1674595e-05
-5.1674568e-05
-5.1674421e-05
-5.1673986e-05
-5.1673986e-05
-5.1674421e-05
-5.1674568e-05
-5.1674595e-05
-5.1674311e-05
-5.1673857e-05
-5.167434e-05
-5.1674296e-05
-5.1674016e-05
-5.1672955e-05
-5.1672955e-05
-5.1674016e-05
-5.1674296e-05
-5.167434e-05
-5.1673857e-05
-5.1673222e-05
-5.1673984e-05
-5.1673914e-05
-5.1673397e-05
-5.1670919e-05
-5.1670919e-05
-5.1673397e-05
-5.1673914e-05
-5.1673985e-05
-5.1673222e-05
-5.1672375e-05
-5.1673512e-05
-5.1673396e-05
-5.1672463e-05
-5.1667191e-05
-5.1667191e-05
-5.1672463e-05
-5.1673396e-05
-5.1673512e-05
-5.1672375e-05
-5.1671289e-05
-5.1672909e-05
-5.1672713e-05
-5.1671045e-05
-5.166078e-05
-5.166078e-05
-5.1671045e-05
-5.1672713e-05
-5.1672909e-05
-5.1671289e-05
-5.1669944e-05
-5.1672157e-05
-5.1671814e-05
-5.1668857e-05
-5.1650293e-05
-5.1650293e-05
-5.1668857e-05
-5.1671814e-05
-5.1672157e-05
-5.1669944e-05
-5.1668282e-05
-5.167124e-05
-5.1670614e-05
-5.1665401e-05
-5.1633794e-05
-5.1633794e-05
-5.1665401e-05
-5.1670614e-05
-5.167124e-05
-5.1668282e-05
-5.1665952e-05
-5.1670127e-05
-5.1668935e-05
-5.1659483e-05
-5.1608595e-05
-5.1608595e-05
-5.1659483e-05
-5.1668935e-05
-5.1670127e-05
-5.1665952e-05
-5.1662268e-05
-5.1668752e-05
-5.1666401e-05
-5.1649232e-05
-5.1570929e-05
-5.1570929e-05
-5.1649232e-05
-5.1666401e-05
-5.1668752e-05
-5.1662268e-05
-5.1656134e-05
-5.1666952e-05
-5.1662157e-05
-5.1631428e-05
-5.1515396e-05
-5.1515396e-05
-5.1631428e-05
-5.1662157e-05
-5.1666952e-05
-5.1656134e-05
-5.1645372e-05
-5.1663741e-05
-5.1653878e-05
-5.1600749e-05
-5.1434138e-05
-5.1434138e-05
-5.1600749e-05
-5.1653878e-05
-5.1663741e-05
-5.1645371e-05
-5.1626013e-05
-5.1657712e-05
-5.16381e-05
-5.1549193e-05
-5.1316078e-05
-5.1316078e-05
-5.1549193e-05
-5.16381e-05
-5.1657712e-05
-5.1626013e-05
-5.1594035e-05
-5.1647307e-05
-5.1611571e-05
-5.1470954e-05
-5.1154323e-05
-5.1154324e-05
-5.1470954e-05
-5.1611571e-05
-5.1647307e-05
-5.1594034e-05
)
;
        value           nonuniform List<scalar> 
300
(
100000.01
100000.01
100000.01
100000.01
100000.01
100000.01
100000.01
100000.01
100000.01
100000.01
100000.01
100000.01
100000.01
100000.01
100000.01
100000.01
100000.01
100000.01
100000.01
100000.01
100000.01
100000.01
100000.01
100000.01
100000.01
100000.01
100000.01
100000.01
100000.01
100000.01
100000.01
100000.01
100000.01
100000.01
100000.01
100000.01
100000.01
100000.01
100000.01
100000.01
100000.01
100000.01
100000.01
100000.01
100000.01
100000.01
100000.01
100000.01
100000.01
100000.01
100000.01
100000.01
100000.01
100000.01
100000.01
100000.01
100000.01
100000.01
100000.01
100000.01
100000.01
100000.01
100000.01
100000.01
100000.01
100000.01
100000.01
100000.01
100000.01
100000.01
100000.01
100000.01
100000.01
100000.01
100000.01
100000.01
100000.01
100000.01
100000.01
100000.01
100000.01
100000.01
100000.01
100000.01
100000.01
100000.01
100000.01
100000.01
100000.01
100000.01
100000.01
100000.01
100000.01
100000.01
100000.01
100000.01
100000.01
100000.01
100000.01
100000.01
100000.01
100000.01
100000.01
100000.01
100000.01
100000.01
100000.01
100000.01
100000.01
100000.01
100000.01
100000.01
100000.01
100000.01
100000.01
100000.01
100000.01
100000.01
100000.01
100000.01
100000.01
100000.01
100000.01
100000.01
100000.01
100000.01
100000.01
100000.01
100000.01
100000.01
100000.01
100000.01
100000.01
100000.01
100000.01
100000.01
100000.01
100000.01
100000.01
100000.01
100000.01
100000.01
100000.01
100000.01
100000.01
100000.01
100000.01
100000.01
100000.01
100000.01
100000.01
100000.01
100000.01
100000.01
100000.01
100000.01
100000.01
100000.01
100000.01
100000.01
100000.01
100000.01
100000.01
100000.01
100000.01
100000.01
100000.01
100000.01
100000.01
100000.01
100000.01
100000.01
100000.01
100000.01
100000.01
100000.01
100000.01
100000.01
100000.01
100000.01
100000.01
100000.01
100000.01
100000.01
100000.01
100000.01
100000.01
100000.01
100000.01
100000.01
100000
100000
100000
100000.01
100000.01
100000.01
100000.01
100000
100000
100000
100000
100000
100000
100000
100000
100000
100000
100000
100000
100000
100000
100000
100000
100000
100000
100000
100000
100000
100000
100000
100000
100000
100000
100000
100000
100000
100000
100000
100000
100000
100000
100000
100000
100000
100000
100000
100000
100000
100000
100000
100000
100000
100000
100000
100000
100000
100000
100000
100000
100000
100000
100000
100000
100000
100000
100000
100000
100000
100000
100000
100000
100000
100000
100000
100000
100000
100000
100000
100000
100000
100000
100000
100000
100000
100000
100000
100000
100000
100000
100000
100000
100000
100000
100000
100000
100000
100000
100000
100000
100000
100000
100000
100000
100000
100000
100000
100000
100000
100000
100000
)
;
    }
    minX
    {
        type            fixedFluxPressure;
        gradient        nonuniform List<scalar> 
40
(
6.0000746e-05
3.2430695e-06
3.0698475e-07
3.7864566e-07
6.1455502e-05
3.2987934e-06
2.5903253e-07
3.2090259e-07
6.393435e-05
3.4424893e-06
2.6999953e-07
3.2791592e-07
6.6436612e-05
3.5872528e-06
2.7666275e-07
3.3116627e-07
6.7997897e-05
3.6767483e-06
2.8051037e-07
3.3252179e-07
6.7997665e-05
3.6767356e-06
2.8050997e-07
3.3252179e-07
6.6436295e-05
3.5872354e-06
2.7666227e-07
3.3116625e-07
6.393424e-05
3.4424832e-06
2.6999932e-07
3.2791594e-07
6.1455488e-05
3.2987926e-06
2.5903251e-07
3.2090266e-07
6.0000773e-05
3.2430709e-06
3.0698479e-07
3.7864571e-07
)
;
        value           uniform 100000.01;
    }
    maxX
    {
        type            fixedValue;
        value           uniform 100000;
    }
    minZ
    {
        type            fixedFluxPressure;
        gradient        uniform 0;
        value           nonuniform List<scalar> 
120
(
100000.01
100000.01
100000.01
100000.01
100000.01
100000.01
100000.01
100000.01
100000.01
100000.01
100000.01
100000.01
100000.01
100000.01
100000.01
100000.01
100000.01
100000.01
100000.01
100000.01
100000.01
100000.01
100000.01
100000.01
100000.01
100000.01
100000.01
100000.01
100000.01
100000.01
100000.01
100000.01
100000.01
100000.01
100000.01
100000.01
100000.01
100000.01
100000.01
100000.01
100000.01
100000.01
100000.01
100000.01
100000.01
100000.01
100000.01
100000.01
100000.01
100000.01
100000.01
100000.01
100000
100000.01
100000.01
100000.01
100000
100000.01
100000.01
100000.01
100000
100000.01
100000.01
100000.01
100000
100000.01
100000.01
100000.01
100000
100000
100000.01
100000.01
100000
100000
100000.01
100000.01
100000
100000
100000
100000
100000
100000
100000
100000
99999.999
100000
100000
100000
99999.999
100000
100000
100000
99999.999
100000
100000
100000
99999.999
100000
100000
100000
99999.999
100000
100000
100000
99999.999
100000
100000
100000
99999.999
100000
100000
100000
99999.999
100000
100000
100000
99999.999
100000
100000
100000
)
;
    }
    maxZ
    {
        type            fixedFluxPressure;
        gradient        uniform 0;
        value           nonuniform List<scalar> 
120
(
100000.01
100000.01
100000.01
100000.01
100000.01
100000.01
100000.01
100000.01
100000.01
100000.01
100000.01
100000.01
100000.01
100000.01
100000.01
100000.01
100000.01
100000.01
100000.01
100000.01
100000.01
100000.01
100000.01
100000.01
100000.01
100000.01
100000.01
100000.01
100000.01
100000.01
100000.01
100000.01
100000.01
100000.01
100000.01
100000.01
100000.01
100000.01
100000.01
100000.01
100000.01
100000.01
100000.01
100000.01
100000.01
100000.01
100000.01
100000.01
100000.01
100000.01
100000.01
100000.01
100000
100000.01
100000.01
100000.01
100000
100000.01
100000.01
100000.01
100000
100000.01
100000.01
100000.01
100000
100000.01
100000.01
100000.01
100000
100000
100000.01
100000.01
100000
100000
100000.01
100000.01
100000
100000
100000
100000
100000
100000
100000
100000
99999.999
100000
100000
100000
99999.999
100000
100000
100000
99999.999
100000
100000
100000
99999.999
100000
100000
100000
99999.999
100000
100000
100000
99999.999
100000
100000
100000
99999.999
100000
100000
100000
99999.999
100000
100000
100000
99999.999
100000
100000
100000
)
;
    }
    topAir_to_rightSolid
    {
        type            fixedFluxPressure;
        gradient        nonuniform List<scalar> 
130
(
-1.2045276
-0.97974278
-0.76218389
-0.56040047
-0.38069755
-0.22651244
-0.099192387
0.001480184
0.076778825
0.12855743
0.15882892
0.16940675
0.16274033
-1.3795323
-1.1253888
-0.8814722
-0.65796473
-0.46092538
-0.29306654
-0.15466935
-0.044356482
0.04031426
0.10239024
0.14397531
0.16431686
0.16573878
-1.6003916
-1.2710711
-0.96606332
-0.69723573
-0.46873329
-0.28027557
-0.12921482
-0.011743738
0.076476471
0.13992275
0.18172326
0.20134865
0.20151299
-1.8818171
-1.4151189
-1.0126132
-0.6788426
-0.40871563
-0.19461968
-0.028859335
0.095573795
0.18483885
0.24424526
0.27822023
0.29014648
0.28328939
-2.1581941
-1.486512
-0.98047295
-0.59364791
-0.29665983
-0.069849517
0.10071004
0.22535252
0.31200828
0.36686012
0.39472013
0.39921805
0.38371279
-2.1581939
-1.4865116
-0.98047316
-0.59364791
-0.2966611
-0.0698494
0.1007096
0.22535245
0.31200804
0.3668598
0.39471975
0.39921761
0.38371204
-1.8818176
-1.4151195
-1.0126144
-0.6788434
-0.40871731
-0.19462013
-0.028860759
0.09557303
0.18483804
0.24424449
0.27821951
0.29014582
0.28328828
-1.6003933
-1.2710729
-0.96606487
-0.69723681
-0.46873503
-0.28027568
-0.12921628
-0.011744593
0.076475608
0.13992199
0.18172262
0.20134807
0.20151239
-1.3795346
-1.125391
-0.88147399
-0.65796594
-0.46092725
-0.29306661
-0.15467055
-0.044356997
0.040313762
0.10238985
0.14397502
0.16431665
0.16573858
-1.2045305
-0.9797452
-0.76218561
-0.56040156
-0.38069957
-0.22651207
-0.099192776
0.0014805365
0.076779163
0.12855779
0.15882929
0.16940711
0.16274064
)
;
        value           nonuniform List<scalar> 
130
(
99999.996
99999.997
99999.997
99999.997
99999.998
99999.998
99999.999
99999.999
99999.999
99999.999
100000
100000
100000
99999.996
99999.996
99999.997
99999.997
99999.998
99999.998
99999.999
99999.999
99999.999
99999.999
100000
100000
100000
99999.994
99999.995
99999.996
99999.997
99999.997
99999.998
99999.998
99999.999
99999.999
99999.999
99999.999
100000
100000
99999.992
99999.993
99999.994
99999.995
99999.996
99999.997
99999.998
99999.998
99999.998
99999.999
99999.999
100000
100000
99999.99
99999.992
99999.993
99999.994
99999.995
99999.996
99999.997
99999.997
99999.998
99999.998
99999.999
99999.999
100000
99999.99
99999.992
99999.993
99999.994
99999.995
99999.996
99999.997
99999.997
99999.998
99999.998
99999.999
99999.999
100000
99999.992
99999.993
99999.994
99999.995
99999.996
99999.997
99999.998
99999.998
99999.998
99999.999
99999.999
100000
100000
99999.994
99999.995
99999.996
99999.997
99999.997
99999.998
99999.998
99999.999
99999.999
99999.999
99999.999
100000
100000
99999.996
99999.996
99999.997
99999.997
99999.998
99999.998
99999.999
99999.999
99999.999
99999.999
100000
100000
100000
99999.996
99999.997
99999.997
99999.997
99999.998
99999.998
99999.999
99999.999
99999.999
99999.999
100000
100000
100000
)
;
    }
    topAir_to_heater
    {
        type            fixedFluxPressure;
        gradient        nonuniform List<scalar> 
40
(
-1.9817219
-1.8221495
-1.6351289
-1.4262977
-2.2234318
-2.0605228
-1.860508
-1.6296749
-2.6740433
-2.4758808
-2.2270412
-1.9304387
-3.355226
-3.1054295
-2.7856735
-2.3785924
-4.2559788
-3.9605823
-3.5909388
-3.0708379
-4.2559792
-3.9605828
-3.5909393
-3.0708384
-3.3552263
-3.1054296
-2.7856737
-2.3785927
-2.6740434
-2.475881
-2.2270417
-1.9304396
-2.2234314
-2.0605229
-1.8605089
-1.6296766
-1.9817196
-1.8221493
-1.6351303
-1.4263008
)
;
        value           nonuniform List<scalar> 
40
(
99999.997
99999.997
99999.996
99999.996
99999.996
99999.996
99999.996
99999.996
99999.994
99999.994
99999.994
99999.994
99999.991
99999.991
99999.991
99999.991
99999.987
99999.986
99999.986
99999.987
99999.987
99999.986
99999.986
99999.987
99999.991
99999.991
99999.991
99999.991
99999.994
99999.994
99999.994
99999.994
99999.996
99999.996
99999.996
99999.996
99999.997
99999.997
99999.996
99999.996
)
;
    }
    topAir_to_leftSolid
    {
        type            fixedFluxPressure;
        gradient        nonuniform List<scalar> 
130
(
-0.00075119779
-0.00078117252
-0.00087416131
-0.0010304072
-0.0012507465
-0.0015352995
-0.0018815896
-0.0022819393
-0.0027201315
-0.0031673966
-0.0035729744
-0.0037002798
0.0011346959
-0.00077041524
-0.00080402912
-0.00090582697
-0.0010776174
-0.0013228949
-0.0016457304
-0.0020490471
-0.0025319266
-0.00308548
-0.0036865592
-0.0042851171
-0.0046748069
-0.00092180144
-0.00080172338
-0.00084050551
-0.00095512061
-0.0011498739
-0.0014325866
-0.0018141335
-0.002307565
-0.00292632
-0.0036805751
-0.004569631
-0.0055624078
-0.0064307013
-0.0024744541
-0.00083337751
-0.00087758711
-0.0010055827
-0.0012244461
-0.0015470222
-0.0019925535
-0.002587647
-0.0033674874
-0.0043768985
-0.0056695498
-0.0072950253
-0.0090898992
-0.0050337381
-0.00085311563
-0.00090078883
-0.0010373509
-0.0012717908
-0.0016205351
-0.0021090925
-0.002775039
-0.0036731731
-0.0048847085
-0.0065340962
-0.0088142986
-0.011811065
-0.0081440453
-0.00085311258
-0.0009007865
-0.0010373504
-0.0012717912
-0.0016205359
-0.0021090941
-0.0027750393
-0.0036731714
-0.0048847067
-0.0065340957
-0.008814301
-0.011811061
-0.0081440456
-0.00083337338
-0.00087758434
-0.001005583
-0.0012244469
-0.0015470234
-0.0019925551
-0.0025876463
-0.0033674868
-0.0043768996
-0.0056695504
-0.0072950244
-0.0090898947
-0.0050337329
-0.00080172198
-0.0008405047
-0.00095512074
-0.0011498746
-0.0014325877
-0.0018141349
-0.0023075644
-0.0029263194
-0.0036805762
-0.004569631
-0.0055624051
-0.0064306942
-0.0024744402
-0.00077041506
-0.00080402919
-0.00090582743
-0.0010776183
-0.001322896
-0.0016457318
-0.0020490466
-0.0025319259
-0.0030854808
-0.0036865586
-0.0042851136
-0.0046747991
-0.00092178877
-0.00075119814
-0.00078117297
-0.00087416201
-0.0010304081
-0.0012507476
-0.0015353009
-0.0018815893
-0.0022819381
-0.002720131
-0.0031673945
-0.0035729694
-0.0037002703
0.0011347061
)
;
        value           uniform 100000.01;
    }
}


// ************************************************************************* //
