/*--------------------------------*- C++ -*----------------------------------*\
| =========                 |                                                 |
| \\      /  F ield         | OpenFOAM: The Open Source CFD Toolbox           |
|  \\    /   O peration     | Version:  2412                                  |
|   \\  /    A nd           | Website:  www.openfoam.com                      |
|    \\/     M anipulation  |                                                 |
\*---------------------------------------------------------------------------*/
FoamFile
{
    version     2.0;
    format      ascii;
    arch        "LSB;label=32;scalar=64";
    class       volScalarField;
    location    "0.4/chip";
    object      T;
}
// * * * * * * * * * * * * * * * * * * * * * * * * * * * * * * * * * * * * * //

dimensions      [0 0 0 1 0 0 0];

internalField   nonuniform List<scalar> 
6620
(
309.172
309.045
309.045
308.921
309.829
309.571
309.571
309.326
308.904
308.966
308.966
308.904
308.966
308.966
309.029
309.029
309.029
309.029
308.966
308.966
308.904
308.966
308.966
308.904
308.921
309.266
309.045
309.045
309.511
309.511
308.921
309.266
309.045
309.045
309.511
309.511
309.172
309.172
309.172
309.768
309.768
309.768
309.768
309.045
309.511
309.511
308.921
309.266
309.045
309.511
309.511
309.266
309.326
309.571
309.571
309.326
309.571
309.571
309.829
309.829
309.829
309.571
309.326
309.571
307.717
307.405
308.659
308.211
308.365
308.504
307.914
308.105
307.612
308.398
308.659
308.211
308.365
308.505
309.773
309.358
309.358
309.521
309.55
309.645
309.645
308.974
308.455
309.226
309.263
308.616
308.865
309.381
307.914
308.105
307.612
308.398
308.974
309.226
308.455
309.262
308.616
309.381
308.865
308.286
308.344
308.344
309.017
307.829
308.638
308.638
308.008
308.795
308.95
308.685
308.199
308.795
308.95
309.954
309.954
310.082
309.18
309.69
309.29
308.686
308.199
309.69
309.18
309.29
308.953
308.953
308.605
307.42
308.105
307.525
308.105
307.525
308.226
308.226
307.634
308.158
308.339
308.158
308.339
308.281
309.179
308.467
308.281
309.179
308.467
308.105
307.525
307.42
308.226
308.226
307.634
308.105
307.525
308.158
308.339
308.281
309.179
308.467
308.158
308.339
309.179
308.281
308.467
309.245
309.245
309.47
309.245
309.245
309.47
309.245
309.245
309.47
309.245
309.245
309.47
308.281
309.179
308.467
308.158
308.339
309.179
308.281
308.467
308.158
308.339
308.105
307.525
308.226
308.226
307.634
307.42
308.105
307.525
309.179
308.281
308.467
309.179
308.281
308.467
308.158
308.339
308.158
308.339
308.226
308.226
307.634
308.105
307.525
308.105
307.525
307.42
307.914
308.105
307.612
308.398
307.914
308.105
307.612
308.398
308.286
308.344
308.344
309.017
307.829
308.638
308.638
307.799
307.972
307.992
308.647
308.477
308.161
307.993
308.647
308.477
308.162
308.435
309.163
308.891
308.892
308.784
308.784
308.54
308.659
308.211
308.365
308.504
308.974
308.455
309.226
309.262
308.616
308.865
309.381
308.974
308.455
309.226
309.262
308.616
308.865
309.381
308.739
308.753
308.583
308.909
308.739
308.753
308.583
308.909
309.121
309.408
309.119
309.629
309.011
309.527
309.229
309.121
309.408
309.119
309.629
309.011
309.527
309.229
307.717
307.405
308.286
308.344
308.344
309.017
307.829
308.638
308.638
307.914
308.105
307.612
308.398
307.992
308.647
308.477
308.161
307.799
307.972
308.435
309.163
308.891
308.892
308.784
308.784
308.54
307.993
308.647
308.477
308.162
308.974
308.455
309.226
309.263
308.616
308.865
309.381
308.659
308.211
308.365
308.504
308.974
309.226
308.455
309.263
308.616
309.381
308.865
308.739
308.753
308.583
308.909
309.121
309.408
309.119
309.629
309.011
309.527
309.229
308.739
308.753
308.583
308.909
309.121
309.408
309.629
309.119
309.527
309.011
309.229
309.773
309.358
309.358
309.521
309.55
309.645
309.645
309.773
309.358
309.358
309.521
309.55
309.645
309.645
309.773
309.358
309.358
309.521
309.55
309.645
309.645
308.659
308.211
308.365
308.505
308.974
309.226
308.455
309.263
308.616
309.381
308.865
308.659
308.211
308.365
308.505
309.121
309.408
309.119
309.629
309.011
309.527
309.229
308.739
308.753
308.583
308.909
309.121
309.408
309.629
309.119
309.527
309.011
309.229
308.739
308.753
308.583
308.909
308.286
308.344
308.344
309.017
307.829
308.638
308.638
307.717
307.405
307.914
308.105
307.612
308.398
307.992
308.647
308.477
308.162
308.435
309.163
308.891
308.891
308.784
308.784
308.54
307.799
307.972
307.992
308.647
308.477
308.162
308.974
309.226
308.455
309.262
308.616
309.381
308.865
308.659
308.211
308.365
308.504
308.659
308.211
308.365
308.504
309.121
309.408
309.629
309.119
309.527
309.011
309.229
309.121
309.408
309.629
309.119
309.527
309.011
309.229
308.739
308.753
308.583
308.909
308.739
308.753
308.583
308.909
307.914
308.105
307.612
308.398
307.914
308.105
307.612
308.398
307.717
307.405
308.435
309.163
308.892
308.891
308.784
308.784
308.54
307.993
308.647
308.477
308.162
307.992
308.647
308.477
308.161
307.799
307.972
308.685
308.199
308.686
308.199
308.953
308.953
308.605
308.795
308.95
309.18
309.69
309.29
309.18
309.69
309.29
308.008
308.953
308.953
308.605
308.686
308.199
309.18
309.69
309.29
308.795
308.95
309.69
309.18
309.29
309.954
309.954
310.082
309.954
309.954
310.082
309.954
309.954
310.082
308.795
308.95
309.69
309.18
309.29
308.795
308.95
308.953
308.953
308.605
308.008
308.686
308.199
309.69
309.18
309.29
308.795
308.95
308.795
308.95
308.686
308.199
308.685
308.199
308.008
309.465
309.266
309.266
309.276
309.362
309.369
309.369
309.073
308.881
309.137
309.148
308.97
308.985
309.24
309.073
309.137
308.881
309.148
308.97
309.24
308.985
308.71
308.761
308.761
309.024
308.606
308.864
308.864
308.662
308.662
308.432
308.721
309.105
308.853
308.721
309.105
308.853
308.662
308.662
308.432
308.721
309.105
308.853
309.105
308.721
308.853
309.169
309.169
309.313
309.169
309.169
309.313
309.169
309.169
309.313
309.169
309.169
309.313
308.721
309.105
308.853
309.105
308.721
308.853
308.662
308.662
308.432
309.105
308.721
308.853
309.105
308.721
308.853
308.662
308.662
308.432
308.71
308.761
308.761
309.024
308.606
308.864
308.864
309.073
308.881
309.137
309.148
309.24
308.97
308.985
309.073
308.881
309.137
309.148
308.97
308.985
309.24
308.71
308.761
308.761
309.024
308.864
308.606
308.864
309.073
308.881
309.137
309.148
309.24
308.97
308.985
309.073
309.137
308.881
309.148
308.97
309.24
308.985
309.465
309.266
309.266
309.276
309.369
309.362
309.369
309.465
309.266
309.266
309.276
309.369
309.362
309.369
309.465
309.266
309.266
309.276
309.362
309.369
309.369
309.073
309.137
308.881
309.148
308.985
308.97
309.24
308.71
308.761
308.761
309.024
308.864
308.606
308.864
309.073
309.137
308.881
309.148
308.985
308.97
309.24
307.183
307.624
307.545
307.545
307.443
307.443
307.369
307.111
307.52
307.2
307.2
306.866
307.327
307.328
308.352
308.572
308.476
308.634
308.377
308.547
308.451
308.195
307.992
308.289
308.321
308.067
308.12
308.398
308.244
308.475
308.14
308.34
308.116
308.269
308.45
308.303
308.582
308.418
308.325
308.227
308.495
308.401
307.832
307.824
307.741
308.097
307.642
308.01
307.928
307.886
307.89
307.97
308.214
307.759
308.017
308.079
307.724
307.724
307.403
307.803
307.598
307.53
307.913
307.992
308.262
308.311
308.222
308.124
308.176
308.09
308.352
308.572
308.634
308.476
308.547
308.377
308.451
308.195
307.992
308.289
308.321
308.067
308.12
308.398
308.244
308.475
308.34
308.14
308.116
308.45
308.269
308.303
308.583
308.418
308.325
308.227
308.495
308.401
309.528
309.327
309.455
309.461
309.424
309.431
309.559
309.528
309.327
309.455
309.461
309.424
309.431
309.559
309.591
309.654
309.519
309.519
309.487
309.622
309.622
308.87
308.68
308.536
308.562
308.766
308.784
308.643
309.131
309.196
309.056
309.329
309.027
309.299
309.16
308.925
308.722
308.589
308.848
308.821
308.696
308.953
307.832
307.825
308.097
307.742
308.01
307.642
307.929
307.886
307.89
307.97
308.214
307.759
308.018
308.08
307.725
307.724
307.803
307.403
307.598
307.913
307.531
307.993
308.262
308.311
308.222
308.125
308.176
308.09
309.131
309.196
309.056
309.329
309.027
309.299
309.16
308.87
308.68
308.536
308.561
308.766
308.784
308.643
308.925
308.722
308.848
308.589
308.821
308.953
308.696
308.52
308.565
308.202
308.45
308.416
308.669
308.309
308.52
308.565
308.202
308.45
308.416
308.669
308.309
308.338
307.938
308.026
308.026
308.234
308.133
308.133
307.749
308.043
307.931
307.931
307.742
308.031
307.866
307.866
307.701
307.891
307.891
308.767
308.979
308.805
308.954
308.733
308.63
308.872
308.813
308.707
308.656
308.89
308.783
308.968
308.782
308.924
308.757
308.808
308.943
308.742
308.824
308.626
308.901
308.297
308.232
308.026
308.414
308.419
308.527
308.552
308.704
308.394
308.552
308.57
308.259
308.221
308.052
308.383
308.233
308.079
308.403
308.375
308.715
308.576
308.581
308.767
308.979
308.954
308.805
308.733
308.631
308.872
308.813
308.707
308.656
308.89
308.783
308.968
308.925
308.782
308.757
308.943
308.808
308.743
308.824
308.626
308.901
310.054
310.118
310.086
310.086
309.929
309.738
309.832
309.832
309.991
309.924
309.894
310.022
309.991
309.924
309.894
310.022
309.392
309.205
309.178
309.42
309.538
309.61
309.449
309.703
309.337
309.042
309.25
309.124
309.596
309.792
309.762
309.625
308.298
308.232
308.414
308.026
308.419
308.527
308.552
308.704
308.394
308.552
308.57
308.259
308.221
308.383
308.052
308.233
308.403
308.079
308.375
308.715
308.576
308.581
309.392
309.205
309.42
309.178
309.538
309.61
309.703
309.449
309.596
309.792
309.762
309.625
309.337
309.042
309.25
309.124
308.807
308.43
308.615
308.615
309.175
309.486
309.328
309.328
308.987
308.93
309.135
308.79
308.987
308.93
309.135
308.79
307.117
307.117
306.772
307.783
307.899
307.587
307.218
307.814
307.507
307.783
307.899
307.587
307.219
307.814
307.508
308.563
308.016
308.336
308.563
308.016
308.336
307.928
307.928
308.244
307.833
308.275
307.944
308.005
308.301
307.969
307.833
308.275
307.944
308.005
308.301
307.969
308.62
308.401
308.75
309.134
308.924
308.881
308.428
308.819
308.777
308.62
308.401
308.75
309.134
308.924
308.881
308.428
308.819
308.777
307.783
307.899
307.587
307.218
307.814
307.507
307.117
307.117
306.772
308.563
308.016
308.336
308.563
308.016
308.336
307.928
307.928
308.244
307.783
307.899
307.587
307.219
307.814
307.508
307.833
308.276
307.944
308.301
308.005
307.969
308.62
308.402
308.75
309.134
308.924
308.881
308.428
308.819
308.777
307.833
308.276
307.944
308.005
308.301
307.969
309.134
308.924
308.881
308.62
308.401
308.75
308.819
308.428
308.777
309.199
309.391
309.344
309.199
309.391
309.344
309.423
309.423
309.375
309.199
309.391
309.344
309.199
309.391
309.344
309.423
309.423
309.375
309.199
309.391
309.344
309.199
309.391
309.344
309.423
309.423
309.375
309.199
309.391
309.344
309.199
309.391
309.344
309.423
309.423
309.375
308.62
308.402
308.75
309.134
308.924
308.881
308.428
308.819
308.777
307.833
308.276
307.944
308.301
308.005
307.969
309.134
308.924
308.881
308.62
308.402
308.75
308.819
308.428
308.777
307.833
308.276
307.944
308.005
308.301
307.969
307.783
307.899
307.587
307.814
307.218
307.508
308.563
308.016
308.336
308.563
308.016
308.336
307.928
307.928
308.244
307.117
307.117
306.772
307.783
307.899
307.587
307.814
307.218
307.508
309.134
308.924
308.881
308.62
308.401
308.75
308.819
308.428
308.777
309.134
308.924
308.881
308.62
308.401
308.75
308.819
308.428
308.777
307.833
308.276
307.944
308.301
308.005
307.969
307.833
308.275
307.944
308.301
308.005
307.969
308.563
308.016
308.336
308.563
308.016
308.336
307.928
307.928
308.244
307.783
307.899
307.587
307.814
307.218
307.508
307.783
307.899
307.587
307.814
307.218
307.507
307.117
307.117
306.772
307.832
307.824
307.741
308.097
307.642
308.01
307.928
307.886
307.89
307.97
308.214
308.017
307.759
308.079
307.724
307.724
307.403
307.803
307.53
307.598
307.913
307.992
308.262
308.311
308.222
308.124
308.176
308.09
307.833
307.825
307.742
308.097
307.643
308.01
307.93
307.886
307.89
307.97
308.215
308.018
307.759
308.08
307.725
307.725
307.403
307.803
307.531
307.598
307.913
307.993
308.262
308.311
308.223
308.125
308.176
308.09
308.52
308.565
308.202
308.45
308.416
308.309
308.669
308.52
308.565
308.202
308.45
308.416
308.309
308.669
308.338
307.938
308.026
308.026
308.234
308.133
308.133
307.556
307.635
307.635
307.868
307.422
307.712
307.712
307.593
307.926
307.827
307.827
307.68
307.776
307.776
308.089
307.829
308.175
308.06
308.014
307.905
308.244
308.313
308.494
308.604
308.51
308.466
308.447
308.361
308.251
308.34
308.309
308.547
308.176
308.409
308.384
308.151
308.118
308.017
308.345
307.968
308.301
308.199
308.091
307.83
308.175
308.061
308.016
307.906
308.244
308.314
308.494
308.604
308.51
308.467
308.447
308.361
308.252
308.34
308.31
308.547
308.177
308.409
308.385
308.153
308.118
308.018
308.346
307.969
308.302
308.2
308.352
308.572
308.476
308.634
308.377
308.547
308.451
308.195
307.992
308.289
308.321
308.12
308.067
308.398
308.244
308.475
308.14
308.34
308.269
308.116
308.45
308.303
308.582
308.418
308.325
308.227
308.495
308.401
308.87
308.68
308.536
308.561
308.643
308.766
308.784
309.131
309.196
309.056
309.329
309.299
309.027
309.16
308.925
308.722
308.589
308.848
308.696
308.821
308.953
308.87
308.68
308.536
308.561
308.766
308.643
308.784
309.131
309.196
309.056
309.329
309.027
309.16
309.299
308.925
308.722
308.589
308.848
308.821
308.696
308.953
308.614
308.563
308.713
308.808
308.539
308.639
308.783
308.627
308.598
308.71
308.832
308.674
308.55
308.789
308.564
308.662
308.413
308.653
308.489
308.488
308.732
308.677
308.866
308.749
308.883
308.725
308.702
308.84
308.614
308.563
308.713
308.808
308.539
308.639
308.783
308.627
308.598
308.71
308.832
308.789
308.55
308.674
308.564
308.662
308.413
308.653
308.489
308.732
308.488
308.677
308.866
308.749
308.883
308.702
308.84
308.725
307.183
307.624
307.545
307.545
307.443
307.443
307.369
307.111
307.52
307.2
307.2
307.327
306.866
307.328
308.52
308.565
308.202
308.45
308.309
308.416
308.669
308.52
308.565
308.202
308.45
308.669
308.416
308.309
308.338
307.938
308.026
308.026
308.133
308.234
308.133
307.833
307.825
307.742
308.097
307.643
308.01
307.93
307.886
307.89
307.97
308.215
307.759
308.08
308.018
307.725
307.725
307.403
307.803
307.598
307.531
307.913
307.993
308.262
308.311
308.223
308.176
308.09
308.125
308.089
307.829
308.175
308.06
308.014
307.905
308.244
308.313
308.494
308.604
308.51
308.361
308.447
308.466
308.251
308.34
308.309
308.547
308.176
308.384
308.409
308.151
308.118
308.017
308.345
308.199
307.968
308.301
307.556
307.635
307.635
307.868
307.422
307.712
307.712
307.593
307.926
307.827
307.827
307.776
307.776
307.68
308.091
307.83
308.175
308.061
308.016
307.906
308.244
308.314
308.494
308.604
308.51
308.467
308.447
308.361
308.252
308.34
308.31
308.547
308.177
308.409
308.385
308.153
308.118
308.018
308.346
307.969
308.302
308.2
308.87
308.68
308.536
308.562
308.643
308.766
308.784
309.131
309.196
309.056
309.329
309.299
309.027
309.16
308.925
308.722
308.589
308.848
308.696
308.821
308.953
308.352
308.572
308.476
308.634
308.377
308.547
308.451
308.195
307.992
308.289
308.321
308.12
308.067
308.398
308.244
308.475
308.14
308.34
308.269
308.116
308.45
308.303
308.583
308.418
308.325
308.227
308.495
308.401
309.131
309.196
309.056
309.329
309.027
309.16
309.299
308.87
308.68
308.536
308.561
308.766
308.643
308.784
308.925
308.722
308.848
308.589
308.821
308.953
308.696
308.614
308.713
308.563
308.808
308.539
308.783
308.639
308.627
308.598
308.71
308.832
308.674
308.55
308.789
308.565
308.662
308.413
308.653
308.489
308.488
308.732
308.677
308.866
308.883
308.749
308.725
308.84
308.702
308.614
308.563
308.713
308.808
308.539
308.639
308.783
308.627
308.598
308.71
308.832
308.789
308.55
308.674
308.564
308.662
308.413
308.653
308.489
308.732
308.488
308.677
308.866
308.749
308.883
308.702
308.84
308.725
309.528
309.327
309.455
309.461
309.559
309.424
309.431
309.528
309.327
309.455
309.461
309.431
309.424
309.559
309.591
309.654
309.519
309.519
309.622
309.487
309.622
309.528
309.327
309.455
309.461
309.559
309.424
309.431
309.528
309.327
309.455
309.461
309.431
309.424
309.559
309.591
309.654
309.519
309.519
309.622
309.487
309.622
309.528
309.327
309.455
309.461
309.424
309.559
309.431
309.528
309.327
309.455
309.461
309.424
309.559
309.431
309.591
309.654
309.519
309.519
309.487
309.622
309.622
308.352
308.572
308.634
308.476
308.547
308.377
308.451
308.195
307.992
308.289
308.321
308.398
308.067
308.12
308.244
308.475
308.34
308.14
308.45
308.116
308.269
308.303
308.583
308.418
308.325
308.495
308.227
308.401
309.131
309.196
309.056
309.329
309.16
309.027
309.299
308.87
308.68
308.536
308.562
308.784
308.766
308.643
308.925
308.722
308.848
308.589
308.953
308.821
308.696
308.352
308.572
308.476
308.634
308.377
308.547
308.451
308.195
307.992
308.289
308.321
308.067
308.398
308.12
308.244
308.475
308.14
308.34
308.116
308.269
308.45
308.303
308.583
308.418
308.325
308.495
308.401
308.227
308.614
308.713
308.563
308.808
308.539
308.783
308.639
308.627
308.598
308.71
308.832
308.55
308.789
308.674
308.565
308.662
308.413
308.653
308.488
308.489
308.732
308.677
308.866
308.883
308.75
308.84
308.702
308.725
308.614
308.563
308.713
308.808
308.539
308.639
308.783
308.627
308.598
308.71
308.832
308.789
308.55
308.674
308.565
308.662
308.413
308.653
308.489
308.732
308.488
308.677
308.866
308.75
308.883
308.702
308.84
308.725
308.52
308.565
308.202
308.45
308.309
308.416
308.669
308.52
308.565
308.202
308.45
308.669
308.416
308.309
308.338
307.938
308.026
308.026
308.133
308.234
308.133
307.183
307.624
307.545
307.545
307.443
307.443
307.369
307.111
307.52
307.2
307.2
307.327
306.866
307.327
307.832
307.825
308.097
307.742
308.01
307.642
307.929
307.886
307.89
307.97
308.214
307.759
308.08
308.018
307.725
307.724
307.803
307.403
307.598
307.913
307.531
307.993
308.262
308.311
308.222
308.176
308.09
308.125
308.09
308.175
307.83
308.06
308.015
308.244
307.906
308.314
308.494
308.604
308.51
308.361
308.447
308.467
308.252
308.34
308.309
308.547
308.177
308.385
308.409
308.152
308.118
308.345
308.018
308.2
308.302
307.969
307.556
307.635
307.635
307.868
307.422
307.712
307.712
307.593
307.926
307.827
307.827
307.776
307.776
307.68
308.09
308.175
307.829
308.06
308.015
308.244
307.905
308.314
308.494
308.604
308.51
308.467
308.447
308.361
308.251
308.34
308.309
308.547
308.176
308.409
308.385
308.152
308.118
308.345
308.018
308.302
307.969
308.2
309.131
309.196
309.056
309.329
309.16
309.027
309.299
308.87
308.68
308.536
308.561
308.784
308.766
308.643
308.925
308.722
308.848
308.589
308.953
308.821
308.696
308.352
308.572
308.634
308.476
308.547
308.377
308.451
308.195
307.992
308.289
308.321
308.398
308.067
308.12
308.244
308.475
308.34
308.14
308.45
308.116
308.269
308.303
308.583
308.418
308.325
308.495
308.227
308.401
308.352
308.572
308.634
308.476
308.547
308.377
308.451
308.195
307.992
308.289
308.321
308.067
308.398
308.12
308.244
308.475
308.34
308.14
308.116
308.45
308.269
308.303
308.583
308.418
308.325
308.495
308.401
308.227
308.614
308.713
308.563
308.808
308.539
308.783
308.639
308.627
308.598
308.71
308.832
308.55
308.789
308.674
308.564
308.662
308.413
308.653
308.488
308.489
308.732
308.677
308.866
308.883
308.749
308.84
308.702
308.725
308.614
308.713
308.563
308.808
308.539
308.783
308.639
308.627
308.598
308.71
308.832
308.789
308.55
308.674
308.564
308.662
308.413
308.653
308.489
308.732
308.488
308.677
308.866
308.883
308.749
308.84
308.702
308.725
307.833
307.825
308.097
307.742
308.01
307.643
307.93
307.886
307.89
307.97
308.215
308.08
307.759
308.018
307.725
307.725
307.803
307.403
307.913
307.598
307.531
307.993
308.262
308.311
308.223
308.176
308.125
308.09
307.832
307.824
308.097
307.741
308.01
307.642
307.928
307.886
307.89
307.97
308.214
308.079
307.759
308.017
307.724
307.724
307.803
307.403
307.913
307.598
307.53
307.992
308.262
308.311
308.222
308.176
308.124
308.09
307.183
307.624
307.545
307.545
307.443
307.443
307.369
307.111
307.52
307.2
307.2
306.866
307.327
307.327
308.091
308.175
307.83
308.061
308.016
308.244
307.906
308.314
308.494
308.604
308.51
308.447
308.467
308.361
308.252
308.34
308.31
308.547
308.385
308.177
308.409
308.153
308.118
308.346
308.018
308.302
307.969
308.2
308.089
308.175
307.829
308.06
308.014
308.244
307.905
308.313
308.494
308.604
308.51
308.447
308.467
308.361
308.251
308.34
308.309
308.547
308.384
308.176
308.409
308.151
308.118
308.345
308.018
308.302
307.968
308.199
307.556
307.635
307.635
307.868
307.422
307.712
307.712
307.593
307.926
307.827
307.827
307.776
307.776
307.68
308.297
308.232
308.026
308.414
308.419
308.527
308.552
308.704
308.552
308.394
308.57
308.259
308.221
308.052
308.383
308.079
308.233
308.403
308.375
308.715
308.576
308.581
308.298
308.232
308.026
308.415
308.419
308.527
308.552
308.704
308.552
308.394
308.57
308.259
308.221
308.053
308.384
308.079
308.234
308.403
308.376
308.715
308.576
308.581
308.807
308.43
308.615
308.615
309.175
309.486
309.328
309.328
308.987
308.93
308.79
309.135
308.987
308.93
308.79
309.135
308.767
308.979
308.805
308.954
308.733
308.63
308.872
308.813
308.656
308.707
308.89
308.783
308.968
308.782
308.924
308.808
308.757
308.943
308.742
308.824
308.626
308.901
309.392
309.205
309.178
309.42
309.538
309.61
309.703
309.449
309.337
309.042
309.124
309.25
309.596
309.792
309.762
309.625
309.392
309.205
309.178
309.42
309.538
309.61
309.449
309.703
309.337
309.042
309.124
309.25
309.596
309.792
309.625
309.762
307.749
308.043
307.931
307.931
307.742
308.031
307.866
307.866
307.891
307.701
307.891
308.807
308.43
308.615
308.615
309.175
309.486
309.328
309.328
308.987
308.93
308.79
309.135
308.987
308.93
309.135
308.79
308.298
308.232
308.026
308.415
308.419
308.527
308.552
308.704
308.394
308.57
308.552
308.259
308.221
308.053
308.384
308.234
308.079
308.403
308.376
308.715
308.581
308.576
309.392
309.205
309.178
309.42
309.538
309.61
309.703
309.449
309.337
309.042
309.124
309.25
309.596
309.792
309.762
309.625
308.767
308.979
308.805
308.954
308.733
308.631
308.872
308.813
308.656
308.707
308.89
308.783
308.968
308.782
308.925
308.808
308.757
308.943
308.742
308.824
308.626
308.901
309.392
309.205
309.42
309.178
309.538
309.61
309.703
309.449
309.596
309.792
309.625
309.762
309.337
309.042
309.124
309.25
310.054
310.118
310.086
310.086
309.929
309.738
309.832
309.832
309.991
309.924
310.022
309.894
309.991
309.924
309.894
310.022
310.054
310.118
310.086
310.086
309.929
309.738
309.832
309.832
309.991
309.924
310.022
309.894
309.991
309.924
309.894
310.022
310.054
310.118
310.086
310.086
309.929
309.738
309.832
309.832
309.991
309.924
310.022
309.894
309.991
309.924
310.022
309.894
308.767
308.979
308.954
308.805
308.733
308.631
308.872
308.813
308.89
308.707
308.656
308.783
308.968
308.925
308.782
308.943
308.757
308.808
308.743
308.824
308.901
308.626
309.392
309.205
309.42
309.178
309.538
309.61
309.449
309.703
309.596
309.792
309.625
309.762
309.337
309.042
309.25
309.124
308.767
308.979
308.805
308.954
308.733
308.631
308.872
308.813
308.707
308.89
308.656
308.783
308.968
308.782
308.925
308.757
308.808
308.943
308.743
308.824
308.901
308.626
308.807
308.43
308.615
308.615
309.175
309.486
309.328
309.328
308.987
308.93
308.79
309.135
308.987
308.93
309.135
308.79
307.749
308.043
307.931
307.931
307.742
308.031
307.866
307.866
307.891
307.701
307.891
308.298
308.232
308.414
308.026
308.419
308.527
308.552
308.704
308.394
308.57
308.552
308.259
308.221
308.383
308.053
308.233
308.403
308.079
308.375
308.715
308.581
308.576
309.392
309.205
309.42
309.178
309.538
309.61
309.449
309.703
309.596
309.792
309.625
309.762
309.337
309.042
309.25
309.124
308.767
308.979
308.954
308.805
308.733
308.631
308.872
308.813
308.89
308.707
308.656
308.783
308.968
308.924
308.782
308.943
308.757
308.808
308.742
308.824
308.901
308.626
308.767
308.979
308.954
308.805
308.733
308.63
308.872
308.813
308.707
308.89
308.656
308.783
308.968
308.924
308.782
308.757
308.943
308.808
308.742
308.824
308.901
308.626
308.298
308.232
308.415
308.026
308.419
308.527
308.552
308.704
308.57
308.394
308.552
308.259
308.221
308.384
308.053
308.403
308.233
308.079
308.376
308.715
308.581
308.576
308.297
308.232
308.414
308.026
308.419
308.527
308.552
308.704
308.57
308.394
308.552
308.259
308.221
308.383
308.052
308.403
308.233
308.079
308.375
308.715
308.581
308.576
307.749
308.043
307.931
307.931
307.742
308.031
307.866
307.866
307.701
307.891
307.891
308.703
308.845
308.833
308.833
308.773
308.773
308.762
308.888
308.907
308.894
309.02
308.834
308.961
308.947
308.888
308.907
308.894
309.02
308.834
308.961
308.947
308.703
308.845
308.833
308.833
308.773
308.773
308.762
308.888
308.907
308.894
309.02
308.834
308.961
308.947
308.888
308.907
309.02
308.894
308.961
308.834
308.947
309.08
308.97
309.084
309.084
309.14
309.025
309.025
309.08
308.97
309.084
309.084
309.025
309.025
309.14
309.08
308.97
309.084
309.084
309.025
309.025
309.14
309.08
308.97
309.084
309.084
309.025
309.025
309.14
308.888
308.907
308.894
309.02
308.947
308.834
308.961
308.888
308.907
309.02
308.894
308.961
308.834
308.947
308.703
308.845
308.833
308.833
308.773
308.773
308.762
308.888
308.907
309.02
308.894
308.947
308.961
308.834
308.888
308.907
309.02
308.894
308.961
308.834
308.947
308.703
308.845
308.833
308.833
308.762
308.773
308.773
307.133
307.355
307.307
307.307
307.201
307.241
307.241
307.857
307.981
308.042
308.044
307.981
307.916
307.922
307.446
307.461
307.411
307.627
307.345
307.564
307.511
307.857
307.981
308.042
308.044
307.981
307.917
307.922
307.447
307.461
307.411
307.627
307.346
307.564
307.512
308.22
308.345
308.165
308.164
308.103
308.284
308.281
308.22
308.345
308.165
308.164
308.103
308.284
308.281
307.782
307.571
307.737
307.737
307.675
307.675
307.844
308.014
308.034
308.095
308.204
308.079
307.969
308.142
308.14
308.277
308.211
308.333
308.205
308.146
308.27
308.014
308.034
308.095
308.204
308.142
307.969
308.079
308.14
308.277
308.211
308.333
308.146
308.27
308.205
308.388
308.4
308.22
308.329
308.34
308.267
308.449
309.037
309.172
309.12
309.104
309.044
309.112
309.096
308.523
308.405
308.461
308.59
308.399
308.53
308.584
308.388
308.4
308.22
308.329
308.267
308.34
308.449
309.037
309.172
309.12
309.104
309.044
309.112
309.096
308.523
308.405
308.461
308.59
308.399
308.53
308.584
307.857
307.981
308.042
308.044
307.922
307.916
307.981
307.446
307.461
307.411
307.627
307.511
307.345
307.564
307.133
307.355
307.307
307.307
307.241
307.241
307.201
308.22
308.345
308.165
308.164
308.284
308.103
308.281
308.22
308.345
308.165
308.164
308.103
308.284
308.281
307.782
307.571
307.737
307.737
307.675
307.675
307.844
307.857
307.981
308.042
308.044
307.981
307.917
307.922
307.447
307.461
307.411
307.627
307.346
307.564
307.512
308.014
308.034
308.096
308.204
308.079
307.969
308.142
308.14
308.277
308.333
308.211
308.205
308.27
308.146
308.388
308.4
308.22
308.329
308.34
308.267
308.449
309.037
309.172
309.12
309.104
309.044
309.112
309.096
308.523
308.405
308.461
308.591
308.399
308.53
308.584
308.014
308.034
308.095
308.204
308.142
307.969
308.079
308.14
308.277
308.211
308.333
308.146
308.27
308.205
309.037
309.172
309.12
309.104
309.044
309.112
309.096
308.388
308.4
308.22
308.329
308.267
308.34
308.449
308.523
308.405
308.591
308.461
308.53
308.399
308.584
309.235
309.237
309.185
309.302
309.294
309.178
309.242
309.235
309.237
309.185
309.302
309.294
309.178
309.242
309.395
309.41
309.462
309.462
309.454
309.402
309.402
309.235
309.237
309.185
309.302
309.178
309.242
309.294
309.235
309.237
309.185
309.302
309.242
309.178
309.294
309.395
309.41
309.462
309.462
309.402
309.402
309.454
309.235
309.237
309.185
309.302
309.178
309.242
309.294
309.235
309.237
309.185
309.302
309.242
309.178
309.294
309.395
309.41
309.462
309.462
309.402
309.402
309.454
309.235
309.237
309.185
309.302
309.242
309.178
309.294
309.235
309.237
309.185
309.302
309.242
309.178
309.294
309.395
309.41
309.462
309.462
309.402
309.402
309.454
308.388
308.4
308.22
308.329
308.449
308.34
308.267
309.037
309.172
309.12
309.104
309.096
309.112
309.044
308.523
308.405
308.461
308.591
308.584
308.399
308.53
308.014
308.034
308.096
308.204
307.969
308.142
308.079
308.14
308.277
308.333
308.211
308.27
308.146
308.205
309.037
309.172
309.12
309.104
309.112
309.044
309.096
308.388
308.4
308.22
308.329
308.267
308.34
308.449
308.523
308.405
308.591
308.461
308.53
308.399
308.584
308.014
308.034
308.096
308.204
308.142
307.969
308.079
308.14
308.277
308.211
308.333
308.146
308.27
308.205
307.857
307.981
308.042
308.044
307.922
307.917
307.981
307.446
307.461
307.627
307.411
307.511
307.564
307.345
308.22
308.345
308.165
308.164
308.284
308.103
308.281
308.22
308.345
308.165
308.164
308.103
308.284
308.281
307.782
307.571
307.737
307.737
307.675
307.675
307.844
307.133
307.355
307.307
307.307
307.241
307.241
307.201
307.857
307.981
308.042
308.044
307.981
307.917
307.922
307.446
307.461
307.627
307.411
307.564
307.346
307.511
309.037
309.172
309.12
309.104
309.096
309.112
309.044
308.388
308.4
308.22
308.329
308.449
308.34
308.267
308.523
308.405
308.59
308.461
308.584
308.53
308.399
309.037
309.172
309.12
309.104
309.112
309.044
309.096
308.388
308.4
308.22
308.329
308.267
308.34
308.449
308.523
308.405
308.59
308.461
308.53
308.399
308.584
308.014
308.034
308.095
308.204
307.969
308.142
308.079
308.14
308.277
308.333
308.211
308.27
308.146
308.205
308.014
308.034
308.095
308.204
308.142
307.969
308.079
308.14
308.277
308.333
308.211
308.27
308.146
308.205
308.22
308.345
308.165
308.164
308.281
308.284
308.103
308.22
308.345
308.165
308.164
308.281
308.284
308.103
307.782
307.571
307.737
307.737
307.844
307.675
307.675
307.857
307.981
308.042
308.044
307.917
307.981
307.922
307.447
307.461
307.627
307.411
307.564
307.346
307.512
307.857
307.981
308.042
308.044
307.916
307.981
307.922
307.446
307.461
307.627
307.411
307.564
307.345
307.511
307.133
307.355
307.307
307.307
307.241
307.241
307.201
308.623
308.752
308.602
308.594
308.693
308.682
308.534
308.623
308.752
308.602
308.594
308.693
308.682
308.534
308.545
308.372
308.517
308.517
308.605
308.458
308.458
308.805
308.812
308.662
308.773
308.753
308.865
308.713
308.933
309.066
309.045
309.03
309.007
308.993
308.971
308.85
308.793
308.817
308.946
308.909
308.757
308.887
308.805
308.812
308.662
308.773
308.753
308.865
308.713
308.933
309.066
309.045
309.03
309.007
308.993
308.971
308.85
308.793
308.817
308.946
308.909
308.757
308.887
308.623
308.752
308.602
308.594
308.693
308.682
308.534
308.623
308.752
308.602
308.594
308.693
308.682
308.534
308.545
308.372
308.517
308.517
308.605
308.458
308.458
308.805
308.812
308.662
308.773
308.753
308.865
308.713
308.933
309.066
309.045
309.03
309.007
308.993
308.971
308.85
308.793
308.817
308.946
308.909
308.757
308.887
308.933
309.066
309.045
309.03
309.007
308.993
308.971
308.805
308.812
308.662
308.773
308.753
308.865
308.713
308.85
308.793
308.946
308.817
308.909
308.887
308.757
309.127
309.131
309.225
309.11
309.187
309.071
309.166
309.127
309.131
309.225
309.11
309.187
309.071
309.166
309.175
309.254
309.274
309.274
309.234
309.214
309.214
309.127
309.131
309.11
309.225
309.071
309.187
309.166
309.127
309.131
309.11
309.225
309.071
309.187
309.166
309.175
309.254
309.274
309.274
309.234
309.214
309.214
309.127
309.131
309.11
309.225
309.071
309.187
309.166
309.127
309.131
309.11
309.225
309.071
309.187
309.166
309.175
309.254
309.274
309.274
309.234
309.214
309.214
309.127
309.131
309.11
309.225
309.071
309.187
309.166
309.127
309.131
309.11
309.225
309.071
309.187
309.166
309.175
309.254
309.274
309.274
309.234
309.214
309.214
308.805
308.812
308.773
308.662
308.865
308.753
308.713
308.933
309.066
309.03
309.045
308.993
309.007
308.971
308.85
308.793
308.817
308.946
308.909
308.757
308.887
308.933
309.066
309.045
309.03
309.007
308.993
308.971
308.805
308.812
308.662
308.773
308.753
308.865
308.713
308.85
308.793
308.946
308.817
308.909
308.887
308.757
308.623
308.752
308.602
308.594
308.693
308.682
308.534
308.623
308.752
308.602
308.594
308.693
308.682
308.534
308.545
308.372
308.517
308.517
308.605
308.458
308.458
308.933
309.066
309.03
309.045
308.993
309.007
308.971
308.805
308.812
308.773
308.662
308.865
308.753
308.713
308.85
308.793
308.946
308.817
308.909
308.887
308.757
308.933
309.066
309.045
309.03
309.007
308.993
308.971
308.805
308.812
308.662
308.773
308.753
308.865
308.713
308.85
308.793
308.946
308.817
308.909
308.887
308.757
308.623
308.752
308.594
308.602
308.682
308.693
308.534
308.623
308.752
308.594
308.602
308.682
308.693
308.534
308.545
308.372
308.517
308.517
308.605
308.458
308.458
307.378
307.262
307.262
307.249
307.323
307.322
307.323
307.431
307.311
307.431
307.431
307.378
307.378
307.48
307.203
307.035
307.2
307.2
307.265
307.132
307.132
307.139
306.953
306.988
306.988
307.063
307.063
307.072
307.828
307.784
307.784
307.753
307.822
307.787
307.787
307.895
307.848
307.963
307.934
307.891
307.852
307.969
307.895
307.848
307.963
307.934
307.891
307.852
307.969
307.806
307.732
307.778
307.778
307.815
307.769
307.769
307.792
307.718
307.74
307.74
307.756
307.756
307.776
308.831
308.786
308.809
308.771
308.826
308.79
308.814
308.845
308.798
308.846
308.808
308.84
308.802
308.85
308.757
308.71
308.781
308.746
308.787
308.753
308.714
308.716
308.673
308.669
308.63
308.71
308.676
308.674
308.256
308.21
308.33
308.3
308.252
308.214
308.336
308.159
308.122
308.069
308.03
308.153
308.124
308.072
308.491
308.451
308.419
308.38
308.422
308.485
308.454
308.562
308.515
308.612
308.579
308.558
308.52
308.618
308.831
308.809
308.786
308.771
308.826
308.814
308.79
308.845
308.798
308.846
308.808
308.84
308.802
308.85
308.757
308.71
308.781
308.746
308.787
308.753
308.714
308.716
308.673
308.67
308.631
308.711
308.676
308.674
308.256
308.33
308.21
308.3
308.253
308.336
308.214
308.159
308.122
308.069
308.03
308.153
308.125
308.072
308.491
308.451
308.419
308.38
308.422
308.485
308.454
308.562
308.515
308.612
308.579
308.558
308.52
308.618
307.021
307.189
307.015
307.04
307.09
306.939
307.121
307.021
307.189
307.015
307.04
307.09
306.939
307.121
306.93
306.668
306.912
306.912
307.002
306.832
306.832
307.734
307.859
307.706
307.724
307.649
307.792
307.801
307.79
307.976
307.836
307.78
307.716
307.913
307.855
307.668
307.511
307.66
307.662
307.583
307.595
307.735
307.326
307.293
307.143
307.32
307.225
307.243
307.393
307.543
307.723
307.752
307.697
307.633
307.66
307.608
307.424
307.431
307.417
307.581
307.342
307.514
307.492
307.734
307.86
307.706
307.725
307.649
307.792
307.801
307.79
307.976
307.837
307.781
307.716
307.913
307.855
307.668
307.512
307.66
307.662
307.584
307.595
307.736
307.326
307.293
307.144
307.32
307.225
307.244
307.393
307.543
307.723
307.752
307.698
307.633
307.66
307.608
307.425
307.432
307.418
307.581
307.343
307.514
307.492
308.331
308.457
308.503
308.496
308.436
308.397
308.392
308.149
308.094
307.954
308.128
308.033
308.068
308.209
308.257
308.276
308.421
308.235
308.361
308.175
308.317
308.332
308.457
308.503
308.496
308.436
308.397
308.392
308.149
308.094
307.955
308.129
308.033
308.068
308.209
308.257
308.276
308.421
308.235
308.361
308.175
308.317
307.883
307.835
307.867
308.039
307.774
307.978
307.944
307.883
307.836
307.867
308.039
307.774
307.979
307.944
307.987
308.184
308.144
308.145
308.084
308.084
308.048
307.887
307.911
307.877
307.756
307.8
307.955
307.843
308.052
308.243
308.148
308.213
308.117
308.083
308.18
307.924
307.867
307.913
308.023
307.837
307.992
307.955
308.01
308.085
307.999
307.928
308.078
307.922
308.016
308.127
308.32
308.174
308.238
308.192
308.109
308.258
307.998
307.892
307.987
308.048
308.066
307.91
307.98
307.887
307.911
307.756
307.877
307.8
307.843
307.955
308.052
308.243
308.213
308.148
308.083
308.18
308.117
307.924
307.867
307.913
308.023
307.837
307.955
307.992
308.01
308.085
307.928
307.999
308.016
307.922
308.078
308.127
308.32
308.238
308.174
308.109
308.258
308.192
307.998
307.892
307.987
308.048
307.91
307.98
308.066
308.502
308.513
308.561
308.671
308.611
308.453
308.563
308.429
308.369
308.34
308.524
308.307
308.463
308.49
308.545
308.69
308.714
308.64
308.654
308.579
308.605
309.022
309.157
309.075
309.059
309
309.097
309.081
308.952
309.019
308.864
308.917
308.857
308.959
309.011
308.937
308.821
308.975
308.902
308.916
308.843
308.997
308.51
308.448
308.366
308.55
308.386
308.49
308.571
308.641
308.708
308.759
308.812
308.752
308.647
308.701
308.627
308.717
308.667
308.798
308.607
308.738
308.687
308.502
308.513
308.561
308.671
308.611
308.453
308.563
308.429
308.369
308.34
308.524
308.307
308.463
308.49
308.545
308.69
308.714
308.64
308.654
308.579
308.605
309.022
309.157
309.075
309.059
309
309.097
309.081
308.952
309.019
308.864
308.917
308.959
308.857
309.011
308.937
308.821
308.975
308.902
308.916
308.843
308.997
308.51
308.448
308.366
308.55
308.386
308.49
308.571
308.641
308.708
308.759
308.812
308.647
308.752
308.701
308.627
308.717
308.667
308.798
308.607
308.738
308.687
307.734
307.859
307.724
307.706
307.649
307.801
307.792
307.79
307.976
307.78
307.836
307.855
307.716
307.913
307.668
307.511
307.66
307.662
307.583
307.735
307.595
307.326
307.293
307.32
307.143
307.393
307.243
307.225
307.543
307.723
307.697
307.752
307.608
307.633
307.66
307.424
307.431
307.417
307.581
307.492
307.342
307.514
307.021
307.189
307.04
307.015
307.121
306.939
307.09
307.021
307.189
307.04
307.015
306.939
307.121
307.09
306.93
306.668
306.912
306.912
306.832
306.832
307.002
308.332
308.457
308.503
308.496
308.436
308.397
308.392
308.149
308.094
307.954
308.128
308.033
308.068
308.209
308.257
308.276
308.421
308.235
308.361
308.175
308.317
308.332
308.457
308.503
308.496
308.436
308.397
308.392
308.149
308.094
307.955
308.129
308.068
308.033
308.209
308.257
308.276
308.421
308.235
308.361
308.175
308.317
307.883
307.835
307.867
308.039
307.774
307.978
307.944
307.883
307.836
307.867
308.039
307.979
307.774
307.944
307.987
308.184
308.144
308.145
308.084
308.084
308.048
307.734
307.86
307.706
307.725
307.649
307.792
307.801
307.79
307.976
307.837
307.781
307.913
307.716
307.855
307.668
307.512
307.66
307.662
307.584
307.595
307.736
307.326
307.293
307.144
307.32
307.225
307.244
307.393
307.543
307.723
307.752
307.698
307.661
307.633
307.608
307.425
307.432
307.418
307.581
307.343
307.514
307.492
307.887
307.911
307.877
307.756
307.8
307.955
307.843
308.052
308.243
308.148
308.213
308.117
308.083
308.18
307.924
307.867
307.914
308.023
307.837
307.992
307.955
308.127
308.321
308.174
308.238
308.192
308.109
308.258
308.01
308.085
307.999
307.928
308.079
307.922
308.017
307.998
307.892
308.048
307.987
308.066
307.98
307.91
308.502
308.513
308.561
308.671
308.611
308.453
308.563
308.429
308.369
308.34
308.524
308.307
308.463
308.49
308.545
308.69
308.714
308.64
308.654
308.579
308.605
309.022
309.157
309.075
309.059
309
309.097
309.081
308.952
309.019
308.864
308.917
308.857
308.959
309.011
308.937
308.821
308.975
308.902
308.916
308.843
308.997
308.51
308.448
308.366
308.551
308.386
308.49
308.571
308.641
308.708
308.759
308.812
308.752
308.647
308.701
308.627
308.717
308.667
308.798
308.607
308.738
308.687
307.887
307.911
307.756
307.877
307.8
307.843
307.955
308.052
308.243
308.213
308.148
308.083
308.18
308.117
307.924
307.867
307.913
308.023
307.837
307.955
307.992
308.01
308.085
307.928
307.999
308.017
307.922
308.079
308.127
308.321
308.238
308.174
308.109
308.258
308.192
307.998
307.892
307.987
308.048
307.91
307.98
308.066
309.022
309.157
309.075
309.059
309
309.097
309.081
308.952
309.019
308.864
308.917
308.959
308.857
309.011
308.937
308.821
308.975
308.902
308.916
308.843
308.997
308.502
308.513
308.561
308.671
308.611
308.453
308.563
308.429
308.369
308.34
308.524
308.307
308.463
308.49
308.545
308.69
308.714
308.64
308.654
308.579
308.605
308.641
308.708
308.759
308.812
308.647
308.752
308.701
308.51
308.448
308.366
308.55
308.386
308.49
308.571
308.627
308.717
308.798
308.667
308.738
308.607
308.687
309.219
309.222
309.256
309.14
309.197
309.279
309.163
309.283
309.351
309.383
309.331
309.343
309.324
309.291
309.268
309.285
309.304
309.368
309.245
309.328
309.308
309.219
309.222
309.256
309.14
309.197
309.279
309.163
309.283
309.351
309.383
309.331
309.343
309.324
309.291
309.268
309.285
309.304
309.368
309.245
309.328
309.308
309.379
309.446
309.415
309.363
309.438
309.355
309.387
309.379
309.446
309.415
309.363
309.438
309.355
309.387
309.363
309.316
309.399
309.399
309.423
309.339
309.339
309.219
309.222
309.14
309.256
309.197
309.163
309.279
309.283
309.351
309.331
309.383
309.291
309.324
309.343
309.268
309.285
309.304
309.368
309.245
309.308
309.328
309.219
309.222
309.14
309.256
309.197
309.163
309.279
309.283
309.351
309.331
309.383
309.324
309.291
309.343
309.268
309.285
309.304
309.368
309.245
309.308
309.328
309.379
309.446
309.363
309.415
309.387
309.355
309.438
309.379
309.446
309.363
309.415
309.355
309.387
309.438
309.363
309.316
309.399
309.399
309.339
309.339
309.423
309.219
309.222
309.14
309.256
309.197
309.163
309.279
309.283
309.351
309.331
309.383
309.291
309.324
309.343
309.268
309.285
309.304
309.368
309.245
309.308
309.328
309.219
309.222
309.14
309.256
309.197
309.163
309.279
309.283
309.351
309.331
309.383
309.324
309.291
309.343
309.268
309.285
309.304
309.368
309.245
309.308
309.328
309.379
309.446
309.363
309.415
309.387
309.355
309.438
309.379
309.446
309.363
309.415
309.355
309.387
309.438
309.363
309.316
309.399
309.399
309.339
309.339
309.423
309.219
309.222
309.14
309.256
309.197
309.163
309.279
309.283
309.351
309.331
309.383
309.291
309.324
309.343
309.268
309.285
309.304
309.368
309.245
309.308
309.328
309.219
309.222
309.14
309.256
309.197
309.163
309.279
309.283
309.351
309.331
309.383
309.291
309.324
309.343
309.268
309.285
309.304
309.368
309.245
309.308
309.328
309.379
309.446
309.363
309.415
309.387
309.355
309.438
309.379
309.446
309.363
309.415
309.387
309.355
309.438
309.363
309.316
309.399
309.399
309.339
309.339
309.423
308.502
308.513
308.671
308.561
308.611
308.563
308.453
308.429
308.369
308.524
308.34
308.49
308.463
308.307
308.545
308.69
308.714
308.64
308.654
308.605
308.579
309.022
309.157
309.059
309.075
309
309.081
309.097
308.952
309.019
308.917
308.864
309.011
308.857
308.959
308.937
308.821
308.975
308.902
308.916
308.997
308.843
308.51
308.448
308.551
308.366
308.571
308.49
308.386
308.641
308.708
308.812
308.759
308.701
308.752
308.647
308.627
308.717
308.667
308.798
308.687
308.607
308.738
307.887
307.911
307.756
307.877
307.8
307.843
307.955
308.052
308.243
308.213
308.148
308.18
308.083
308.117
307.924
307.867
307.914
308.023
307.837
307.955
307.992
308.127
308.321
308.238
308.174
308.258
308.109
308.192
308.01
308.085
307.928
307.999
307.922
308.017
308.079
307.998
307.892
308.048
307.987
307.98
307.91
308.066
309.022
309.157
309.075
309.059
309
309.097
309.081
308.952
309.019
308.864
308.917
308.959
308.857
309.011
308.937
308.821
308.975
308.902
308.916
308.843
308.997
308.502
308.513
308.561
308.671
308.611
308.453
308.563
308.429
308.369
308.34
308.524
308.463
308.307
308.49
308.545
308.69
308.714
308.64
308.654
308.579
308.605
308.641
308.708
308.759
308.812
308.647
308.752
308.701
308.51
308.448
308.366
308.551
308.49
308.386
308.571
308.627
308.717
308.798
308.667
308.738
308.607
308.687
307.887
307.911
307.756
307.877
307.8
307.843
307.955
308.052
308.243
308.213
308.148
308.18
308.083
308.117
307.924
307.867
307.914
308.023
307.837
307.955
307.992
308.01
308.085
307.928
307.999
308.017
307.922
308.079
308.127
308.321
308.238
308.174
308.258
308.109
308.192
307.998
307.892
307.987
308.048
307.91
307.98
308.066
307.734
307.86
307.724
307.706
307.649
307.801
307.792
307.79
307.976
307.78
307.836
307.855
307.716
307.913
307.668
307.511
307.66
307.662
307.584
307.735
307.595
307.543
307.723
307.697
307.752
307.608
307.633
307.66
307.326
307.293
307.32
307.143
307.393
307.244
307.225
307.424
307.431
307.581
307.418
307.492
307.514
307.342
308.332
308.457
308.503
308.496
308.436
308.397
308.392
308.149
308.094
307.955
308.129
308.033
308.068
308.209
308.257
308.276
308.421
308.235
308.361
308.175
308.317
308.332
308.457
308.503
308.496
308.436
308.397
308.392
308.149
308.094
307.955
308.129
308.068
308.033
308.209
308.257
308.276
308.421
308.235
308.361
308.175
308.317
307.883
307.836
307.867
308.039
307.774
307.978
307.944
307.883
307.836
307.867
308.039
307.978
307.774
307.944
307.987
308.184
308.144
308.144
308.084
308.084
308.048
307.021
307.189
307.04
307.015
307.121
306.939
307.09
307.021
307.189
307.04
307.015
306.939
307.121
307.09
306.93
306.668
306.912
306.912
306.832
306.832
307.002
307.734
307.86
307.706
307.725
307.649
307.792
307.801
307.79
307.976
307.836
307.78
307.913
307.716
307.855
307.668
307.511
307.66
307.662
307.584
307.595
307.735
307.543
307.723
307.752
307.697
307.66
307.633
307.608
307.326
307.293
307.143
307.32
307.225
307.244
307.393
307.425
307.431
307.581
307.418
307.514
307.343
307.492
309.022
309.157
309.059
309.075
309
309.081
309.097
308.952
309.019
308.917
308.864
309.011
308.857
308.959
308.937
308.821
308.975
308.902
308.916
308.997
308.843
308.502
308.513
308.671
308.561
308.611
308.563
308.453
308.429
308.369
308.524
308.34
308.49
308.463
308.307
308.545
308.69
308.714
308.64
308.654
308.605
308.579
308.641
308.708
308.812
308.759
308.701
308.752
308.647
308.51
308.448
308.55
308.366
308.571
308.49
308.386
308.627
308.717
308.798
308.667
308.687
308.738
308.607
309.022
309.157
309.075
309.059
309
309.097
309.081
308.952
309.019
308.864
308.917
308.959
308.857
309.011
308.937
308.821
308.975
308.902
308.916
308.843
308.997
308.502
308.513
308.561
308.671
308.611
308.453
308.563
308.429
308.369
308.34
308.524
308.463
308.307
308.49
308.545
308.69
308.714
308.64
308.654
308.579
308.605
308.641
308.708
308.759
308.812
308.647
308.752
308.701
308.51
308.448
308.366
308.55
308.49
308.386
308.571
308.627
308.717
308.798
308.667
308.738
308.607
308.687
307.887
307.911
307.756
307.877
307.8
307.843
307.955
308.052
308.243
308.213
308.148
308.18
308.083
308.117
307.924
307.867
307.913
308.023
307.837
307.955
307.992
308.127
308.32
308.238
308.174
308.258
308.109
308.192
308.01
308.085
307.928
307.999
307.922
308.017
308.079
307.998
307.892
308.048
307.987
307.98
307.91
308.066
307.887
307.911
307.756
307.877
307.8
307.843
307.955
308.052
308.243
308.213
308.148
308.18
308.083
308.117
307.924
307.867
307.913
308.023
307.837
307.955
307.992
308.127
308.32
308.238
308.174
308.258
308.109
308.192
308.01
308.085
307.928
307.999
308.017
307.922
308.078
307.998
307.892
308.048
307.987
307.98
307.91
308.066
308.332
308.457
308.496
308.503
308.436
308.392
308.397
308.149
308.094
308.129
307.955
308.209
308.068
308.033
308.257
308.276
308.421
308.235
308.361
308.317
308.175
308.332
308.457
308.496
308.503
308.436
308.392
308.397
308.149
308.094
308.128
307.954
308.209
308.068
308.033
308.257
308.276
308.421
308.235
308.361
308.317
308.175
307.883
307.836
308.039
307.867
307.944
307.979
307.774
307.883
307.836
308.039
307.867
307.944
307.978
307.774
307.987
308.184
308.145
308.144
308.048
308.084
308.084
307.734
307.86
307.706
307.725
307.649
307.792
307.801
307.79
307.976
307.837
307.781
307.913
307.716
307.855
307.668
307.512
307.66
307.662
307.584
307.595
307.736
307.543
307.723
307.752
307.698
307.66
307.633
307.608
307.326
307.293
307.144
307.32
307.244
307.225
307.393
307.425
307.432
307.581
307.418
307.514
307.343
307.492
307.734
307.859
307.706
307.724
307.649
307.792
307.801
307.79
307.976
307.836
307.78
307.913
307.716
307.855
307.668
307.511
307.66
307.662
307.583
307.595
307.735
307.543
307.723
307.752
307.697
307.66
307.633
307.608
307.326
307.293
307.143
307.32
307.243
307.225
307.393
307.424
307.431
307.581
307.417
307.514
307.342
307.492
307.021
307.189
307.04
307.015
307.121
306.939
307.09
307.021
307.189
307.04
307.015
307.121
306.939
307.09
306.93
306.668
306.912
306.912
306.832
306.832
307.002
307.608
307.516
307.604
307.604
307.565
307.565
307.644
307.568
307.471
307.479
307.479
307.526
307.524
307.524
307.707
307.626
307.638
307.638
307.677
307.669
307.669
307.733
307.655
307.72
307.72
307.756
307.696
307.696
307.378
307.262
307.262
307.249
307.323
307.323
307.323
307.431
307.311
307.431
307.431
307.378
307.378
307.48
307.203
307.2
307.035
307.2
307.265
307.132
307.132
307.139
306.953
306.988
306.988
307.072
307.063
307.063
307.608
307.516
307.604
307.604
307.565
307.565
307.644
307.568
307.471
307.479
307.479
307.526
307.524
307.524
307.707
307.638
307.638
307.626
307.677
307.669
307.669
307.733
307.655
307.72
307.72
307.696
307.696
307.756
307.378
307.262
307.262
307.249
307.323
307.323
307.323
307.431
307.311
307.431
307.431
307.378
307.378
307.48
307.203
307.2
307.035
307.2
307.265
307.132
307.132
307.139
306.953
306.988
306.988
307.072
307.063
307.063
307.608
307.516
307.604
307.604
307.565
307.565
307.644
307.568
307.471
307.479
307.479
307.526
307.524
307.524
307.707
307.638
307.638
307.626
307.677
307.669
307.669
307.733
307.655
307.72
307.72
307.696
307.696
307.756
307.378
307.262
307.262
307.249
307.323
307.323
307.323
307.431
307.311
307.431
307.431
307.378
307.378
307.48
307.203
307.035
307.2
307.2
307.265
307.132
307.132
307.139
306.953
306.988
306.988
307.072
307.063
307.063
307.608
307.516
307.604
307.604
307.565
307.565
307.644
307.568
307.471
307.479
307.479
307.526
307.524
307.524
307.707
307.638
307.638
307.626
307.677
307.669
307.669
307.733
307.655
307.72
307.72
307.696
307.696
307.756
308.256
308.21
308.33
308.3
308.252
308.214
308.336
308.159
308.122
308.069
308.03
308.072
308.153
308.124
308.491
308.451
308.419
308.38
308.422
308.485
308.454
308.562
308.515
308.612
308.579
308.618
308.558
308.52
308.256
308.21
308.33
308.301
308.253
308.215
308.336
308.159
308.122
308.069
308.03
308.072
308.153
308.125
308.491
308.451
308.419
308.38
308.423
308.486
308.454
308.562
308.515
308.612
308.579
308.618
308.558
308.52
308.831
308.786
308.809
308.771
308.826
308.79
308.814
308.845
308.798
308.846
308.808
308.85
308.84
308.802
308.757
308.71
308.781
308.746
308.787
308.753
308.714
308.716
308.673
308.669
308.63
308.674
308.71
308.676
307.828
307.784
307.784
307.753
307.822
307.787
307.787
307.895
307.848
307.963
307.934
307.969
307.891
307.852
307.895
307.848
307.963
307.934
307.891
307.852
307.969
307.806
307.778
307.732
307.778
307.815
307.769
307.769
307.792
307.718
307.74
307.74
307.776
307.756
307.756
308.256
308.21
308.33
308.301
308.253
308.215
308.336
308.159
308.122
308.069
308.03
308.072
308.153
308.125
308.491
308.419
308.38
308.451
308.423
308.486
308.454
308.562
308.515
308.612
308.579
308.558
308.52
308.618
308.831
308.786
308.809
308.771
308.826
308.79
308.814
308.845
308.798
308.846
308.808
308.85
308.84
308.802
308.757
308.71
308.781
308.746
308.787
308.753
308.714
308.716
308.673
308.669
308.631
308.674
308.71
308.676
308.831
308.809
308.786
308.771
308.826
308.814
308.79
308.845
308.798
308.846
308.808
308.84
308.802
308.851
308.757
308.781
308.71
308.746
308.787
308.753
308.714
308.716
308.673
308.67
308.631
308.674
308.711
308.676
308.831
308.786
308.809
308.771
308.826
308.79
308.814
308.845
308.798
308.846
308.808
308.851
308.84
308.802
308.757
308.781
308.746
308.71
308.787
308.753
308.714
308.716
308.673
308.67
308.631
308.711
308.676
308.674
307.828
307.784
307.784
307.753
307.822
307.787
307.787
307.895
307.848
307.963
307.934
307.969
307.891
307.852
307.895
307.848
307.963
307.934
307.891
307.852
307.969
307.806
307.778
307.732
307.778
307.815
307.769
307.769
307.792
307.718
307.74
307.74
307.776
307.756
307.756
308.256
308.33
308.21
308.3
308.253
308.336
308.214
308.159
308.122
308.069
308.03
308.072
308.153
308.125
308.491
308.419
308.38
308.451
308.422
308.485
308.454
308.562
308.515
308.612
308.579
308.558
308.52
308.618
308.831
308.809
308.786
308.771
308.826
308.814
308.79
308.845
308.798
308.846
308.808
308.84
308.802
308.85
308.757
308.781
308.71
308.746
308.787
308.753
308.714
308.716
308.673
308.669
308.631
308.674
308.71
308.676
308.831
308.809
308.786
308.771
308.826
308.814
308.79
308.845
308.798
308.846
308.808
308.85
308.84
308.802
308.757
308.781
308.746
308.71
308.787
308.753
308.714
308.716
308.673
308.669
308.631
308.71
308.676
308.674
308.256
308.33
308.21
308.301
308.253
308.336
308.215
308.159
308.122
308.069
308.03
308.153
308.125
308.072
308.491
308.419
308.451
308.38
308.423
308.485
308.454
308.562
308.515
308.612
308.579
308.618
308.558
308.52
308.256
308.33
308.21
308.3
308.252
308.336
308.214
308.159
308.122
308.069
308.03
308.153
308.124
308.072
308.491
308.419
308.451
308.38
308.422
308.485
308.454
308.562
308.515
308.612
308.579
308.618
308.558
308.52
307.828
307.784
307.784
307.753
307.822
307.787
307.787
307.895
307.848
307.963
307.934
307.969
307.891
307.852
307.895
307.848
307.963
307.934
307.969
307.891
307.852
307.806
307.732
307.778
307.778
307.815
307.769
307.769
307.792
307.718
307.74
307.74
307.776
307.756
307.756
309.918
309.666
309.893
309.893
309.791
309.791
310.021
309.918
309.666
309.893
309.893
309.791
309.791
310.021
309.918
309.666
309.893
309.893
309.791
309.791
310.021
309.918
309.666
309.893
309.893
309.791
309.791
310.021
)
;

boundaryField
{
    chip
    {
        type            zeroGradient;
    }
    chip_to_dbc_cu_top
    {
        type            compressible::turbulentTemperatureRadCoupledMixed;
        refValue        nonuniform List<scalar> 
1600
(
306.394
306.538
306.465
306.465
306.576
306.597
306.524
306.65
306.576
306.597
306.524
306.65
306.394
306.538
306.465
306.465
306.576
306.597
306.524
306.65
306.576
306.597
306.65
306.524
306.766
306.658
306.712
306.712
306.766
306.658
306.712
306.712
306.766
306.658
306.712
306.712
306.766
306.658
306.712
306.712
306.576
306.597
306.524
306.65
306.576
306.597
306.65
306.524
306.394
306.538
306.465
306.465
306.576
306.597
306.65
306.524
306.576
306.597
306.65
306.524
306.394
306.538
306.465
306.465
304.523
304.86
304.686
304.686
305.35
305.613
305.553
305.406
304.924
304.988
304.809
305.11
305.35
305.613
305.553
305.406
304.924
304.988
304.809
305.11
305.859
305.773
305.712
305.923
305.859
305.773
305.712
305.923
305.385
305.126
305.252
305.252
305.495
305.661
305.454
305.705
305.613
305.833
305.619
305.827
305.495
305.661
305.705
305.454
305.613
305.833
305.619
305.827
306.022
305.825
305.976
305.869
306.721
306.805
306.729
306.798
306.152
306.001
305.995
306.158
306.022
305.825
305.869
305.976
306.721
306.805
306.729
306.798
306.152
306.001
305.995
306.158
305.35
305.613
305.406
305.553
304.924
304.988
304.809
305.11
304.523
304.86
304.686
304.686
305.859
305.773
305.923
305.712
305.859
305.773
305.712
305.923
305.385
305.126
305.252
305.252
305.35
305.613
305.553
305.406
304.924
304.988
304.809
305.11
305.495
305.661
305.454
305.705
305.613
305.833
305.827
305.619
306.022
305.825
305.976
305.869
306.721
306.805
306.729
306.798
306.152
306.001
305.995
306.158
305.495
305.661
305.705
305.454
305.613
305.833
305.619
305.827
306.721
306.805
306.729
306.798
306.022
305.825
305.869
305.976
306.152
306.001
306.158
305.995
306.917
306.868
306.861
306.924
306.917
306.868
306.861
306.924
307.073
307.089
307.081
307.081
306.917
306.868
306.861
306.924
306.917
306.868
306.924
306.861
307.073
307.089
307.081
307.081
306.917
306.868
306.861
306.924
306.917
306.868
306.924
306.861
307.073
307.089
307.081
307.081
306.917
306.868
306.924
306.861
306.917
306.868
306.924
306.861
307.073
307.089
307.081
307.081
306.022
305.825
305.976
305.869
306.721
306.805
306.798
306.729
306.152
306.001
305.995
306.158
305.495
305.661
305.454
305.705
305.613
305.833
305.827
305.619
306.721
306.805
306.798
306.729
306.022
305.825
305.869
305.976
306.152
306.001
306.158
305.995
305.495
305.661
305.705
305.454
305.613
305.833
305.619
305.827
305.35
305.613
305.406
305.553
304.924
304.988
305.11
304.809
305.859
305.773
305.923
305.712
305.859
305.773
305.712
305.923
305.385
305.126
305.252
305.252
304.523
304.86
304.686
304.686
305.35
305.613
305.553
305.406
304.924
304.988
305.11
304.809
306.721
306.805
306.798
306.729
306.022
305.825
305.976
305.869
306.152
306.001
306.158
305.995
306.721
306.805
306.798
306.729
306.022
305.825
305.869
305.976
306.152
306.001
306.158
305.995
305.495
305.661
305.454
305.705
305.613
305.833
305.827
305.619
305.495
305.661
305.705
305.454
305.613
305.833
305.827
305.619
305.859
305.773
305.923
305.712
305.859
305.773
305.923
305.712
305.385
305.126
305.252
305.252
305.35
305.613
305.406
305.553
304.924
304.988
305.11
304.809
305.35
305.613
305.406
305.553
304.924
304.988
305.11
304.809
304.523
304.86
304.686
304.686
306.231
306.049
306.139
306.139
306.311
306.286
306.381
306.218
306.311
306.286
306.381
306.218
306.534
306.471
306.436
306.57
306.491
306.344
306.439
306.394
306.621
306.732
306.695
306.657
306.534
306.471
306.436
306.57
306.491
306.344
306.439
306.394
306.621
306.732
306.695
306.657
306.231
306.049
306.139
306.139
306.311
306.286
306.381
306.218
306.311
306.286
306.381
306.218
306.534
306.471
306.436
306.57
306.491
306.344
306.439
306.394
306.621
306.732
306.695
306.657
306.534
306.471
306.57
306.436
306.621
306.732
306.695
306.657
306.491
306.344
306.439
306.394
306.859
306.936
306.897
306.897
306.812
306.795
306.757
306.85
306.812
306.795
306.757
306.85
306.859
306.936
306.897
306.897
306.812
306.795
306.757
306.85
306.812
306.795
306.757
306.85
306.859
306.936
306.897
306.897
306.812
306.795
306.757
306.85
306.812
306.795
306.757
306.85
306.859
306.936
306.897
306.897
306.812
306.795
306.757
306.85
306.812
306.795
306.757
306.85
306.534
306.471
306.436
306.57
306.491
306.344
306.439
306.394
306.621
306.732
306.695
306.657
306.534
306.471
306.57
306.436
306.621
306.732
306.695
306.657
306.491
306.344
306.439
306.394
306.231
306.049
306.139
306.139
306.311
306.286
306.381
306.218
306.311
306.286
306.381
306.218
306.534
306.471
306.57
306.436
306.621
306.732
306.695
306.657
306.491
306.344
306.439
306.394
306.534
306.471
306.57
306.436
306.621
306.732
306.695
306.657
306.491
306.344
306.439
306.394
306.231
306.049
306.139
306.139
306.311
306.286
306.381
306.218
306.311
306.286
306.381
306.218
304.138
303.669
303.862
303.862
304.316
304.173
304.046
304.471
304.316
304.173
304.046
304.471
305.04
304.652
304.712
304.968
305.102
304.824
304.777
305.157
305.283
305.407
305.209
305.484
304.799
304.57
304.493
304.89
304.7
304.296
304.588
304.39
305.033
305.322
305.127
305.223
305.04
304.652
304.713
304.969
305.102
304.824
304.777
305.157
305.283
305.407
305.209
305.484
304.799
304.57
304.493
304.89
304.7
304.296
304.588
304.39
305.033
305.322
305.127
305.223
305.919
305.949
306.037
305.834
305.995
306.182
306.115
306.06
305.786
305.561
305.641
305.703
305.919
305.949
306.037
305.834
305.995
306.182
306.115
306.06
305.786
305.561
305.641
305.703
305.63
305.852
305.739
305.739
305.504
305.471
305.369
305.611
305.504
305.471
305.369
305.611
305.276
304.966
304.942
305.305
305.243
304.872
304.906
305.202
305.532
305.773
305.561
305.742
305.344
304.99
305.004
305.327
305.355
305.02
305.015
305.361
305.601
305.797
305.584
305.815
305.276
304.966
304.942
305.305
305.243
304.872
304.906
305.202
305.532
305.773
305.561
305.742
305.344
304.99
305.004
305.327
305.355
305.02
305.361
305.015
305.601
305.797
305.584
305.815
306.203
306.362
306.328
306.237
306.162
306.237
306.286
306.114
306.062
305.939
305.908
306.094
306.619
306.499
306.598
306.52
306.707
306.761
306.686
306.783
306.633
306.54
306.533
306.64
306.282
306.389
306.263
306.409
306.139
305.964
305.983
306.12
306.295
306.429
306.423
306.302
306.203
306.362
306.328
306.237
306.162
306.237
306.286
306.114
306.062
305.939
305.908
306.094
306.619
306.499
306.598
306.52
306.707
306.761
306.686
306.783
306.633
306.54
306.64
306.533
306.282
306.389
306.263
306.409
306.139
305.964
305.983
306.12
306.295
306.429
306.302
306.423
305.04
304.652
304.712
304.968
305.102
304.824
304.777
305.157
305.283
305.407
305.209
305.484
304.799
304.57
304.493
304.89
304.7
304.296
304.39
304.588
305.033
305.322
305.127
305.223
304.138
303.669
303.862
303.862
304.316
304.173
304.471
304.046
304.316
304.173
304.046
304.471
305.919
305.949
306.037
305.834
305.995
306.182
306.115
306.06
305.786
305.561
305.641
305.703
305.919
305.949
306.037
305.834
305.995
306.182
306.115
306.06
305.786
305.561
305.703
305.641
305.63
305.852
305.739
305.739
305.504
305.471
305.369
305.611
305.504
305.471
305.611
305.369
305.04
304.652
304.713
304.969
305.102
304.824
304.777
305.157
305.283
305.407
305.484
305.209
304.799
304.57
304.493
304.89
304.7
304.296
304.588
304.39
305.033
305.322
305.223
305.127
305.276
304.966
304.942
305.305
305.243
304.872
304.906
305.202
305.532
305.773
305.561
305.742
305.344
304.99
305.327
305.004
305.601
305.797
305.584
305.815
305.355
305.02
305.016
305.361
306.203
306.362
306.328
306.237
306.162
306.237
306.286
306.114
306.062
305.939
305.908
306.094
306.619
306.499
306.598
306.52
306.707
306.761
306.686
306.783
306.633
306.54
306.533
306.64
306.282
306.389
306.263
306.409
306.139
305.964
305.983
306.12
306.295
306.429
306.423
306.302
305.276
304.966
304.942
305.305
305.243
304.872
304.906
305.202
305.532
305.773
305.561
305.742
305.344
304.99
305.004
305.327
305.355
305.02
305.361
305.015
305.601
305.797
305.584
305.815
306.619
306.499
306.598
306.52
306.707
306.761
306.686
306.783
306.633
306.54
306.64
306.533
306.203
306.362
306.328
306.237
306.162
306.237
306.286
306.114
306.062
305.939
305.908
306.094
306.282
306.389
306.409
306.263
306.295
306.429
306.302
306.423
306.139
305.964
305.983
306.12
306.95
306.966
306.927
306.989
306.902
306.824
306.88
306.846
306.965
307.012
307.004
306.972
306.95
306.966
306.927
306.989
306.902
306.824
306.88
306.846
306.965
307.012
307.004
306.972
307.042
306.996
307.019
307.019
307.058
307.042
307.035
307.065
307.058
307.042
307.035
307.065
306.95
306.966
306.927
306.989
306.902
306.824
306.88
306.846
306.965
307.012
306.972
307.004
306.95
306.966
306.927
306.989
306.902
306.824
306.88
306.846
306.965
307.012
307.004
306.972
307.042
306.996
307.019
307.019
307.058
307.042
307.065
307.035
307.058
307.042
307.035
307.065
306.95
306.966
306.927
306.989
306.902
306.824
306.88
306.846
306.965
307.012
306.972
307.004
306.95
306.966
306.927
306.989
306.902
306.824
306.88
306.846
306.965
307.012
307.004
306.972
307.042
306.996
307.019
307.019
307.058
307.042
307.065
307.035
307.058
307.042
307.035
307.065
306.95
306.966
306.927
306.989
306.902
306.824
306.88
306.846
306.965
307.012
306.972
307.004
306.95
306.966
306.927
306.989
306.902
306.824
306.88
306.846
306.965
307.012
306.972
307.004
307.042
306.996
307.019
307.019
307.058
307.042
307.065
307.035
307.058
307.042
307.065
307.035
306.203
306.362
306.328
306.237
306.162
306.237
306.286
306.114
306.062
305.939
306.094
305.908
306.619
306.499
306.598
306.52
306.707
306.761
306.686
306.783
306.633
306.54
306.533
306.64
306.282
306.389
306.263
306.409
306.139
305.964
306.12
305.983
306.295
306.429
306.423
306.302
305.276
304.966
304.942
305.305
305.243
304.872
304.906
305.202
305.532
305.773
305.742
305.561
305.344
304.99
305.327
305.004
305.601
305.797
305.815
305.584
305.355
305.02
305.016
305.361
306.619
306.499
306.598
306.52
306.707
306.761
306.686
306.783
306.633
306.54
306.64
306.533
306.203
306.362
306.328
306.237
306.162
306.237
306.286
306.114
306.062
305.939
306.094
305.908
306.282
306.389
306.409
306.263
306.295
306.429
306.302
306.423
306.139
305.964
306.12
305.983
305.276
304.966
304.942
305.305
305.243
304.872
304.906
305.202
305.532
305.773
305.742
305.561
305.344
304.99
305.004
305.327
305.355
305.02
305.361
305.016
305.601
305.797
305.815
305.584
305.04
304.652
304.713
304.968
305.102
304.824
304.777
305.157
305.283
305.407
305.209
305.484
304.799
304.57
304.89
304.493
305.033
305.322
305.127
305.223
304.7
304.296
304.39
304.588
305.919
305.949
306.037
305.834
305.995
306.182
306.115
306.06
305.786
305.561
305.641
305.703
305.919
305.949
306.037
305.834
305.995
306.182
306.115
306.06
305.786
305.561
305.703
305.641
305.63
305.852
305.739
305.739
305.504
305.471
305.369
305.611
305.504
305.471
305.611
305.369
304.138
303.669
303.862
303.862
304.316
304.173
304.471
304.046
304.316
304.173
304.046
304.471
305.04
304.652
304.713
304.968
305.102
304.824
304.777
305.157
305.283
305.407
305.484
305.209
304.799
304.57
304.89
304.493
305.033
305.322
305.223
305.127
304.7
304.296
304.588
304.39
306.619
306.499
306.598
306.52
306.707
306.761
306.686
306.783
306.633
306.54
306.533
306.64
306.203
306.362
306.328
306.237
306.162
306.237
306.286
306.114
306.062
305.939
306.094
305.908
306.282
306.389
306.409
306.263
306.295
306.429
306.423
306.302
306.139
305.964
306.12
305.983
306.619
306.499
306.598
306.52
306.707
306.761
306.686
306.783
306.633
306.54
306.64
306.533
306.203
306.362
306.328
306.237
306.162
306.237
306.286
306.114
306.062
305.939
306.094
305.908
306.282
306.389
306.409
306.263
306.295
306.429
306.302
306.423
306.139
305.964
306.12
305.983
305.276
304.966
304.942
305.305
305.243
304.872
304.906
305.202
305.532
305.773
305.742
305.561
305.344
304.99
305.327
305.004
305.601
305.797
305.815
305.584
305.355
305.02
305.015
305.361
305.276
304.966
304.942
305.305
305.243
304.872
304.906
305.202
305.532
305.773
305.742
305.561
305.344
304.99
305.327
305.004
305.601
305.797
305.815
305.584
305.355
305.02
305.361
305.015
305.919
305.949
306.037
305.834
305.995
306.182
306.115
306.06
305.786
305.561
305.703
305.641
305.919
305.949
306.037
305.834
305.995
306.182
306.115
306.06
305.786
305.561
305.703
305.641
305.63
305.852
305.739
305.739
305.504
305.471
305.611
305.369
305.504
305.471
305.611
305.369
305.04
304.652
304.713
304.969
305.102
304.824
304.777
305.157
305.283
305.407
305.484
305.209
304.799
304.57
304.89
304.493
305.033
305.322
305.223
305.127
304.7
304.296
304.39
304.588
305.04
304.652
304.712
304.968
305.102
304.824
304.777
305.157
305.283
305.407
305.484
305.209
304.799
304.57
304.89
304.493
305.033
305.322
305.223
305.127
304.7
304.296
304.39
304.588
304.138
303.669
303.862
303.862
304.316
304.173
304.471
304.046
304.316
304.173
304.471
304.046
)
;
        refGradient     uniform 0;
        valueFraction   nonuniform List<scalar> 
1600
(
0.0134098
0.0134098
0.0134098
0.0134098
0.0134098
0.0134098
0.0134098
0.0134098
0.0134098
0.0134098
0.0134098
0.0134098
0.0134098
0.0134098
0.0134098
0.0134098
0.0134098
0.0134098
0.0134098
0.0134098
0.0134098
0.0134098
0.0134098
0.0134098
0.0134098
0.0134098
0.0134098
0.0134098
0.0134098
0.0134098
0.0134098
0.0134098
0.0134098
0.0134098
0.0134098
0.0134098
0.0134098
0.0134098
0.0134098
0.0134098
0.0134098
0.0134098
0.0134098
0.0134098
0.0134098
0.0134098
0.0134098
0.0134098
0.0134098
0.0134098
0.0134098
0.0134098
0.0134098
0.0134098
0.0134098
0.0134098
0.0134098
0.0134098
0.0134098
0.0134098
0.0134098
0.0134098
0.0134098
0.0134098
0.0134098
0.0134098
0.0134098
0.0134098
0.0134098
0.0134098
0.0134098
0.0134098
0.0134098
0.0134098
0.0134098
0.0134098
0.0134098
0.0134098
0.0134098
0.0134098
0.0134098
0.0134098
0.0134098
0.0134098
0.0134098
0.0134098
0.0134098
0.0134098
0.0134098
0.0134098
0.0134098
0.0134098
0.0134098
0.0134098
0.0134098
0.0134098
0.0134098
0.0134098
0.0134098
0.0134098
0.0134098
0.0134098
0.0134098
0.0134098
0.0134098
0.0134098
0.0134098
0.0134098
0.0134098
0.0134098
0.0134098
0.0134098
0.0134098
0.0134098
0.0134098
0.0134098
0.0134098
0.0134098
0.0134098
0.0134098
0.0134098
0.0134098
0.0134098
0.0134098
0.0134098
0.0134098
0.0134098
0.0134098
0.0134098
0.0134098
0.0134098
0.0134098
0.0134098
0.0134098
0.0134098
0.0134098
0.0134098
0.0134098
0.0134098
0.0134098
0.0134098
0.0134098
0.0134098
0.0134098
0.0134098
0.0134098
0.0134098
0.0134098
0.0134098
0.0134098
0.0134098
0.0134098
0.0134098
0.0134098
0.0134098
0.0134098
0.0134098
0.0134098
0.0134098
0.0134098
0.0134098
0.0134098
0.0134098
0.0134098
0.0134098
0.0134098
0.0134098
0.0134098
0.0134098
0.0134098
0.0134098
0.0134098
0.0134098
0.0134098
0.0134098
0.0134098
0.0134098
0.0134098
0.0134098
0.0134098
0.0134098
0.0134098
0.0134098
0.0134098
0.0134098
0.0134098
0.0134098
0.0134098
0.0134098
0.0134098
0.0134098
0.0134098
0.0134098
0.0134098
0.0134098
0.0134098
0.0134098
0.0134098
0.0134098
0.0134098
0.0134098
0.0134098
0.0134098
0.0134098
0.0134098
0.0134098
0.0134098
0.0134098
0.0134098
0.0134098
0.0134098
0.0134098
0.0134098
0.0134098
0.0134098
0.0134098
0.0134098
0.0134098
0.0134098
0.0134098
0.0134098
0.0134098
0.0134098
0.0134098
0.0134098
0.0134098
0.0134098
0.0134098
0.0134098
0.0134098
0.0134098
0.0134098
0.0134098
0.0134098
0.0134098
0.0134098
0.0134098
0.0134098
0.0134098
0.0134098
0.0134098
0.0134098
0.0134098
0.0134098
0.0134098
0.0134098
0.0134098
0.0134098
0.0134098
0.0134098
0.0134098
0.0134098
0.0134098
0.0134098
0.0134098
0.0134098
0.0134098
0.0134098
0.0134098
0.0134098
0.0134098
0.0134098
0.0134098
0.0134098
0.0134098
0.0134098
0.0134098
0.0134098
0.0134098
0.0134098
0.0134098
0.0134098
0.0134098
0.0134098
0.0134098
0.0134098
0.0134098
0.0134098
0.0134098
0.0134098
0.0134098
0.0134098
0.0134098
0.0134098
0.0134098
0.0134098
0.0134098
0.0134098
0.0134098
0.0134098
0.0134098
0.0134098
0.0134098
0.0134098
0.0134098
0.0134098
0.0134098
0.0134098
0.0134098
0.0134098
0.0134098
0.0134098
0.0134098
0.0134098
0.0134098
0.0134098
0.0134098
0.0134098
0.0134098
0.0134098
0.0134098
0.0134098
0.0134098
0.0134098
0.0134098
0.0134098
0.0134098
0.0134098
0.0134098
0.0134098
0.0134098
0.0134098
0.0134098
0.0134098
0.0134098
0.0134098
0.0134098
0.0134098
0.0134098
0.0134098
0.0134098
0.0134098
0.0134098
0.0134098
0.0134098
0.0134098
0.0134098
0.0134098
0.0134098
0.0134098
0.0134098
0.0134098
0.0134098
0.0134098
0.0134098
0.0134098
0.0134098
0.0134098
0.0134098
0.0134098
0.0134098
0.0134098
0.0134098
0.0134098
0.0134098
0.0134098
0.0134098
0.0134098
0.0134098
0.0134098
0.0134098
0.0134098
0.0134098
0.0134098
0.0134098
0.0134098
0.0134098
0.0134098
0.0134098
0.0134098
0.0134098
0.0134098
0.0134098
0.0134098
0.0134098
0.0134098
0.0134098
0.0134098
0.0134098
0.0134098
0.0134098
0.0134098
0.0134098
0.0134098
0.0134098
0.0134098
0.0134098
0.0134098
0.0134098
0.0134098
0.0134098
0.0134098
0.0134098
0.0134098
0.0134098
0.0134098
0.0134098
0.0134098
0.0134098
0.0134098
0.0134098
0.0134098
0.0134098
0.0134098
0.0134098
0.0134098
0.0134098
0.0134098
0.0134098
0.0134098
0.0134098
0.0134098
0.0134098
0.0134098
0.0134098
0.0134098
0.0134098
0.0134098
0.0134098
0.0134098
0.0134098
0.0134098
0.0134098
0.0134098
0.0134098
0.0134098
0.0134098
0.0134098
0.0134098
0.0134098
0.0134098
0.0134098
0.0134098
0.0134098
0.0134098
0.0134098
0.0134098
0.0134098
0.0134098
0.0134098
0.0134098
0.0134098
0.0134098
0.0134098
0.0134098
0.0134098
0.0134098
0.0134098
0.0134098
0.0134098
0.0134098
0.0134098
0.0134098
0.0134098
0.0134098
0.0134098
0.0134098
0.0134098
0.0134098
0.0134098
0.0134098
0.0134098
0.0134098
0.0134098
0.0134098
0.0134098
0.0134098
0.0134098
0.0134098
0.0134098
0.0134098
0.0134098
0.0134098
0.0134098
0.0134098
0.0134098
0.0134098
0.0134098
0.0134098
0.0134098
0.0134098
0.0134098
0.0134098
0.0134098
0.0134098
0.0134098
0.0134098
0.0134098
0.0134098
0.0134098
0.0134098
0.0134098
0.0134098
0.0134098
0.0134098
0.0134098
0.0134098
0.0134098
0.0134098
0.0134098
0.0134098
0.0134098
0.0134098
0.0134098
0.0134098
0.0134098
0.0134098
0.0134098
0.0134098
0.0134098
0.0134098
0.0134098
0.0134098
0.0134098
0.0134098
0.0134098
0.0134098
0.0134098
0.0134098
0.0134098
0.0134098
0.0134098
0.0134098
0.0134098
0.0134098
0.0134098
0.0134098
0.0134098
0.0134098
0.0134098
0.0134098
0.0134098
0.0134098
0.0134098
0.0134098
0.0134098
0.0134098
0.0134098
0.0134098
0.0134098
0.0134098
0.0134098
0.0134098
0.0134098
0.0134098
0.0134098
0.0134098
0.0134098
0.0134098
0.0134098
0.0134098
0.0134098
0.0134098
0.0134098
0.0134098
0.0134098
0.0134098
0.0134098
0.0134098
0.0134098
0.0134098
0.0134098
0.0134098
0.0134098
0.0134098
0.0134098
0.0134098
0.0134098
0.0134098
0.0134098
0.0134098
0.0134098
0.0134098
0.0134098
0.0134098
0.0134098
0.0134098
0.0134098
0.0134098
0.0134098
0.0134098
0.0134098
0.0134098
0.0134098
0.0134098
0.0134098
0.0134098
0.0134098
0.0134098
0.0134098
0.0134098
0.0134098
0.0133615
0.0119868
0.0126626
0.0126626
0.0133842
0.0126909
0.0126847
0.0133842
0.0133842
0.0126909
0.0126847
0.0133842
0.0133842
0.0126962
0.0126962
0.0133842
0.0133842
0.0126962
0.0126962
0.0133842
0.0134098
0.0134098
0.0134098
0.0134098
0.0133842
0.0126962
0.0126962
0.0133842
0.0133842
0.0126962
0.0133842
0.0126962
0.0134098
0.0134098
0.0134098
0.0134098
0.0133842
0.0126962
0.0126962
0.0133842
0.0133842
0.0126962
0.0126962
0.0133842
0.0134098
0.0134098
0.0134098
0.0134098
0.0133842
0.0126962
0.0126962
0.0133842
0.0133842
0.0126962
0.0133842
0.0126962
0.0134098
0.0134098
0.0134098
0.0134098
0.0134098
0.0134098
0.0134098
0.0134098
0.0134098
0.0134098
0.0134098
0.0134098
0.0134098
0.0134098
0.0134098
0.0134098
0.0134098
0.0134098
0.0134098
0.0134098
0.0134098
0.0134098
0.0134098
0.0134098
0.0134098
0.0134098
0.0134098
0.0134098
0.0134098
0.0134098
0.0134098
0.0134098
0.0134098
0.0134098
0.0134098
0.0134098
0.0134098
0.0134098
0.0134098
0.0134098
0.0133842
0.0126962
0.0126962
0.0133842
0.0133842
0.0126962
0.0126962
0.0133842
0.0134098
0.0134098
0.0134098
0.0134098
0.0133842
0.0126962
0.0126962
0.0133842
0.0133842
0.0126962
0.0126962
0.0133842
0.0134098
0.0134098
0.0134098
0.0134098
0.0133842
0.0126962
0.0126962
0.0133842
0.0133842
0.0126962
0.0126962
0.0133842
0.0134098
0.0134098
0.0134098
0.0134098
0.0133842
0.0126962
0.0126962
0.0133842
0.0133842
0.0126962
0.0133842
0.0126962
0.0134098
0.0134098
0.0134098
0.0134098
0.0134098
0.0134098
0.0134098
0.0134098
0.0134098
0.0134098
0.0134098
0.0134098
0.0134098
0.0134098
0.0134098
0.0134098
0.0134098
0.0134098
0.0134098
0.0134098
0.0134098
0.0134098
0.0134098
0.0134098
0.0134098
0.0134098
0.0134098
0.0134098
0.0134098
0.0134098
0.0134098
0.0134098
0.0134098
0.0134098
0.0134098
0.0134098
0.0134098
0.0134098
0.0134098
0.0134098
0.0134098
0.0134098
0.0134098
0.0134098
0.0134098
0.0134098
0.0134098
0.0134098
0.0134098
0.0134098
0.0134098
0.0134098
0.0134098
0.0134098
0.0134098
0.0134098
0.0134098
0.0134098
0.0134098
0.0134098
0.0134098
0.0134098
0.0134098
0.0134098
0.0134098
0.0134098
0.0134098
0.0134098
0.0134098
0.0134098
0.0134098
0.0134098
0.0134098
0.0134098
0.0134098
0.0134098
0.0133842
0.0126962
0.0126962
0.0133842
0.0133842
0.0126962
0.0126962
0.0133842
0.0134098
0.0134098
0.0134098
0.0134098
0.0133842
0.0126962
0.0126962
0.0133842
0.0133842
0.0126962
0.0126962
0.0133842
0.0134098
0.0134098
0.0134098
0.0134098
0.0133615
0.0119868
0.0126626
0.0126626
0.0133842
0.0126909
0.0133842
0.0126847
0.0133842
0.0126909
0.0126847
0.0133842
0.0134098
0.0134098
0.0134098
0.0134098
0.0134098
0.0134098
0.0134098
0.0134098
0.0134098
0.0134098
0.0134098
0.0134098
0.0134098
0.0134098
0.0134098
0.0134098
0.0134098
0.0134098
0.0134098
0.0134098
0.0134098
0.0134098
0.0134098
0.0134098
0.0134098
0.0134098
0.0134098
0.0134098
0.0134098
0.0134098
0.0134098
0.0134098
0.0134098
0.0134098
0.0134098
0.0134098
0.0133842
0.0126962
0.0126962
0.0133842
0.0133842
0.0126962
0.0126962
0.0133842
0.0134098
0.0134098
0.0134098
0.0134098
0.0133842
0.0126962
0.0126962
0.0133842
0.0133842
0.0126962
0.0133842
0.0126962
0.0134098
0.0134098
0.0134098
0.0134098
0.0133842
0.0126962
0.0126962
0.0133842
0.0133842
0.0126962
0.0126962
0.0133842
0.0134098
0.0134098
0.0134098
0.0134098
0.0133842
0.0126962
0.0133842
0.0126962
0.0134098
0.0134098
0.0134098
0.0134098
0.0133842
0.0126962
0.0126962
0.0133842
0.0134098
0.0134098
0.0134098
0.0134098
0.0134098
0.0134098
0.0134098
0.0134098
0.0134098
0.0134098
0.0134098
0.0134098
0.0134098
0.0134098
0.0134098
0.0134098
0.0134098
0.0134098
0.0134098
0.0134098
0.0134098
0.0134098
0.0134098
0.0134098
0.0134098
0.0134098
0.0134098
0.0134098
0.0134098
0.0134098
0.0134098
0.0134098
0.0134098
0.0134098
0.0134098
0.0134098
0.0133842
0.0126962
0.0126962
0.0133842
0.0133842
0.0126962
0.0126962
0.0133842
0.0134098
0.0134098
0.0134098
0.0134098
0.0133842
0.0126962
0.0126962
0.0133842
0.0133842
0.0126962
0.0133842
0.0126962
0.0134098
0.0134098
0.0134098
0.0134098
0.0134098
0.0134098
0.0134098
0.0134098
0.0134098
0.0134098
0.0134098
0.0134098
0.0134098
0.0134098
0.0134098
0.0134098
0.0134098
0.0134098
0.0134098
0.0134098
0.0134098
0.0134098
0.0134098
0.0134098
0.0134098
0.0134098
0.0134098
0.0134098
0.0134098
0.0134098
0.0134098
0.0134098
0.0134098
0.0134098
0.0134098
0.0134098
0.0134098
0.0134098
0.0134098
0.0134098
0.0134098
0.0134098
0.0134098
0.0134098
0.0134098
0.0134098
0.0134098
0.0134098
0.0134098
0.0134098
0.0134098
0.0134098
0.0134098
0.0134098
0.0134098
0.0134098
0.0134098
0.0134098
0.0134098
0.0134098
0.0134098
0.0134098
0.0134098
0.0134098
0.0134098
0.0134098
0.0134098
0.0134098
0.0134098
0.0134098
0.0134098
0.0134098
0.0134098
0.0134098
0.0134098
0.0134098
0.0134098
0.0134098
0.0134098
0.0134098
0.0134098
0.0134098
0.0134098
0.0134098
0.0134098
0.0134098
0.0134098
0.0134098
0.0134098
0.0134098
0.0134098
0.0134098
0.0134098
0.0134098
0.0134098
0.0134098
0.0134098
0.0134098
0.0134098
0.0134098
0.0134098
0.0134098
0.0134098
0.0134098
0.0134098
0.0134098
0.0134098
0.0134098
0.0134098
0.0134098
0.0134098
0.0134098
0.0134098
0.0134098
0.0134098
0.0134098
0.0134098
0.0134098
0.0134098
0.0134098
0.0134098
0.0134098
0.0134098
0.0134098
0.0134098
0.0134098
0.0134098
0.0134098
0.0134098
0.0134098
0.0134098
0.0134098
0.0134098
0.0134098
0.0134098
0.0134098
0.0134098
0.0134098
0.0134098
0.0134098
0.0134098
0.0134098
0.0134098
0.0134098
0.0134098
0.0134098
0.0134098
0.0134098
0.0134098
0.0134098
0.0134098
0.0134098
0.0134098
0.0134098
0.0134098
0.0134098
0.0134098
0.0134098
0.0134098
0.0134098
0.0134098
0.0134098
0.0134098
0.0134098
0.0134098
0.0134098
0.0134098
0.0134098
0.0134098
0.0134098
0.0134098
0.0134098
0.0134098
0.0134098
0.0134098
0.0134098
0.0134098
0.0134098
0.0134098
0.0134098
0.0134098
0.0134098
0.0134098
0.0134098
0.0134098
0.0134098
0.0134098
0.0134098
0.0134098
0.0134098
0.0134098
0.0134098
0.0134098
0.0134098
0.0134098
0.0134098
0.0134098
0.0134098
0.0134098
0.0134098
0.0134098
0.0134098
0.0134098
0.0134098
0.0134098
0.0134098
0.0134098
0.0134098
0.0134098
0.0134098
0.0134098
0.0134098
0.0134098
0.0134098
0.0134098
0.0134098
0.0134098
0.0134098
0.0134098
0.0134098
0.0133842
0.0126962
0.0126962
0.0133842
0.0133842
0.0126962
0.0126962
0.0133842
0.0134098
0.0134098
0.0134098
0.0134098
0.0133842
0.0126962
0.0133842
0.0126962
0.0134098
0.0134098
0.0134098
0.0134098
0.0133842
0.0126962
0.0126962
0.0133842
0.0134098
0.0134098
0.0134098
0.0134098
0.0134098
0.0134098
0.0134098
0.0134098
0.0134098
0.0134098
0.0134098
0.0134098
0.0134098
0.0134098
0.0134098
0.0134098
0.0134098
0.0134098
0.0134098
0.0134098
0.0134098
0.0134098
0.0134098
0.0134098
0.0134098
0.0134098
0.0134098
0.0134098
0.0134098
0.0134098
0.0134098
0.0134098
0.0134098
0.0134098
0.0134098
0.0134098
0.0133842
0.0126962
0.0126962
0.0133842
0.0133842
0.0126962
0.0126962
0.0133842
0.0134098
0.0134098
0.0134098
0.0134098
0.0133842
0.0126962
0.0126962
0.0133842
0.0133842
0.0126962
0.0133842
0.0126962
0.0134098
0.0134098
0.0134098
0.0134098
0.0133842
0.0126962
0.0126962
0.0133842
0.0133842
0.0126962
0.0126962
0.0133842
0.0134098
0.0134098
0.0134098
0.0134098
0.0133842
0.0126962
0.0133842
0.0126962
0.0134098
0.0134098
0.0134098
0.0134098
0.0133842
0.0126962
0.0126962
0.0133842
0.0134098
0.0134098
0.0134098
0.0134098
0.0134098
0.0134098
0.0134098
0.0134098
0.0134098
0.0134098
0.0134098
0.0134098
0.0134098
0.0134098
0.0134098
0.0134098
0.0134098
0.0134098
0.0134098
0.0134098
0.0134098
0.0134098
0.0134098
0.0134098
0.0134098
0.0134098
0.0134098
0.0134098
0.0134098
0.0134098
0.0134098
0.0134098
0.0134098
0.0134098
0.0134098
0.0134098
0.0133615
0.0119868
0.0126626
0.0126626
0.0133842
0.0126909
0.0133842
0.0126847
0.0133842
0.0126909
0.0126847
0.0133842
0.0133842
0.0126962
0.0126962
0.0133842
0.0133842
0.0126962
0.0126962
0.0133842
0.0134098
0.0134098
0.0134098
0.0134098
0.0133842
0.0126962
0.0133842
0.0126962
0.0134098
0.0134098
0.0134098
0.0134098
0.0133842
0.0126962
0.0133842
0.0126962
0.0134098
0.0134098
0.0134098
0.0134098
0.0134098
0.0134098
0.0134098
0.0134098
0.0134098
0.0134098
0.0134098
0.0134098
0.0134098
0.0134098
0.0134098
0.0134098
0.0134098
0.0134098
0.0134098
0.0134098
0.0134098
0.0134098
0.0134098
0.0134098
0.0134098
0.0134098
0.0134098
0.0134098
0.0134098
0.0134098
0.0134098
0.0134098
0.0134098
0.0134098
0.0134098
0.0134098
0.0134098
0.0134098
0.0134098
0.0134098
0.0134098
0.0134098
0.0134098
0.0134098
0.0134098
0.0134098
0.0134098
0.0134098
0.0134098
0.0134098
0.0134098
0.0134098
0.0134098
0.0134098
0.0134098
0.0134098
0.0134098
0.0134098
0.0134098
0.0134098
0.0134098
0.0134098
0.0134098
0.0134098
0.0134098
0.0134098
0.0134098
0.0134098
0.0134098
0.0134098
0.0134098
0.0134098
0.0133842
0.0126962
0.0126962
0.0133842
0.0133842
0.0126962
0.0126962
0.0133842
0.0134098
0.0134098
0.0134098
0.0134098
0.0133842
0.0126962
0.0133842
0.0126962
0.0134098
0.0134098
0.0134098
0.0134098
0.0133842
0.0126962
0.0126962
0.0133842
0.0133842
0.0126962
0.0126962
0.0133842
0.0133842
0.0126962
0.0126962
0.0133842
0.0134098
0.0134098
0.0134098
0.0134098
0.0133842
0.0126962
0.0133842
0.0126962
0.0134098
0.0134098
0.0134098
0.0134098
0.0133842
0.0126962
0.0133842
0.0126962
0.0134098
0.0134098
0.0134098
0.0134098
0.0134098
0.0134098
0.0134098
0.0134098
0.0134098
0.0134098
0.0134098
0.0134098
0.0134098
0.0134098
0.0134098
0.0134098
0.0134098
0.0134098
0.0134098
0.0134098
0.0134098
0.0134098
0.0134098
0.0134098
0.0134098
0.0134098
0.0134098
0.0134098
0.0134098
0.0134098
0.0134098
0.0134098
0.0134098
0.0134098
0.0134098
0.0134098
0.0133842
0.0126962
0.0126962
0.0133842
0.0133842
0.0126962
0.0126962
0.0133842
0.0134098
0.0134098
0.0134098
0.0134098
0.0133842
0.0126962
0.0133842
0.0126962
0.0134098
0.0134098
0.0134098
0.0134098
0.0133842
0.0126962
0.0126962
0.0133842
0.0133842
0.0126962
0.0126962
0.0133842
0.0133842
0.0126962
0.0126962
0.0133842
0.0134098
0.0134098
0.0134098
0.0134098
0.0133842
0.0126962
0.0133842
0.0126962
0.0134098
0.0134098
0.0134098
0.0134098
0.0133842
0.0126962
0.0126962
0.0133842
0.0133615
0.0119868
0.0126626
0.0126626
0.0133842
0.0126909
0.0133842
0.0126847
0.0133842
0.0126909
0.0133842
0.0126847
)
;
        source          uniform 0;
        logInterval     -1;
        thicknessLayers List<scalar> 1(0.0001);
        kappaLayers     List<scalar> 1(33.33);
        writePrecision  6;
        updateHeader    1;
        writeToFile     0;
        useUserTime     1;
        kappaMethod     solidThermo;
        value           nonuniform List<scalar> 
1600
(
308.672
308.814
308.742
308.742
308.857
308.876
308.803
308.93
308.857
308.876
308.803
308.93
308.672
308.814
308.742
308.742
308.857
308.876
308.803
308.93
308.857
308.876
308.93
308.803
309.049
308.939
308.994
308.994
309.049
308.939
308.994
308.994
309.049
308.939
308.994
308.994
309.049
308.939
308.994
308.994
308.857
308.876
308.803
308.93
308.857
308.876
308.93
308.803
308.672
308.814
308.742
308.742
308.857
308.876
308.93
308.803
308.857
308.876
308.93
308.803
308.672
308.814
308.742
308.742
307.098
307.322
307.207
307.207
307.824
308.01
307.949
307.883
307.413
307.428
307.311
307.531
307.824
308.01
307.949
307.883
307.413
307.428
307.312
307.531
308.188
308.133
308.071
308.252
308.188
308.133
308.071
308.252
307.75
307.538
307.642
307.643
307.98
308.063
307.935
308.109
308.106
308.244
308.112
308.237
307.98
308.063
308.109
307.935
308.106
308.244
308.112
308.237
308.356
308.188
308.308
308.235
309.006
309.089
309.013
309.081
308.491
308.373
308.366
308.498
308.356
308.188
308.235
308.308
309.006
309.089
309.013
309.081
308.491
308.373
308.366
308.498
307.824
308.01
307.883
307.949
307.413
307.428
307.311
307.531
307.098
307.322
307.207
307.207
308.188
308.133
308.252
308.071
308.188
308.133
308.071
308.252
307.75
307.538
307.642
307.643
307.824
308.01
307.949
307.883
307.413
307.428
307.312
307.531
307.98
308.063
307.935
308.109
308.106
308.244
308.237
308.112
308.356
308.188
308.308
308.235
309.006
309.089
309.013
309.081
308.491
308.373
308.366
308.498
307.98
308.063
308.109
307.935
308.106
308.244
308.112
308.237
309.006
309.089
309.013
309.081
308.356
308.188
308.235
308.308
308.491
308.373
308.498
308.366
309.204
309.154
309.147
309.211
309.204
309.154
309.147
309.211
309.363
309.379
309.371
309.371
309.204
309.154
309.147
309.211
309.204
309.154
309.211
309.147
309.363
309.379
309.371
309.371
309.204
309.154
309.147
309.211
309.204
309.154
309.211
309.147
309.363
309.379
309.371
309.371
309.204
309.154
309.211
309.147
309.204
309.154
309.211
309.147
309.363
309.379
309.371
309.371
308.356
308.188
308.308
308.235
309.006
309.089
309.081
309.013
308.491
308.373
308.366
308.498
307.98
308.063
307.935
308.109
308.106
308.244
308.237
308.112
309.006
309.089
309.081
309.013
308.356
308.188
308.235
308.308
308.491
308.373
308.498
308.366
307.98
308.063
308.109
307.935
308.106
308.244
308.112
308.237
307.824
308.01
307.883
307.949
307.413
307.428
307.531
307.311
308.188
308.133
308.252
308.071
308.188
308.133
308.071
308.252
307.75
307.538
307.643
307.643
307.098
307.322
307.207
307.207
307.824
308.01
307.949
307.883
307.413
307.428
307.531
307.311
309.006
309.089
309.081
309.013
308.356
308.188
308.308
308.235
308.491
308.373
308.498
308.366
309.006
309.089
309.081
309.013
308.356
308.188
308.235
308.308
308.491
308.373
308.498
308.366
307.98
308.063
307.935
308.109
308.106
308.244
308.237
308.112
307.98
308.063
308.109
307.935
308.106
308.244
308.237
308.112
308.188
308.133
308.252
308.071
308.188
308.133
308.252
308.071
307.75
307.538
307.643
307.643
307.824
308.01
307.883
307.949
307.413
307.428
307.531
307.312
307.824
308.01
307.883
307.949
307.413
307.428
307.531
307.311
307.098
307.322
307.207
307.207
308.514
308.341
308.426
308.426
308.592
308.571
308.662
308.503
308.592
308.571
308.662
308.503
308.819
308.762
308.726
308.856
308.774
308.631
308.722
308.682
308.902
309.014
308.976
308.94
308.819
308.762
308.726
308.856
308.774
308.631
308.722
308.682
308.902
309.014
308.976
308.94
308.514
308.341
308.426
308.426
308.592
308.571
308.662
308.503
308.592
308.571
308.662
308.503
308.819
308.762
308.726
308.856
308.774
308.631
308.722
308.682
308.902
309.014
308.976
308.94
308.819
308.762
308.856
308.726
308.902
309.014
308.976
308.94
308.774
308.631
308.722
308.682
309.144
309.223
309.183
309.183
309.096
309.079
309.04
309.135
309.096
309.079
309.04
309.135
309.144
309.223
309.183
309.183
309.096
309.079
309.04
309.135
309.096
309.079
309.04
309.135
309.144
309.223
309.183
309.183
309.096
309.079
309.04
309.135
309.096
309.079
309.04
309.135
309.144
309.223
309.183
309.183
309.096
309.079
309.04
309.135
309.096
309.079
309.04
309.135
308.819
308.762
308.726
308.856
308.774
308.631
308.722
308.682
308.902
309.014
308.976
308.94
308.819
308.762
308.856
308.726
308.902
309.014
308.976
308.94
308.774
308.631
308.722
308.682
308.514
308.341
308.426
308.426
308.592
308.571
308.662
308.503
308.592
308.571
308.662
308.503
308.819
308.762
308.856
308.726
308.902
309.014
308.976
308.94
308.774
308.631
308.722
308.682
308.819
308.762
308.856
308.726
308.902
309.014
308.976
308.94
308.774
308.631
308.722
308.682
308.514
308.341
308.426
308.426
308.592
308.571
308.662
308.503
308.592
308.571
308.662
308.503
306.893
306.632
306.794
306.794
306.984
307.004
306.902
307.086
306.984
307.004
306.902
307.086
307.633
307.475
307.547
307.559
307.698
307.669
307.612
307.757
307.757
307.804
307.682
307.881
307.389
307.395
307.306
307.478
307.291
307.107
307.19
307.207
307.509
307.719
307.599
307.628
307.633
307.475
307.547
307.56
307.699
307.67
307.612
307.757
307.757
307.804
307.682
307.881
307.39
307.395
307.307
307.479
307.291
307.107
307.19
307.208
307.51
307.719
307.599
307.628
308.226
308.245
308.33
308.144
308.3
308.472
308.405
308.365
308.117
307.922
308.001
308.036
308.226
308.245
308.33
308.144
308.3
308.472
308.405
308.365
308.117
307.922
308.001
308.036
307.955
308.153
308.053
308.053
307.851
307.834
307.741
307.947
307.851
307.835
307.741
307.947
307.889
307.831
307.8
307.92
307.852
307.72
307.763
307.808
308.018
308.18
308.049
308.148
307.963
307.855
307.873
307.944
307.975
307.891
307.885
307.981
308.093
308.206
308.075
308.225
307.889
307.831
307.8
307.92
307.852
307.72
307.763
307.808
308.018
308.18
308.049
308.148
307.963
307.855
307.873
307.944
307.975
307.891
307.981
307.885
308.093
308.206
308.075
308.225
308.513
308.659
308.623
308.548
308.471
308.53
308.58
308.422
308.397
308.308
308.275
308.431
308.906
308.79
308.885
308.812
308.991
309.044
308.969
309.066
308.921
308.833
308.826
308.928
308.595
308.686
308.575
308.707
308.478
308.334
308.354
308.458
308.609
308.728
308.721
308.616
308.513
308.659
308.623
308.548
308.471
308.53
308.58
308.422
308.397
308.308
308.275
308.431
308.906
308.79
308.885
308.812
308.991
309.044
308.969
309.066
308.921
308.833
308.928
308.826
308.595
308.686
308.575
308.707
308.478
308.334
308.354
308.458
308.609
308.728
308.616
308.721
307.633
307.475
307.547
307.559
307.698
307.669
307.612
307.757
307.757
307.804
307.682
307.881
307.389
307.395
307.306
307.478
307.291
307.107
307.207
307.19
307.509
307.719
307.599
307.628
306.893
306.632
306.794
306.794
306.984
307.004
307.086
306.902
306.984
307.004
306.902
307.086
308.226
308.245
308.33
308.144
308.3
308.472
308.405
308.365
308.117
307.922
308.001
308.036
308.226
308.245
308.33
308.144
308.3
308.472
308.405
308.365
308.117
307.922
308.036
308.001
307.955
308.153
308.053
308.053
307.851
307.834
307.741
307.947
307.851
307.835
307.947
307.741
307.633
307.475
307.547
307.56
307.699
307.67
307.612
307.757
307.757
307.804
307.881
307.682
307.39
307.395
307.307
307.479
307.291
307.107
307.19
307.208
307.51
307.719
307.628
307.599
307.889
307.831
307.8
307.92
307.852
307.72
307.763
307.808
308.018
308.18
308.05
308.148
307.963
307.855
307.944
307.873
308.093
308.206
308.075
308.225
307.975
307.891
307.885
307.981
308.513
308.659
308.623
308.548
308.471
308.53
308.58
308.422
308.397
308.308
308.275
308.431
308.906
308.79
308.885
308.812
308.991
309.044
308.969
309.066
308.921
308.833
308.826
308.928
308.595
308.686
308.575
308.707
308.478
308.334
308.354
308.458
308.609
308.728
308.721
308.616
307.889
307.831
307.8
307.92
307.852
307.72
307.763
307.808
308.018
308.18
308.05
308.148
307.963
307.855
307.873
307.944
307.975
307.891
307.981
307.885
308.093
308.206
308.075
308.225
308.906
308.79
308.885
308.812
308.991
309.044
308.969
309.066
308.921
308.833
308.928
308.826
308.513
308.659
308.623
308.548
308.471
308.53
308.58
308.422
308.397
308.308
308.275
308.431
308.595
308.686
308.707
308.575
308.609
308.728
308.616
308.721
308.478
308.334
308.354
308.458
309.237
309.253
309.214
309.277
309.188
309.109
309.165
309.131
309.252
309.3
309.292
309.26
309.237
309.253
309.214
309.277
309.188
309.109
309.165
309.131
309.252
309.3
309.292
309.26
309.332
309.285
309.308
309.308
309.348
309.332
309.324
309.355
309.348
309.332
309.324
309.355
309.237
309.253
309.214
309.277
309.188
309.109
309.165
309.131
309.252
309.3
309.26
309.292
309.237
309.253
309.214
309.277
309.188
309.109
309.165
309.131
309.252
309.3
309.292
309.26
309.332
309.285
309.308
309.308
309.348
309.332
309.355
309.324
309.348
309.332
309.324
309.355
309.237
309.253
309.214
309.277
309.188
309.109
309.165
309.131
309.252
309.3
309.26
309.292
309.237
309.253
309.214
309.277
309.188
309.109
309.165
309.131
309.252
309.3
309.292
309.26
309.332
309.285
309.308
309.308
309.348
309.332
309.355
309.324
309.348
309.332
309.324
309.355
309.237
309.253
309.214
309.277
309.188
309.109
309.165
309.131
309.252
309.3
309.26
309.292
309.237
309.253
309.214
309.277
309.188
309.109
309.165
309.131
309.252
309.3
309.26
309.292
309.332
309.285
309.308
309.308
309.348
309.332
309.355
309.324
309.348
309.332
309.355
309.324
308.513
308.659
308.623
308.548
308.471
308.53
308.58
308.422
308.397
308.308
308.431
308.275
308.906
308.79
308.885
308.812
308.991
309.044
308.969
309.066
308.921
308.833
308.826
308.928
308.595
308.686
308.575
308.707
308.478
308.334
308.458
308.354
308.609
308.728
308.721
308.616
307.889
307.831
307.8
307.92
307.852
307.72
307.763
307.808
308.018
308.18
308.148
308.05
307.963
307.855
307.944
307.873
308.093
308.206
308.225
308.075
307.975
307.891
307.885
307.981
308.906
308.79
308.885
308.812
308.991
309.044
308.969
309.066
308.921
308.833
308.928
308.826
308.513
308.659
308.623
308.548
308.471
308.53
308.58
308.422
308.397
308.308
308.431
308.275
308.595
308.686
308.707
308.575
308.609
308.728
308.616
308.721
308.478
308.334
308.458
308.354
307.889
307.831
307.8
307.92
307.852
307.72
307.763
307.808
308.018
308.18
308.148
308.05
307.963
307.855
307.873
307.944
307.975
307.891
307.981
307.885
308.093
308.206
308.225
308.075
307.633
307.475
307.547
307.56
307.699
307.669
307.612
307.757
307.757
307.804
307.682
307.881
307.389
307.395
307.479
307.306
307.51
307.719
307.599
307.628
307.291
307.107
307.207
307.19
308.226
308.245
308.33
308.144
308.3
308.472
308.405
308.365
308.117
307.922
308.001
308.036
308.226
308.245
308.33
308.144
308.3
308.472
308.405
308.365
308.117
307.922
308.036
308.001
307.955
308.153
308.053
308.053
307.851
307.835
307.741
307.947
307.851
307.835
307.947
307.741
306.893
306.632
306.794
306.794
306.984
307.004
307.086
306.902
306.984
307.004
306.902
307.086
307.633
307.475
307.547
307.56
307.699
307.669
307.612
307.757
307.757
307.804
307.881
307.682
307.389
307.395
307.479
307.306
307.51
307.719
307.628
307.599
307.291
307.107
307.19
307.208
308.906
308.79
308.885
308.812
308.991
309.044
308.969
309.066
308.921
308.833
308.826
308.928
308.513
308.659
308.623
308.548
308.471
308.53
308.58
308.422
308.397
308.308
308.431
308.275
308.595
308.686
308.707
308.575
308.609
308.728
308.721
308.616
308.478
308.334
308.458
308.354
308.906
308.79
308.885
308.812
308.991
309.044
308.969
309.066
308.921
308.833
308.928
308.826
308.513
308.659
308.623
308.548
308.471
308.53
308.58
308.422
308.397
308.308
308.431
308.275
308.595
308.686
308.707
308.575
308.609
308.728
308.616
308.721
308.478
308.334
308.458
308.354
307.889
307.831
307.8
307.92
307.852
307.72
307.763
307.808
308.018
308.18
308.148
308.05
307.963
307.855
307.944
307.873
308.093
308.206
308.225
308.075
307.975
307.891
307.885
307.981
307.889
307.831
307.8
307.92
307.852
307.72
307.763
307.808
308.018
308.18
308.148
308.049
307.963
307.855
307.944
307.873
308.093
308.206
308.225
308.075
307.975
307.891
307.981
307.885
308.226
308.245
308.33
308.144
308.3
308.472
308.405
308.365
308.117
307.922
308.036
308.001
308.226
308.245
308.33
308.144
308.3
308.472
308.405
308.365
308.117
307.922
308.036
308.001
307.955
308.153
308.053
308.053
307.851
307.835
307.947
307.741
307.851
307.834
307.947
307.741
307.633
307.475
307.547
307.56
307.699
307.67
307.612
307.757
307.757
307.804
307.881
307.682
307.39
307.395
307.479
307.307
307.51
307.719
307.628
307.599
307.291
307.107
307.208
307.19
307.633
307.475
307.547
307.559
307.698
307.669
307.612
307.757
307.757
307.804
307.881
307.682
307.389
307.395
307.479
307.306
307.509
307.719
307.628
307.599
307.291
307.107
307.207
307.19
306.893
306.632
306.794
306.794
306.984
307.004
307.086
306.902
306.984
307.004
307.086
306.902
)
;
    }
}


// ************************************************************************* //
