/*--------------------------------*- C++ -*----------------------------------*\
| =========                 |                                                 |
| \\      /  F ield         | OpenFOAM: The Open Source CFD Toolbox           |
|  \\    /   O peration     | Version:  2412                                  |
|   \\  /    A nd           | Website:  www.openfoam.com                      |
|    \\/     M anipulation  |                                                 |
\*---------------------------------------------------------------------------*/
FoamFile
{
    version     2.0;
    format      ascii;
    arch        "LSB;label=32;scalar=64";
    class       volScalarField;
    location    "0.14/chip";
    object      T;
}
// * * * * * * * * * * * * * * * * * * * * * * * * * * * * * * * * * * * * * //

dimensions      [0 0 0 1 0 0 0];

internalField   nonuniform List<scalar> 
7068
(
305.229
305.171
305.171
305.115
306.072
305.826
305.826
305.593
305.115
305.509
305.171
305.171
305.742
305.741
305.115
305.509
305.171
305.171
305.742
305.741
305.229
305.229
305.229
305.987
305.987
305.987
305.987
305.171
305.741
305.742
305.115
305.509
305.171
305.741
305.741
305.509
305.593
305.826
305.826
305.593
305.826
305.826
306.072
306.072
306.072
305.826
305.593
305.826
303.784
303.566
304.725
304.307
304.465
304.591
304.019
304.261
303.684
304.496
304.725
304.307
304.465
304.591
305.982
305.426
305.426
305.633
305.633
305.804
305.804
305.044
304.457
305.366
305.514
304.62
304.9
305.68
304.019
304.261
303.684
304.496
305.044
305.366
304.457
305.514
304.62
305.68
304.9
304.281
304.408
304.408
305.399
303.811
304.799
304.799
304.191
304.123
305.135
304.924
305.06
304.999
304.419
304.828
304.35
304.901
305.135
304.924
305.06
304.999
306.366
306.187
306.187
306.014
306.305
306.186
306.186
305.43
305.415
305.934
305.893
305.514
305.285
306.061
304.419
304.828
304.35
304.901
305.43
305.934
305.415
305.893
305.514
306.061
305.285
304.666
305.204
305.204
305.777
304.849
305.182
305.182
304.019
304.261
303.684
304.496
304.019
304.261
303.684
304.496
304.281
304.408
304.408
305.399
303.811
304.799
304.799
303.874
304.077
304.105
304.78
304.581
304.303
304.105
304.78
304.581
304.303
304.638
305.384
305.119
305.119
304.993
304.993
304.764
304.725
304.307
304.465
304.591
305.044
304.457
305.366
305.514
304.62
304.9
305.68
305.044
304.457
305.366
305.514
304.62
304.9
305.68
304.81
304.875
304.675
305.011
304.81
304.875
304.675
305.011
305.302
305.615
305.33
305.85
305.203
305.723
305.428
305.302
305.615
305.33
305.85
305.203
305.723
305.428
303.784
303.566
304.281
304.408
304.408
305.399
303.811
304.799
304.799
304.019
304.261
303.684
304.496
304.105
304.78
304.581
304.303
303.874
304.077
304.638
305.384
305.119
305.119
304.993
304.993
304.764
304.105
304.78
304.581
304.303
305.044
304.457
305.366
305.514
304.62
304.9
305.68
304.725
304.307
304.465
304.591
305.044
305.366
304.457
305.514
304.62
305.68
304.9
304.81
304.875
304.675
305.011
305.302
305.615
305.33
305.85
305.203
305.723
305.428
304.81
304.875
304.675
305.011
305.302
305.615
305.85
305.33
305.723
305.203
305.428
305.982
305.426
305.426
305.633
305.633
305.804
305.804
305.982
305.426
305.426
305.633
305.633
305.804
305.804
305.982
305.426
305.426
305.633
305.633
305.804
305.804
304.725
304.307
304.465
304.591
305.044
305.366
304.457
305.514
304.62
305.68
304.9
304.725
304.307
304.465
304.591
305.302
305.615
305.33
305.85
305.203
305.723
305.428
304.81
304.875
304.675
305.011
305.302
305.615
305.85
305.33
305.723
305.203
305.428
304.81
304.875
304.675
305.011
304.281
304.408
304.408
305.399
303.811
304.799
304.799
303.784
303.566
304.019
304.261
303.684
304.496
304.105
304.78
304.581
304.303
304.638
305.384
305.119
305.119
304.993
304.993
304.764
303.874
304.077
304.105
304.78
304.581
304.303
305.044
305.366
304.457
305.514
304.62
305.68
304.9
304.725
304.307
304.465
304.591
304.725
304.307
304.465
304.591
305.302
305.615
305.85
305.33
305.723
305.203
305.428
305.302
305.615
305.85
305.33
305.723
305.203
305.428
304.81
304.875
304.675
305.011
304.81
304.875
304.675
305.011
304.019
304.261
303.684
304.496
304.019
304.261
303.684
304.496
303.784
303.566
304.638
305.384
305.119
305.119
304.993
304.993
304.764
304.105
304.78
304.581
304.303
304.105
304.78
304.581
304.303
303.874
304.077
304.419
304.828
304.35
304.901
304.419
304.828
304.35
304.901
304.666
305.204
305.204
305.777
304.849
305.182
305.182
305.135
304.924
305.06
304.999
305.43
305.415
305.934
305.893
305.514
305.285
306.061
305.43
305.415
305.934
305.893
305.514
305.285
306.061
304.191
304.123
304.666
305.204
305.204
305.777
304.849
305.182
305.182
304.419
304.828
304.35
304.901
305.43
305.415
305.934
305.893
305.514
305.285
306.061
305.135
304.924
305.06
304.999
305.43
305.934
305.415
305.893
305.514
306.061
305.285
306.366
306.187
306.187
306.014
306.305
306.186
306.186
306.366
306.187
306.187
306.014
306.305
306.186
306.186
306.366
306.187
306.187
306.014
306.305
306.186
306.186
305.135
304.924
305.06
304.999
305.43
305.934
305.415
305.893
305.514
306.061
305.285
305.135
304.924
305.06
304.999
304.666
305.204
305.204
305.777
304.849
305.182
305.182
304.191
304.123
304.419
304.828
304.35
304.901
305.43
305.934
305.415
305.893
305.514
306.061
305.285
305.135
304.924
305.06
304.999
305.135
304.924
305.06
304.999
304.419
304.828
304.35
304.901
304.419
304.828
304.35
304.901
304.191
304.123
305.606
305.358
305.358
305.431
305.49
305.518
305.518
305.234
304.934
305.298
305.313
305.054
305.154
305.397
305.234
305.298
304.934
305.313
305.053
305.397
305.153
304.893
304.88
304.88
305.199
304.659
305.043
305.043
304.893
304.88
304.88
305.199
304.659
305.043
305.043
305.234
304.934
305.298
305.313
305.397
305.054
305.154
305.234
304.934
305.298
305.313
305.053
305.153
305.397
304.893
304.88
304.88
305.199
305.043
304.659
305.043
305.234
304.934
305.298
305.313
305.397
305.054
305.154
305.234
305.298
304.934
305.313
305.053
305.397
305.153
305.606
305.358
305.358
305.431
305.518
305.49
305.518
305.606
305.358
305.358
305.431
305.518
305.49
305.518
305.606
305.358
305.358
305.431
305.49
305.518
305.518
305.234
305.298
304.934
305.313
305.154
305.054
305.397
304.893
304.88
304.88
305.199
305.043
304.659
305.043
305.234
305.298
304.934
305.313
305.153
305.053
305.397
302.984
303.685
303.5
303.5
303.376
303.376
303.235
302.887
303.575
303.006
303.006
302.546
303.238
303.238
304.246
304.632
304.385
304.703
304.266
304.61
304.365
304.062
303.667
304.41
304.393
303.755
304.001
304.461
304.104
304.526
303.805
304.432
303.777
304.123
304.505
304.204
304.659
304.498
304.26
304.142
304.566
304.323
303.789
303.924
303.724
304.211
303.605
304.12
303.904
303.801
303.621
304.069
304.3
303.461
303.913
304.175
303.651
303.817
303.124
303.99
303.383
303.467
304.016
303.94
304.371
304.405
304.17
304.054
304.279
304.055
304.246
304.632
304.703
304.385
304.61
304.266
304.365
304.062
303.667
304.41
304.393
303.755
304.001
304.461
304.104
304.526
304.432
303.805
303.777
304.505
304.123
304.204
304.659
304.498
304.26
304.143
304.566
304.323
305.663
305.385
305.561
305.601
305.518
305.573
305.691
305.663
305.385
305.561
305.601
305.518
305.573
305.691
305.721
305.778
305.59
305.59
305.547
305.749
305.749
305.029
304.834
304.563
304.699
304.951
304.951
304.771
305.286
305.325
305.117
305.478
305.079
305.451
305.312
305.078
304.841
304.586
305.013
304.976
304.818
305.103
303.79
303.924
304.211
303.725
304.12
303.605
303.905
303.801
303.621
304.069
304.3
303.461
303.913
304.175
303.651
303.817
303.99
303.125
303.383
304.016
303.467
303.94
304.371
304.405
304.171
304.054
304.279
304.056
305.286
305.325
305.117
305.478
305.079
305.451
305.312
305.029
304.834
304.563
304.699
304.951
304.951
304.771
305.078
304.841
305.013
304.586
304.976
305.103
304.818
304.703
304.782
304.211
304.599
304.565
304.846
304.465
304.703
304.782
304.211
304.599
304.565
304.846
304.465
304.523
304.08
304.127
304.127
304.476
304.293
304.293
303.786
304.18
304.029
304.029
303.981
303.981
303.809
303.77
304.157
303.913
303.913
303.699
303.954
303.954
304.857
305.123
304.873
305.113
304.878
305.101
304.841
304.784
304.674
304.993
304.963
304.74
304.718
305.031
304.827
305.099
304.803
305.038
304.782
304.848
305.077
304.814
305.067
304.987
304.721
304.748
305.056
304.82
304.383
304.407
304.141
304.613
304.199
304.601
304.419
304.507
304.583
304.702
304.866
304.464
304.627
304.741
304.353
304.385
304.13
304.54
304.31
304.171
304.577
304.536
304.776
304.89
304.675
304.657
304.765
304.495
304.857
305.123
305.113
304.873
305.101
304.878
304.841
304.784
304.675
304.993
304.963
304.74
304.718
305.032
304.827
305.099
305.038
304.803
304.782
305.077
304.848
304.814
305.067
304.987
304.721
304.748
305.056
304.82
306.298
306.356
306.337
306.337
306.327
306.327
306.308
306.183
306.004
306.102
306.102
306.092
306.092
306.192
306.24
306.278
306.176
306.158
306.148
306.269
306.25
306.24
306.278
306.176
306.158
306.148
306.269
306.25
305.648
305.42
305.407
305.683
305.396
305.673
305.658
305.804
305.883
305.732
305.98
305.722
305.97
305.814
305.598
305.359
305.275
305.528
305.518
305.348
305.608
305.857
305.893
306.051
306.034
306.024
305.883
305.867
304.383
304.407
304.613
304.141
304.601
304.199
304.419
304.507
304.583
304.702
304.866
304.464
304.627
304.741
304.354
304.385
304.54
304.13
304.311
304.577
304.171
304.537
304.776
304.89
304.676
304.657
304.765
304.495
305.648
305.42
305.683
305.407
305.673
305.396
305.658
305.804
305.883
305.98
305.732
305.97
305.722
305.814
305.857
305.893
306.051
306.034
306.024
305.883
305.867
305.598
305.359
305.275
305.528
305.518
305.348
305.608
305.086
304.656
304.873
304.873
304.863
304.863
305.096
305.458
305.767
305.619
305.619
305.609
305.609
305.468
305.267
305.047
305.172
305.422
305.412
305.037
305.276
305.267
305.047
305.172
305.422
305.412
305.037
305.276
303.789
303.924
303.724
304.211
303.605
304.12
303.904
303.801
303.621
304.069
304.3
303.913
303.461
304.175
303.651
303.817
303.124
303.99
303.467
303.383
304.016
303.94
304.371
304.405
304.17
304.054
304.279
304.055
303.79
303.924
303.725
304.211
303.606
304.12
303.905
303.801
303.621
304.069
304.3
303.913
303.461
304.175
303.651
303.817
303.125
303.99
303.468
303.383
304.016
303.94
304.371
304.405
304.171
304.054
304.279
304.056
304.703
304.782
304.211
304.599
304.565
304.465
304.846
304.703
304.782
304.211
304.599
304.565
304.465
304.846
304.523
304.08
304.127
304.127
304.476
304.293
304.293
303.49
303.61
303.61
303.953
303.306
303.706
303.706
303.541
304.02
303.857
303.857
303.666
303.789
303.789
304.106
303.832
304.294
304.181
304.011
303.926
304.37
304.34
304.528
304.723
304.653
304.596
304.459
304.408
304.259
304.455
304.281
304.657
304.164
304.531
304.377
304.187
304.247
304.075
304.492
304.007
304.435
304.255
304.108
303.833
304.295
304.181
304.013
303.927
304.37
304.341
304.528
304.723
304.653
304.597
304.459
304.409
304.26
304.455
304.281
304.657
304.165
304.531
304.377
304.189
304.247
304.076
304.492
304.008
304.436
304.257
304.246
304.632
304.385
304.703
304.266
304.61
304.365
304.062
303.667
304.41
304.393
304.001
303.755
304.461
304.104
304.526
303.805
304.432
304.123
303.777
304.505
304.204
304.659
304.498
304.26
304.142
304.566
304.323
305.029
304.834
304.563
304.699
304.771
304.951
304.951
305.286
305.325
305.117
305.478
305.451
305.079
305.312
305.078
304.841
304.586
305.013
304.818
304.976
305.103
305.029
304.834
304.563
304.699
304.951
304.771
304.951
305.286
305.325
305.117
305.478
305.079
305.312
305.451
305.078
304.841
304.586
305.013
304.976
304.818
305.103
304.574
304.497
304.788
304.887
304.476
304.594
304.865
304.614
304.619
304.818
304.944
304.684
304.55
304.887
304.531
304.744
304.37
304.752
304.434
304.467
304.82
304.657
304.954
304.747
304.989
304.726
304.678
304.932
304.574
304.497
304.788
304.887
304.476
304.594
304.865
304.614
304.619
304.818
304.944
304.887
304.55
304.684
304.531
304.744
304.37
304.752
304.434
304.82
304.467
304.657
304.954
304.747
304.989
304.678
304.932
304.726
302.984
303.685
303.5
303.5
303.376
303.376
303.235
302.887
303.575
303.006
303.006
303.238
302.546
303.238
304.703
304.782
304.211
304.599
304.465
304.565
304.846
304.703
304.782
304.211
304.599
304.846
304.565
304.465
304.523
304.08
304.127
304.127
304.293
304.476
304.293
303.79
303.924
303.725
304.211
303.605
304.12
303.905
303.801
303.621
304.069
304.3
303.461
304.175
303.913
303.651
303.817
303.125
303.99
303.383
303.467
304.016
303.94
304.371
304.405
304.171
304.279
304.056
304.054
304.107
303.832
304.294
304.181
304.012
303.926
304.37
304.341
304.528
304.723
304.653
304.409
304.459
304.596
304.259
304.455
304.281
304.657
304.164
304.377
304.531
304.188
304.247
304.075
304.492
304.255
304.007
304.436
303.49
303.61
303.61
303.953
303.306
303.706
303.706
303.541
304.02
303.857
303.857
303.789
303.789
303.666
304.107
303.833
304.294
304.181
304.013
303.927
304.37
304.341
304.528
304.723
304.653
304.596
304.459
304.409
304.26
304.455
304.281
304.657
304.164
304.531
304.377
304.188
304.247
304.076
304.492
304.008
304.436
304.256
305.029
304.834
304.563
304.699
304.771
304.951
304.951
305.286
305.325
305.117
305.478
305.451
305.079
305.312
305.078
304.841
304.586
305.013
304.818
304.976
305.103
304.246
304.632
304.385
304.703
304.266
304.61
304.365
304.062
303.667
304.41
304.393
304.001
303.755
304.461
304.104
304.526
303.805
304.432
304.123
303.777
304.505
304.204
304.659
304.498
304.26
304.142
304.566
304.323
305.286
305.325
305.117
305.478
305.079
305.312
305.451
305.029
304.834
304.563
304.699
304.951
304.771
304.951
305.078
304.841
305.013
304.586
304.976
305.103
304.818
304.574
304.788
304.497
304.887
304.476
304.865
304.594
304.614
304.619
304.818
304.944
304.684
304.55
304.887
304.531
304.744
304.371
304.752
304.434
304.467
304.82
304.657
304.954
304.989
304.747
304.726
304.932
304.678
304.574
304.497
304.788
304.887
304.476
304.594
304.865
304.614
304.619
304.818
304.944
304.887
304.55
304.684
304.531
304.744
304.371
304.752
304.434
304.82
304.467
304.657
304.954
304.747
304.989
304.678
304.932
304.726
305.663
305.385
305.561
305.601
305.691
305.518
305.573
305.663
305.385
305.561
305.601
305.573
305.518
305.691
305.721
305.778
305.59
305.59
305.749
305.547
305.749
305.663
305.385
305.561
305.601
305.691
305.518
305.573
305.663
305.385
305.561
305.601
305.573
305.518
305.691
305.721
305.778
305.59
305.59
305.749
305.547
305.749
305.663
305.385
305.561
305.601
305.518
305.691
305.573
305.663
305.385
305.561
305.601
305.518
305.691
305.573
305.721
305.778
305.59
305.59
305.547
305.749
305.749
304.246
304.632
304.703
304.385
304.61
304.266
304.365
304.062
303.667
304.41
304.393
304.461
303.755
304.001
304.104
304.526
304.432
303.805
304.505
303.777
304.123
304.204
304.659
304.498
304.26
304.566
304.142
304.323
305.286
305.325
305.117
305.478
305.312
305.079
305.451
305.029
304.834
304.563
304.699
304.951
304.951
304.771
305.078
304.841
305.013
304.586
305.103
304.976
304.818
304.246
304.632
304.385
304.703
304.266
304.61
304.365
304.062
303.667
304.41
304.393
303.755
304.461
304.001
304.104
304.526
303.805
304.432
303.777
304.123
304.505
304.204
304.659
304.498
304.26
304.566
304.323
304.143
304.574
304.788
304.497
304.887
304.476
304.865
304.594
304.614
304.619
304.818
304.944
304.55
304.887
304.684
304.531
304.744
304.371
304.752
304.467
304.434
304.82
304.657
304.954
304.989
304.747
304.932
304.678
304.726
304.574
304.497
304.788
304.887
304.476
304.594
304.865
304.614
304.619
304.818
304.944
304.887
304.55
304.684
304.531
304.744
304.371
304.752
304.434
304.82
304.467
304.657
304.954
304.747
304.989
304.678
304.932
304.726
304.703
304.782
304.211
304.599
304.465
304.565
304.846
304.703
304.782
304.211
304.599
304.846
304.565
304.465
304.523
304.08
304.127
304.127
304.293
304.476
304.293
302.984
303.685
303.5
303.5
303.376
303.376
303.235
302.887
303.575
303.006
303.006
303.238
302.546
303.238
303.789
303.924
304.211
303.724
304.12
303.605
303.905
303.801
303.621
304.069
304.3
303.461
304.175
303.913
303.651
303.817
303.99
303.124
303.383
304.016
303.467
303.94
304.371
304.405
304.171
304.279
304.055
304.054
304.107
304.294
303.832
304.181
304.012
304.37
303.926
304.341
304.528
304.723
304.653
304.409
304.459
304.596
304.26
304.455
304.281
304.657
304.164
304.377
304.531
304.187
304.247
304.492
304.075
304.255
304.435
304.007
303.49
303.61
303.61
303.953
303.306
303.706
303.706
303.541
304.02
303.857
303.857
303.789
303.789
303.666
304.107
304.294
303.832
304.181
304.012
304.37
303.927
304.341
304.528
304.723
304.653
304.596
304.459
304.409
304.26
304.455
304.281
304.657
304.164
304.531
304.377
304.188
304.247
304.492
304.076
304.436
304.008
304.256
305.286
305.325
305.117
305.478
305.312
305.079
305.451
305.029
304.834
304.563
304.699
304.951
304.951
304.771
305.078
304.841
305.013
304.586
305.103
304.976
304.818
304.246
304.632
304.703
304.385
304.61
304.266
304.365
304.062
303.667
304.41
304.393
304.461
303.755
304.001
304.104
304.526
304.432
303.805
304.505
303.777
304.123
304.204
304.659
304.498
304.26
304.566
304.142
304.323
304.246
304.632
304.703
304.385
304.61
304.266
304.365
304.062
303.667
304.41
304.393
303.755
304.461
304.001
304.104
304.526
304.432
303.805
303.777
304.505
304.123
304.204
304.659
304.498
304.26
304.566
304.323
304.142
304.574
304.788
304.497
304.887
304.476
304.865
304.594
304.614
304.619
304.818
304.944
304.55
304.887
304.684
304.531
304.744
304.371
304.752
304.467
304.434
304.82
304.657
304.954
304.989
304.747
304.932
304.678
304.726
304.574
304.788
304.497
304.887
304.476
304.865
304.594
304.614
304.619
304.818
304.944
304.887
304.55
304.684
304.531
304.744
304.37
304.752
304.434
304.82
304.467
304.657
304.954
304.989
304.747
304.932
304.678
304.726
303.79
303.924
304.211
303.725
304.12
303.606
303.905
303.801
303.622
304.069
304.3
304.175
303.461
303.913
303.651
303.817
303.99
303.125
304.016
303.383
303.468
303.94
304.371
304.405
304.171
304.279
304.054
304.056
303.789
303.924
304.211
303.724
304.12
303.605
303.904
303.801
303.621
304.069
304.3
304.175
303.461
303.913
303.651
303.817
303.99
303.124
304.016
303.383
303.467
303.94
304.371
304.405
304.17
304.279
304.054
304.055
302.984
303.685
303.5
303.5
303.376
303.376
303.235
302.887
303.576
303.006
303.006
302.546
303.238
303.238
304.108
304.295
303.833
304.181
304.013
304.37
303.927
304.341
304.528
304.723
304.653
304.459
304.597
304.409
304.26
304.455
304.281
304.657
304.377
304.165
304.531
304.189
304.247
304.492
304.076
304.436
304.008
304.257
304.106
304.294
303.831
304.181
304.011
304.37
303.926
304.34
304.528
304.723
304.653
304.459
304.596
304.408
304.259
304.455
304.281
304.657
304.377
304.164
304.531
304.187
304.247
304.492
304.075
304.435
304.007
304.255
303.49
303.61
303.61
303.953
303.306
303.706
303.706
303.541
304.02
303.858
303.857
303.789
303.789
303.666
304.383
304.407
304.141
304.613
304.199
304.601
304.419
304.507
304.583
304.702
304.866
304.627
304.464
304.741
304.353
304.385
304.13
304.54
304.171
304.31
304.578
304.536
304.776
304.89
304.675
304.657
304.765
304.495
304.383
304.407
304.141
304.613
304.199
304.601
304.419
304.507
304.583
304.702
304.866
304.627
304.464
304.741
304.354
304.385
304.131
304.54
304.172
304.311
304.577
304.537
304.776
304.89
304.676
304.657
304.765
304.495
305.086
304.656
304.873
304.873
304.863
304.863
305.096
305.458
305.767
305.619
305.619
305.468
305.609
305.609
305.267
305.047
305.172
305.422
305.037
305.276
305.412
305.267
305.047
305.172
305.422
305.037
305.276
305.412
304.857
305.123
304.873
305.113
304.878
305.101
304.841
304.784
304.674
304.993
304.963
304.718
304.74
305.031
304.827
305.099
304.803
305.038
304.848
304.782
305.077
304.814
305.067
304.987
304.721
304.748
305.056
304.82
305.648
305.42
305.407
305.683
305.396
305.673
305.658
305.804
305.883
305.732
305.98
305.97
305.722
305.814
305.598
305.359
305.275
305.528
305.348
305.518
305.608
305.857
305.893
306.051
306.034
306.024
305.883
305.867
305.648
305.42
305.407
305.683
305.396
305.673
305.658
305.804
305.883
305.732
305.98
305.814
305.722
305.97
305.598
305.359
305.275
305.528
305.348
305.608
305.518
305.857
305.893
306.051
306.034
305.883
305.867
306.024
303.786
304.18
304.029
304.029
303.981
303.981
303.809
303.77
304.157
303.913
303.913
303.954
303.699
303.954
305.086
304.656
304.873
304.873
304.863
304.863
305.096
305.458
305.767
305.619
305.619
305.609
305.609
305.468
305.267
305.047
305.172
305.422
305.037
305.412
305.276
305.267
305.047
305.172
305.422
305.412
305.037
305.276
304.383
304.407
304.141
304.613
304.199
304.601
304.419
304.507
304.583
304.702
304.866
304.464
304.741
304.627
304.354
304.385
304.13
304.54
304.311
304.172
304.577
304.537
304.776
304.89
304.676
304.765
304.495
304.657
305.648
305.42
305.407
305.683
305.396
305.673
305.658
305.804
305.883
305.732
305.98
305.97
305.722
305.814
305.598
305.359
305.275
305.528
305.348
305.518
305.608
305.857
305.893
306.051
306.034
306.024
305.883
305.867
304.857
305.123
304.873
305.113
304.878
305.101
304.841
304.784
304.674
304.993
304.963
304.718
304.74
305.032
304.827
305.099
304.803
305.038
304.848
304.782
305.077
304.814
305.067
304.987
304.721
304.748
305.056
304.82
305.648
305.42
305.683
305.407
305.673
305.396
305.658
305.804
305.883
305.98
305.732
305.814
305.97
305.722
305.857
305.893
306.051
306.034
305.883
305.867
306.024
305.598
305.359
305.275
305.528
305.348
305.608
305.518
306.298
306.356
306.337
306.337
306.327
306.327
306.308
306.183
306.004
306.102
306.102
306.092
306.092
306.192
306.24
306.278
306.176
306.158
306.269
306.148
306.25
306.24
306.278
306.176
306.158
306.148
306.269
306.25
306.298
306.356
306.337
306.337
306.327
306.327
306.308
306.182
306.004
306.102
306.102
306.092
306.092
306.192
306.24
306.278
306.176
306.158
306.269
306.148
306.25
306.24
306.278
306.176
306.158
306.148
306.269
306.25
306.298
306.356
306.337
306.337
306.327
306.327
306.308
306.183
306.004
306.102
306.102
306.192
306.092
306.092
306.24
306.278
306.176
306.158
306.269
306.25
306.148
306.24
306.278
306.176
306.158
306.269
306.25
306.148
304.857
305.123
305.113
304.873
305.101
304.878
304.841
304.784
304.675
304.993
304.963
305.032
304.74
304.718
304.827
305.099
305.038
304.803
305.077
304.782
304.848
304.814
305.067
304.987
304.721
305.056
304.748
304.82
305.648
305.42
305.683
305.407
305.673
305.396
305.658
305.804
305.883
305.98
305.732
305.722
305.97
305.814
305.857
305.893
306.051
306.034
305.883
306.024
305.867
305.598
305.359
305.275
305.528
305.518
305.348
305.608
304.857
305.123
304.873
305.113
304.878
305.101
304.841
304.784
304.675
304.993
304.963
304.74
305.032
304.718
304.827
305.099
304.803
305.038
304.783
304.848
305.077
304.814
305.067
304.987
304.721
305.056
304.82
304.748
305.086
304.656
304.873
304.873
304.863
304.863
305.096
305.458
305.767
305.619
305.619
305.609
305.609
305.468
305.267
305.047
305.172
305.422
305.037
305.412
305.276
305.267
305.047
305.172
305.422
305.412
305.037
305.276
303.786
304.18
304.029
304.029
303.981
303.981
303.809
303.77
304.157
303.913
303.913
303.954
303.699
303.954
304.383
304.407
304.613
304.141
304.601
304.199
304.419
304.507
304.583
304.702
304.866
304.464
304.741
304.627
304.354
304.385
304.54
304.13
304.311
304.577
304.171
304.537
304.776
304.89
304.676
304.765
304.495
304.657
305.648
305.42
305.683
305.407
305.673
305.396
305.658
305.804
305.883
305.98
305.732
305.722
305.97
305.814
305.857
305.893
306.051
306.034
305.883
306.024
305.867
305.598
305.359
305.275
305.528
305.518
305.348
305.608
304.857
305.123
305.113
304.873
305.101
304.878
304.841
304.784
304.674
304.993
304.963
305.031
304.74
304.718
304.827
305.099
305.038
304.803
305.077
304.782
304.848
304.814
305.067
304.987
304.721
305.056
304.748
304.82
304.857
305.123
305.113
304.873
305.101
304.878
304.841
304.784
304.674
304.993
304.963
304.74
305.031
304.718
304.827
305.099
305.038
304.803
304.782
305.077
304.848
304.814
305.067
304.987
304.721
305.056
304.82
304.748
304.383
304.407
304.613
304.141
304.601
304.199
304.419
304.507
304.583
304.702
304.866
304.741
304.464
304.627
304.354
304.385
304.54
304.131
304.577
304.311
304.172
304.537
304.776
304.89
304.676
304.765
304.657
304.495
304.383
304.407
304.613
304.141
304.601
304.199
304.419
304.507
304.583
304.702
304.866
304.741
304.464
304.627
304.353
304.385
304.54
304.13
304.578
304.31
304.171
304.536
304.776
304.89
304.675
304.765
304.657
304.495
303.786
304.18
304.029
304.029
303.981
303.981
303.809
303.77
304.157
303.913
303.913
303.699
303.954
303.954
305.392
305.28
305.28
305.29
305.331
305.341
305.341
305.212
305.103
305.221
305.232
305.152
305.164
305.282
305.212
305.221
305.103
305.232
305.152
305.282
305.164
305.041
305.047
305.047
305.175
304.98
305.108
305.108
305.041
305.047
305.047
305.175
304.98
305.108
305.108
305.212
305.103
305.221
305.232
305.282
305.152
305.164
305.212
305.103
305.221
305.232
305.152
305.164
305.282
305.041
305.047
305.047
305.175
305.108
304.98
305.108
305.212
305.103
305.221
305.232
305.282
305.152
305.164
305.212
305.221
305.103
305.232
305.152
305.282
305.164
305.392
305.28
305.28
305.29
305.341
305.331
305.341
305.392
305.28
305.28
305.29
305.341
305.331
305.341
305.392
305.28
305.28
305.29
305.331
305.341
305.341
305.212
305.221
305.103
305.232
305.164
305.152
305.282
305.041
305.047
305.047
305.175
305.108
304.98
305.108
305.212
305.221
305.103
305.232
305.164
305.152
305.282
303.331
303.627
303.411
303.411
303.268
303.473
303.473
304.226
304.125
304.347
304.368
304.164
304.187
304.409
304.335
304.527
304.277
304.46
304.272
304.34
304.522
304.089
304.08
304.205
304.322
304.027
304.142
304.266
303.696
303.745
303.527
303.796
303.635
303.589
303.858
304.226
304.125
304.347
304.368
304.164
304.187
304.409
304.335
304.527
304.46
304.277
304.272
304.522
304.34
305.534
305.419
305.479
305.488
305.472
305.481
305.54
305.534
305.419
305.479
305.488
305.472
305.481
305.54
305.68
305.695
305.626
305.626
305.618
305.687
305.687
304.7
304.595
304.498
304.518
304.638
304.656
304.56
305.348
305.359
305.294
305.427
305.287
305.42
305.355
304.819
304.682
304.615
304.764
304.758
304.676
304.825
304.089
304.08
304.205
304.322
304.028
304.142
304.266
303.696
303.745
303.796
303.527
303.635
303.858
303.589
305.348
305.359
305.294
305.427
305.287
305.42
305.355
304.7
304.595
304.498
304.518
304.638
304.656
304.56
304.819
304.682
304.764
304.615
304.758
304.825
304.676
304.547
304.545
304.351
304.469
304.486
304.606
304.412
304.547
304.545
304.351
304.469
304.486
304.606
304.412
304.109
303.872
303.927
303.927
304.048
303.988
303.988
304.089
304.08
304.205
304.322
304.142
304.027
304.266
303.696
303.745
303.527
303.796
303.589
303.635
303.858
304.089
304.08
304.205
304.322
304.142
304.028
304.266
303.696
303.745
303.528
303.796
303.589
303.635
303.858
304.547
304.545
304.351
304.469
304.486
304.412
304.606
304.547
304.545
304.351
304.469
304.486
304.412
304.606
304.109
303.872
303.927
303.927
304.048
303.988
303.988
304.226
304.125
304.347
304.368
304.187
304.164
304.409
304.335
304.527
304.277
304.46
304.34
304.272
304.522
304.7
304.595
304.498
304.518
304.56
304.638
304.656
305.348
305.359
305.294
305.427
305.42
305.287
305.355
304.819
304.682
304.615
304.764
304.676
304.758
304.825
304.7
304.595
304.498
304.518
304.638
304.56
304.656
305.348
305.359
305.294
305.427
305.287
305.355
305.42
304.819
304.682
304.615
304.764
304.758
304.676
304.825
303.331
303.627
303.411
303.411
303.473
303.268
303.473
304.547
304.545
304.351
304.469
304.412
304.486
304.606
304.547
304.545
304.351
304.469
304.606
304.486
304.412
304.109
303.872
303.927
303.927
303.988
304.048
303.988
304.089
304.08
304.205
304.322
304.028
304.266
304.142
303.696
303.745
303.528
303.796
303.635
303.589
303.858
304.7
304.595
304.498
304.518
304.56
304.639
304.656
305.348
305.359
305.294
305.427
305.42
305.287
305.355
304.819
304.682
304.615
304.764
304.676
304.758
304.825
304.226
304.125
304.347
304.368
304.187
304.164
304.409
304.335
304.527
304.277
304.46
304.34
304.272
304.522
305.348
305.359
305.294
305.427
305.287
305.355
305.42
304.7
304.595
304.498
304.518
304.638
304.56
304.656
304.819
304.682
304.764
304.615
304.758
304.825
304.676
305.533
305.419
305.479
305.488
305.54
305.472
305.481
305.534
305.419
305.479
305.488
305.481
305.472
305.54
305.68
305.695
305.626
305.626
305.687
305.618
305.687
305.533
305.419
305.479
305.487
305.54
305.472
305.481
305.533
305.419
305.479
305.487
305.481
305.472
305.54
305.68
305.695
305.626
305.626
305.687
305.618
305.687
305.534
305.419
305.479
305.488
305.472
305.54
305.481
305.533
305.419
305.479
305.487
305.472
305.54
305.481
305.68
305.695
305.626
305.626
305.618
305.687
305.687
304.226
304.125
304.347
304.368
304.409
304.164
304.187
304.335
304.527
304.46
304.277
304.522
304.272
304.34
305.348
305.359
305.294
305.427
305.355
305.287
305.42
304.7
304.595
304.498
304.518
304.656
304.639
304.56
304.819
304.682
304.764
304.615
304.825
304.758
304.676
304.226
304.125
304.347
304.368
304.164
304.409
304.187
304.335
304.527
304.277
304.46
304.272
304.34
304.522
304.547
304.545
304.351
304.469
304.412
304.486
304.606
304.547
304.545
304.351
304.469
304.606
304.486
304.412
304.109
303.872
303.927
303.927
303.988
304.048
303.988
303.331
303.627
303.411
303.411
303.473
303.268
303.473
304.089
304.08
304.205
304.322
304.028
304.266
304.142
303.696
303.745
303.796
303.527
303.635
303.858
303.589
305.348
305.359
305.294
305.427
305.355
305.287
305.42
304.7
304.595
304.498
304.518
304.656
304.638
304.56
304.819
304.682
304.764
304.615
304.825
304.758
304.676
304.226
304.125
304.347
304.368
304.409
304.164
304.187
304.335
304.527
304.46
304.277
304.522
304.272
304.34
304.226
304.125
304.347
304.368
304.164
304.409
304.187
304.335
304.527
304.46
304.277
304.272
304.522
304.34
304.089
304.08
304.206
304.322
304.266
304.028
304.142
303.696
303.745
303.796
303.528
303.858
303.635
303.589
304.089
304.08
304.205
304.322
304.266
304.027
304.142
303.696
303.745
303.796
303.527
303.858
303.635
303.589
303.331
303.627
303.411
303.411
303.268
303.473
303.473
305.435
305.322
305.41
305.419
305.374
305.384
305.471
305.435
305.322
305.41
305.419
305.374
305.384
305.471
305.479
305.552
305.454
305.454
305.418
305.515
305.515
305.133
305.024
304.981
304.995
305.072
305.084
305.042
305.254
305.263
305.227
305.359
305.193
305.324
305.288
305.173
305.114
305.021
305.146
305.112
305.082
305.207
305.254
305.263
305.227
305.359
305.193
305.324
305.288
305.132
305.024
304.981
304.995
305.072
305.084
305.042
305.173
305.114
305.146
305.021
305.112
305.207
305.082
304.964
304.969
304.816
304.941
304.903
305.029
304.877
304.964
304.969
304.816
304.941
304.903
305.029
304.877
304.888
304.719
304.742
304.742
304.828
304.803
304.803
304.964
304.969
304.816
304.941
304.903
305.029
304.877
304.964
304.969
304.816
304.941
304.903
305.029
304.877
304.888
304.719
304.742
304.742
304.828
304.803
304.803
305.133
305.024
304.981
304.995
305.072
305.084
305.042
305.254
305.263
305.359
305.227
305.324
305.193
305.288
305.173
305.114
305.021
305.146
305.112
305.082
305.207
305.132
305.024
304.981
304.995
305.072
305.084
305.042
305.254
305.263
305.227
305.359
305.193
305.324
305.288
305.173
305.114
305.021
305.146
305.112
305.082
305.207
304.964
304.969
304.816
304.941
304.903
305.029
304.877
304.964
304.969
304.941
304.816
305.029
304.903
304.877
304.888
304.719
304.742
304.742
304.828
304.803
304.803
305.133
305.024
304.981
304.995
305.072
305.084
305.042
305.254
305.263
305.359
305.227
305.324
305.193
305.288
305.173
305.114
305.021
305.146
305.112
305.082
305.207
305.254
305.263
305.227
305.359
305.193
305.324
305.288
305.132
305.024
304.981
304.995
305.072
305.084
305.042
305.173
305.114
305.146
305.021
305.112
305.207
305.082
305.435
305.322
305.41
305.419
305.374
305.384
305.471
305.435
305.322
305.419
305.41
305.384
305.374
305.471
305.479
305.552
305.454
305.454
305.418
305.515
305.515
305.435
305.322
305.41
305.419
305.374
305.384
305.471
305.435
305.322
305.419
305.41
305.384
305.374
305.471
305.479
305.552
305.454
305.454
305.418
305.515
305.515
305.435
305.322
305.41
305.419
305.374
305.384
305.471
305.435
305.322
305.41
305.419
305.374
305.384
305.471
305.479
305.552
305.454
305.454
305.418
305.515
305.515
305.254
305.263
305.227
305.359
305.193
305.324
305.288
305.133
305.024
304.995
304.981
305.084
305.072
305.042
305.173
305.114
305.146
305.021
305.112
305.207
305.082
304.964
304.969
304.816
304.941
304.903
305.029
304.877
304.964
304.969
304.941
304.816
305.029
304.903
304.877
304.888
304.719
304.742
304.742
304.828
304.803
304.803
305.254
305.263
305.227
305.359
305.193
305.324
305.288
305.132
305.024
304.995
304.981
305.084
305.072
305.042
305.173
305.114
305.146
305.021
305.112
305.207
305.082
303.296
303.104
303.105
303.074
303.233
303.184
303.185
303.357
303.157
303.326
303.327
303.256
303.257
303.416
303.1
302.784
303.023
303.024
303.167
302.932
302.933
303.154
303.224
302.89
303.105
302.987
303.093
303.283
303.155
303.224
302.891
303.105
302.987
303.093
303.283
303.032
302.672
302.745
302.746
302.842
302.843
302.962
304.01
303.912
303.701
303.772
303.807
303.95
303.972
304.259
304.382
304.224
304.472
304.286
304.197
304.443
304.04
303.861
303.732
304.006
303.837
304.066
303.98
304.113
304.057
303.8
303.911
303.907
304.052
304.118
304.324
304.449
304.246
304.494
304.308
304.262
304.51
304.103
303.883
303.791
304.027
303.897
304.087
304.043
303.877
303.867
303.576
303.727
303.68
303.816
303.927
304.028
304.142
303.897
304.13
303.959
303.966
304.203
303.821
303.563
303.521
303.695
303.625
303.754
303.762
303.503
303.34
303.217
303.221
303.318
303.444
303.398
303.794
303.899
303.82
304.051
303.881
303.733
303.959
303.593
303.487
303.308
303.618
303.408
303.678
303.534
304.01
303.912
303.701
303.772
303.807
303.95
303.972
304.259
304.382
304.224
304.472
304.287
304.197
304.443
304.04
303.861
303.732
304.006
303.837
304.066
303.98
304.324
304.449
304.246
304.494
304.308
304.262
304.51
304.113
304.057
303.8
303.911
303.907
304.052
304.118
304.103
303.883
304.027
303.791
304.087
303.897
304.043
305.52
305.405
305.437
305.446
305.499
305.458
305.467
305.579
305.524
305.554
305.623
305.615
305.517
305.586
305.564
305.58
305.482
305.54
305.543
305.601
305.503
305.52
305.405
305.437
305.446
305.499
305.458
305.467
305.579
305.524
305.554
305.623
305.615
305.517
305.586
305.564
305.58
305.482
305.54
305.543
305.601
305.503
305.666
305.611
305.582
305.651
305.644
305.604
305.673
305.666
305.611
305.582
305.651
305.644
305.604
305.673
305.651
305.608
305.568
305.568
305.63
305.63
305.59
304.826
304.721
304.88
304.895
304.941
304.766
304.782
304.736
304.534
304.705
304.624
304.766
304.675
304.595
304.865
305.012
304.919
304.835
304.98
304.896
304.804
305.335
305.345
305.254
305.386
305.315
305.274
305.406
305.265
305.211
305.111
305.178
305.172
305.204
305.272
305.252
305.14
305.172
305.098
305.233
305.159
305.191
304.808
304.603
304.729
304.647
304.79
304.747
304.665
304.95
304.896
305.007
305.074
305.068
304.889
304.956
304.938
305.037
304.859
304.995
304.92
305.055
304.877
303.877
303.867
303.576
303.727
303.68
303.816
303.928
304.028
304.142
303.898
304.13
303.959
303.966
304.203
303.821
303.563
303.521
303.695
303.625
303.754
303.762
303.794
303.899
303.82
304.051
303.881
303.733
303.959
303.503
303.34
303.217
303.221
303.319
303.445
303.398
303.594
303.487
303.618
303.308
303.678
303.409
303.534
305.335
305.345
305.254
305.386
305.315
305.274
305.406
305.265
305.211
305.111
305.178
305.172
305.204
305.272
305.252
305.14
305.172
305.098
305.233
305.159
305.191
304.826
304.721
304.88
304.895
304.941
304.766
304.782
304.736
304.534
304.705
304.624
304.766
304.675
304.595
304.865
305.012
304.919
304.835
304.98
304.896
304.804
304.95
304.896
305.007
305.074
305.068
304.889
304.956
304.808
304.603
304.729
304.647
304.79
304.747
304.665
304.938
305.037
304.995
304.859
305.055
304.92
304.877
304.67
304.67
304.72
304.843
304.78
304.61
304.731
304.479
304.285
304.341
304.272
304.402
304.418
304.346
304.599
304.626
304.647
304.46
304.707
304.52
304.539
304.67
304.67
304.72
304.843
304.78
304.61
304.731
304.479
304.285
304.341
304.271
304.401
304.418
304.346
304.599
304.626
304.647
304.46
304.707
304.52
304.539
304.217
304.033
304.255
304.187
304.315
304.157
304.093
304.217
304.033
304.255
304.187
304.315
304.157
304.093
304.331
304.536
304.372
304.372
304.432
304.432
304.271
303.887
303.831
303.831
303.797
303.876
303.84
303.84
303.983
304.08
304.025
303.931
303.926
304.071
303.988
303.983
304.08
304.025
303.93
303.926
304.071
303.988
303.895
303.804
303.851
303.851
303.847
303.847
303.903
303.844
303.751
303.817
303.817
303.862
303.799
303.799
303.822
303.727
303.75
303.75
303.777
303.777
303.797
304.925
304.938
304.867
304.867
304.862
304.93
304.933
304.914
304.835
304.857
304.906
304.852
304.899
304.922
304.815
304.785
304.715
304.76
304.755
304.779
304.823
304.851
304.815
304.883
304.792
304.875
304.787
304.858
304.288
304.2
304.135
304.243
304.239
304.195
304.296
304.389
304.415
304.334
304.475
304.328
304.466
304.395
304.68
304.736
304.671
304.622
304.617
304.728
304.686
304.614
304.489
304.557
304.563
304.551
304.559
304.622
304.925
304.938
304.867
304.867
304.862
304.93
304.933
304.914
304.835
304.906
304.857
304.899
304.852
304.922
304.815
304.786
304.715
304.76
304.755
304.779
304.823
304.851
304.815
304.883
304.793
304.875
304.787
304.858
304.288
304.2
304.135
304.243
304.239
304.195
304.296
304.389
304.415
304.475
304.334
304.466
304.328
304.395
304.68
304.736
304.671
304.623
304.617
304.728
304.686
304.614
304.489
304.557
304.563
304.551
304.559
304.622
303.877
303.867
303.727
303.576
303.68
303.927
303.816
304.028
304.142
303.897
304.13
303.966
303.959
304.203
303.821
303.563
303.521
303.695
303.625
303.762
303.754
303.503
303.34
303.221
303.217
303.398
303.444
303.318
303.794
303.899
303.82
304.051
303.733
303.881
303.959
303.593
303.487
303.308
303.618
303.534
303.408
303.678
303.877
303.867
303.727
303.576
303.68
303.928
303.816
304.028
304.142
303.898
304.13
303.966
303.959
304.203
303.821
303.563
303.521
303.695
303.625
303.762
303.754
303.503
303.34
303.221
303.218
303.398
303.445
303.319
303.794
303.899
303.82
304.051
303.733
303.881
303.959
303.594
303.487
303.308
303.618
303.534
303.409
303.678
304.67
304.67
304.72
304.843
304.78
304.61
304.731
304.479
304.285
304.341
304.271
304.418
304.346
304.401
304.599
304.626
304.647
304.46
304.707
304.539
304.52
304.67
304.67
304.72
304.843
304.78
304.61
304.731
304.479
304.285
304.341
304.272
304.418
304.346
304.402
304.599
304.626
304.647
304.46
304.707
304.539
304.52
304.217
304.033
304.255
304.187
304.157
304.093
304.315
304.217
304.033
304.255
304.187
304.157
304.093
304.315
304.331
304.536
304.372
304.372
304.271
304.432
304.432
303.573
303.434
303.557
303.557
303.505
303.505
303.619
303.523
303.373
303.39
303.39
303.471
303.45
303.451
303.7
303.587
303.603
303.603
303.661
303.647
303.647
303.736
303.629
303.72
303.72
303.768
303.685
303.685
304.01
303.912
303.772
303.701
303.807
303.972
303.95
304.259
304.382
304.224
304.472
304.197
304.286
304.443
304.04
303.861
303.732
304.006
303.837
303.98
304.066
304.113
304.057
303.911
303.8
304.118
304.052
303.907
304.324
304.449
304.246
304.494
304.262
304.308
304.51
304.103
303.883
303.791
304.027
304.043
303.897
304.087
304.826
304.721
304.88
304.895
304.941
304.766
304.782
304.736
304.534
304.624
304.705
304.595
304.675
304.766
304.865
305.012
304.919
304.835
304.98
304.804
304.896
305.335
305.345
305.386
305.254
305.315
305.406
305.274
305.265
305.211
305.111
305.178
305.204
305.172
305.272
305.252
305.14
305.172
305.098
305.233
305.191
305.159
304.808
304.603
304.647
304.729
304.665
304.747
304.79
304.95
304.896
305.007
305.074
304.889
305.068
304.956
304.938
305.037
304.859
304.995
304.877
304.92
305.055
304.826
304.721
304.88
304.895
304.941
304.766
304.782
304.736
304.534
304.705
304.624
304.675
304.595
304.766
304.865
305.012
304.919
304.835
304.98
304.804
304.896
305.335
305.345
305.254
305.386
305.315
305.274
305.406
305.265
305.211
305.111
305.178
305.204
305.272
305.172
305.252
305.14
305.172
305.098
305.233
305.191
305.159
304.808
304.603
304.729
304.647
304.747
304.665
304.79
304.95
304.896
305.007
305.074
304.889
304.956
305.068
304.938
305.037
304.859
304.995
304.877
304.92
305.055
303.296
303.105
303.105
303.074
303.233
303.184
303.184
303.357
303.157
303.327
303.326
303.257
303.257
303.416
303.1
303.023
302.784
303.023
303.167
302.933
302.933
303.155
303.224
303.105
302.891
303.283
303.093
302.987
303.155
303.224
302.891
303.105
303.093
302.987
303.283
303.032
302.672
302.745
302.745
302.962
302.842
302.843
304.67
304.67
304.72
304.843
304.78
304.61
304.731
304.479
304.285
304.271
304.341
304.346
304.418
304.401
304.599
304.626
304.647
304.46
304.707
304.539
304.52
304.67
304.67
304.843
304.72
304.78
304.731
304.61
304.479
304.285
304.341
304.272
304.418
304.401
304.346
304.599
304.626
304.647
304.46
304.707
304.539
304.52
304.217
304.033
304.187
304.255
304.093
304.157
304.315
304.217
304.033
304.255
304.187
304.157
304.315
304.093
304.331
304.536
304.372
304.372
304.271
304.432
304.432
303.877
303.867
303.576
303.727
303.68
303.816
303.928
304.028
304.142
303.898
304.13
303.966
304.203
303.959
303.821
303.563
303.521
303.695
303.625
303.762
303.754
303.503
303.34
303.218
303.221
303.445
303.398
303.319
303.794
303.899
303.82
304.051
303.733
303.959
303.881
303.594
303.487
303.308
303.618
303.534
303.409
303.678
303.573
303.434
303.557
303.557
303.505
303.505
303.619
303.523
303.373
303.39
303.39
303.471
303.451
303.45
303.7
303.603
303.603
303.587
303.661
303.647
303.647
303.736
303.629
303.72
303.72
303.685
303.685
303.768
304.826
304.721
304.88
304.895
304.941
304.766
304.782
304.736
304.534
304.624
304.705
304.595
304.675
304.766
304.865
305.012
304.919
304.835
304.98
304.804
304.896
305.335
305.345
305.386
305.254
305.315
305.406
305.274
305.265
305.211
305.111
305.178
305.204
305.172
305.272
305.252
305.14
305.172
305.098
305.233
305.191
305.159
304.808
304.603
304.647
304.729
304.665
304.747
304.79
304.95
304.896
305.007
305.074
304.889
305.068
304.956
304.938
305.037
304.859
304.995
304.877
304.92
305.055
304.01
303.912
303.772
303.701
303.807
303.972
303.95
304.259
304.382
304.224
304.472
304.197
304.287
304.443
304.04
303.861
303.732
304.006
303.837
303.98
304.066
304.113
304.057
303.911
303.8
304.118
304.052
303.907
304.324
304.449
304.246
304.494
304.262
304.308
304.51
304.103
303.883
303.791
304.027
304.043
303.897
304.087
305.335
305.345
305.254
305.386
305.315
305.274
305.406
305.265
305.211
305.111
305.178
305.204
305.272
305.172
305.252
305.14
305.172
305.098
305.233
305.191
305.159
304.826
304.721
304.88
304.895
304.941
304.766
304.782
304.736
304.534
304.705
304.624
304.675
304.595
304.766
304.865
305.012
304.919
304.835
304.98
304.804
304.896
304.95
304.896
305.007
305.074
304.889
304.956
305.068
304.808
304.603
304.729
304.647
304.747
304.665
304.79
304.938
305.037
304.995
304.859
304.877
305.055
304.92
305.52
305.405
305.437
305.446
305.499
305.458
305.467
305.579
305.524
305.623
305.554
305.586
305.517
305.615
305.564
305.58
305.482
305.54
305.543
305.503
305.601
305.52
305.405
305.446
305.437
305.499
305.467
305.458
305.579
305.524
305.554
305.623
305.517
305.615
305.586
305.564
305.58
305.482
305.54
305.543
305.503
305.601
305.666
305.611
305.651
305.582
305.673
305.604
305.644
305.666
305.611
305.582
305.651
305.604
305.644
305.673
305.651
305.608
305.568
305.568
305.59
305.63
305.63
305.52
305.405
305.437
305.446
305.499
305.458
305.467
305.579
305.524
305.623
305.554
305.586
305.517
305.615
305.564
305.58
305.482
305.54
305.543
305.503
305.601
305.52
305.405
305.446
305.437
305.499
305.467
305.458
305.579
305.524
305.554
305.623
305.517
305.615
305.586
305.564
305.58
305.482
305.54
305.543
305.503
305.601
305.666
305.611
305.651
305.582
305.673
305.604
305.644
305.666
305.611
305.582
305.651
305.604
305.644
305.673
305.651
305.608
305.568
305.568
305.59
305.63
305.63
305.52
305.405
305.437
305.446
305.499
305.458
305.467
305.579
305.524
305.554
305.623
305.517
305.586
305.615
305.564
305.58
305.482
305.54
305.543
305.503
305.601
305.52
305.405
305.437
305.446
305.499
305.458
305.467
305.579
305.524
305.554
305.623
305.517
305.586
305.615
305.564
305.58
305.482
305.54
305.543
305.503
305.601
305.666
305.611
305.582
305.651
305.604
305.673
305.644
305.666
305.611
305.582
305.651
305.604
305.673
305.644
305.651
305.608
305.568
305.568
305.59
305.63
305.63
304.01
303.912
303.701
303.772
303.807
303.95
303.972
304.259
304.382
304.472
304.224
304.443
304.197
304.287
304.04
303.861
303.732
304.006
303.837
303.98
304.066
304.324
304.449
304.494
304.246
304.51
304.262
304.308
304.113
304.057
303.8
303.911
304.052
303.907
304.118
304.103
303.883
304.027
303.791
304.043
304.087
303.897
305.335
305.345
305.254
305.386
305.315
305.274
305.406
305.265
305.211
305.178
305.111
305.272
305.204
305.172
305.252
305.14
305.172
305.098
305.233
305.191
305.159
304.826
304.721
304.895
304.88
304.941
304.782
304.766
304.736
304.534
304.705
304.624
304.675
304.766
304.595
304.865
305.012
304.919
304.835
304.98
304.804
304.896
304.95
304.896
305.074
305.007
304.956
304.889
305.068
304.808
304.603
304.729
304.647
304.747
304.79
304.665
304.938
305.037
304.995
304.859
304.877
305.055
304.92
304.01
303.912
303.701
303.772
303.807
303.95
303.972
304.259
304.382
304.224
304.472
304.197
304.443
304.287
304.04
303.861
303.732
304.006
303.837
303.98
304.066
304.113
304.057
303.8
303.911
304.052
304.118
303.907
304.324
304.449
304.246
304.494
304.262
304.51
304.308
304.103
303.883
303.791
304.027
304.043
303.897
304.087
304.67
304.67
304.72
304.843
304.78
304.61
304.731
304.479
304.285
304.272
304.341
304.346
304.418
304.401
304.599
304.626
304.647
304.46
304.707
304.539
304.52
304.67
304.67
304.843
304.72
304.78
304.731
304.61
304.479
304.285
304.341
304.271
304.418
304.401
304.346
304.599
304.626
304.647
304.46
304.707
304.539
304.52
304.217
304.033
304.187
304.255
304.093
304.157
304.315
304.217
304.033
304.255
304.187
304.157
304.315
304.093
304.331
304.536
304.372
304.372
304.271
304.432
304.432
303.296
303.105
303.105
303.074
303.233
303.184
303.184
303.357
303.157
303.326
303.327
303.257
303.257
303.416
303.1
303.023
302.784
303.023
303.167
302.933
302.933
303.155
303.224
303.105
302.891
303.283
303.093
302.987
303.155
303.224
302.891
303.105
303.093
302.987
303.283
303.032
302.672
302.745
302.745
302.962
302.842
302.842
303.877
303.867
303.576
303.727
303.68
303.816
303.928
304.028
304.142
303.898
304.13
303.966
304.203
303.959
303.821
303.563
303.521
303.695
303.625
303.762
303.754
303.794
303.899
303.82
304.051
303.733
303.959
303.881
303.503
303.34
303.217
303.221
303.444
303.398
303.318
303.594
303.487
303.618
303.308
303.534
303.678
303.408
303.573
303.434
303.557
303.557
303.505
303.505
303.619
303.523
303.373
303.39
303.39
303.471
303.45
303.451
303.7
303.603
303.604
303.587
303.661
303.647
303.647
303.736
303.629
303.72
303.72
303.685
303.685
303.768
305.335
305.345
305.254
305.386
305.315
305.274
305.406
305.265
305.211
305.178
305.111
305.272
305.204
305.172
305.252
305.14
305.172
305.098
305.233
305.191
305.159
304.826
304.721
304.895
304.88
304.941
304.782
304.766
304.736
304.534
304.705
304.624
304.675
304.766
304.595
304.865
305.012
304.919
304.835
304.98
304.804
304.896
304.95
304.896
305.074
305.007
304.956
304.889
305.068
304.808
304.603
304.729
304.647
304.747
304.79
304.665
304.938
305.037
304.995
304.859
304.877
305.055
304.92
304.01
303.912
303.701
303.772
303.807
303.95
303.972
304.259
304.382
304.472
304.224
304.443
304.197
304.286
304.04
303.861
303.732
304.006
303.837
303.98
304.066
304.324
304.449
304.494
304.246
304.51
304.262
304.308
304.113
304.057
303.8
303.911
304.052
303.907
304.118
304.103
303.883
304.027
303.791
304.043
304.087
303.897
304.01
303.912
303.701
303.772
303.807
303.95
303.972
304.259
304.382
304.224
304.472
304.197
304.443
304.286
304.04
303.861
303.732
304.006
303.837
303.98
304.066
304.324
304.449
304.246
304.494
304.262
304.51
304.308
304.113
304.057
303.8
303.911
304.052
304.118
303.907
304.103
303.883
304.027
303.791
304.043
304.087
303.897
303.877
303.867
303.576
303.727
303.68
303.816
303.928
304.028
304.142
304.13
303.898
304.203
303.966
303.959
303.821
303.563
303.521
303.695
303.625
303.762
303.754
303.794
303.899
304.051
303.82
303.959
303.733
303.881
303.503
303.34
303.218
303.221
303.445
303.319
303.398
303.594
303.487
303.618
303.308
303.534
303.678
303.409
303.877
303.867
303.576
303.727
303.68
303.816
303.927
304.028
304.142
304.13
303.897
304.203
303.966
303.959
303.821
303.563
303.521
303.695
303.625
303.762
303.754
303.794
303.899
304.051
303.82
303.959
303.733
303.881
303.503
303.34
303.217
303.221
303.444
303.318
303.398
303.593
303.487
303.618
303.308
303.534
303.678
303.408
303.296
303.105
303.104
303.074
303.233
303.185
303.184
303.357
303.157
303.327
303.326
303.257
303.256
303.416
303.1
302.784
303.024
303.023
303.167
302.933
302.932
303.155
303.224
302.891
303.105
303.093
303.283
302.987
303.154
303.224
302.89
303.105
303.093
303.283
302.987
303.032
302.672
302.746
302.745
302.962
302.843
302.842
303.573
303.434
303.557
303.557
303.505
303.505
303.619
303.523
303.373
303.39
303.39
303.471
303.451
303.45
303.7
303.603
303.603
303.587
303.661
303.647
303.647
303.736
303.629
303.72
303.72
303.685
303.685
303.768
304.288
304.2
304.135
304.243
304.195
304.239
304.296
304.389
304.414
304.334
304.475
304.328
304.466
304.395
304.68
304.736
304.671
304.622
304.728
304.616
304.686
304.614
304.489
304.557
304.563
304.551
304.559
304.622
304.288
304.2
304.135
304.243
304.195
304.24
304.296
304.389
304.415
304.334
304.475
304.328
304.466
304.395
304.68
304.736
304.671
304.623
304.728
304.617
304.686
304.614
304.489
304.558
304.563
304.551
304.559
304.622
304.925
304.938
304.867
304.867
304.93
304.862
304.933
304.914
304.835
304.857
304.906
304.852
304.899
304.922
304.815
304.785
304.715
304.76
304.779
304.755
304.823
304.851
304.815
304.883
304.792
304.875
304.787
304.858
303.887
303.831
303.831
303.797
303.876
303.84
303.84
303.983
304.08
304.025
303.931
304.071
303.926
303.988
303.983
304.08
304.025
303.93
303.926
304.071
303.988
303.895
303.804
303.851
303.851
303.847
303.847
303.903
303.844
303.817
303.751
303.817
303.862
303.799
303.799
303.822
303.727
303.75
303.75
303.797
303.777
303.777
304.288
304.2
304.135
304.243
304.195
304.239
304.296
304.389
304.415
304.334
304.475
304.328
304.466
304.395
304.68
304.736
304.623
304.671
304.617
304.686
304.728
304.614
304.489
304.557
304.563
304.551
304.559
304.622
304.925
304.938
304.867
304.867
304.93
304.862
304.933
304.914
304.835
304.857
304.906
304.852
304.899
304.922
304.815
304.786
304.715
304.76
304.779
304.755
304.823
304.851
304.815
304.883
304.793
304.875
304.787
304.858
304.925
304.938
304.867
304.867
304.862
304.93
304.933
304.914
304.835
304.906
304.857
304.899
304.852
304.922
304.815
304.786
304.715
304.76
304.779
304.755
304.823
304.851
304.815
304.883
304.793
304.875
304.787
304.858
304.925
304.938
304.867
304.867
304.93
304.862
304.933
304.914
304.835
304.857
304.906
304.852
304.899
304.922
304.815
304.786
304.76
304.715
304.755
304.823
304.779
304.851
304.815
304.883
304.793
304.875
304.787
304.858
303.887
303.831
303.831
303.797
303.876
303.84
303.84
303.983
304.08
304.025
303.931
304.071
303.926
303.988
303.983
304.08
304.025
303.931
303.926
304.071
303.988
303.895
303.804
303.851
303.851
303.847
303.847
303.903
303.844
303.817
303.751
303.817
303.862
303.799
303.799
303.822
303.727
303.75
303.75
303.797
303.777
303.777
304.288
304.2
304.135
304.243
304.195
304.24
304.296
304.389
304.415
304.475
304.334
304.466
304.328
304.395
304.68
304.736
304.623
304.671
304.617
304.686
304.728
304.614
304.489
304.557
304.563
304.551
304.559
304.622
304.925
304.938
304.867
304.867
304.862
304.93
304.933
304.914
304.835
304.906
304.857
304.899
304.852
304.922
304.815
304.786
304.715
304.76
304.779
304.755
304.823
304.851
304.815
304.883
304.792
304.875
304.787
304.858
304.925
304.938
304.867
304.867
304.93
304.862
304.933
304.914
304.835
304.906
304.857
304.899
304.852
304.922
304.815
304.785
304.76
304.715
304.755
304.823
304.779
304.851
304.815
304.883
304.792
304.875
304.787
304.858
304.288
304.2
304.135
304.243
304.24
304.195
304.296
304.389
304.415
304.475
304.334
304.466
304.328
304.395
304.68
304.736
304.671
304.623
304.728
304.617
304.686
304.614
304.489
304.558
304.563
304.552
304.559
304.622
304.288
304.2
304.135
304.243
304.239
304.195
304.296
304.389
304.414
304.475
304.334
304.466
304.328
304.395
304.68
304.736
304.671
304.622
304.728
304.616
304.686
304.614
304.489
304.557
304.563
304.551
304.559
304.622
303.887
303.831
303.831
303.797
303.876
303.84
303.84
303.983
304.08
304.025
303.93
304.071
303.926
303.988
303.983
304.08
304.025
303.931
304.071
303.926
303.988
303.895
303.804
303.851
303.851
303.847
303.847
303.903
303.844
303.751
303.817
303.817
303.862
303.799
303.799
303.822
303.727
303.75
303.75
303.797
303.777
303.777
306.092
305.859
306.102
306.102
305.974
305.974
306.22
306.092
305.859
306.102
306.102
305.974
305.974
306.22
306.092
305.859
306.102
306.102
305.974
305.974
306.22
306.092
305.859
306.102
306.102
305.974
305.974
306.22
305.828
305.886
305.953
305.953
305.857
305.857
305.924
305.713
305.538
305.72
305.72
305.624
305.624
305.81
305.77
305.895
305.708
305.776
305.68
305.799
305.867
305.77
305.895
305.708
305.776
305.68
305.799
305.867
305.184
304.948
305.021
305.304
304.925
305.209
305.279
305.34
305.419
305.354
305.599
305.259
305.504
305.435
305.135
304.973
304.805
305.151
305.057
304.878
305.23
305.392
305.514
305.585
305.653
305.558
305.418
305.488
305.184
304.948
305.304
305.021
305.209
304.925
305.279
305.34
305.419
305.599
305.354
305.504
305.259
305.435
305.392
305.514
305.585
305.653
305.558
305.418
305.488
305.135
304.973
304.805
305.151
305.057
304.878
305.23
304.628
304.186
304.493
304.493
304.398
304.398
304.722
304.998
305.304
305.242
305.242
305.148
305.148
305.093
304.808
304.665
304.704
305.046
304.952
304.57
304.902
304.808
304.665
304.704
305.046
304.951
304.57
304.902
304.628
304.186
304.493
304.493
304.398
304.398
304.722
304.998
305.304
305.242
305.242
305.093
305.148
305.148
304.808
304.665
304.704
305.046
304.57
304.902
304.952
304.808
304.665
304.704
305.046
304.57
304.902
304.952
305.184
304.948
305.021
305.304
304.925
305.209
305.279
305.34
305.419
305.354
305.599
305.504
305.259
305.435
305.135
304.973
304.805
305.151
304.878
305.057
305.23
305.392
305.514
305.585
305.653
305.558
305.418
305.488
305.184
304.948
305.021
305.304
304.925
305.209
305.279
305.34
305.419
305.354
305.599
305.435
305.259
305.504
305.135
304.973
304.805
305.151
304.878
305.23
305.057
305.392
305.514
305.585
305.653
305.418
305.488
305.558
304.628
304.186
304.493
304.493
304.398
304.398
304.722
304.998
305.304
305.242
305.242
305.148
305.148
305.093
304.808
304.665
304.704
305.046
304.57
304.951
304.902
304.808
304.665
304.704
305.046
304.951
304.57
304.902
305.184
304.948
305.021
305.304
304.925
305.209
305.279
305.34
305.419
305.354
305.599
305.504
305.259
305.435
305.135
304.973
304.805
305.151
304.878
305.057
305.23
305.392
305.514
305.585
305.653
305.558
305.418
305.488
305.184
304.948
305.304
305.021
305.209
304.925
305.279
305.34
305.419
305.599
305.354
305.435
305.504
305.259
305.392
305.514
305.585
305.653
305.418
305.488
305.558
305.135
304.973
304.805
305.151
304.878
305.23
305.057
305.828
305.886
305.953
305.953
305.857
305.857
305.924
305.713
305.538
305.72
305.72
305.624
305.624
305.81
305.77
305.895
305.708
305.776
305.799
305.68
305.867
305.77
305.895
305.708
305.776
305.68
305.799
305.867
305.828
305.886
305.953
305.953
305.857
305.857
305.924
305.713
305.538
305.72
305.72
305.624
305.624
305.81
305.77
305.895
305.708
305.776
305.799
305.68
305.867
305.77
305.895
305.708
305.776
305.68
305.799
305.867
305.828
305.886
305.953
305.953
305.857
305.857
305.924
305.713
305.538
305.72
305.72
305.81
305.624
305.624
305.77
305.895
305.708
305.776
305.799
305.867
305.68
305.77
305.895
305.708
305.776
305.799
305.867
305.68
305.184
304.948
305.304
305.021
305.209
304.925
305.279
305.34
305.419
305.599
305.354
305.259
305.504
305.435
305.392
305.514
305.585
305.653
305.418
305.558
305.488
305.135
304.973
304.805
305.151
305.057
304.878
305.23
304.628
304.186
304.493
304.493
304.398
304.398
304.722
304.998
305.304
305.242
305.242
305.148
305.148
305.093
304.808
304.665
304.704
305.046
304.57
304.951
304.902
304.808
304.665
304.704
305.046
304.951
304.57
304.902
305.184
304.948
305.304
305.021
305.209
304.925
305.279
305.34
305.419
305.599
305.354
305.259
305.504
305.435
305.392
305.514
305.585
305.653
305.418
305.558
305.488
305.135
304.973
304.805
305.151
305.057
304.878
305.23
)
;

boundaryField
{
    chip
    {
        type            zeroGradient;
    }
    chip_to_dbc_cu_top
    {
        type            compressible::turbulentTemperatureRadCoupledMixed;
        refValue        nonuniform List<scalar> 
1600
(
305.186
305.128
305.128
305.071
305.071
305.128
305.128
305.071
305.128
305.128
305.186
305.185
305.186
305.128
305.071
305.128
303.522
304.263
304.421
304.217
303.64
304.263
304.422
305.382
305.382
305.589
304.413
305.322
304.576
304.217
303.64
305.322
304.413
304.576
304.364
304.364
303.767
304.217
303.64
304.217
303.64
304.364
304.364
303.767
304.263
304.421
304.413
305.322
304.576
304.413
305.322
304.576
303.522
304.364
304.364
303.767
304.217
303.64
304.413
305.322
304.576
304.263
304.422
305.322
304.413
304.576
305.382
305.382
305.589
305.382
305.382
305.589
305.382
305.382
305.589
304.263
304.422
305.322
304.413
304.576
304.263
304.422
304.364
304.364
303.767
303.522
304.217
303.64
305.322
304.413
304.576
304.263
304.421
304.263
304.421
304.217
303.64
304.217
303.64
303.522
305.314
305.314
305.446
304.891
305.254
305.01
305.254
304.891
305.01
304.837
304.837
304.616
304.837
304.837
304.616
304.891
305.254
305.01
304.891
305.254
305.01
304.837
304.837
304.616
304.891
305.254
305.01
305.254
304.891
305.01
305.314
305.314
305.446
305.314
305.314
305.446
305.314
305.314
305.446
305.254
304.891
305.01
304.837
304.837
304.616
305.254
304.891
305.01
302.939
302.94
302.49
303.597
304.367
303.683
303.733
304.388
303.705
303.55
304.026
303.392
303.059
303.947
303.313
303.597
304.367
303.683
304.388
303.733
303.705
305.341
305.517
305.474
305.341
305.517
305.474
305.545
305.545
305.503
304.791
304.519
304.908
305.281
305.074
305.035
304.542
304.97
304.932
303.551
304.026
303.393
303.947
303.059
303.314
305.281
305.074
305.035
304.791
304.519
304.908
304.97
304.542
304.932
304.739
304.167
304.522
304.739
304.167
304.522
304.084
304.084
304.433
303.55
304.026
303.392
303.059
303.947
303.313
303.551
304.026
303.393
303.059
303.947
303.314
304.739
304.167
304.522
304.739
304.167
304.522
304.084
304.084
304.433
303.597
304.367
303.683
303.733
304.388
303.705
304.791
304.519
304.908
305.281
305.074
305.035
304.542
304.97
304.932
304.791
304.519
304.908
305.281
305.074
305.035
304.542
304.97
304.932
302.94
302.94
302.49
304.739
304.167
304.522
304.739
304.167
304.522
304.084
304.084
304.433
303.551
304.026
303.393
303.059
303.947
303.314
304.791
304.519
304.908
305.281
305.074
305.035
304.542
304.97
304.932
303.597
304.367
303.683
303.733
304.388
303.705
305.281
305.074
305.035
304.791
304.519
304.908
304.97
304.542
304.932
305.341
305.517
305.474
305.341
305.517
305.474
305.545
305.545
305.503
305.341
305.517
305.474
305.341
305.517
305.474
305.545
305.545
305.503
305.341
305.517
305.474
305.341
305.517
305.474
305.545
305.545
305.503
303.597
304.367
303.683
304.388
303.733
303.705
305.281
305.074
305.035
304.791
304.519
304.908
304.97
304.542
304.932
303.597
304.367
303.683
303.733
304.388
303.705
304.739
304.167
304.522
304.739
304.167
304.522
304.084
304.084
304.433
302.94
302.94
302.49
303.55
304.026
303.392
303.947
303.059
303.313
305.281
305.074
305.035
304.791
304.519
304.908
304.97
304.542
304.932
303.597
304.367
303.683
304.388
303.733
303.705
303.597
304.367
303.683
304.388
303.733
303.705
303.551
304.026
303.393
303.947
303.059
303.314
303.55
304.026
303.392
303.947
303.059
303.313
302.94
302.939
302.49
305.236
305.236
305.287
305.059
305.177
305.108
305.177
305.059
305.108
305.004
305.004
304.937
305.004
305.004
304.937
305.059
305.177
305.108
305.059
305.177
305.108
305.004
305.004
304.937
305.059
305.177
305.108
305.177
305.059
305.108
305.236
305.236
305.287
305.236
305.236
305.287
305.236
305.236
305.287
305.177
305.059
305.108
305.004
305.004
304.937
305.177
305.059
305.108
303.368
303.368
303.224
304.081
304.304
304.12
304.233
304.416
304.228
304.036
304.162
303.983
303.484
303.753
303.591
304.081
304.304
304.12
304.416
304.233
304.228
305.375
305.435
305.428
305.375
305.435
305.428
305.581
305.581
305.574
304.551
304.455
304.595
305.315
305.25
305.243
304.571
304.72
304.714
304.036
304.162
303.984
303.753
303.484
303.591
305.315
305.25
305.243
304.551
304.455
304.595
304.72
304.571
304.714
304.502
304.308
304.443
304.502
304.308
304.443
303.883
303.883
304.005
304.036
304.162
303.983
303.484
303.753
303.591
304.036
304.162
303.984
303.484
303.753
303.591
304.502
304.308
304.443
304.502
304.308
304.443
303.883
303.883
304.005
304.081
304.304
304.12
304.233
304.416
304.228
304.551
304.455
304.595
305.315
305.25
305.243
304.571
304.72
304.714
304.551
304.455
304.595
305.315
305.25
305.243
304.571
304.72
304.714
303.368
303.368
303.224
304.502
304.308
304.443
304.502
304.308
304.443
303.883
303.883
304.005
304.036
304.162
303.984
303.484
303.753
303.591
304.551
304.455
304.595
305.315
305.25
305.243
304.571
304.72
304.714
304.081
304.304
304.12
304.233
304.416
304.228
305.315
305.25
305.243
304.551
304.455
304.595
304.72
304.571
304.714
305.375
305.435
305.428
305.375
305.435
305.428
305.581
305.581
305.574
305.375
305.435
305.428
305.375
305.435
305.428
305.581
305.581
305.574
305.375
305.435
305.428
305.375
305.435
305.428
305.581
305.581
305.574
304.081
304.304
304.12
304.416
304.233
304.228
305.315
305.25
305.243
304.551
304.455
304.595
304.72
304.571
304.714
304.081
304.304
304.12
304.233
304.416
304.228
304.502
304.308
304.443
304.502
304.308
304.443
303.883
303.883
304.005
303.368
303.368
303.224
304.036
304.162
303.984
303.753
303.484
303.591
305.315
305.25
305.243
304.551
304.455
304.595
304.72
304.571
304.714
304.081
304.304
304.12
304.416
304.233
304.228
304.081
304.304
304.12
304.416
304.233
304.228
304.036
304.162
303.984
303.753
303.484
303.591
304.036
304.162
303.983
303.753
303.484
303.591
303.368
303.368
303.224
305.279
305.366
305.33
305.279
305.366
305.33
305.41
305.41
305.374
304.98
304.938
305.028
305.22
305.184
305.15
304.977
305.102
305.069
305.22
305.184
305.15
304.98
304.938
305.028
305.102
304.977
305.069
304.925
304.773
304.86
304.925
304.773
304.86
304.699
304.699
304.785
304.925
304.773
304.86
304.925
304.773
304.86
304.699
304.699
304.785
304.98
304.938
305.028
305.22
305.184
305.15
304.977
305.102
305.069
304.98
304.938
305.028
305.22
305.184
305.15
304.977
305.102
305.069
304.925
304.773
304.86
304.925
304.773
304.86
304.699
304.699
304.785
304.98
304.938
305.028
305.22
305.184
305.15
304.977
305.102
305.069
305.22
305.184
305.15
304.98
304.938
305.028
305.102
304.977
305.069
305.279
305.366
305.33
305.279
305.366
305.33
305.41
305.41
305.374
305.279
305.366
305.33
305.279
305.366
305.33
305.41
305.41
305.374
305.279
305.366
305.33
305.279
305.366
305.33
305.41
305.41
305.374
305.22
305.184
305.15
304.98
304.938
305.028
305.102
304.977
305.069
304.925
304.773
304.86
304.925
304.773
304.86
304.699
304.699
304.785
305.22
305.184
305.15
304.98
304.938
305.028
305.102
304.977
305.069
303.182
302.826
303.049
303.182
302.826
303.05
302.682
302.682
302.914
303.869
303.63
303.907
304.338
304.18
304.153
303.66
303.962
303.936
304.014
303.729
304.009
304.405
304.201
304.217
303.719
303.984
303.999
303.824
303.506
303.773
304.098
303.854
303.922
303.451
303.652
303.719
303.298
303.15
303.403
303.855
303.776
303.689
303.24
303.575
303.491
303.869
303.63
303.907
304.338
304.18
304.153
303.66
303.962
303.936
304.405
304.201
304.217
304.014
303.729
304.009
303.984
303.719
303.999
305.362
305.393
305.414
305.48
305.51
305.473
305.438
305.495
305.459
305.362
305.393
305.414
305.48
305.51
305.473
305.438
305.495
305.459
305.567
305.538
305.56
305.567
305.538
305.56
305.524
305.524
305.546
304.678
304.837
304.722
304.49
304.662
304.631
304.876
304.792
304.761
305.301
305.21
305.23
305.167
305.067
305.161
305.128
305.055
305.148
304.559
304.685
304.703
304.852
304.964
304.846
304.816
304.951
304.834
303.824
303.506
303.773
304.098
303.854
303.922
303.451
303.652
303.719
303.855
303.776
303.689
303.298
303.15
303.403
303.575
303.24
303.491
305.301
305.21
305.23
305.167
305.067
305.161
305.128
305.055
305.148
304.678
304.837
304.722
304.49
304.662
304.631
304.876
304.792
304.761
304.852
304.964
304.846
304.559
304.685
304.703
304.951
304.816
304.834
304.627
304.676
304.567
304.242
304.298
304.375
304.604
304.417
304.496
304.627
304.676
304.566
304.242
304.298
304.375
304.604
304.417
304.496
303.99
304.212
304.114
303.99
304.212
304.114
304.329
304.329
304.228
303.824
303.506
303.773
304.098
303.854
303.922
303.451
303.652
303.719
303.298
303.15
303.403
303.855
303.776
303.689
303.24
303.575
303.491
303.824
303.507
303.773
304.098
303.854
303.922
303.451
303.652
303.719
303.298
303.15
303.403
303.855
303.776
303.689
303.241
303.576
303.491
304.627
304.676
304.567
304.242
304.298
304.375
304.604
304.417
304.496
304.627
304.676
304.567
304.242
304.298
304.375
304.604
304.417
304.496
303.99
304.212
304.114
303.99
304.212
304.114
304.329
304.329
304.228
303.869
303.63
303.907
304.338
304.18
304.153
303.66
303.962
303.936
304.014
303.729
304.009
304.405
304.201
304.217
303.719
303.984
303.999
304.678
304.837
304.722
304.49
304.662
304.631
304.876
304.792
304.761
305.301
305.21
305.23
305.167
305.067
305.161
305.128
305.055
305.148
304.559
304.685
304.703
304.852
304.964
304.846
304.816
304.951
304.834
304.678
304.837
304.722
304.49
304.662
304.631
304.876
304.792
304.761
305.301
305.21
305.23
305.167
305.067
305.161
305.128
305.055
305.148
304.559
304.685
304.703
304.852
304.964
304.846
304.816
304.951
304.834
303.182
302.826
303.049
303.182
302.826
303.05
302.682
302.682
302.914
304.627
304.676
304.566
304.242
304.298
304.375
304.604
304.417
304.496
304.627
304.676
304.567
304.242
304.298
304.375
304.604
304.417
304.496
303.99
304.212
304.114
303.99
304.212
304.114
304.329
304.329
304.228
303.824
303.506
303.773
304.098
303.854
303.922
303.451
303.652
303.719
303.298
303.15
303.403
303.855
303.776
303.689
303.24
303.575
303.491
304.678
304.837
304.722
304.49
304.662
304.631
304.876
304.792
304.761
305.301
305.21
305.23
305.167
305.067
305.161
305.128
305.055
305.148
304.559
304.685
304.703
304.852
304.964
304.846
304.816
304.951
304.834
303.869
303.63
303.907
304.338
304.18
304.153
303.66
303.962
303.936
304.014
303.729
304.009
304.405
304.201
304.217
303.719
303.984
303.999
305.301
305.21
305.23
305.167
305.067
305.161
305.128
305.055
305.148
304.678
304.837
304.722
304.49
304.662
304.631
304.876
304.792
304.761
304.852
304.964
304.846
304.559
304.685
304.703
304.951
304.816
304.834
305.362
305.393
305.414
305.48
305.51
305.473
305.438
305.495
305.459
305.362
305.393
305.414
305.48
305.51
305.473
305.438
305.495
305.459
305.567
305.538
305.56
305.567
305.538
305.56
305.524
305.524
305.546
305.362
305.393
305.414
305.48
305.51
305.473
305.438
305.495
305.459
305.362
305.393
305.414
305.48
305.51
305.473
305.438
305.495
305.459
305.567
305.538
305.56
305.567
305.538
305.56
305.524
305.524
305.546
305.362
305.393
305.414
305.48
305.51
305.473
305.438
305.495
305.459
305.362
305.393
305.414
305.48
305.51
305.473
305.438
305.495
305.459
305.567
305.538
305.56
305.567
305.538
305.56
305.524
305.524
305.546
303.869
303.63
303.907
304.338
304.18
304.153
303.66
303.962
303.936
304.405
304.201
304.217
304.014
303.729
304.009
303.984
303.719
303.999
305.301
305.21
305.23
305.167
305.067
305.161
305.128
305.055
305.148
304.678
304.837
304.722
304.49
304.662
304.631
304.876
304.792
304.761
304.852
304.964
304.846
304.559
304.685
304.703
304.951
304.816
304.834
303.869
303.63
303.907
304.338
304.18
304.153
303.66
303.962
303.936
304.014
303.729
304.009
304.405
304.201
304.217
303.719
303.984
303.999
304.627
304.676
304.567
304.242
304.298
304.375
304.604
304.417
304.496
304.627
304.676
304.567
304.242
304.298
304.375
304.604
304.417
304.496
303.99
304.212
304.114
303.99
304.212
304.114
304.329
304.329
304.228
303.182
302.826
303.05
303.182
302.826
303.05
302.682
302.682
302.914
303.824
303.506
303.773
304.098
303.854
303.922
303.451
303.652
303.719
303.855
303.776
303.689
303.298
303.15
303.403
303.575
303.24
303.491
305.301
305.21
305.23
305.167
305.067
305.161
305.128
305.055
305.148
304.678
304.837
304.722
304.49
304.662
304.631
304.876
304.792
304.761
304.852
304.964
304.846
304.559
304.685
304.703
304.951
304.816
304.834
303.869
303.63
303.907
304.338
304.18
304.153
303.66
303.962
303.936
304.405
304.201
304.217
304.014
303.729
304.009
303.984
303.719
303.999
303.869
303.63
303.907
304.338
304.18
304.153
303.66
303.962
303.936
304.405
304.201
304.217
304.014
303.729
304.009
303.984
303.719
303.999
303.824
303.507
303.773
304.098
303.854
303.922
303.451
303.652
303.719
303.855
303.776
303.689
303.298
303.15
303.403
303.576
303.241
303.491
303.824
303.506
303.773
304.098
303.854
303.922
303.451
303.652
303.719
303.855
303.776
303.689
303.298
303.15
303.403
303.575
303.24
303.491
303.182
302.826
303.05
303.182
302.826
303.049
302.682
302.682
302.914
)
;
        refGradient     uniform 0;
        valueFraction   nonuniform List<scalar> 
1600
(
0.729927
0.729927
0.729927
0.729927
0.729927
0.729927
0.729927
0.729927
0.729927
0.729927
0.729927
0.729927
0.729927
0.729927
0.729927
0.729927
0.729911
0.729924
0.729924
0.729924
0.729911
0.729924
0.729924
0.729927
0.729927
0.729927
0.729928
0.729927
0.729928
0.729924
0.729911
0.729927
0.729928
0.729928
0.729928
0.729928
0.729903
0.729924
0.729911
0.729924
0.72991
0.729928
0.729928
0.729903
0.729924
0.729924
0.729928
0.729927
0.729928
0.729928
0.729927
0.729928
0.729911
0.729928
0.729928
0.729903
0.729924
0.72991
0.729928
0.729927
0.729928
0.729924
0.729924
0.729927
0.729928
0.729928
0.729927
0.729927
0.729927
0.729927
0.729927
0.729927
0.729927
0.729927
0.729927
0.729924
0.729924
0.729927
0.729928
0.729928
0.729924
0.729924
0.729928
0.729928
0.729903
0.729911
0.729924
0.729911
0.729927
0.729928
0.729928
0.729924
0.729924
0.729924
0.729924
0.729924
0.72991
0.729924
0.729911
0.729911
0.729927
0.729927
0.729927
0.729927
0.729927
0.729927
0.729927
0.729927
0.729927
0.729927
0.729927
0.729927
0.729927
0.729927
0.729927
0.729927
0.729927
0.729927
0.729927
0.729927
0.729927
0.729927
0.729927
0.729927
0.729927
0.729927
0.729927
0.729927
0.729927
0.729927
0.729927
0.729927
0.729927
0.729927
0.729927
0.729927
0.729927
0.729927
0.729927
0.729927
0.729927
0.729927
0.729927
0.729927
0.729927
0.729927
0.729927
0.729927
0.700952
0.700948
0.678738
0.701233
0.729924
0.701233
0.701233
0.729924
0.701233
0.701225
0.729926
0.701222
0.701161
0.729927
0.701219
0.701233
0.729924
0.701233
0.729924
0.701233
0.701233
0.729927
0.729927
0.729927
0.729927
0.729927
0.729927
0.729927
0.729927
0.729927
0.729927
0.729928
0.729927
0.729927
0.729927
0.729927
0.729928
0.729927
0.729927
0.701225
0.729926
0.701222
0.729927
0.70118
0.70122
0.729927
0.729927
0.729927
0.729927
0.729928
0.729927
0.729927
0.729928
0.729927
0.729927
0.729928
0.729927
0.729927
0.729928
0.729927
0.72992
0.72992
0.729927
0.701225
0.729926
0.701222
0.701161
0.729927
0.701219
0.701225
0.729926
0.701222
0.701157
0.729927
0.701218
0.729927
0.729928
0.729927
0.729927
0.729928
0.729927
0.72992
0.72992
0.729927
0.701233
0.729924
0.701233
0.701233
0.729924
0.701233
0.729927
0.729928
0.729927
0.729927
0.729927
0.729927
0.729928
0.729927
0.729927
0.729927
0.729928
0.729927
0.729927
0.729927
0.729927
0.729928
0.729927
0.729927
0.700944
0.700953
0.678738
0.729927
0.729928
0.729927
0.729927
0.729928
0.729927
0.72992
0.72992
0.729927
0.701225
0.729926
0.701222
0.701158
0.729927
0.701218
0.729927
0.729928
0.729927
0.729927
0.729927
0.729927
0.729928
0.729927
0.729927
0.701233
0.729924
0.701233
0.701233
0.729924
0.701233
0.729927
0.729927
0.729927
0.729927
0.729928
0.729927
0.729927
0.729928
0.729927
0.729927
0.729927
0.729927
0.729927
0.729927
0.729927
0.729927
0.729927
0.729927
0.729927
0.729927
0.729927
0.729927
0.729927
0.729927
0.729927
0.729927
0.729927
0.729927
0.729927
0.729927
0.729927
0.729927
0.729927
0.729927
0.729927
0.729927
0.701233
0.729924
0.701233
0.729924
0.701233
0.701233
0.729927
0.729927
0.729927
0.729927
0.729928
0.729927
0.729927
0.729928
0.729927
0.701233
0.729924
0.701233
0.701233
0.729924
0.701233
0.729927
0.729928
0.729927
0.729927
0.729928
0.729927
0.72992
0.72992
0.729927
0.70095
0.700944
0.678736
0.701225
0.729926
0.701222
0.729927
0.701159
0.701218
0.729927
0.729927
0.729927
0.729927
0.729928
0.729927
0.729927
0.729928
0.729927
0.701233
0.729924
0.701233
0.729924
0.701233
0.701233
0.701233
0.729924
0.701233
0.729924
0.701233
0.701233
0.701225
0.729926
0.701222
0.729927
0.701157
0.701218
0.701225
0.729926
0.701222
0.729927
0.701161
0.701219
0.700944
0.700952
0.678738
0.729927
0.729927
0.729927
0.729927
0.729927
0.729927
0.729927
0.729927
0.729927
0.729927
0.729927
0.729927
0.729927
0.729927
0.729927
0.729927
0.729927
0.729927
0.729927
0.729927
0.729927
0.729927
0.729927
0.729927
0.729927
0.729927
0.729927
0.729927
0.729927
0.729927
0.729927
0.729927
0.729927
0.729927
0.729927
0.729927
0.729927
0.729927
0.729927
0.729927
0.729927
0.729927
0.729927
0.729927
0.729927
0.729927
0.729927
0.729927
0.729923
0.729924
0.72992
0.729938
0.729924
0.729938
0.729938
0.729924
0.729938
0.729938
0.729924
0.729938
0.729934
0.729914
0.729934
0.729938
0.729924
0.729938
0.729924
0.729938
0.729938
0.729927
0.729927
0.729927
0.729927
0.729927
0.729927
0.729927
0.729927
0.729927
0.729913
0.729928
0.729913
0.729927
0.729927
0.729927
0.729928
0.729913
0.729913
0.729938
0.729924
0.729938
0.729914
0.729935
0.729935
0.729927
0.729927
0.729927
0.729913
0.729928
0.729913
0.729913
0.729928
0.729913
0.729913
0.729928
0.729913
0.729913
0.729928
0.729913
0.729914
0.729914
0.729931
0.729938
0.729924
0.729938
0.729934
0.729914
0.729934
0.729938
0.729924
0.729938
0.729934
0.729914
0.729934
0.729913
0.729928
0.729913
0.729913
0.729928
0.729913
0.729914
0.729914
0.729931
0.729938
0.729924
0.729938
0.729938
0.729924
0.729938
0.729913
0.729928
0.729913
0.729927
0.729927
0.729927
0.729928
0.729913
0.729913
0.729913
0.729928
0.729913
0.729927
0.729927
0.729927
0.729928
0.729913
0.729913
0.729923
0.729924
0.72992
0.729913
0.729928
0.729913
0.729913
0.729928
0.729913
0.729914
0.729914
0.729932
0.729938
0.729924
0.729938
0.729934
0.729914
0.729934
0.729913
0.729928
0.729913
0.729927
0.729927
0.729927
0.729928
0.729913
0.729913
0.729938
0.729924
0.729938
0.729938
0.729924
0.729938
0.729927
0.729927
0.729927
0.729913
0.729928
0.729913
0.729913
0.729928
0.729913
0.729927
0.729927
0.729927
0.729927
0.729927
0.729927
0.729927
0.729927
0.729927
0.729927
0.729927
0.729927
0.729927
0.729927
0.729927
0.729927
0.729927
0.729927
0.729927
0.729927
0.729927
0.729927
0.729927
0.729927
0.729927
0.729927
0.729927
0.729938
0.729924
0.729938
0.729924
0.729938
0.729938
0.729927
0.729927
0.729927
0.729913
0.729928
0.729913
0.729913
0.729928
0.729913
0.729938
0.729924
0.729938
0.729938
0.729924
0.729938
0.729913
0.729928
0.729913
0.729913
0.729928
0.729913
0.729914
0.729914
0.729932
0.729923
0.729922
0.729917
0.729938
0.729924
0.729938
0.729914
0.729935
0.729935
0.729927
0.729927
0.729927
0.729913
0.729928
0.729913
0.729913
0.729928
0.729913
0.729938
0.729924
0.729938
0.729924
0.729938
0.729938
0.729938
0.729924
0.729938
0.729924
0.729938
0.729938
0.729938
0.729924
0.729938
0.729914
0.729934
0.729934
0.729938
0.729924
0.729938
0.729914
0.729934
0.729934
0.729924
0.729923
0.72992
0.729927
0.729927
0.729927
0.729927
0.729927
0.729927
0.729927
0.729927
0.729927
0.729927
0.729927
0.729927
0.729927
0.729927
0.729927
0.729927
0.729927
0.729927
0.729927
0.729927
0.729927
0.729927
0.729927
0.729927
0.729927
0.729927
0.729927
0.729927
0.729927
0.729927
0.729927
0.729927
0.729927
0.729927
0.729927
0.729927
0.729927
0.729927
0.729927
0.729927
0.729927
0.729927
0.729927
0.729927
0.729927
0.729927
0.729927
0.729927
0.729927
0.729927
0.729927
0.729927
0.729927
0.729927
0.729927
0.729927
0.729927
0.729927
0.729927
0.729927
0.729927
0.729927
0.729927
0.729927
0.729927
0.729927
0.729927
0.729927
0.729927
0.729927
0.729927
0.729927
0.729927
0.729927
0.729927
0.729927
0.729927
0.729927
0.729927
0.729927
0.729927
0.729927
0.729927
0.729927
0.729927
0.729927
0.729927
0.729927
0.729927
0.729927
0.729927
0.729927
0.729927
0.729927
0.729927
0.729927
0.729927
0.729927
0.729927
0.729927
0.729927
0.729927
0.729927
0.729927
0.729927
0.729927
0.729927
0.729927
0.729927
0.729927
0.729927
0.729927
0.729927
0.729927
0.729927
0.729927
0.729927
0.729927
0.729927
0.729927
0.729927
0.729927
0.729927
0.729927
0.729927
0.729927
0.729927
0.729927
0.729927
0.729927
0.729927
0.729927
0.729927
0.729927
0.729927
0.729927
0.729927
0.729927
0.729927
0.729927
0.729927
0.729927
0.729927
0.729927
0.728533
0.700702
0.728529
0.728529
0.700698
0.728524
0.699745
0.699744
0.727294
0.728553
0.701233
0.728553
0.729924
0.729938
0.729938
0.701233
0.728553
0.728553
0.728553
0.701233
0.728553
0.729924
0.729938
0.729938
0.701233
0.728553
0.728553
0.728553
0.701228
0.728557
0.729924
0.729935
0.729938
0.701232
0.728558
0.728557
0.728539
0.701195
0.728542
0.729919
0.729934
0.729934
0.701217
0.728558
0.72855
0.728553
0.701233
0.728553
0.729924
0.729938
0.729938
0.701233
0.728553
0.728553
0.729924
0.729938
0.729938
0.728553
0.701233
0.728553
0.728553
0.701233
0.728553
0.729927
0.729927
0.729927
0.729927
0.729927
0.729927
0.729927
0.729927
0.729927
0.729927
0.729927
0.729927
0.729927
0.729927
0.729927
0.729927
0.729927
0.729927
0.729927
0.729927
0.729927
0.729927
0.729927
0.729927
0.729927
0.729927
0.729927
0.729913
0.729927
0.729913
0.729928
0.729913
0.729913
0.729927
0.729913
0.729913
0.729927
0.729927
0.729927
0.729927
0.729927
0.729927
0.729927
0.729927
0.729927
0.729928
0.729913
0.729913
0.729913
0.729927
0.729913
0.729913
0.729927
0.729913
0.728553
0.701224
0.728553
0.729924
0.729931
0.729938
0.701227
0.728554
0.728553
0.729919
0.72993
0.729932
0.728544
0.701215
0.72855
0.728554
0.701217
0.728549
0.729927
0.729927
0.729927
0.729927
0.729927
0.729927
0.729927
0.729927
0.729927
0.729913
0.729927
0.729913
0.729928
0.729913
0.729913
0.729927
0.729913
0.729913
0.729913
0.729927
0.729913
0.729928
0.729913
0.729913
0.729927
0.729913
0.729913
0.729913
0.729927
0.729913
0.729928
0.72992
0.729913
0.729927
0.72992
0.729913
0.729913
0.729927
0.729913
0.729928
0.72992
0.729913
0.729927
0.72992
0.729913
0.729911
0.72992
0.72992
0.729911
0.72992
0.729923
0.729928
0.729928
0.729928
0.728553
0.701224
0.728553
0.729924
0.729935
0.729938
0.701227
0.728558
0.728553
0.728539
0.701195
0.728542
0.729919
0.729934
0.729934
0.701217
0.728558
0.72855
0.728553
0.701224
0.728553
0.729924
0.729931
0.729938
0.701227
0.728554
0.728553
0.728537
0.701195
0.728541
0.729919
0.72993
0.729932
0.701213
0.728556
0.728546
0.729913
0.729927
0.729913
0.729928
0.72992
0.729913
0.729927
0.72992
0.729913
0.729913
0.729927
0.729913
0.729928
0.72992
0.729913
0.729927
0.72992
0.729913
0.729911
0.72992
0.729923
0.729911
0.72992
0.72992
0.729928
0.729928
0.729928
0.728553
0.701233
0.728553
0.729924
0.729938
0.729938
0.701233
0.728553
0.728553
0.728553
0.701233
0.728553
0.729924
0.729938
0.729938
0.701233
0.728553
0.728553
0.729913
0.729927
0.729913
0.729928
0.729913
0.729913
0.729927
0.729913
0.729913
0.729927
0.729927
0.729927
0.729927
0.729927
0.729927
0.729927
0.729927
0.729927
0.729928
0.729913
0.729913
0.729913
0.729927
0.729913
0.729913
0.729927
0.729913
0.729913
0.729927
0.729913
0.729928
0.729913
0.729913
0.729927
0.729913
0.729913
0.729927
0.729927
0.729927
0.729927
0.729927
0.729927
0.729927
0.729927
0.729927
0.729928
0.729913
0.729913
0.729913
0.729927
0.729913
0.729913
0.729927
0.729913
0.728525
0.700694
0.728521
0.728533
0.700702
0.728528
0.699745
0.699744
0.727294
0.729913
0.729927
0.729913
0.729928
0.72992
0.729913
0.729927
0.72992
0.729913
0.729913
0.729927
0.729913
0.729928
0.72992
0.729913
0.729927
0.72992
0.729913
0.729911
0.72992
0.729922
0.729911
0.72992
0.729922
0.729928
0.729928
0.729927
0.728553
0.701228
0.728557
0.729924
0.729935
0.729938
0.701232
0.728558
0.728557
0.728533
0.701199
0.728541
0.729919
0.729934
0.729932
0.701217
0.72856
0.72855
0.729913
0.729927
0.729913
0.729928
0.729913
0.729913
0.729927
0.729913
0.729913
0.729927
0.729927
0.729927
0.729927
0.729927
0.729927
0.729927
0.729927
0.729927
0.729928
0.729913
0.729913
0.729913
0.729927
0.729913
0.729913
0.729927
0.729913
0.728553
0.701233
0.728553
0.729924
0.729938
0.729938
0.701233
0.728553
0.728553
0.728553
0.701233
0.728553
0.729924
0.729938
0.729938
0.701233
0.728553
0.728553
0.729927
0.729927
0.729927
0.729927
0.729927
0.729927
0.729927
0.729927
0.729927
0.729913
0.729927
0.729913
0.729928
0.729913
0.729913
0.729927
0.729913
0.729913
0.729913
0.729927
0.729913
0.729928
0.729913
0.729913
0.729927
0.729913
0.729913
0.729927
0.729927
0.729927
0.729927
0.729927
0.729927
0.729927
0.729927
0.729927
0.729927
0.729927
0.729927
0.729927
0.729927
0.729927
0.729927
0.729927
0.729927
0.729927
0.729927
0.729927
0.729927
0.729927
0.729927
0.729927
0.729927
0.729927
0.729927
0.729927
0.729927
0.729927
0.729927
0.729927
0.729927
0.729927
0.729927
0.729927
0.729927
0.729927
0.729927
0.729927
0.729927
0.729927
0.729927
0.729927
0.729927
0.729927
0.729927
0.729927
0.729927
0.729927
0.729927
0.729927
0.729927
0.729927
0.729927
0.729927
0.729927
0.729927
0.729927
0.729927
0.729927
0.729927
0.729927
0.729927
0.729927
0.729927
0.729927
0.729927
0.729927
0.729927
0.729927
0.729927
0.729927
0.729927
0.729927
0.729927
0.729927
0.729927
0.729927
0.729927
0.728553
0.701233
0.728553
0.729924
0.729938
0.729938
0.701233
0.728553
0.728553
0.729924
0.729938
0.729938
0.728553
0.701233
0.728553
0.728553
0.701233
0.728553
0.729927
0.729927
0.729927
0.729927
0.729927
0.729927
0.729927
0.729927
0.729927
0.729913
0.729927
0.729913
0.729928
0.729913
0.729913
0.729927
0.729913
0.729913
0.729913
0.729927
0.729913
0.729928
0.729913
0.729913
0.729927
0.729913
0.729913
0.728553
0.701233
0.728553
0.729924
0.729938
0.729938
0.701233
0.728553
0.728553
0.728553
0.701233
0.728553
0.729924
0.729938
0.729938
0.701233
0.728553
0.728553
0.729913
0.729927
0.729913
0.729928
0.72992
0.729913
0.729927
0.72992
0.729913
0.729913
0.729927
0.729913
0.729928
0.72992
0.729913
0.729927
0.72992
0.729913
0.729911
0.72992
0.729922
0.729911
0.72992
0.729922
0.729928
0.729928
0.729927
0.728532
0.700694
0.728523
0.728529
0.700701
0.728528
0.699745
0.699747
0.727295
0.728553
0.701228
0.728557
0.729924
0.729935
0.729938
0.701232
0.728558
0.728557
0.729919
0.729934
0.729932
0.728536
0.7012
0.728545
0.728558
0.701219
0.728548
0.729927
0.729927
0.729927
0.729927
0.729927
0.729927
0.729927
0.729927
0.729927
0.729913
0.729927
0.729913
0.729928
0.729913
0.729913
0.729927
0.729913
0.729913
0.729913
0.729927
0.729913
0.729928
0.729913
0.729913
0.729927
0.729913
0.729913
0.728553
0.701233
0.728553
0.729924
0.729938
0.729938
0.701233
0.728553
0.728553
0.729924
0.729938
0.729938
0.728553
0.701233
0.728553
0.728553
0.701233
0.728553
0.728553
0.701233
0.728553
0.729924
0.729938
0.729938
0.701233
0.728553
0.728553
0.729924
0.729938
0.729938
0.728553
0.701233
0.728553
0.728553
0.701233
0.728553
0.728553
0.701228
0.728557
0.729924
0.729935
0.729938
0.701232
0.728558
0.728557
0.729919
0.729934
0.729932
0.728537
0.701199
0.728545
0.72856
0.701217
0.72855
0.728553
0.701224
0.728553
0.729924
0.729931
0.729938
0.701227
0.728554
0.728553
0.729919
0.72993
0.729934
0.728539
0.701195
0.728542
0.728554
0.701217
0.72855
0.728525
0.700694
0.72852
0.728533
0.700702
0.728529
0.699744
0.699745
0.727294
)
;
        source          uniform 0;
        value           nonuniform List<scalar> 
1600
(
305.197
305.139
305.139
305.083
305.083
305.139
305.139
305.083
305.139
305.139
305.197
305.197
305.197
305.139
305.083
305.139
303.534
304.275
304.433
304.229
303.652
304.275
304.433
305.394
305.394
305.601
304.425
305.334
304.588
304.229
303.652
305.334
304.425
304.588
304.376
304.376
303.779
304.229
303.652
304.229
303.652
304.376
304.376
303.779
304.275
304.433
304.425
305.334
304.588
304.425
305.334
304.588
303.534
304.376
304.376
303.779
304.229
303.652
304.425
305.334
304.588
304.275
304.433
305.334
304.425
304.588
305.394
305.394
305.601
305.394
305.394
305.601
305.394
305.394
305.601
304.275
304.433
305.334
304.425
304.588
304.275
304.433
304.376
304.376
303.779
303.534
304.229
303.652
305.334
304.425
304.588
304.275
304.433
304.275
304.433
304.229
303.652
304.229
303.652
303.534
305.326
305.326
305.458
304.902
305.266
305.022
305.266
304.902
305.022
304.848
304.848
304.628
304.848
304.848
304.628
304.902
305.266
305.022
304.902
305.266
305.022
304.848
304.848
304.628
304.902
305.266
305.022
305.266
304.902
305.022
305.326
305.326
305.458
305.325
305.326
305.458
305.326
305.326
305.458
305.266
304.902
305.022
304.848
304.848
304.628
305.266
304.902
305.022
302.959
302.96
302.508
303.618
304.378
303.704
303.754
304.4
303.726
303.572
304.038
303.413
303.078
303.959
303.334
303.618
304.378
303.704
304.4
303.754
303.727
305.353
305.529
305.486
305.353
305.529
305.486
305.557
305.557
305.515
304.803
304.531
304.92
305.293
305.085
305.047
304.554
304.982
304.944
303.572
304.038
303.413
303.959
303.079
303.334
305.293
305.085
305.047
304.803
304.531
304.92
304.982
304.554
304.944
304.751
304.179
304.534
304.751
304.179
304.534
304.095
304.095
304.444
303.572
304.038
303.413
303.078
303.959
303.334
303.572
304.038
303.413
303.079
303.959
303.334
304.751
304.179
304.534
304.751
304.179
304.534
304.095
304.095
304.444
303.618
304.378
303.704
303.754
304.4
303.726
304.803
304.531
304.92
305.293
305.085
305.047
304.554
304.982
304.944
304.803
304.531
304.92
305.293
305.085
305.047
304.554
304.982
304.944
302.959
302.96
302.508
304.751
304.179
304.534
304.751
304.179
304.534
304.095
304.095
304.444
303.572
304.038
303.413
303.079
303.959
303.334
304.803
304.531
304.92
305.293
305.085
305.047
304.554
304.982
304.944
303.618
304.378
303.704
303.754
304.4
303.727
305.293
305.085
305.047
304.803
304.531
304.92
304.982
304.554
304.944
305.353
305.529
305.486
305.353
305.529
305.486
305.557
305.557
305.515
305.353
305.529
305.486
305.353
305.529
305.486
305.557
305.557
305.515
305.353
305.529
305.486
305.353
305.529
305.486
305.557
305.557
305.515
303.618
304.378
303.704
304.4
303.754
303.727
305.293
305.085
305.047
304.803
304.531
304.92
304.982
304.554
304.944
303.618
304.378
303.704
303.754
304.4
303.727
304.751
304.179
304.534
304.751
304.179
304.534
304.095
304.095
304.444
302.959
302.959
302.508
303.572
304.038
303.413
303.959
303.079
303.334
305.293
305.085
305.047
304.803
304.531
304.92
304.982
304.554
304.944
303.618
304.378
303.704
304.4
303.754
303.726
303.618
304.378
303.704
304.4
303.754
303.726
303.572
304.038
303.413
303.959
303.079
303.334
303.572
304.038
303.413
303.959
303.078
303.334
302.96
302.959
302.508
305.248
305.248
305.299
305.071
305.189
305.12
305.189
305.071
305.12
305.015
305.015
304.949
305.015
305.015
304.949
305.071
305.189
305.12
305.071
305.189
305.12
305.015
305.015
304.949
305.071
305.189
305.12
305.189
305.071
305.12
305.248
305.248
305.299
305.248
305.248
305.299
305.248
305.248
305.299
305.189
305.071
305.12
305.015
305.015
304.949
305.189
305.071
305.12
303.379
303.379
303.236
304.093
304.315
304.132
304.245
304.428
304.24
304.048
304.174
303.995
303.495
303.765
303.603
304.093
304.315
304.132
304.428
304.245
304.24
305.387
305.447
305.44
305.387
305.447
305.44
305.593
305.593
305.586
304.563
304.466
304.607
305.327
305.262
305.255
304.583
304.732
304.726
304.048
304.174
303.995
303.765
303.495
303.603
305.327
305.262
305.255
304.563
304.466
304.607
304.732
304.583
304.726
304.513
304.319
304.454
304.513
304.319
304.454
303.895
303.895
304.017
304.048
304.174
303.995
303.495
303.765
303.602
304.048
304.174
303.995
303.495
303.765
303.603
304.513
304.319
304.454
304.513
304.319
304.454
303.895
303.895
304.017
304.093
304.315
304.132
304.245
304.428
304.24
304.563
304.466
304.607
305.327
305.262
305.255
304.583
304.732
304.726
304.563
304.466
304.607
305.327
305.262
305.255
304.583
304.732
304.726
303.379
303.379
303.236
304.513
304.319
304.454
304.513
304.319
304.454
303.895
303.895
304.017
304.048
304.174
303.995
303.495
303.765
303.603
304.563
304.466
304.607
305.327
305.262
305.255
304.583
304.732
304.726
304.093
304.315
304.132
304.245
304.428
304.24
305.327
305.262
305.255
304.563
304.466
304.607
304.732
304.583
304.726
305.387
305.447
305.44
305.387
305.447
305.44
305.593
305.593
305.586
305.387
305.447
305.44
305.387
305.447
305.44
305.593
305.593
305.586
305.387
305.447
305.44
305.387
305.447
305.44
305.593
305.593
305.586
304.093
304.315
304.132
304.428
304.245
304.24
305.327
305.262
305.255
304.563
304.466
304.607
304.732
304.583
304.726
304.093
304.315
304.132
304.245
304.428
304.24
304.513
304.319
304.454
304.513
304.319
304.454
303.895
303.895
304.017
303.379
303.379
303.236
304.048
304.174
303.995
303.765
303.495
303.603
305.327
305.262
305.255
304.563
304.466
304.607
304.732
304.583
304.726
304.093
304.315
304.132
304.428
304.245
304.24
304.093
304.315
304.132
304.428
304.245
304.24
304.048
304.174
303.995
303.765
303.495
303.603
304.048
304.174
303.995
303.765
303.495
303.602
303.38
303.379
303.236
305.29
305.378
305.342
305.29
305.378
305.342
305.422
305.422
305.386
304.992
304.949
305.04
305.231
305.195
305.162
304.989
305.114
305.08
305.231
305.195
305.161
304.992
304.949
305.04
305.114
304.989
305.08
304.937
304.785
304.872
304.937
304.785
304.872
304.711
304.711
304.797
304.937
304.785
304.872
304.937
304.785
304.872
304.711
304.711
304.797
304.992
304.949
305.04
305.231
305.195
305.162
304.989
305.114
305.08
304.992
304.949
305.04
305.231
305.195
305.161
304.989
305.114
305.08
304.937
304.785
304.872
304.937
304.785
304.872
304.711
304.711
304.797
304.992
304.949
305.04
305.231
305.195
305.162
304.989
305.114
305.08
305.231
305.195
305.161
304.992
304.949
305.04
305.114
304.989
305.08
305.29
305.378
305.342
305.29
305.378
305.342
305.422
305.422
305.386
305.29
305.378
305.342
305.29
305.378
305.342
305.422
305.422
305.386
305.29
305.378
305.342
305.29
305.378
305.342
305.422
305.422
305.386
305.231
305.195
305.162
304.992
304.949
305.04
305.114
304.989
305.08
304.937
304.785
304.872
304.937
304.785
304.872
304.711
304.711
304.797
305.231
305.195
305.161
304.992
304.949
305.04
305.114
304.989
305.08
303.193
302.845
303.061
303.193
302.845
303.061
302.701
302.701
302.927
303.88
303.651
303.918
304.35
304.192
304.165
303.682
303.974
303.948
304.025
303.75
304.02
304.417
304.213
304.229
303.74
303.995
304.011
303.836
303.527
303.785
304.11
303.865
303.934
303.471
303.664
303.731
303.309
303.17
303.414
303.867
303.788
303.701
303.261
303.587
303.502
303.881
303.651
303.918
304.35
304.192
304.165
303.682
303.974
303.948
304.417
304.213
304.229
304.025
303.75
304.021
303.995
303.74
304.011
305.373
305.405
305.426
305.492
305.522
305.485
305.45
305.507
305.471
305.373
305.405
305.426
305.492
305.522
305.485
305.45
305.507
305.471
305.579
305.55
305.572
305.579
305.55
305.572
305.536
305.536
305.557
304.69
304.849
304.734
304.502
304.673
304.643
304.888
304.803
304.772
305.313
305.222
305.242
305.179
305.079
305.172
305.14
305.066
305.159
304.571
304.697
304.715
304.864
304.975
304.858
304.827
304.963
304.845
303.836
303.527
303.785
304.11
303.865
303.934
303.472
303.664
303.731
303.867
303.788
303.701
303.309
303.17
303.414
303.587
303.261
303.502
305.313
305.222
305.242
305.179
305.079
305.172
305.14
305.066
305.159
304.69
304.849
304.734
304.502
304.673
304.643
304.888
304.803
304.772
304.864
304.975
304.858
304.571
304.697
304.715
304.963
304.827
304.845
304.639
304.688
304.578
304.253
304.309
304.387
304.616
304.428
304.507
304.639
304.688
304.578
304.253
304.309
304.387
304.616
304.428
304.507
304.001
304.224
304.125
304.001
304.224
304.125
304.34
304.34
304.24
303.836
303.527
303.785
304.11
303.865
303.934
303.471
303.664
303.731
303.309
303.17
303.414
303.867
303.788
303.701
303.26
303.587
303.502
303.836
303.527
303.785
304.11
303.865
303.934
303.472
303.664
303.731
303.309
303.17
303.414
303.867
303.788
303.701
303.261
303.587
303.503
304.639
304.688
304.578
304.253
304.309
304.387
304.616
304.428
304.507
304.639
304.688
304.578
304.253
304.309
304.387
304.616
304.428
304.507
304.001
304.224
304.125
304.001
304.224
304.125
304.34
304.34
304.24
303.88
303.651
303.918
304.35
304.192
304.165
303.682
303.974
303.948
304.025
303.75
304.02
304.417
304.213
304.229
303.74
303.995
304.011
304.69
304.849
304.734
304.502
304.673
304.643
304.888
304.803
304.772
305.313
305.222
305.242
305.179
305.079
305.172
305.14
305.066
305.159
304.571
304.697
304.715
304.864
304.975
304.858
304.827
304.963
304.845
304.69
304.849
304.734
304.502
304.673
304.643
304.888
304.803
304.772
305.313
305.222
305.242
305.179
305.079
305.172
305.14
305.066
305.159
304.571
304.697
304.715
304.864
304.975
304.858
304.827
304.963
304.845
303.193
302.845
303.061
303.193
302.845
303.061
302.701
302.701
302.927
304.639
304.688
304.578
304.253
304.309
304.387
304.616
304.428
304.507
304.639
304.688
304.578
304.253
304.309
304.387
304.616
304.428
304.507
304.001
304.224
304.125
304.001
304.224
304.125
304.34
304.34
304.24
303.836
303.527
303.785
304.11
303.865
303.934
303.472
303.664
303.731
303.309
303.17
303.414
303.867
303.788
303.701
303.261
303.587
303.503
304.69
304.849
304.734
304.502
304.673
304.643
304.888
304.803
304.772
305.313
305.222
305.242
305.179
305.079
305.172
305.14
305.066
305.159
304.571
304.697
304.715
304.864
304.975
304.858
304.827
304.963
304.845
303.881
303.651
303.918
304.35
304.192
304.165
303.682
303.974
303.948
304.025
303.75
304.021
304.417
304.213
304.229
303.74
303.995
304.011
305.313
305.222
305.242
305.179
305.079
305.172
305.14
305.066
305.159
304.69
304.849
304.734
304.502
304.673
304.643
304.888
304.803
304.772
304.864
304.975
304.858
304.571
304.697
304.715
304.963
304.827
304.845
305.373
305.405
305.426
305.492
305.522
305.485
305.45
305.507
305.471
305.373
305.405
305.426
305.492
305.522
305.485
305.45
305.507
305.471
305.579
305.55
305.572
305.579
305.55
305.572
305.536
305.536
305.557
305.373
305.405
305.426
305.492
305.522
305.485
305.45
305.507
305.471
305.373
305.405
305.426
305.492
305.522
305.485
305.45
305.507
305.471
305.579
305.55
305.572
305.579
305.55
305.572
305.536
305.536
305.557
305.373
305.405
305.426
305.492
305.522
305.485
305.45
305.507
305.471
305.373
305.405
305.426
305.492
305.522
305.485
305.45
305.507
305.471
305.579
305.55
305.572
305.579
305.55
305.572
305.536
305.536
305.557
303.881
303.651
303.918
304.35
304.192
304.165
303.682
303.974
303.948
304.417
304.213
304.229
304.025
303.75
304.021
303.995
303.74
304.011
305.313
305.222
305.242
305.179
305.079
305.172
305.14
305.066
305.159
304.69
304.849
304.734
304.502
304.673
304.643
304.888
304.803
304.772
304.864
304.975
304.858
304.571
304.697
304.715
304.963
304.827
304.845
303.881
303.651
303.918
304.35
304.192
304.165
303.682
303.974
303.948
304.025
303.75
304.021
304.417
304.213
304.229
303.74
303.995
304.011
304.639
304.688
304.578
304.253
304.309
304.387
304.616
304.428
304.507
304.639
304.688
304.578
304.253
304.309
304.387
304.616
304.428
304.507
304.001
304.224
304.125
304.001
304.224
304.125
304.34
304.34
304.24
303.193
302.845
303.061
303.193
302.845
303.061
302.701
302.701
302.927
303.836
303.527
303.785
304.11
303.865
303.934
303.472
303.664
303.731
303.867
303.788
303.701
303.309
303.17
303.414
303.587
303.261
303.502
305.313
305.222
305.242
305.179
305.079
305.172
305.14
305.066
305.159
304.69
304.849
304.734
304.502
304.673
304.643
304.888
304.803
304.772
304.864
304.975
304.858
304.571
304.697
304.715
304.963
304.827
304.845
303.88
303.651
303.918
304.35
304.192
304.165
303.682
303.974
303.948
304.417
304.213
304.229
304.025
303.75
304.02
303.995
303.74
304.011
303.88
303.651
303.918
304.35
304.192
304.165
303.682
303.974
303.948
304.417
304.213
304.229
304.025
303.75
304.02
303.995
303.74
304.011
303.836
303.527
303.785
304.11
303.866
303.934
303.472
303.664
303.731
303.867
303.788
303.701
303.309
303.17
303.414
303.587
303.261
303.503
303.836
303.527
303.785
304.11
303.865
303.934
303.471
303.664
303.731
303.867
303.788
303.701
303.309
303.17
303.414
303.587
303.26
303.502
303.193
302.846
303.062
303.193
302.845
303.061
302.701
302.701
302.927
)
;
        logInterval     -1;
        writePrecision  6;
        updateHeader    1;
        writeToFile     0;
        useUserTime     1;
        kappaMethod     solidThermo;
    }
}


// ************************************************************************* //
