/*--------------------------------*- C++ -*----------------------------------*\
| =========                 |                                                 |
| \\      /  F ield         | OpenFOAM: The Open Source CFD Toolbox           |
|  \\    /   O peration     | Version:  2412                                  |
|   \\  /    A nd           | Website:  www.openfoam.com                      |
|    \\/     M anipulation  |                                                 |
\*---------------------------------------------------------------------------*/
FoamFile
{
    version     2.0;
    format      ascii;
    arch        "LSB;label=32;scalar=64";
    class       volScalarField;
    location    "0.12/chip";
    object      T;
}
// * * * * * * * * * * * * * * * * * * * * * * * * * * * * * * * * * * * * * //

dimensions      [0 0 0 1 0 0 0];

internalField   nonuniform List<scalar> 
6620
(
308.004
307.883
307.883
307.765
308.656
308.41
308.41
308.176
307.745
307.804
307.804
307.745
307.804
307.804
307.864
307.864
307.864
307.864
307.804
307.804
307.745
307.804
307.804
307.745
307.765
308.116
307.883
307.883
308.349
308.349
307.765
308.116
307.883
307.883
308.349
308.349
308.004
308.004
308.004
308.595
308.595
308.595
308.595
307.883
308.349
308.349
307.765
308.116
307.883
308.349
308.349
308.116
308.176
308.41
308.41
308.176
308.41
308.41
308.656
308.656
308.656
308.41
308.176
308.41
306.624
306.313
307.52
307.082
307.226
307.374
306.812
306.982
306.512
307.273
307.52
307.082
307.226
307.374
308.587
308.181
308.181
308.347
308.364
308.466
308.466
307.823
307.317
308.055
308.101
307.469
307.72
308.213
306.812
306.982
306.512
307.273
307.823
308.055
307.317
308.101
307.469
308.213
307.72
307.168
307.212
307.212
307.867
306.721
307.504
307.504
306.913
307.662
307.809
307.559
307.095
307.663
307.809
308.774
308.774
308.896
308.034
308.522
308.138
307.559
307.096
308.522
308.034
308.138
307.818
307.818
307.487
306.324
306.978
306.425
306.978
306.425
307.095
307.095
306.53
307.028
307.199
307.028
307.199
307.147
308.006
307.322
307.147
308.006
307.322
306.978
306.425
306.324
307.095
307.095
306.53
306.978
306.425
307.028
307.199
307.147
308.006
307.322
307.028
307.199
308.006
307.147
307.322
308.069
308.069
308.284
308.069
308.069
308.284
308.069
308.069
308.284
308.069
308.069
308.284
307.147
308.006
307.322
307.028
307.199
308.006
307.147
307.322
307.028
307.199
306.978
306.425
307.095
307.095
306.53
306.324
306.978
306.425
308.006
307.147
307.322
308.006
307.147
307.322
307.028
307.199
307.028
307.199
307.095
307.095
306.53
306.978
306.425
306.978
306.425
306.324
306.812
306.982
306.512
307.273
306.812
306.982
306.512
307.273
307.168
307.212
307.212
307.867
306.721
307.504
307.504
306.704
306.876
306.89
307.521
307.352
307.058
306.89
307.521
307.352
307.059
307.317
308.013
307.757
307.757
307.65
307.65
307.422
307.52
307.082
307.226
307.374
307.823
307.317
308.055
308.101
307.469
307.72
308.213
307.823
307.317
308.055
308.101
307.469
307.72
308.213
307.599
307.622
307.452
307.768
307.599
307.622
307.452
307.768
307.97
308.246
307.974
308.462
307.866
308.359
308.077
307.97
308.246
307.974
308.462
307.866
308.359
308.077
306.624
306.313
307.168
307.212
307.212
307.867
306.721
307.504
307.504
306.812
306.982
306.512
307.273
306.89
307.521
307.352
307.058
306.704
306.876
307.317
308.013
307.757
307.757
307.65
307.65
307.422
306.89
307.521
307.352
307.059
307.823
307.317
308.055
308.101
307.469
307.72
308.213
307.52
307.082
307.226
307.374
307.823
308.055
307.317
308.101
307.469
308.213
307.72
307.599
307.622
307.453
307.768
307.97
308.246
307.974
308.462
307.866
308.359
308.078
307.599
307.622
307.453
307.768
307.97
308.246
308.462
307.974
308.359
307.866
308.077
308.587
308.181
308.181
308.347
308.364
308.466
308.466
308.587
308.181
308.181
308.347
308.364
308.466
308.466
308.587
308.181
308.181
308.347
308.364
308.466
308.466
307.52
307.082
307.226
307.374
307.823
308.055
307.317
308.101
307.469
308.213
307.72
307.52
307.082
307.226
307.374
307.97
308.246
307.974
308.462
307.866
308.359
308.078
307.599
307.622
307.453
307.768
307.97
308.246
308.462
307.974
308.359
307.866
308.078
307.599
307.622
307.453
307.768
307.168
307.212
307.212
307.867
306.721
307.504
307.504
306.624
306.313
306.812
306.982
306.512
307.273
306.89
307.521
307.352
307.059
307.317
308.013
307.757
307.757
307.65
307.65
307.422
306.704
306.876
306.89
307.521
307.352
307.059
307.823
308.055
307.317
308.101
307.469
308.213
307.72
307.52
307.082
307.226
307.374
307.52
307.082
307.226
307.374
307.97
308.246
308.462
307.974
308.359
307.866
308.077
307.97
308.246
308.462
307.974
308.359
307.866
308.077
307.599
307.622
307.453
307.768
307.599
307.622
307.452
307.768
306.812
306.982
306.512
307.273
306.812
306.982
306.512
307.273
306.624
306.313
307.317
308.013
307.757
307.757
307.65
307.65
307.422
306.89
307.521
307.352
307.059
306.89
307.521
307.352
307.059
306.704
306.876
307.559
307.095
307.559
307.096
307.818
307.818
307.487
307.662
307.809
308.034
308.522
308.138
308.034
308.522
308.138
306.913
307.818
307.818
307.487
307.559
307.096
308.034
308.522
308.138
307.662
307.809
308.522
308.034
308.138
308.774
308.774
308.896
308.774
308.774
308.896
308.774
308.774
308.896
307.663
307.809
308.522
308.034
308.138
307.663
307.809
307.818
307.818
307.487
306.913
307.559
307.096
308.522
308.034
308.138
307.662
307.809
307.662
307.809
307.559
307.096
307.559
307.095
306.913
308.288
308.094
308.094
308.107
308.185
308.197
308.197
307.914
307.726
307.97
307.986
307.81
307.83
308.073
307.914
307.97
307.726
307.986
307.81
308.073
307.83
307.568
307.612
307.612
307.868
307.465
307.715
307.715
307.513
307.513
307.294
307.57
307.936
307.695
307.57
307.936
307.695
307.513
307.513
307.294
307.57
307.936
307.695
307.936
307.57
307.695
307.997
307.997
308.134
307.997
307.997
308.134
307.997
307.997
308.134
307.997
307.997
308.134
307.57
307.936
307.695
307.936
307.57
307.695
307.513
307.513
307.294
307.936
307.57
307.695
307.936
307.57
307.695
307.513
307.513
307.294
307.568
307.612
307.612
307.868
307.465
307.715
307.715
307.914
307.726
307.97
307.986
308.073
307.81
307.83
307.914
307.726
307.97
307.986
307.81
307.83
308.073
307.568
307.612
307.612
307.868
307.715
307.465
307.715
307.914
307.726
307.97
307.986
308.073
307.81
307.83
307.914
307.97
307.726
307.986
307.81
308.073
307.83
308.288
308.094
308.094
308.107
308.197
308.185
308.197
308.288
308.094
308.094
308.107
308.197
308.185
308.197
308.288
308.094
308.094
308.107
308.185
308.197
308.197
307.914
307.97
307.726
307.986
307.83
307.81
308.073
307.568
307.612
307.612
307.868
307.715
307.465
307.715
307.914
307.97
307.726
307.986
307.83
307.81
308.073
306.103
306.531
306.457
306.457
306.355
306.356
306.287
306.032
306.428
306.114
306.115
305.789
306.241
306.241
307.22
307.433
307.342
307.496
307.243
307.409
307.318
307.067
306.869
307.155
307.191
306.939
306.996
307.264
307.113
307.336
307.008
307.203
306.985
307.136
307.312
307.174
307.448
307.288
307.2
307.103
307.361
307.272
306.728
306.723
306.645
306.987
306.546
306.9
306.824
306.775
306.773
306.853
307.09
306.649
306.899
306.962
306.621
306.624
306.309
306.695
306.495
306.436
306.804
306.881
307.144
307.187
307.103
307.006
307.058
306.977
307.22
307.433
307.496
307.342
307.409
307.244
307.318
307.067
306.869
307.155
307.191
306.939
306.996
307.264
307.113
307.336
307.203
307.008
306.985
307.312
307.136
307.174
307.448
307.288
307.2
307.103
307.361
307.272
308.347
308.152
308.274
308.284
308.244
308.255
308.377
308.347
308.152
308.274
308.284
308.244
308.255
308.377
308.407
308.468
308.334
308.334
308.304
308.437
308.437
307.719
307.533
307.393
307.423
307.615
307.637
307.5
307.969
308.026
307.892
308.158
307.865
308.13
307.996
307.771
307.575
307.444
307.693
307.667
307.55
307.797
306.728
306.723
306.987
306.646
306.9
306.547
306.824
306.775
306.773
306.854
307.09
306.649
306.899
306.962
306.622
306.624
306.695
306.309
306.496
306.804
306.436
306.881
307.144
307.187
307.103
307.006
307.059
306.978
307.969
308.026
307.892
308.158
307.865
308.13
307.996
307.719
307.533
307.393
307.423
307.615
307.637
307.5
307.771
307.575
307.693
307.444
307.667
307.797
307.55
307.386
307.425
307.077
307.318
307.282
307.529
307.183
307.386
307.425
307.077
307.318
307.282
307.529
307.183
307.213
306.829
306.909
306.909
307.108
307.016
307.016
306.663
306.947
306.839
306.839
306.656
306.935
306.775
306.775
306.615
306.8
306.8
307.633
307.838
307.669
307.814
307.601
307.503
307.735
307.681
307.576
307.529
307.754
307.649
307.827
307.647
307.785
307.623
307.672
307.803
307.61
307.692
307.501
307.765
307.189
307.129
306.929
307.303
307.305
307.405
307.432
307.578
307.279
307.431
307.45
307.152
307.117
306.954
307.272
307.126
306.98
307.292
307.263
307.589
307.453
307.462
307.633
307.838
307.814
307.669
307.601
307.504
307.735
307.681
307.576
307.529
307.754
307.649
307.827
307.785
307.647
307.623
307.803
307.672
307.61
307.692
307.501
307.765
308.871
308.931
308.901
308.901
308.751
308.569
308.659
308.659
308.81
308.746
308.717
308.84
308.81
308.747
308.717
308.84
308.237
308.056
308.031
308.264
308.377
308.447
308.293
308.535
308.185
307.902
308.103
307.98
308.433
308.62
308.592
308.46
307.189
307.129
307.303
306.93
307.305
307.405
307.432
307.578
307.279
307.431
307.451
307.152
307.117
307.272
306.954
307.127
307.292
306.98
307.263
307.589
307.453
307.462
308.237
308.056
308.264
308.031
308.377
308.447
308.535
308.293
308.433
308.62
308.592
308.46
308.185
307.902
308.103
307.98
307.68
307.319
307.496
307.496
308.032
308.329
308.178
308.178
307.852
307.796
307.994
307.663
307.852
307.796
307.994
307.663
306.031
306.031
305.697
306.665
306.782
306.48
306.128
306.702
306.404
306.665
306.783
306.48
306.129
306.702
306.405
307.419
306.895
307.203
307.419
306.895
307.203
306.812
306.812
307.115
306.712
307.139
306.817
306.874
307.163
306.84
306.712
307.139
306.817
306.874
307.163
306.84
307.473
307.261
307.596
307.964
307.762
307.722
307.286
307.661
307.622
307.473
307.261
307.596
307.964
307.762
307.722
307.286
307.661
307.622
306.665
306.782
306.48
306.128
306.702
306.404
306.031
306.031
305.697
307.419
306.895
307.203
307.419
306.895
307.203
306.812
306.812
307.115
306.665
306.783
306.48
306.129
306.702
306.405
306.712
307.139
306.817
307.163
306.874
306.84
307.473
307.261
307.596
307.964
307.762
307.722
307.286
307.662
307.622
306.712
307.139
306.817
306.874
307.163
306.84
307.964
307.762
307.722
307.473
307.261
307.596
307.662
307.286
307.622
308.026
308.208
308.164
308.026
308.208
308.164
308.238
308.238
308.194
308.026
308.208
308.164
308.026
308.208
308.164
308.238
308.238
308.194
308.026
308.208
308.164
308.026
308.208
308.164
308.238
308.238
308.194
308.026
308.208
308.164
308.026
308.208
308.164
308.238
308.238
308.194
307.473
307.261
307.596
307.964
307.762
307.722
307.286
307.662
307.622
306.712
307.139
306.818
307.163
306.874
306.84
307.964
307.762
307.722
307.473
307.261
307.596
307.662
307.286
307.622
306.712
307.139
306.817
306.874
307.163
306.84
306.665
306.783
306.48
306.702
306.128
306.405
307.419
306.895
307.203
307.419
306.895
307.203
306.812
306.812
307.115
306.031
306.031
305.697
306.665
306.783
306.48
306.702
306.128
306.405
307.964
307.762
307.722
307.473
307.261
307.596
307.661
307.286
307.622
307.964
307.762
307.722
307.473
307.261
307.596
307.661
307.286
307.622
306.712
307.139
306.817
307.163
306.874
306.84
306.712
307.139
306.817
307.163
306.874
306.84
307.419
306.895
307.203
307.419
306.895
307.203
306.812
306.812
307.115
306.665
306.783
306.48
306.702
306.129
306.405
306.665
306.782
306.48
306.702
306.128
306.404
306.031
306.031
305.697
306.728
306.723
306.645
306.987
306.546
306.9
306.824
306.775
306.773
306.853
307.09
306.899
306.649
306.962
306.621
306.624
306.309
306.695
306.436
306.495
306.804
306.881
307.144
307.187
307.103
307.006
307.058
306.977
306.729
306.723
306.646
306.987
306.547
306.901
306.825
306.775
306.773
306.854
307.09
306.9
306.649
306.962
306.622
306.624
306.309
306.695
306.436
306.496
306.804
306.881
307.145
307.187
307.103
307.006
307.059
306.978
307.386
307.425
307.077
307.318
307.282
307.183
307.529
307.386
307.425
307.077
307.318
307.282
307.183
307.529
307.213
306.829
306.909
306.909
307.108
307.016
307.016
306.472
306.546
306.546
306.773
306.339
306.622
306.622
306.509
306.831
306.737
306.737
306.594
306.686
306.686
306.983
306.732
307.065
306.958
306.909
306.807
307.133
307.2
307.373
307.478
307.391
307.348
307.326
307.247
307.138
307.222
307.189
307.421
307.063
307.29
307.264
307.045
307.015
306.919
307.234
306.87
307.191
307.093
306.985
306.733
307.065
306.958
306.911
306.809
307.134
307.2
307.373
307.479
307.391
307.348
307.326
307.247
307.139
307.222
307.19
307.421
307.064
307.291
307.265
307.047
307.016
306.92
307.235
306.871
307.191
307.094
307.22
307.433
307.342
307.496
307.243
307.409
307.318
307.067
306.869
307.155
307.191
306.996
306.939
307.264
307.113
307.336
307.008
307.203
307.136
306.985
307.312
307.174
307.448
307.288
307.2
307.103
307.361
307.272
307.719
307.533
307.393
307.423
307.5
307.615
307.637
307.969
308.026
307.892
308.158
308.13
307.865
307.996
307.771
307.575
307.444
307.693
307.55
307.667
307.797
307.719
307.533
307.393
307.423
307.615
307.5
307.637
307.969
308.026
307.892
308.158
307.865
307.996
308.13
307.771
307.575
307.444
307.693
307.667
307.55
307.797
307.481
307.429
307.575
307.668
307.406
307.504
307.644
307.496
307.471
307.579
307.696
307.543
307.424
307.653
307.434
307.527
307.287
307.522
307.359
307.362
307.596
307.543
307.726
307.614
307.744
307.59
307.566
307.702
307.481
307.429
307.575
307.668
307.406
307.504
307.644
307.496
307.471
307.579
307.696
307.653
307.424
307.543
307.434
307.527
307.287
307.522
307.359
307.596
307.362
307.543
307.726
307.614
307.744
307.566
307.702
307.59
306.103
306.531
306.457
306.457
306.355
306.356
306.287
306.032
306.428
306.114
306.115
306.241
305.789
306.241
307.386
307.425
307.077
307.318
307.183
307.282
307.529
307.386
307.425
307.077
307.318
307.529
307.282
307.183
307.213
306.829
306.909
306.909
307.016
307.108
307.016
306.729
306.723
306.646
306.987
306.547
306.901
306.825
306.775
306.773
306.854
307.09
306.649
306.962
306.9
306.622
306.624
306.309
306.695
306.496
306.436
306.804
306.881
307.145
307.187
307.103
307.059
306.978
307.006
306.983
306.732
307.065
306.958
306.909
306.807
307.133
307.2
307.373
307.478
307.391
307.247
307.326
307.348
307.138
307.222
307.189
307.421
307.063
307.264
307.29
307.045
307.015
306.919
307.234
307.093
306.87
307.191
306.472
306.546
306.546
306.773
306.339
306.622
306.622
306.509
306.831
306.737
306.737
306.686
306.686
306.594
306.985
306.733
307.065
306.958
306.911
306.809
307.134
307.2
307.373
307.479
307.391
307.348
307.326
307.247
307.139
307.222
307.19
307.421
307.064
307.291
307.265
307.047
307.016
306.92
307.235
306.871
307.191
307.094
307.719
307.533
307.393
307.423
307.5
307.615
307.637
307.969
308.026
307.892
308.158
308.13
307.865
307.996
307.771
307.575
307.444
307.693
307.55
307.667
307.797
307.22
307.433
307.342
307.496
307.244
307.409
307.318
307.067
306.869
307.155
307.191
306.996
306.939
307.264
307.113
307.336
307.008
307.203
307.136
306.985
307.312
307.174
307.448
307.288
307.2
307.103
307.361
307.272
307.969
308.026
307.892
308.158
307.865
307.996
308.13
307.719
307.533
307.393
307.423
307.615
307.5
307.637
307.771
307.575
307.693
307.444
307.667
307.797
307.55
307.481
307.575
307.429
307.668
307.406
307.644
307.504
307.496
307.471
307.579
307.696
307.543
307.424
307.653
307.434
307.527
307.287
307.522
307.359
307.362
307.596
307.543
307.726
307.744
307.614
307.59
307.702
307.567
307.481
307.429
307.575
307.668
307.406
307.504
307.644
307.496
307.471
307.579
307.696
307.653
307.424
307.543
307.434
307.527
307.287
307.522
307.359
307.596
307.362
307.543
307.726
307.614
307.744
307.567
307.702
307.59
308.347
308.152
308.274
308.284
308.377
308.244
308.255
308.347
308.152
308.274
308.284
308.255
308.244
308.377
308.407
308.468
308.334
308.334
308.437
308.304
308.437
308.347
308.152
308.274
308.284
308.377
308.244
308.255
308.347
308.152
308.274
308.284
308.255
308.244
308.377
308.407
308.468
308.334
308.334
308.437
308.304
308.437
308.347
308.152
308.274
308.284
308.244
308.377
308.255
308.347
308.152
308.274
308.284
308.244
308.377
308.255
308.407
308.468
308.334
308.334
308.304
308.437
308.437
307.22
307.433
307.496
307.342
307.409
307.244
307.318
307.067
306.869
307.155
307.191
307.264
306.939
306.996
307.113
307.336
307.203
307.008
307.312
306.985
307.136
307.174
307.448
307.288
307.2
307.361
307.103
307.272
307.969
308.026
307.892
308.158
307.996
307.865
308.13
307.719
307.533
307.393
307.423
307.637
307.615
307.5
307.771
307.575
307.693
307.444
307.797
307.667
307.55
307.22
307.433
307.342
307.496
307.244
307.409
307.318
307.067
306.869
307.155
307.191
306.939
307.264
306.996
307.113
307.336
307.008
307.203
306.985
307.136
307.312
307.174
307.448
307.288
307.2
307.361
307.272
307.103
307.481
307.575
307.429
307.668
307.406
307.644
307.504
307.496
307.471
307.579
307.696
307.424
307.653
307.543
307.434
307.527
307.287
307.522
307.362
307.359
307.596
307.543
307.726
307.744
307.614
307.702
307.567
307.59
307.481
307.429
307.575
307.668
307.406
307.504
307.644
307.496
307.471
307.579
307.696
307.653
307.424
307.543
307.434
307.527
307.287
307.522
307.359
307.596
307.362
307.543
307.726
307.614
307.744
307.567
307.702
307.59
307.386
307.425
307.077
307.318
307.183
307.282
307.529
307.386
307.425
307.077
307.318
307.529
307.282
307.183
307.213
306.829
306.909
306.909
307.016
307.108
307.016
306.103
306.531
306.457
306.457
306.355
306.355
306.287
306.032
306.428
306.115
306.115
306.241
305.789
306.241
306.728
306.723
306.987
306.646
306.9
306.547
306.824
306.775
306.773
306.854
307.09
306.649
306.962
306.899
306.622
306.624
306.695
306.309
306.496
306.804
306.436
306.881
307.144
307.187
307.103
307.059
306.978
307.006
306.985
307.065
306.733
306.958
306.91
307.134
306.808
307.2
307.373
307.478
307.391
307.247
307.326
307.348
307.138
307.222
307.19
307.421
307.064
307.264
307.291
307.046
307.015
307.234
306.92
307.094
307.191
306.871
306.472
306.546
306.546
306.773
306.339
306.622
306.622
306.509
306.831
306.737
306.737
306.686
306.686
306.594
306.984
307.065
306.733
306.958
306.91
307.134
306.808
307.2
307.373
307.478
307.391
307.348
307.326
307.247
307.138
307.222
307.19
307.421
307.064
307.291
307.264
307.046
307.015
307.234
306.92
307.191
306.871
307.094
307.969
308.026
307.892
308.158
307.996
307.865
308.13
307.719
307.533
307.393
307.423
307.637
307.615
307.5
307.771
307.575
307.693
307.444
307.797
307.667
307.55
307.22
307.433
307.496
307.342
307.409
307.244
307.318
307.067
306.869
307.155
307.191
307.264
306.939
306.996
307.113
307.336
307.203
307.008
307.312
306.985
307.136
307.174
307.448
307.288
307.2
307.361
307.103
307.272
307.22
307.433
307.496
307.342
307.409
307.244
307.318
307.067
306.869
307.155
307.191
306.939
307.264
306.996
307.113
307.336
307.203
307.008
306.985
307.312
307.136
307.174
307.448
307.288
307.2
307.361
307.272
307.103
307.481
307.575
307.429
307.668
307.406
307.644
307.504
307.496
307.471
307.579
307.696
307.424
307.653
307.543
307.434
307.527
307.287
307.522
307.362
307.359
307.596
307.543
307.726
307.744
307.614
307.702
307.567
307.59
307.481
307.575
307.429
307.668
307.406
307.644
307.504
307.496
307.471
307.579
307.696
307.653
307.424
307.543
307.434
307.527
307.287
307.522
307.359
307.596
307.362
307.543
307.726
307.744
307.614
307.702
307.567
307.59
306.729
306.723
306.987
306.646
306.901
306.547
306.825
306.775
306.773
306.854
307.09
306.962
306.649
306.9
306.622
306.624
306.695
306.309
306.804
306.496
306.436
306.881
307.145
307.187
307.103
307.059
307.006
306.978
306.728
306.723
306.987
306.645
306.9
306.546
306.824
306.775
306.773
306.853
307.09
306.962
306.649
306.899
306.621
306.624
306.695
306.309
306.804
306.495
306.436
306.881
307.144
307.187
307.103
307.058
307.006
306.977
306.103
306.531
306.457
306.457
306.356
306.355
306.287
306.032
306.428
306.115
306.114
305.789
306.241
306.241
306.985
307.065
306.733
306.958
306.911
307.134
306.809
307.2
307.373
307.479
307.391
307.326
307.348
307.247
307.139
307.222
307.19
307.421
307.265
307.064
307.291
307.047
307.016
307.235
306.92
307.191
306.871
307.094
306.983
307.065
306.732
306.958
306.909
307.133
306.808
307.2
307.373
307.478
307.391
307.326
307.348
307.247
307.138
307.222
307.189
307.421
307.264
307.063
307.29
307.045
307.015
307.234
306.919
307.191
306.87
307.093
306.472
306.546
306.546
306.773
306.339
306.622
306.622
306.509
306.831
306.737
306.737
306.686
306.686
306.594
307.189
307.129
306.929
307.303
307.305
307.405
307.432
307.578
307.431
307.279
307.45
307.152
307.117
306.954
307.272
306.98
307.126
307.292
307.263
307.589
307.453
307.462
307.189
307.129
306.93
307.303
307.305
307.406
307.432
307.578
307.431
307.28
307.451
307.153
307.118
306.954
307.272
306.98
307.127
307.292
307.263
307.589
307.454
307.462
307.68
307.319
307.496
307.496
308.032
308.329
308.178
308.178
307.852
307.796
307.663
307.994
307.852
307.796
307.663
307.994
307.633
307.838
307.669
307.814
307.601
307.503
307.735
307.681
307.529
307.576
307.754
307.649
307.827
307.647
307.785
307.672
307.623
307.803
307.61
307.692
307.501
307.765
308.237
308.056
308.031
308.264
308.377
308.447
308.535
308.293
308.185
307.902
307.98
308.103
308.433
308.62
308.592
308.46
308.237
308.056
308.031
308.264
308.377
308.447
308.293
308.535
308.185
307.902
307.98
308.103
308.433
308.62
308.46
308.592
306.663
306.947
306.839
306.839
306.656
306.935
306.775
306.775
306.8
306.615
306.8
307.68
307.319
307.496
307.496
308.032
308.329
308.178
308.178
307.852
307.796
307.663
307.994
307.852
307.796
307.994
307.663
307.189
307.129
306.93
307.303
307.305
307.406
307.432
307.578
307.28
307.451
307.431
307.153
307.118
306.954
307.272
307.127
306.98
307.292
307.263
307.589
307.462
307.454
308.237
308.056
308.031
308.264
308.377
308.447
308.535
308.293
308.185
307.902
307.98
308.103
308.433
308.62
308.592
308.46
307.633
307.838
307.669
307.814
307.601
307.504
307.735
307.681
307.529
307.576
307.754
307.649
307.827
307.647
307.785
307.672
307.623
307.803
307.61
307.692
307.501
307.765
308.237
308.056
308.264
308.031
308.377
308.447
308.535
308.293
308.433
308.62
308.46
308.592
308.185
307.902
307.98
308.103
308.871
308.931
308.901
308.901
308.751
308.569
308.659
308.659
308.81
308.746
308.84
308.717
308.81
308.747
308.717
308.84
308.871
308.931
308.901
308.901
308.751
308.569
308.659
308.659
308.81
308.747
308.84
308.717
308.81
308.746
308.717
308.84
308.871
308.931
308.901
308.901
308.751
308.569
308.659
308.659
308.81
308.747
308.84
308.717
308.81
308.746
308.84
308.717
307.633
307.838
307.814
307.669
307.601
307.504
307.735
307.681
307.754
307.576
307.529
307.649
307.827
307.785
307.647
307.803
307.623
307.672
307.61
307.692
307.765
307.501
308.237
308.056
308.264
308.031
308.377
308.447
308.293
308.535
308.433
308.62
308.46
308.592
308.185
307.902
308.103
307.98
307.633
307.838
307.669
307.814
307.601
307.504
307.735
307.681
307.576
307.754
307.529
307.649
307.827
307.647
307.785
307.623
307.672
307.803
307.61
307.692
307.765
307.501
307.68
307.319
307.496
307.496
308.032
308.329
308.178
308.178
307.852
307.796
307.663
307.994
307.852
307.796
307.994
307.663
306.663
306.947
306.839
306.839
306.656
306.935
306.775
306.775
306.8
306.615
306.8
307.189
307.129
307.303
306.93
307.305
307.405
307.432
307.578
307.279
307.451
307.431
307.152
307.118
307.272
306.954
307.127
307.292
306.98
307.263
307.589
307.462
307.453
308.237
308.056
308.264
308.031
308.377
308.447
308.293
308.535
308.433
308.62
308.46
308.592
308.185
307.902
308.103
307.98
307.633
307.838
307.814
307.669
307.601
307.504
307.735
307.681
307.754
307.576
307.529
307.649
307.827
307.785
307.647
307.803
307.623
307.672
307.61
307.692
307.765
307.501
307.633
307.838
307.814
307.669
307.601
307.504
307.735
307.681
307.576
307.754
307.529
307.649
307.827
307.785
307.647
307.623
307.803
307.672
307.61
307.692
307.765
307.501
307.189
307.129
307.303
306.93
307.305
307.406
307.432
307.578
307.451
307.28
307.431
307.153
307.118
307.272
306.954
307.292
307.127
306.98
307.263
307.589
307.462
307.454
307.189
307.129
307.303
306.929
307.305
307.405
307.432
307.578
307.45
307.279
307.431
307.152
307.117
307.272
306.954
307.292
307.126
306.98
307.263
307.589
307.462
307.453
306.663
306.947
306.839
306.839
306.656
306.935
306.775
306.775
306.615
306.8
306.8
307.551
307.686
307.677
307.677
307.618
307.618
307.61
307.726
307.745
307.735
307.856
307.676
307.796
307.786
307.726
307.745
307.735
307.856
307.676
307.796
307.786
307.551
307.686
307.677
307.677
307.618
307.618
307.61
307.726
307.745
307.735
307.856
307.676
307.796
307.786
307.726
307.745
307.856
307.735
307.796
307.676
307.786
307.91
307.805
307.916
307.916
307.969
307.857
307.857
307.91
307.805
307.916
307.916
307.857
307.857
307.969
307.91
307.805
307.916
307.916
307.857
307.857
307.969
307.91
307.805
307.916
307.916
307.857
307.857
307.969
307.726
307.745
307.735
307.856
307.786
307.676
307.796
307.726
307.745
307.856
307.735
307.796
307.676
307.786
307.551
307.686
307.677
307.677
307.618
307.618
307.61
307.726
307.745
307.856
307.735
307.786
307.796
307.676
307.726
307.745
307.856
307.735
307.796
307.676
307.786
307.551
307.686
307.677
307.677
307.61
307.618
307.618
306.047
306.26
306.215
306.215
306.113
306.15
306.15
306.738
306.858
306.915
306.92
306.858
306.794
306.802
306.347
306.362
306.315
306.523
306.25
306.46
306.411
306.738
306.858
306.915
306.92
306.858
306.794
306.802
306.347
306.362
306.315
306.523
306.25
306.46
306.412
307.088
307.209
307.034
307.036
306.975
307.148
307.148
307.088
307.209
307.034
307.036
306.975
307.148
307.148
306.67
306.467
306.629
306.629
306.567
306.567
306.732
306.886
306.908
306.966
307.072
306.95
306.843
307.009
307.004
307.136
307.075
307.193
307.069
307.01
307.13
306.886
306.908
306.966
307.072
307.009
306.843
306.95
307.004
307.136
307.075
307.193
307.01
307.13
307.069
307.247
307.262
307.086
307.192
307.201
307.13
307.308
307.868
307.999
307.947
307.934
307.875
307.94
307.927
307.374
307.261
307.316
307.441
307.255
307.381
307.435
307.247
307.262
307.086
307.192
307.13
307.201
307.308
307.868
307.999
307.947
307.934
307.875
307.94
307.927
307.374
307.261
307.316
307.441
307.255
307.381
307.435
306.738
306.858
306.915
306.92
306.802
306.794
306.858
306.347
306.362
306.315
306.523
306.411
306.25
306.46
306.047
306.26
306.215
306.215
306.15
306.15
306.113
307.088
307.209
307.034
307.036
307.148
306.975
307.148
307.088
307.209
307.034
307.036
306.975
307.148
307.148
306.67
306.467
306.629
306.629
306.567
306.567
306.732
306.738
306.858
306.915
306.92
306.858
306.794
306.802
306.347
306.362
306.315
306.523
306.25
306.46
306.412
306.886
306.908
306.966
307.072
306.95
306.843
307.009
307.004
307.136
307.193
307.075
307.069
307.13
307.01
307.247
307.262
307.086
307.192
307.201
307.13
307.308
307.868
307.999
307.947
307.934
307.875
307.94
307.927
307.374
307.261
307.316
307.441
307.255
307.381
307.435
306.886
306.908
306.966
307.072
307.009
306.843
306.95
307.004
307.136
307.075
307.193
307.01
307.13
307.069
307.868
307.999
307.947
307.934
307.875
307.94
307.927
307.247
307.262
307.086
307.192
307.13
307.201
307.308
307.374
307.261
307.441
307.316
307.381
307.255
307.435
308.057
308.062
308.01
308.124
308.116
308.002
308.064
308.057
308.062
308.01
308.124
308.116
308.002
308.064
308.209
308.224
308.276
308.276
308.269
308.216
308.216
308.057
308.062
308.01
308.124
308.002
308.064
308.116
308.057
308.062
308.01
308.124
308.064
308.002
308.116
308.209
308.224
308.276
308.276
308.216
308.216
308.269
308.057
308.062
308.01
308.124
308.002
308.064
308.116
308.057
308.062
308.01
308.124
308.064
308.002
308.116
308.209
308.224
308.276
308.276
308.216
308.216
308.269
308.057
308.062
308.01
308.124
308.064
308.002
308.116
308.057
308.062
308.01
308.124
308.064
308.002
308.116
308.209
308.224
308.276
308.276
308.216
308.216
308.269
307.247
307.262
307.086
307.192
307.308
307.201
307.13
307.868
307.999
307.947
307.934
307.927
307.94
307.875
307.374
307.261
307.316
307.441
307.435
307.255
307.381
306.886
306.908
306.966
307.072
306.843
307.009
306.95
307.004
307.136
307.193
307.075
307.13
307.01
307.069
307.868
307.999
307.947
307.934
307.94
307.875
307.927
307.247
307.262
307.086
307.192
307.13
307.201
307.308
307.374
307.261
307.441
307.316
307.381
307.255
307.435
306.886
306.908
306.966
307.072
307.009
306.843
306.95
307.004
307.136
307.075
307.193
307.01
307.13
307.069
306.738
306.858
306.915
306.92
306.802
306.794
306.858
306.347
306.362
306.523
306.315
306.411
306.46
306.25
307.088
307.209
307.034
307.036
307.148
306.975
307.148
307.088
307.209
307.034
307.036
306.975
307.148
307.148
306.67
306.467
306.629
306.629
306.567
306.567
306.732
306.047
306.26
306.215
306.215
306.15
306.15
306.113
306.738
306.858
306.915
306.92
306.858
306.794
306.802
306.347
306.362
306.523
306.315
306.46
306.25
306.412
307.868
307.999
307.947
307.934
307.927
307.94
307.875
307.247
307.262
307.086
307.192
307.308
307.201
307.13
307.374
307.261
307.441
307.316
307.435
307.381
307.255
307.868
307.999
307.947
307.934
307.94
307.875
307.927
307.247
307.262
307.086
307.192
307.13
307.201
307.308
307.374
307.261
307.441
307.316
307.381
307.255
307.435
306.886
306.908
306.966
307.072
306.843
307.009
306.95
307.004
307.136
307.193
307.075
307.13
307.01
307.069
306.886
306.908
306.966
307.072
307.009
306.843
306.95
307.004
307.136
307.193
307.075
307.13
307.01
307.069
307.088
307.209
307.034
307.036
307.148
307.148
306.975
307.088
307.209
307.034
307.036
307.148
307.148
306.975
306.67
306.467
306.629
306.629
306.732
306.567
306.567
306.738
306.858
306.915
306.92
306.794
306.858
306.802
306.347
306.362
306.523
306.315
306.46
306.25
306.412
306.738
306.858
306.915
306.92
306.794
306.858
306.802
306.347
306.362
306.523
306.315
306.46
306.25
306.411
306.047
306.26
306.215
306.215
306.15
306.15
306.113
307.474
307.6
307.454
307.449
307.54
307.534
307.389
307.474
307.6
307.454
307.449
307.54
307.534
307.389
307.4
307.234
307.376
307.376
307.459
307.316
307.316
307.648
307.657
307.511
307.619
307.598
307.707
307.559
307.77
307.9
307.876
307.865
307.84
307.829
307.805
307.69
307.635
307.66
307.784
307.749
307.601
307.725
307.648
307.657
307.511
307.619
307.598
307.707
307.559
307.77
307.9
307.876
307.865
307.84
307.829
307.805
307.69
307.635
307.66
307.784
307.749
307.601
307.725
307.474
307.6
307.454
307.449
307.54
307.534
307.389
307.474
307.6
307.454
307.449
307.54
307.534
307.389
307.4
307.234
307.376
307.376
307.459
307.316
307.316
307.648
307.657
307.511
307.619
307.598
307.707
307.559
307.77
307.9
307.876
307.865
307.84
307.829
307.805
307.69
307.635
307.66
307.784
307.749
307.601
307.725
307.77
307.9
307.876
307.865
307.84
307.829
307.805
307.648
307.657
307.511
307.619
307.598
307.707
307.559
307.69
307.635
307.784
307.66
307.749
307.725
307.601
307.955
307.961
308.051
307.938
308.014
307.901
307.992
307.955
307.961
308.051
307.938
308.014
307.901
307.992
308
308.075
308.097
308.097
308.059
308.037
308.037
307.955
307.961
307.938
308.051
307.901
308.014
307.992
307.955
307.961
307.938
308.051
307.901
308.014
307.992
308
308.075
308.097
308.097
308.06
308.037
308.037
307.955
307.961
307.938
308.051
307.901
308.014
307.992
307.955
307.961
307.938
308.051
307.901
308.014
307.992
308
308.075
308.097
308.097
308.06
308.037
308.037
307.955
307.961
307.938
308.051
307.901
308.014
307.992
307.955
307.961
307.938
308.051
307.901
308.014
307.992
308
308.075
308.097
308.097
308.06
308.037
308.037
307.648
307.657
307.619
307.511
307.707
307.598
307.559
307.77
307.9
307.865
307.876
307.829
307.84
307.805
307.69
307.635
307.66
307.784
307.749
307.601
307.725
307.77
307.9
307.876
307.865
307.84
307.829
307.805
307.648
307.657
307.511
307.619
307.598
307.707
307.559
307.69
307.635
307.784
307.66
307.749
307.725
307.601
307.474
307.6
307.454
307.449
307.54
307.534
307.389
307.474
307.6
307.454
307.449
307.54
307.534
307.389
307.4
307.234
307.376
307.376
307.459
307.316
307.316
307.77
307.9
307.865
307.876
307.829
307.84
307.805
307.648
307.657
307.619
307.511
307.707
307.598
307.559
307.69
307.635
307.784
307.66
307.749
307.725
307.601
307.77
307.9
307.876
307.865
307.84
307.829
307.805
307.648
307.657
307.511
307.619
307.598
307.707
307.559
307.69
307.635
307.784
307.66
307.749
307.725
307.601
307.474
307.6
307.449
307.454
307.534
307.54
307.389
307.474
307.6
307.449
307.454
307.534
307.54
307.389
307.4
307.234
307.376
307.376
307.459
307.316
307.316
306.294
306.18
306.18
306.169
306.239
306.24
306.24
306.346
306.23
306.347
306.347
306.295
306.295
306.395
306.121
305.957
306.119
306.119
306.182
306.052
306.052
306.057
305.876
305.909
305.909
305.983
305.983
305.991
306.739
306.697
306.697
306.667
306.734
306.7
306.7
306.804
306.759
306.869
306.842
306.8
306.763
306.875
306.804
306.759
306.87
306.842
306.8
306.763
306.876
306.718
306.646
306.691
306.691
306.727
306.682
306.682
306.704
306.633
306.653
306.653
306.67
306.67
306.688
307.695
307.651
307.674
307.637
307.69
307.655
307.679
307.708
307.663
307.708
307.672
307.703
307.666
307.713
307.625
307.58
307.648
307.614
307.653
307.621
307.584
307.587
307.545
307.543
307.505
307.581
307.548
307.547
307.15
307.105
307.22
307.192
307.147
307.11
307.226
307.057
307.021
306.971
306.934
307.051
307.024
306.974
307.374
307.335
307.305
307.267
307.309
307.368
307.338
307.441
307.396
307.488
307.457
307.437
307.4
307.494
307.695
307.674
307.651
307.637
307.69
307.679
307.655
307.708
307.663
307.709
307.672
307.703
307.667
307.713
307.625
307.58
307.648
307.614
307.653
307.621
307.584
307.587
307.545
307.543
307.505
307.581
307.548
307.547
307.15
307.221
307.106
307.192
307.147
307.226
307.11
307.057
307.021
306.971
306.934
307.052
307.024
306.974
307.374
307.335
307.305
307.268
307.309
307.368
307.338
307.441
307.396
307.488
307.457
307.438
307.4
307.494
305.937
306.102
305.934
305.955
306.006
305.858
306.034
305.937
306.102
305.934
305.956
306.006
305.858
306.034
305.85
305.594
305.834
305.834
305.922
305.755
305.755
306.618
306.74
306.589
306.61
306.535
306.673
306.685
306.674
306.855
306.72
306.668
306.604
306.793
306.739
306.556
306.405
306.549
306.553
306.473
306.486
306.623
306.23
306.201
306.054
306.225
306.133
306.15
306.297
306.439
306.615
306.64
306.589
306.525
306.552
306.504
306.324
306.329
306.319
306.476
306.244
306.409
306.391
306.618
306.74
306.589
306.61
306.535
306.673
306.685
306.674
306.856
306.72
306.668
306.604
306.793
306.739
306.556
306.405
306.55
306.553
306.474
306.487
306.623
306.23
306.201
306.054
306.226
306.134
306.15
306.297
306.439
306.615
306.64
306.589
306.525
306.553
306.504
306.325
306.329
306.319
306.477
306.245
306.41
306.391
307.195
307.317
307.359
307.355
307.296
307.257
307.255
307.02
306.97
306.834
307.003
306.908
306.943
307.08
307.124
307.143
307.283
307.106
307.224
307.046
307.184
307.195
307.317
307.359
307.355
307.296
307.257
307.255
307.02
306.97
306.834
307.004
306.909
306.943
307.08
307.124
307.143
307.283
307.106
307.224
307.046
307.184
306.766
306.723
306.75
306.918
306.661
306.858
306.827
306.766
306.723
306.75
306.919
306.662
306.858
306.827
306.866
307.055
307.019
307.019
306.959
306.959
306.927
306.762
306.788
306.754
306.637
306.677
306.83
306.721
306.921
307.108
307.016
307.076
306.986
306.951
307.046
306.798
306.741
306.788
306.894
306.712
306.865
306.827
306.878
306.952
306.868
306.798
306.946
306.792
306.884
306.992
307.181
307.04
307.101
307.057
306.975
307.119
306.867
306.764
306.857
306.917
306.935
306.781
306.85
306.762
306.788
306.637
306.754
306.677
306.721
306.83
306.921
307.108
307.076
307.016
306.951
307.046
306.986
306.798
306.741
306.788
306.894
306.712
306.827
306.865
306.878
306.952
306.798
306.868
306.884
306.792
306.946
306.992
307.181
307.101
307.04
306.975
307.119
307.057
306.867
306.764
306.857
306.917
306.781
306.85
306.935
307.357
307.37
307.414
307.521
307.462
307.311
307.417
307.286
307.229
307.199
307.378
307.168
307.318
307.346
307.397
307.536
307.562
307.49
307.503
307.43
307.457
307.854
307.985
307.904
307.892
307.833
307.926
307.913
307.786
307.853
307.702
307.755
307.695
307.793
307.846
307.773
307.662
307.812
307.742
307.752
307.682
307.832
307.362
307.304
307.224
307.404
307.242
307.343
307.423
307.488
307.554
307.602
307.655
307.595
307.494
307.548
307.475
307.562
307.516
307.642
307.456
307.582
307.535
307.357
307.37
307.414
307.521
307.462
307.311
307.417
307.286
307.229
307.199
307.378
307.168
307.318
307.346
307.397
307.536
307.562
307.49
307.503
307.43
307.457
307.854
307.985
307.904
307.892
307.833
307.926
307.913
307.786
307.853
307.702
307.755
307.793
307.695
307.846
307.773
307.662
307.812
307.742
307.752
307.682
307.832
307.362
307.304
307.224
307.404
307.242
307.343
307.423
307.488
307.554
307.602
307.655
307.494
307.595
307.548
307.475
307.562
307.516
307.642
307.456
307.582
307.535
306.618
306.74
306.61
306.589
306.535
306.685
306.673
306.674
306.855
306.668
306.72
306.739
306.604
306.793
306.556
306.405
306.549
306.553
306.473
306.623
306.486
306.23
306.201
306.225
306.054
306.297
306.15
306.133
306.439
306.615
306.589
306.64
306.504
306.525
306.552
306.324
306.329
306.319
306.476
306.391
306.244
306.409
305.937
306.102
305.955
305.934
306.034
305.858
306.006
305.937
306.102
305.956
305.934
305.858
306.034
306.006
305.85
305.594
305.834
305.834
305.755
305.755
305.922
307.195
307.317
307.359
307.355
307.296
307.257
307.255
307.02
306.97
306.834
307.003
306.908
306.943
307.08
307.124
307.143
307.283
307.106
307.224
307.046
307.184
307.195
307.317
307.359
307.355
307.296
307.257
307.255
307.02
306.97
306.834
307.004
306.943
306.909
307.08
307.124
307.143
307.283
307.106
307.224
307.046
307.184
306.766
306.723
306.75
306.918
306.661
306.858
306.827
306.766
306.723
306.75
306.919
306.858
306.662
306.827
306.866
307.055
307.019
307.019
306.959
306.959
306.927
306.618
306.74
306.589
306.61
306.535
306.673
306.685
306.674
306.856
306.72
306.668
306.793
306.604
306.739
306.556
306.405
306.55
306.553
306.474
306.487
306.623
306.23
306.201
306.054
306.226
306.134
306.15
306.297
306.439
306.615
306.64
306.589
306.553
306.525
306.504
306.325
306.329
306.319
306.477
306.245
306.41
306.391
306.762
306.788
306.754
306.637
306.677
306.83
306.721
306.922
307.108
307.016
307.076
306.986
306.951
307.046
306.798
306.741
306.788
306.894
306.712
306.865
306.827
306.992
307.181
307.04
307.101
307.057
306.975
307.119
306.878
306.952
306.869
306.798
306.946
306.792
306.884
306.867
306.764
306.917
306.857
306.935
306.85
306.781
307.357
307.371
307.414
307.521
307.462
307.311
307.417
307.286
307.23
307.199
307.378
307.168
307.318
307.346
307.397
307.536
307.562
307.49
307.503
307.43
307.457
307.854
307.985
307.904
307.892
307.833
307.926
307.913
307.786
307.853
307.702
307.755
307.696
307.793
307.846
307.773
307.662
307.812
307.742
307.752
307.682
307.832
307.362
307.304
307.224
307.404
307.242
307.343
307.423
307.488
307.554
307.602
307.655
307.595
307.494
307.548
307.475
307.562
307.516
307.642
307.456
307.582
307.535
306.762
306.788
306.637
306.754
306.677
306.721
306.83
306.921
307.108
307.076
307.016
306.951
307.046
306.986
306.798
306.741
306.788
306.894
306.712
306.827
306.865
306.878
306.952
306.798
306.869
306.884
306.792
306.946
306.992
307.181
307.101
307.04
306.975
307.119
307.057
306.867
306.764
306.857
306.917
306.781
306.85
306.935
307.854
307.985
307.904
307.892
307.833
307.926
307.913
307.786
307.853
307.702
307.755
307.793
307.696
307.846
307.773
307.662
307.812
307.742
307.752
307.682
307.832
307.357
307.37
307.414
307.521
307.462
307.311
307.417
307.286
307.23
307.199
307.378
307.168
307.318
307.346
307.397
307.536
307.562
307.49
307.503
307.43
307.457
307.488
307.554
307.602
307.655
307.494
307.595
307.548
307.362
307.304
307.224
307.404
307.242
307.343
307.423
307.475
307.562
307.642
307.516
307.582
307.456
307.535
308.042
308.047
308.08
307.967
308.021
308.102
307.988
308.103
308.17
308.201
308.149
308.163
308.141
308.111
308.089
308.104
308.126
308.186
308.067
308.148
308.127
308.042
308.047
308.08
307.967
308.021
308.102
307.988
308.103
308.17
308.201
308.149
308.163
308.141
308.111
308.089
308.104
308.126
308.186
308.067
308.148
308.127
308.194
308.261
308.231
308.179
308.253
308.171
308.201
308.194
308.261
308.231
308.179
308.253
308.171
308.201
308.179
308.134
308.216
308.216
308.238
308.156
308.156
308.042
308.047
307.967
308.08
308.021
307.988
308.102
308.103
308.17
308.149
308.201
308.111
308.141
308.163
308.089
308.104
308.126
308.186
308.067
308.127
308.148
308.042
308.047
307.967
308.08
308.021
307.988
308.102
308.103
308.17
308.149
308.201
308.141
308.111
308.163
308.089
308.104
308.126
308.186
308.067
308.127
308.148
308.194
308.261
308.179
308.231
308.201
308.171
308.253
308.194
308.261
308.179
308.231
308.171
308.201
308.253
308.179
308.134
308.216
308.216
308.156
308.156
308.238
308.042
308.047
307.967
308.08
308.021
307.988
308.102
308.103
308.17
308.149
308.201
308.111
308.141
308.163
308.089
308.104
308.126
308.186
308.067
308.127
308.148
308.042
308.047
307.967
308.08
308.021
307.988
308.102
308.103
308.17
308.149
308.201
308.141
308.111
308.163
308.089
308.104
308.126
308.186
308.067
308.127
308.148
308.194
308.261
308.179
308.231
308.201
308.171
308.253
308.194
308.261
308.179
308.231
308.171
308.201
308.253
308.179
308.134
308.216
308.216
308.156
308.156
308.238
308.042
308.047
307.967
308.08
308.021
307.988
308.102
308.103
308.17
308.149
308.201
308.111
308.141
308.163
308.089
308.104
308.126
308.186
308.067
308.127
308.148
308.042
308.047
307.967
308.08
308.021
307.988
308.102
308.103
308.17
308.149
308.201
308.111
308.141
308.163
308.089
308.104
308.126
308.186
308.067
308.127
308.148
308.194
308.261
308.179
308.231
308.201
308.171
308.253
308.194
308.261
308.179
308.231
308.201
308.171
308.253
308.179
308.134
308.216
308.216
308.156
308.156
308.238
307.357
307.371
307.521
307.414
307.462
307.417
307.311
307.286
307.23
307.378
307.199
307.346
307.318
307.168
307.397
307.536
307.562
307.49
307.503
307.457
307.43
307.854
307.985
307.892
307.904
307.833
307.913
307.926
307.786
307.853
307.755
307.702
307.846
307.696
307.793
307.773
307.662
307.812
307.742
307.752
307.832
307.682
307.362
307.304
307.404
307.224
307.423
307.343
307.242
307.488
307.554
307.655
307.602
307.548
307.595
307.494
307.475
307.562
307.516
307.642
307.535
307.456
307.582
306.762
306.788
306.637
306.754
306.677
306.721
306.83
306.922
307.108
307.076
307.016
307.046
306.951
306.986
306.798
306.741
306.788
306.894
306.712
306.827
306.865
306.992
307.181
307.101
307.04
307.119
306.975
307.057
306.878
306.952
306.798
306.869
306.792
306.884
306.946
306.867
306.764
306.917
306.857
306.85
306.781
306.935
307.854
307.985
307.904
307.892
307.833
307.926
307.913
307.786
307.853
307.702
307.755
307.793
307.696
307.846
307.773
307.662
307.812
307.742
307.752
307.682
307.832
307.357
307.371
307.414
307.521
307.462
307.311
307.417
307.286
307.23
307.199
307.378
307.318
307.168
307.346
307.397
307.536
307.562
307.49
307.503
307.43
307.457
307.488
307.554
307.602
307.655
307.494
307.595
307.548
307.362
307.304
307.224
307.404
307.343
307.242
307.423
307.475
307.562
307.642
307.516
307.582
307.456
307.535
306.762
306.788
306.637
306.754
306.677
306.721
306.83
306.922
307.108
307.076
307.016
307.046
306.951
306.986
306.798
306.741
306.788
306.894
306.712
306.827
306.865
306.878
306.952
306.798
306.869
306.884
306.792
306.946
306.992
307.181
307.101
307.04
307.119
306.975
307.057
306.867
306.764
306.857
306.917
306.781
306.85
306.935
306.618
306.74
306.61
306.589
306.535
306.685
306.673
306.674
306.856
306.668
306.72
306.739
306.604
306.793
306.556
306.405
306.549
306.553
306.473
306.623
306.486
306.439
306.615
306.589
306.64
306.504
306.525
306.553
306.23
306.201
306.226
306.054
306.297
306.15
306.134
306.324
306.329
306.476
306.319
306.391
306.409
306.244
307.195
307.317
307.359
307.355
307.296
307.257
307.255
307.02
306.97
306.834
307.004
306.909
306.943
307.08
307.124
307.143
307.283
307.106
307.224
307.046
307.184
307.195
307.317
307.359
307.355
307.296
307.257
307.255
307.02
306.97
306.834
307.004
306.943
306.909
307.08
307.124
307.143
307.283
307.106
307.224
307.046
307.184
306.766
306.723
306.75
306.918
306.662
306.858
306.827
306.766
306.723
306.75
306.918
306.858
306.662
306.827
306.866
307.055
307.019
307.019
306.959
306.959
306.927
305.937
306.102
305.955
305.934
306.034
305.858
306.006
305.937
306.102
305.955
305.934
305.858
306.034
306.006
305.85
305.594
305.834
305.834
305.755
305.755
305.922
306.618
306.74
306.589
306.61
306.535
306.673
306.685
306.674
306.856
306.72
306.668
306.793
306.604
306.739
306.556
306.405
306.549
306.553
306.473
306.486
306.623
306.439
306.615
306.64
306.589
306.553
306.525
306.504
306.23
306.201
306.054
306.226
306.134
306.15
306.297
306.324
306.329
306.476
306.319
306.409
306.244
306.391
307.854
307.985
307.892
307.904
307.833
307.913
307.926
307.786
307.853
307.755
307.702
307.846
307.696
307.793
307.773
307.662
307.812
307.742
307.752
307.832
307.682
307.357
307.37
307.521
307.414
307.462
307.417
307.311
307.286
307.23
307.378
307.199
307.346
307.318
307.168
307.397
307.536
307.562
307.49
307.503
307.457
307.43
307.488
307.554
307.655
307.602
307.548
307.595
307.494
307.362
307.304
307.404
307.224
307.423
307.343
307.242
307.475
307.562
307.642
307.516
307.535
307.582
307.456
307.854
307.985
307.904
307.892
307.833
307.926
307.913
307.786
307.853
307.702
307.755
307.793
307.696
307.846
307.773
307.662
307.812
307.742
307.752
307.682
307.832
307.357
307.37
307.414
307.521
307.462
307.311
307.417
307.286
307.229
307.199
307.378
307.318
307.168
307.346
307.397
307.536
307.562
307.49
307.503
307.43
307.457
307.488
307.554
307.602
307.655
307.494
307.595
307.548
307.362
307.304
307.224
307.404
307.343
307.242
307.423
307.475
307.562
307.642
307.516
307.582
307.456
307.535
306.762
306.788
306.637
306.754
306.677
306.721
306.83
306.921
307.108
307.076
307.016
307.046
306.951
306.986
306.798
306.741
306.788
306.894
306.712
306.827
306.865
306.992
307.181
307.101
307.04
307.119
306.975
307.057
306.878
306.952
306.798
306.868
306.792
306.884
306.946
306.867
306.764
306.917
306.857
306.85
306.781
306.935
306.762
306.788
306.637
306.754
306.677
306.721
306.83
306.921
307.108
307.076
307.016
307.046
306.951
306.986
306.798
306.741
306.788
306.894
306.712
306.827
306.865
306.992
307.181
307.101
307.04
307.119
306.975
307.057
306.878
306.952
306.798
306.868
306.884
306.792
306.946
306.867
306.764
306.917
306.857
306.85
306.781
306.935
307.195
307.317
307.355
307.359
307.296
307.255
307.257
307.02
306.97
307.004
306.834
307.08
306.943
306.909
307.124
307.143
307.283
307.106
307.224
307.184
307.046
307.195
307.317
307.355
307.359
307.296
307.255
307.257
307.02
306.97
307.003
306.834
307.08
306.943
306.908
307.124
307.143
307.283
307.106
307.224
307.184
307.046
306.766
306.723
306.919
306.75
306.827
306.858
306.662
306.766
306.723
306.918
306.75
306.827
306.858
306.661
306.866
307.055
307.019
307.019
306.927
306.959
306.959
306.618
306.74
306.589
306.61
306.535
306.673
306.685
306.674
306.856
306.72
306.668
306.793
306.604
306.739
306.556
306.405
306.55
306.553
306.474
306.487
306.623
306.439
306.615
306.64
306.589
306.553
306.525
306.504
306.23
306.201
306.054
306.226
306.15
306.134
306.297
306.325
306.329
306.477
306.319
306.41
306.245
306.391
306.618
306.74
306.589
306.61
306.535
306.673
306.685
306.674
306.855
306.72
306.668
306.793
306.604
306.739
306.556
306.405
306.549
306.553
306.473
306.486
306.623
306.439
306.615
306.64
306.589
306.553
306.525
306.504
306.23
306.201
306.054
306.225
306.15
306.133
306.297
306.324
306.329
306.476
306.319
306.409
306.244
306.391
305.937
306.102
305.956
305.934
306.034
305.858
306.006
305.937
306.102
305.955
305.934
306.034
305.858
306.006
305.85
305.594
305.834
305.834
305.755
305.755
305.922
306.522
306.432
306.519
306.519
306.48
306.48
306.558
306.483
306.388
306.395
306.395
306.44
306.44
306.44
306.62
306.541
306.552
306.552
306.59
306.583
306.583
306.646
306.57
306.633
306.633
306.669
306.61
306.61
306.294
306.18
306.18
306.169
306.239
306.24
306.24
306.346
306.23
306.347
306.347
306.295
306.295
306.395
306.121
306.119
305.957
306.119
306.182
306.052
306.052
306.057
305.876
305.909
305.909
305.991
305.983
305.983
306.522
306.432
306.519
306.519
306.48
306.48
306.558
306.483
306.388
306.395
306.395
306.44
306.44
306.44
306.62
306.552
306.552
306.541
306.59
306.583
306.583
306.646
306.57
306.633
306.633
306.61
306.61
306.669
306.294
306.18
306.18
306.169
306.239
306.24
306.24
306.346
306.23
306.347
306.347
306.295
306.295
306.395
306.121
306.119
305.957
306.119
306.182
306.052
306.052
306.057
305.876
305.909
305.909
305.991
305.983
305.983
306.522
306.432
306.519
306.519
306.48
306.48
306.558
306.483
306.388
306.395
306.395
306.44
306.44
306.44
306.62
306.552
306.552
306.541
306.59
306.583
306.583
306.646
306.57
306.633
306.633
306.61
306.61
306.669
306.294
306.18
306.18
306.169
306.239
306.24
306.24
306.346
306.23
306.347
306.347
306.295
306.295
306.395
306.121
305.957
306.119
306.119
306.182
306.052
306.052
306.057
305.876
305.909
305.909
305.991
305.983
305.983
306.522
306.432
306.519
306.519
306.48
306.48
306.558
306.483
306.388
306.395
306.395
306.44
306.44
306.44
306.62
306.552
306.552
306.541
306.59
306.583
306.583
306.646
306.57
306.633
306.633
306.61
306.61
306.669
307.15
307.105
307.22
307.192
307.147
307.11
307.226
307.057
307.021
306.971
306.934
306.974
307.051
307.024
307.374
307.335
307.305
307.267
307.309
307.368
307.338
307.441
307.396
307.488
307.457
307.494
307.437
307.4
307.15
307.106
307.221
307.192
307.147
307.11
307.226
307.058
307.022
306.971
306.934
306.975
307.052
307.024
307.374
307.335
307.305
307.268
307.309
307.368
307.338
307.441
307.396
307.488
307.457
307.494
307.438
307.4
307.695
307.651
307.674
307.637
307.69
307.655
307.679
307.708
307.663
307.708
307.672
307.713
307.703
307.666
307.625
307.58
307.648
307.614
307.653
307.621
307.584
307.587
307.545
307.543
307.505
307.547
307.581
307.548
306.739
306.697
306.697
306.667
306.734
306.7
306.7
306.804
306.759
306.869
306.842
306.875
306.8
306.763
306.804
306.759
306.87
306.842
306.8
306.763
306.876
306.718
306.691
306.646
306.691
306.727
306.682
306.682
306.704
306.633
306.653
306.653
306.688
306.67
306.67
307.15
307.106
307.221
307.192
307.147
307.11
307.226
307.058
307.022
306.971
306.934
306.975
307.052
307.024
307.374
307.305
307.268
307.335
307.309
307.368
307.338
307.441
307.396
307.488
307.457
307.438
307.4
307.494
307.695
307.651
307.674
307.637
307.69
307.655
307.679
307.708
307.663
307.708
307.672
307.713
307.703
307.667
307.625
307.58
307.648
307.614
307.653
307.621
307.584
307.587
307.545
307.543
307.505
307.547
307.581
307.548
307.695
307.674
307.651
307.637
307.69
307.679
307.655
307.708
307.663
307.709
307.672
307.703
307.667
307.713
307.625
307.648
307.58
307.614
307.653
307.621
307.584
307.587
307.545
307.543
307.505
307.547
307.581
307.548
307.695
307.651
307.674
307.637
307.69
307.655
307.679
307.708
307.663
307.709
307.672
307.713
307.703
307.667
307.625
307.648
307.614
307.58
307.653
307.621
307.584
307.587
307.545
307.543
307.505
307.581
307.548
307.547
306.739
306.697
306.697
306.667
306.734
306.7
306.7
306.804
306.759
306.87
306.842
306.875
306.8
306.763
306.804
306.759
306.87
306.842
306.8
306.763
306.875
306.718
306.691
306.646
306.691
306.727
306.682
306.682
306.704
306.633
306.653
306.653
306.688
306.67
306.67
307.15
307.221
307.106
307.192
307.147
307.226
307.11
307.057
307.021
306.971
306.934
306.974
307.052
307.024
307.374
307.305
307.268
307.335
307.309
307.368
307.338
307.441
307.396
307.488
307.457
307.438
307.4
307.494
307.695
307.674
307.651
307.637
307.69
307.679
307.655
307.708
307.663
307.708
307.672
307.703
307.667
307.713
307.625
307.648
307.58
307.614
307.653
307.621
307.584
307.587
307.545
307.543
307.505
307.547
307.581
307.548
307.695
307.674
307.651
307.637
307.69
307.679
307.655
307.708
307.663
307.708
307.672
307.713
307.703
307.667
307.625
307.648
307.614
307.58
307.653
307.621
307.584
307.587
307.545
307.543
307.505
307.581
307.548
307.547
307.15
307.221
307.106
307.192
307.147
307.226
307.11
307.058
307.022
306.971
306.934
307.052
307.024
306.975
307.374
307.305
307.335
307.268
307.309
307.368
307.338
307.441
307.396
307.488
307.457
307.494
307.438
307.4
307.15
307.22
307.105
307.192
307.147
307.226
307.11
307.057
307.021
306.971
306.934
307.051
307.024
306.974
307.374
307.305
307.335
307.267
307.309
307.368
307.338
307.441
307.396
307.488
307.457
307.494
307.437
307.4
306.739
306.697
306.697
306.667
306.734
306.7
306.7
306.804
306.759
306.87
306.842
306.876
306.8
306.763
306.804
306.759
306.869
306.842
306.875
306.8
306.763
306.718
306.646
306.691
306.691
306.727
306.682
306.682
306.704
306.633
306.653
306.653
306.688
306.67
306.67
308.733
308.493
308.713
308.713
308.611
308.611
308.835
308.733
308.493
308.713
308.713
308.611
308.611
308.835
308.733
308.493
308.713
308.713
308.611
308.611
308.835
308.733
308.493
308.713
308.713
308.611
308.611
308.835
)
;

boundaryField
{
    chip
    {
        type            zeroGradient;
    }
    chip_to_dbc_cu_top
    {
        type            compressible::turbulentTemperatureRadCoupledMixed;
        refValue        nonuniform List<scalar> 
1600
(
305.246
305.382
305.313
305.313
305.418
305.438
305.369
305.489
305.418
305.438
305.369
305.489
305.246
305.382
305.313
305.313
305.418
305.438
305.369
305.489
305.418
305.438
305.489
305.369
305.599
305.496
305.547
305.547
305.599
305.496
305.547
305.547
305.599
305.496
305.547
305.547
305.599
305.496
305.547
305.547
305.418
305.438
305.369
305.489
305.418
305.438
305.489
305.369
305.246
305.382
305.313
305.313
305.418
305.438
305.489
305.369
305.418
305.438
305.489
305.369
305.246
305.382
305.313
305.313
303.454
303.779
303.611
303.611
304.242
304.495
304.439
304.295
303.838
303.901
303.728
304.018
304.242
304.495
304.439
304.295
303.838
303.901
303.728
304.018
304.733
304.649
304.591
304.793
304.733
304.649
304.591
304.793
304.281
304.033
304.154
304.154
304.378
304.54
304.339
304.581
304.488
304.701
304.494
304.696
304.378
304.54
304.581
304.339
304.488
304.701
304.494
304.696
304.887
304.698
304.843
304.74
305.556
305.635
305.562
305.628
305.009
304.864
304.858
305.015
304.887
304.698
304.74
304.843
305.556
305.635
305.562
305.628
305.009
304.864
304.858
305.015
304.242
304.495
304.295
304.439
303.838
303.901
303.728
304.018
303.454
303.779
303.611
303.611
304.733
304.649
304.793
304.591
304.733
304.649
304.591
304.793
304.281
304.033
304.154
304.154
304.242
304.495
304.439
304.295
303.838
303.901
303.728
304.018
304.378
304.54
304.339
304.581
304.488
304.701
304.696
304.494
304.887
304.698
304.843
304.74
305.556
305.635
305.562
305.628
305.009
304.864
304.858
305.015
304.378
304.54
304.581
304.339
304.488
304.701
304.494
304.696
305.556
305.635
305.562
305.628
304.887
304.698
304.74
304.843
305.009
304.864
305.015
304.858
305.742
305.696
305.689
305.749
305.742
305.696
305.689
305.749
305.89
305.905
305.897
305.897
305.742
305.696
305.689
305.749
305.742
305.696
305.749
305.689
305.89
305.905
305.897
305.897
305.742
305.696
305.689
305.749
305.742
305.696
305.749
305.689
305.89
305.905
305.897
305.897
305.742
305.696
305.749
305.689
305.742
305.696
305.749
305.689
305.89
305.905
305.897
305.897
304.887
304.698
304.843
304.74
305.556
305.635
305.628
305.562
305.009
304.864
304.858
305.015
304.378
304.54
304.339
304.581
304.488
304.701
304.696
304.494
305.556
305.635
305.628
305.562
304.887
304.698
304.74
304.843
305.009
304.864
305.015
304.858
304.378
304.54
304.581
304.339
304.488
304.701
304.494
304.696
304.242
304.495
304.295
304.439
303.838
303.901
304.018
303.728
304.733
304.649
304.793
304.591
304.733
304.649
304.591
304.793
304.281
304.033
304.154
304.154
303.454
303.779
303.611
303.611
304.242
304.495
304.439
304.295
303.838
303.901
304.018
303.728
305.556
305.635
305.628
305.562
304.887
304.698
304.843
304.74
305.009
304.864
305.015
304.858
305.556
305.635
305.628
305.562
304.887
304.698
304.74
304.843
305.009
304.864
305.015
304.858
304.378
304.54
304.339
304.581
304.488
304.701
304.696
304.494
304.378
304.54
304.581
304.339
304.488
304.701
304.696
304.494
304.733
304.649
304.793
304.591
304.733
304.649
304.793
304.591
304.281
304.033
304.154
304.154
304.242
304.495
304.295
304.439
303.838
303.901
304.018
303.728
304.242
304.495
304.295
304.439
303.838
303.901
304.018
303.728
303.454
303.779
303.611
303.611
305.09
304.917
305.002
305.002
305.166
305.142
305.233
305.078
305.166
305.142
305.233
305.078
305.377
305.317
305.284
305.411
305.336
305.196
305.288
305.244
305.46
305.567
305.531
305.495
305.377
305.317
305.284
305.411
305.336
305.196
305.288
305.244
305.46
305.567
305.531
305.495
305.09
304.917
305.002
305.002
305.166
305.142
305.233
305.078
305.166
305.142
305.233
305.078
305.377
305.317
305.284
305.411
305.336
305.196
305.288
305.244
305.46
305.567
305.531
305.495
305.377
305.317
305.411
305.284
305.46
305.567
305.531
305.495
305.336
305.196
305.288
305.244
305.687
305.76
305.723
305.723
305.642
305.626
305.591
305.678
305.642
305.626
305.591
305.678
305.687
305.76
305.723
305.723
305.642
305.626
305.591
305.678
305.642
305.626
305.591
305.678
305.687
305.76
305.723
305.723
305.642
305.626
305.591
305.678
305.642
305.626
305.591
305.678
305.687
305.76
305.723
305.723
305.642
305.626
305.591
305.678
305.642
305.626
305.591
305.678
305.377
305.317
305.284
305.411
305.336
305.196
305.288
305.244
305.46
305.567
305.531
305.495
305.377
305.317
305.411
305.284
305.46
305.567
305.531
305.495
305.336
305.196
305.288
305.244
305.09
304.917
305.002
305.002
305.166
305.142
305.233
305.078
305.166
305.142
305.233
305.078
305.377
305.317
305.411
305.284
305.46
305.567
305.531
305.495
305.336
305.196
305.288
305.244
305.377
305.317
305.411
305.284
305.46
305.567
305.531
305.495
305.336
305.196
305.288
305.244
305.09
304.917
305.002
305.002
305.166
305.142
305.233
305.078
305.166
305.142
305.233
305.078
303.084
302.631
302.817
302.817
303.255
303.114
302.993
303.403
303.255
303.114
302.993
303.403
303.943
303.567
303.624
303.875
304.001
303.728
303.684
304.053
304.179
304.3
304.109
304.373
303.715
303.489
303.417
303.802
303.621
303.231
303.515
303.32
303.942
304.22
304.032
304.125
303.943
303.567
303.624
303.875
304.001
303.728
303.684
304.053
304.179
304.3
304.109
304.373
303.715
303.489
303.417
303.802
303.621
303.231
303.515
303.32
303.942
304.22
304.032
304.125
304.791
304.821
304.904
304.711
304.864
305.042
304.978
304.926
304.664
304.448
304.524
304.585
304.791
304.821
304.904
304.711
304.864
305.042
304.978
304.926
304.664
304.448
304.524
304.585
304.516
304.729
304.621
304.621
304.395
304.363
304.265
304.497
304.395
304.363
304.265
304.497
304.164
303.86
303.838
304.191
304.133
303.773
303.805
304.095
304.412
304.645
304.44
304.616
304.227
303.882
303.895
304.211
304.237
303.911
303.906
304.243
304.477
304.667
304.461
304.684
304.164
303.86
303.838
304.191
304.133
303.773
303.805
304.095
304.412
304.645
304.44
304.616
304.227
303.882
303.895
304.211
304.237
303.911
304.243
303.906
304.477
304.667
304.461
304.684
305.06
305.213
305.18
305.092
305.022
305.094
305.141
304.977
304.924
304.805
304.776
304.955
305.458
305.343
305.438
305.363
305.542
305.594
305.522
305.614
305.471
305.382
305.376
305.478
305.135
305.238
305.116
305.257
304.997
304.829
304.846
304.979
305.147
305.276
305.269
305.153
305.06
305.213
305.18
305.092
305.022
305.094
305.141
304.977
304.924
304.805
304.776
304.955
305.458
305.343
305.438
305.363
305.542
305.594
305.522
305.614
305.471
305.382
305.478
305.376
305.135
305.238
305.116
305.257
304.997
304.829
304.846
304.979
305.147
305.276
305.153
305.269
303.943
303.567
303.624
303.875
304.001
303.728
303.684
304.053
304.179
304.3
304.109
304.373
303.715
303.489
303.417
303.802
303.621
303.231
303.32
303.515
303.942
304.22
304.032
304.125
303.084
302.631
302.817
302.817
303.255
303.114
303.403
302.993
303.255
303.114
302.993
303.403
304.791
304.821
304.904
304.711
304.864
305.042
304.978
304.926
304.664
304.448
304.524
304.585
304.791
304.821
304.904
304.711
304.864
305.042
304.978
304.926
304.664
304.448
304.585
304.524
304.516
304.729
304.621
304.621
304.395
304.363
304.265
304.497
304.395
304.363
304.497
304.265
303.943
303.567
303.624
303.875
304.001
303.728
303.684
304.053
304.179
304.3
304.373
304.109
303.715
303.489
303.417
303.802
303.621
303.231
303.515
303.32
303.942
304.22
304.125
304.032
304.164
303.86
303.838
304.191
304.133
303.773
303.805
304.095
304.412
304.645
304.44
304.616
304.227
303.882
304.211
303.895
304.477
304.667
304.461
304.684
304.237
303.911
303.906
304.243
305.06
305.213
305.18
305.092
305.022
305.094
305.141
304.977
304.924
304.805
304.776
304.955
305.458
305.343
305.438
305.363
305.542
305.594
305.522
305.614
305.471
305.382
305.376
305.478
305.135
305.238
305.116
305.257
304.997
304.829
304.846
304.979
305.147
305.276
305.269
305.153
304.164
303.86
303.838
304.191
304.133
303.773
303.805
304.095
304.412
304.645
304.44
304.616
304.227
303.882
303.895
304.211
304.237
303.911
304.243
303.906
304.477
304.667
304.461
304.684
305.458
305.343
305.438
305.363
305.542
305.594
305.522
305.614
305.471
305.382
305.478
305.376
305.06
305.213
305.18
305.092
305.022
305.094
305.141
304.977
304.924
304.805
304.776
304.955
305.135
305.238
305.257
305.116
305.147
305.276
305.153
305.269
304.997
304.829
304.846
304.979
305.773
305.789
305.752
305.81
305.728
305.654
305.707
305.675
305.787
305.832
305.825
305.794
305.773
305.789
305.752
305.81
305.728
305.654
305.707
305.675
305.787
305.832
305.825
305.794
305.861
305.817
305.839
305.839
305.875
305.861
305.854
305.883
305.875
305.861
305.854
305.883
305.773
305.789
305.752
305.81
305.728
305.654
305.707
305.675
305.787
305.832
305.794
305.825
305.773
305.789
305.752
305.81
305.728
305.654
305.707
305.675
305.787
305.832
305.825
305.794
305.861
305.817
305.839
305.839
305.875
305.861
305.883
305.854
305.875
305.861
305.854
305.883
305.773
305.789
305.752
305.81
305.728
305.654
305.707
305.675
305.787
305.832
305.794
305.825
305.773
305.789
305.752
305.81
305.728
305.654
305.707
305.675
305.787
305.832
305.825
305.794
305.861
305.817
305.839
305.839
305.875
305.861
305.883
305.854
305.875
305.861
305.854
305.883
305.773
305.789
305.752
305.81
305.728
305.654
305.707
305.675
305.787
305.832
305.794
305.825
305.773
305.789
305.752
305.81
305.728
305.654
305.707
305.675
305.787
305.832
305.794
305.825
305.861
305.817
305.839
305.839
305.875
305.861
305.883
305.854
305.875
305.861
305.883
305.854
305.06
305.213
305.18
305.092
305.022
305.094
305.141
304.977
304.924
304.805
304.955
304.776
305.458
305.343
305.438
305.363
305.542
305.594
305.522
305.614
305.471
305.382
305.376
305.478
305.135
305.238
305.116
305.257
304.997
304.829
304.979
304.846
305.147
305.276
305.269
305.153
304.164
303.86
303.838
304.191
304.133
303.773
303.805
304.095
304.412
304.645
304.616
304.44
304.227
303.882
304.211
303.895
304.477
304.667
304.684
304.461
304.237
303.911
303.906
304.243
305.458
305.343
305.438
305.363
305.542
305.594
305.522
305.614
305.471
305.382
305.478
305.376
305.06
305.213
305.18
305.092
305.022
305.094
305.141
304.977
304.924
304.805
304.955
304.776
305.135
305.238
305.257
305.116
305.147
305.276
305.153
305.269
304.997
304.829
304.979
304.846
304.164
303.86
303.838
304.191
304.133
303.773
303.805
304.095
304.412
304.645
304.616
304.44
304.227
303.882
303.895
304.211
304.237
303.911
304.243
303.906
304.477
304.667
304.684
304.461
303.943
303.567
303.624
303.875
304.001
303.728
303.684
304.053
304.179
304.3
304.109
304.373
303.715
303.489
303.802
303.417
303.942
304.22
304.032
304.125
303.621
303.231
303.32
303.515
304.791
304.821
304.904
304.711
304.864
305.042
304.978
304.926
304.664
304.448
304.524
304.585
304.791
304.821
304.904
304.711
304.864
305.042
304.978
304.926
304.664
304.448
304.585
304.524
304.516
304.729
304.621
304.621
304.395
304.363
304.265
304.497
304.395
304.363
304.497
304.265
303.084
302.631
302.817
302.817
303.255
303.114
303.403
302.993
303.255
303.114
302.993
303.403
303.943
303.567
303.624
303.875
304.001
303.728
303.684
304.053
304.179
304.3
304.373
304.109
303.715
303.489
303.802
303.417
303.942
304.22
304.125
304.032
303.621
303.231
303.515
303.32
305.458
305.343
305.438
305.363
305.542
305.594
305.522
305.614
305.471
305.382
305.376
305.478
305.06
305.213
305.18
305.092
305.022
305.094
305.141
304.977
304.924
304.805
304.955
304.776
305.135
305.238
305.257
305.116
305.147
305.276
305.269
305.153
304.997
304.829
304.979
304.846
305.458
305.343
305.438
305.363
305.542
305.594
305.522
305.614
305.471
305.382
305.478
305.376
305.06
305.213
305.18
305.092
305.022
305.094
305.141
304.977
304.924
304.805
304.955
304.776
305.135
305.238
305.257
305.116
305.147
305.276
305.153
305.269
304.997
304.829
304.979
304.846
304.164
303.86
303.838
304.191
304.133
303.773
303.805
304.095
304.412
304.645
304.616
304.44
304.227
303.882
304.211
303.895
304.477
304.667
304.684
304.461
304.237
303.911
303.906
304.243
304.164
303.86
303.838
304.191
304.133
303.773
303.805
304.095
304.412
304.645
304.616
304.44
304.227
303.882
304.211
303.895
304.477
304.667
304.684
304.461
304.237
303.911
304.243
303.906
304.791
304.821
304.904
304.711
304.864
305.042
304.978
304.926
304.664
304.448
304.585
304.524
304.791
304.821
304.904
304.711
304.864
305.042
304.978
304.926
304.664
304.448
304.585
304.524
304.516
304.729
304.621
304.621
304.395
304.363
304.497
304.265
304.395
304.363
304.497
304.265
303.943
303.567
303.624
303.875
304.001
303.728
303.684
304.053
304.179
304.3
304.373
304.109
303.715
303.489
303.802
303.417
303.942
304.22
304.125
304.032
303.621
303.231
303.32
303.515
303.943
303.567
303.624
303.875
304.001
303.728
303.684
304.053
304.179
304.3
304.373
304.109
303.715
303.489
303.802
303.417
303.942
304.22
304.125
304.032
303.621
303.231
303.32
303.515
303.084
302.631
302.817
302.817
303.255
303.114
303.403
302.993
303.255
303.114
303.403
302.993
)
;
        refGradient     uniform 0;
        valueFraction   nonuniform List<scalar> 
1600
(
0.0134098
0.0134098
0.0134098
0.0134098
0.0134098
0.0134098
0.0134098
0.0134098
0.0134098
0.0134098
0.0134098
0.0134098
0.0134098
0.0134098
0.0134098
0.0134098
0.0134098
0.0134098
0.0134098
0.0134098
0.0134098
0.0134098
0.0134098
0.0134098
0.0134098
0.0134098
0.0134098
0.0134098
0.0134098
0.0134098
0.0134098
0.0134098
0.0134098
0.0134098
0.0134098
0.0134098
0.0134098
0.0134098
0.0134098
0.0134098
0.0134098
0.0134098
0.0134098
0.0134098
0.0134098
0.0134098
0.0134098
0.0134098
0.0134098
0.0134098
0.0134098
0.0134098
0.0134098
0.0134098
0.0134098
0.0134098
0.0134098
0.0134098
0.0134098
0.0134098
0.0134098
0.0134098
0.0134098
0.0134098
0.0134098
0.0134098
0.0134098
0.0134098
0.0134098
0.0134098
0.0134098
0.0134098
0.0134098
0.0134098
0.0134098
0.0134098
0.0134098
0.0134098
0.0134098
0.0134098
0.0134098
0.0134098
0.0134098
0.0134098
0.0134098
0.0134098
0.0134098
0.0134098
0.0134098
0.0134098
0.0134098
0.0134098
0.0134098
0.0134098
0.0134098
0.0134098
0.0134098
0.0134098
0.0134098
0.0134098
0.0134098
0.0134098
0.0134098
0.0134098
0.0134098
0.0134098
0.0134098
0.0134098
0.0134098
0.0134098
0.0134098
0.0134098
0.0134098
0.0134098
0.0134098
0.0134098
0.0134098
0.0134098
0.0134098
0.0134098
0.0134098
0.0134098
0.0134098
0.0134098
0.0134098
0.0134098
0.0134098
0.0134098
0.0134098
0.0134098
0.0134098
0.0134098
0.0134098
0.0134098
0.0134098
0.0134098
0.0134098
0.0134098
0.0134098
0.0134098
0.0134098
0.0134098
0.0134098
0.0134098
0.0134098
0.0134098
0.0134098
0.0134098
0.0134098
0.0134098
0.0134098
0.0134098
0.0134098
0.0134098
0.0134098
0.0134098
0.0134098
0.0134098
0.0134098
0.0134098
0.0134098
0.0134098
0.0134098
0.0134098
0.0134098
0.0134098
0.0134098
0.0134098
0.0134098
0.0134098
0.0134098
0.0134098
0.0134098
0.0134098
0.0134098
0.0134098
0.0134098
0.0134098
0.0134098
0.0134098
0.0134098
0.0134098
0.0134098
0.0134098
0.0134098
0.0134098
0.0134098
0.0134098
0.0134098
0.0134098
0.0134098
0.0134098
0.0134098
0.0134098
0.0134098
0.0134098
0.0134098
0.0134098
0.0134098
0.0134098
0.0134098
0.0134098
0.0134098
0.0134098
0.0134098
0.0134098
0.0134098
0.0134098
0.0134098
0.0134098
0.0134098
0.0134098
0.0134098
0.0134098
0.0134098
0.0134098
0.0134098
0.0134098
0.0134098
0.0134098
0.0134098
0.0134098
0.0134098
0.0134098
0.0134098
0.0134098
0.0134098
0.0134098
0.0134098
0.0134098
0.0134098
0.0134098
0.0134098
0.0134098
0.0134098
0.0134098
0.0134098
0.0134098
0.0134098
0.0134098
0.0134098
0.0134098
0.0134098
0.0134098
0.0134098
0.0134098
0.0134098
0.0134098
0.0134098
0.0134098
0.0134098
0.0134098
0.0134098
0.0134098
0.0134098
0.0134098
0.0134098
0.0134098
0.0134098
0.0134098
0.0134098
0.0134098
0.0134098
0.0134098
0.0134098
0.0134098
0.0134098
0.0134098
0.0134098
0.0134098
0.0134098
0.0134098
0.0134098
0.0134098
0.0134098
0.0134098
0.0134098
0.0134098
0.0134098
0.0134098
0.0134098
0.0134098
0.0134098
0.0134098
0.0134098
0.0134098
0.0134098
0.0134098
0.0134098
0.0134098
0.0134098
0.0134098
0.0134098
0.0134098
0.0134098
0.0134098
0.0134098
0.0134098
0.0134098
0.0134098
0.0134098
0.0134098
0.0134098
0.0134098
0.0134098
0.0134098
0.0134098
0.0134098
0.0134098
0.0134098
0.0134098
0.0134098
0.0134098
0.0134098
0.0134098
0.0134098
0.0134098
0.0134098
0.0134098
0.0134098
0.0134098
0.0134098
0.0134098
0.0134098
0.0134098
0.0134098
0.0134098
0.0134098
0.0134098
0.0134098
0.0134098
0.0134098
0.0134098
0.0134098
0.0134098
0.0134098
0.0134098
0.0134098
0.0134098
0.0134098
0.0134098
0.0134098
0.0134098
0.0134098
0.0134098
0.0134098
0.0134098
0.0134098
0.0134098
0.0134098
0.0134098
0.0134098
0.0134098
0.0134098
0.0134098
0.0134098
0.0134098
0.0134098
0.0134098
0.0134098
0.0134098
0.0134098
0.0134098
0.0134098
0.0134098
0.0134098
0.0134098
0.0134098
0.0134098
0.0134098
0.0134098
0.0134098
0.0134098
0.0134098
0.0134098
0.0134098
0.0134098
0.0134098
0.0134098
0.0134098
0.0134098
0.0134098
0.0134098
0.0134098
0.0134098
0.0134098
0.0134098
0.0134098
0.0134098
0.0134098
0.0134098
0.0134098
0.0134098
0.0134098
0.0134098
0.0134098
0.0134098
0.0134098
0.0134098
0.0134098
0.0134098
0.0134098
0.0134098
0.0134098
0.0134098
0.0134098
0.0134098
0.0134098
0.0134098
0.0134098
0.0134098
0.0134098
0.0134098
0.0134098
0.0134098
0.0134098
0.0134098
0.0134098
0.0134098
0.0134098
0.0134098
0.0134098
0.0134098
0.0134098
0.0134098
0.0134098
0.0134098
0.0134098
0.0134098
0.0134098
0.0134098
0.0134098
0.0134098
0.0134098
0.0134098
0.0134098
0.0134098
0.0134098
0.0134098
0.0134098
0.0134098
0.0134098
0.0134098
0.0134098
0.0134098
0.0134098
0.0134098
0.0134098
0.0134098
0.0134098
0.0134098
0.0134098
0.0134098
0.0134098
0.0134098
0.0134098
0.0134098
0.0134098
0.0134098
0.0134098
0.0134098
0.0134098
0.0134098
0.0134098
0.0134098
0.0134098
0.0134098
0.0134098
0.0134098
0.0134098
0.0134098
0.0134098
0.0134098
0.0134098
0.0134098
0.0134098
0.0134098
0.0134098
0.0134098
0.0134098
0.0134098
0.0134098
0.0134098
0.0134098
0.0134098
0.0134098
0.0134098
0.0134098
0.0134098
0.0134098
0.0134098
0.0134098
0.0134098
0.0134098
0.0134098
0.0134098
0.0134098
0.0134098
0.0134098
0.0134098
0.0134098
0.0134098
0.0134098
0.0134098
0.0134098
0.0134098
0.0134098
0.0134098
0.0134098
0.0134098
0.0134098
0.0134098
0.0134098
0.0134098
0.0134098
0.0134098
0.0134098
0.0134098
0.0134098
0.0134098
0.0134098
0.0134098
0.0134098
0.0134098
0.0134098
0.0134098
0.0134098
0.0134098
0.0134098
0.0134098
0.0134098
0.0134098
0.0134098
0.0134098
0.0134098
0.0134098
0.0134098
0.0134098
0.0134098
0.0134098
0.0134098
0.0134098
0.0134098
0.0134098
0.0134098
0.0134098
0.0134098
0.0134098
0.0134098
0.0134098
0.0134098
0.0134098
0.0134098
0.0134098
0.0134098
0.0134098
0.0134098
0.0134098
0.0134098
0.0134098
0.0134098
0.0134098
0.0134098
0.0134098
0.0134098
0.0134098
0.0134098
0.0134098
0.0134098
0.0134098
0.0134098
0.0134098
0.0134098
0.0134098
0.0134098
0.0134098
0.0134098
0.0134098
0.0134098
0.0134098
0.0134098
0.0134098
0.0134098
0.0134098
0.0134098
0.0134098
0.0134098
0.0134098
0.0134098
0.0134098
0.0134098
0.0134098
0.0133615
0.0119868
0.0126626
0.0126626
0.0133842
0.0126909
0.0126847
0.0133842
0.0133842
0.0126909
0.0126847
0.0133842
0.0133842
0.0126962
0.0126962
0.0133842
0.0133842
0.0126962
0.0126962
0.0133842
0.0134098
0.0134098
0.0134098
0.0134098
0.0133842
0.0126962
0.0126962
0.0133842
0.0133842
0.0126962
0.0133842
0.0126962
0.0134098
0.0134098
0.0134098
0.0134098
0.0133842
0.0126962
0.0126962
0.0133842
0.0133842
0.0126962
0.0126962
0.0133842
0.0134098
0.0134098
0.0134098
0.0134098
0.0133842
0.0126962
0.0126962
0.0133842
0.0133842
0.0126962
0.0133842
0.0126962
0.0134098
0.0134098
0.0134098
0.0134098
0.0134098
0.0134098
0.0134098
0.0134098
0.0134098
0.0134098
0.0134098
0.0134098
0.0134098
0.0134098
0.0134098
0.0134098
0.0134098
0.0134098
0.0134098
0.0134098
0.0134098
0.0134098
0.0134098
0.0134098
0.0134098
0.0134098
0.0134098
0.0134098
0.0134098
0.0134098
0.0134098
0.0134098
0.0134098
0.0134098
0.0134098
0.0134098
0.0134098
0.0134098
0.0134098
0.0134098
0.0133842
0.0126962
0.0126962
0.0133842
0.0133842
0.0126962
0.0126962
0.0133842
0.0134098
0.0134098
0.0134098
0.0134098
0.0133842
0.0126962
0.0126962
0.0133842
0.0133842
0.0126962
0.0126962
0.0133842
0.0134098
0.0134098
0.0134098
0.0134098
0.0133842
0.0126962
0.0126962
0.0133842
0.0133842
0.0126962
0.0126962
0.0133842
0.0134098
0.0134098
0.0134098
0.0134098
0.0133842
0.0126962
0.0126962
0.0133842
0.0133842
0.0126962
0.0133842
0.0126962
0.0134098
0.0134098
0.0134098
0.0134098
0.0134098
0.0134098
0.0134098
0.0134098
0.0134098
0.0134098
0.0134098
0.0134098
0.0134098
0.0134098
0.0134098
0.0134098
0.0134098
0.0134098
0.0134098
0.0134098
0.0134098
0.0134098
0.0134098
0.0134098
0.0134098
0.0134098
0.0134098
0.0134098
0.0134098
0.0134098
0.0134098
0.0134098
0.0134098
0.0134098
0.0134098
0.0134098
0.0134098
0.0134098
0.0134098
0.0134098
0.0134098
0.0134098
0.0134098
0.0134098
0.0134098
0.0134098
0.0134098
0.0134098
0.0134098
0.0134098
0.0134098
0.0134098
0.0134098
0.0134098
0.0134098
0.0134098
0.0134098
0.0134098
0.0134098
0.0134098
0.0134098
0.0134098
0.0134098
0.0134098
0.0134098
0.0134098
0.0134098
0.0134098
0.0134098
0.0134098
0.0134098
0.0134098
0.0134098
0.0134098
0.0134098
0.0134098
0.0133842
0.0126962
0.0126962
0.0133842
0.0133842
0.0126962
0.0126962
0.0133842
0.0134098
0.0134098
0.0134098
0.0134098
0.0133842
0.0126962
0.0126962
0.0133842
0.0133842
0.0126962
0.0126962
0.0133842
0.0134098
0.0134098
0.0134098
0.0134098
0.0133615
0.0119868
0.0126626
0.0126626
0.0133842
0.0126909
0.0133842
0.0126847
0.0133842
0.0126909
0.0126847
0.0133842
0.0134098
0.0134098
0.0134098
0.0134098
0.0134098
0.0134098
0.0134098
0.0134098
0.0134098
0.0134098
0.0134098
0.0134098
0.0134098
0.0134098
0.0134098
0.0134098
0.0134098
0.0134098
0.0134098
0.0134098
0.0134098
0.0134098
0.0134098
0.0134098
0.0134098
0.0134098
0.0134098
0.0134098
0.0134098
0.0134098
0.0134098
0.0134098
0.0134098
0.0134098
0.0134098
0.0134098
0.0133842
0.0126962
0.0126962
0.0133842
0.0133842
0.0126962
0.0126962
0.0133842
0.0134098
0.0134098
0.0134098
0.0134098
0.0133842
0.0126962
0.0126962
0.0133842
0.0133842
0.0126962
0.0133842
0.0126962
0.0134098
0.0134098
0.0134098
0.0134098
0.0133842
0.0126962
0.0126962
0.0133842
0.0133842
0.0126962
0.0126962
0.0133842
0.0134098
0.0134098
0.0134098
0.0134098
0.0133842
0.0126962
0.0133842
0.0126962
0.0134098
0.0134098
0.0134098
0.0134098
0.0133842
0.0126962
0.0126962
0.0133842
0.0134098
0.0134098
0.0134098
0.0134098
0.0134098
0.0134098
0.0134098
0.0134098
0.0134098
0.0134098
0.0134098
0.0134098
0.0134098
0.0134098
0.0134098
0.0134098
0.0134098
0.0134098
0.0134098
0.0134098
0.0134098
0.0134098
0.0134098
0.0134098
0.0134098
0.0134098
0.0134098
0.0134098
0.0134098
0.0134098
0.0134098
0.0134098
0.0134098
0.0134098
0.0134098
0.0134098
0.0133842
0.0126962
0.0126962
0.0133842
0.0133842
0.0126962
0.0126962
0.0133842
0.0134098
0.0134098
0.0134098
0.0134098
0.0133842
0.0126962
0.0126962
0.0133842
0.0133842
0.0126962
0.0133842
0.0126962
0.0134098
0.0134098
0.0134098
0.0134098
0.0134098
0.0134098
0.0134098
0.0134098
0.0134098
0.0134098
0.0134098
0.0134098
0.0134098
0.0134098
0.0134098
0.0134098
0.0134098
0.0134098
0.0134098
0.0134098
0.0134098
0.0134098
0.0134098
0.0134098
0.0134098
0.0134098
0.0134098
0.0134098
0.0134098
0.0134098
0.0134098
0.0134098
0.0134098
0.0134098
0.0134098
0.0134098
0.0134098
0.0134098
0.0134098
0.0134098
0.0134098
0.0134098
0.0134098
0.0134098
0.0134098
0.0134098
0.0134098
0.0134098
0.0134098
0.0134098
0.0134098
0.0134098
0.0134098
0.0134098
0.0134098
0.0134098
0.0134098
0.0134098
0.0134098
0.0134098
0.0134098
0.0134098
0.0134098
0.0134098
0.0134098
0.0134098
0.0134098
0.0134098
0.0134098
0.0134098
0.0134098
0.0134098
0.0134098
0.0134098
0.0134098
0.0134098
0.0134098
0.0134098
0.0134098
0.0134098
0.0134098
0.0134098
0.0134098
0.0134098
0.0134098
0.0134098
0.0134098
0.0134098
0.0134098
0.0134098
0.0134098
0.0134098
0.0134098
0.0134098
0.0134098
0.0134098
0.0134098
0.0134098
0.0134098
0.0134098
0.0134098
0.0134098
0.0134098
0.0134098
0.0134098
0.0134098
0.0134098
0.0134098
0.0134098
0.0134098
0.0134098
0.0134098
0.0134098
0.0134098
0.0134098
0.0134098
0.0134098
0.0134098
0.0134098
0.0134098
0.0134098
0.0134098
0.0134098
0.0134098
0.0134098
0.0134098
0.0134098
0.0134098
0.0134098
0.0134098
0.0134098
0.0134098
0.0134098
0.0134098
0.0134098
0.0134098
0.0134098
0.0134098
0.0134098
0.0134098
0.0134098
0.0134098
0.0134098
0.0134098
0.0134098
0.0134098
0.0134098
0.0134098
0.0134098
0.0134098
0.0134098
0.0134098
0.0134098
0.0134098
0.0134098
0.0134098
0.0134098
0.0134098
0.0134098
0.0134098
0.0134098
0.0134098
0.0134098
0.0134098
0.0134098
0.0134098
0.0134098
0.0134098
0.0134098
0.0134098
0.0134098
0.0134098
0.0134098
0.0134098
0.0134098
0.0134098
0.0134098
0.0134098
0.0134098
0.0134098
0.0134098
0.0134098
0.0134098
0.0134098
0.0134098
0.0134098
0.0134098
0.0134098
0.0134098
0.0134098
0.0134098
0.0134098
0.0134098
0.0134098
0.0134098
0.0134098
0.0134098
0.0134098
0.0134098
0.0134098
0.0134098
0.0134098
0.0134098
0.0134098
0.0134098
0.0134098
0.0134098
0.0134098
0.0134098
0.0134098
0.0134098
0.0134098
0.0134098
0.0134098
0.0134098
0.0134098
0.0134098
0.0134098
0.0134098
0.0134098
0.0133842
0.0126962
0.0126962
0.0133842
0.0133842
0.0126962
0.0126962
0.0133842
0.0134098
0.0134098
0.0134098
0.0134098
0.0133842
0.0126962
0.0133842
0.0126962
0.0134098
0.0134098
0.0134098
0.0134098
0.0133842
0.0126962
0.0126962
0.0133842
0.0134098
0.0134098
0.0134098
0.0134098
0.0134098
0.0134098
0.0134098
0.0134098
0.0134098
0.0134098
0.0134098
0.0134098
0.0134098
0.0134098
0.0134098
0.0134098
0.0134098
0.0134098
0.0134098
0.0134098
0.0134098
0.0134098
0.0134098
0.0134098
0.0134098
0.0134098
0.0134098
0.0134098
0.0134098
0.0134098
0.0134098
0.0134098
0.0134098
0.0134098
0.0134098
0.0134098
0.0133842
0.0126962
0.0126962
0.0133842
0.0133842
0.0126962
0.0126962
0.0133842
0.0134098
0.0134098
0.0134098
0.0134098
0.0133842
0.0126962
0.0126962
0.0133842
0.0133842
0.0126962
0.0133842
0.0126962
0.0134098
0.0134098
0.0134098
0.0134098
0.0133842
0.0126962
0.0126962
0.0133842
0.0133842
0.0126962
0.0126962
0.0133842
0.0134098
0.0134098
0.0134098
0.0134098
0.0133842
0.0126962
0.0133842
0.0126962
0.0134098
0.0134098
0.0134098
0.0134098
0.0133842
0.0126962
0.0126962
0.0133842
0.0134098
0.0134098
0.0134098
0.0134098
0.0134098
0.0134098
0.0134098
0.0134098
0.0134098
0.0134098
0.0134098
0.0134098
0.0134098
0.0134098
0.0134098
0.0134098
0.0134098
0.0134098
0.0134098
0.0134098
0.0134098
0.0134098
0.0134098
0.0134098
0.0134098
0.0134098
0.0134098
0.0134098
0.0134098
0.0134098
0.0134098
0.0134098
0.0134098
0.0134098
0.0134098
0.0134098
0.0133615
0.0119868
0.0126626
0.0126626
0.0133842
0.0126909
0.0133842
0.0126847
0.0133842
0.0126909
0.0126847
0.0133842
0.0133842
0.0126962
0.0126962
0.0133842
0.0133842
0.0126962
0.0126962
0.0133842
0.0134098
0.0134098
0.0134098
0.0134098
0.0133842
0.0126962
0.0133842
0.0126962
0.0134098
0.0134098
0.0134098
0.0134098
0.0133842
0.0126962
0.0133842
0.0126962
0.0134098
0.0134098
0.0134098
0.0134098
0.0134098
0.0134098
0.0134098
0.0134098
0.0134098
0.0134098
0.0134098
0.0134098
0.0134098
0.0134098
0.0134098
0.0134098
0.0134098
0.0134098
0.0134098
0.0134098
0.0134098
0.0134098
0.0134098
0.0134098
0.0134098
0.0134098
0.0134098
0.0134098
0.0134098
0.0134098
0.0134098
0.0134098
0.0134098
0.0134098
0.0134098
0.0134098
0.0134098
0.0134098
0.0134098
0.0134098
0.0134098
0.0134098
0.0134098
0.0134098
0.0134098
0.0134098
0.0134098
0.0134098
0.0134098
0.0134098
0.0134098
0.0134098
0.0134098
0.0134098
0.0134098
0.0134098
0.0134098
0.0134098
0.0134098
0.0134098
0.0134098
0.0134098
0.0134098
0.0134098
0.0134098
0.0134098
0.0134098
0.0134098
0.0134098
0.0134098
0.0134098
0.0134098
0.0133842
0.0126962
0.0126962
0.0133842
0.0133842
0.0126962
0.0126962
0.0133842
0.0134098
0.0134098
0.0134098
0.0134098
0.0133842
0.0126962
0.0133842
0.0126962
0.0134098
0.0134098
0.0134098
0.0134098
0.0133842
0.0126962
0.0126962
0.0133842
0.0133842
0.0126962
0.0126962
0.0133842
0.0133842
0.0126962
0.0126962
0.0133842
0.0134098
0.0134098
0.0134098
0.0134098
0.0133842
0.0126962
0.0133842
0.0126962
0.0134098
0.0134098
0.0134098
0.0134098
0.0133842
0.0126962
0.0133842
0.0126962
0.0134098
0.0134098
0.0134098
0.0134098
0.0134098
0.0134098
0.0134098
0.0134098
0.0134098
0.0134098
0.0134098
0.0134098
0.0134098
0.0134098
0.0134098
0.0134098
0.0134098
0.0134098
0.0134098
0.0134098
0.0134098
0.0134098
0.0134098
0.0134098
0.0134098
0.0134098
0.0134098
0.0134098
0.0134098
0.0134098
0.0134098
0.0134098
0.0134098
0.0134098
0.0134098
0.0134098
0.0133842
0.0126962
0.0126962
0.0133842
0.0133842
0.0126962
0.0126962
0.0133842
0.0134098
0.0134098
0.0134098
0.0134098
0.0133842
0.0126962
0.0133842
0.0126962
0.0134098
0.0134098
0.0134098
0.0134098
0.0133842
0.0126962
0.0126962
0.0133842
0.0133842
0.0126962
0.0126962
0.0133842
0.0133842
0.0126962
0.0126962
0.0133842
0.0134098
0.0134098
0.0134098
0.0134098
0.0133842
0.0126962
0.0133842
0.0126962
0.0134098
0.0134098
0.0134098
0.0134098
0.0133842
0.0126962
0.0126962
0.0133842
0.0133615
0.0119868
0.0126626
0.0126626
0.0133842
0.0126909
0.0133842
0.0126847
0.0133842
0.0126909
0.0133842
0.0126847
)
;
        source          uniform 0;
        logInterval     -1;
        thicknessLayers List<scalar> 1(0.0001);
        kappaLayers     List<scalar> 1(33.33);
        writePrecision  6;
        updateHeader    1;
        writeToFile     0;
        useUserTime     1;
        kappaMethod     solidThermo;
        value           nonuniform List<scalar> 
1600
(
307.52
307.655
307.587
307.587
307.695
307.714
307.645
307.765
307.695
307.714
307.645
307.765
307.52
307.655
307.587
307.587
307.695
307.714
307.645
307.765
307.695
307.714
307.765
307.645
307.879
307.774
307.826
307.826
307.879
307.774
307.826
307.826
307.879
307.774
307.826
307.826
307.879
307.774
307.826
307.826
307.695
307.714
307.645
307.765
307.695
307.714
307.765
307.645
307.52
307.655
307.587
307.587
307.695
307.714
307.765
307.645
307.695
307.714
307.765
307.645
307.52
307.655
307.587
307.587
306.012
306.227
306.116
306.116
306.704
306.883
306.825
306.76
306.313
306.329
306.216
306.427
306.704
306.883
306.825
306.76
306.313
306.329
306.217
306.427
307.056
307.002
306.943
307.117
307.056
307.002
306.943
307.117
306.638
306.434
306.535
306.535
306.852
306.933
306.81
306.977
306.97
307.104
306.976
307.098
306.852
306.933
306.977
306.81
306.97
307.104
306.976
307.098
307.215
307.054
307.17
307.098
307.837
307.916
307.844
307.909
307.343
307.228
307.222
307.349
307.215
307.054
307.098
307.17
307.837
307.916
307.844
307.909
307.343
307.228
307.222
307.349
306.704
306.883
306.76
306.825
306.313
306.329
306.216
306.427
306.012
306.227
306.116
306.116
307.056
307.002
307.117
306.943
307.056
307.002
306.943
307.117
306.638
306.434
306.535
306.535
306.704
306.883
306.825
306.76
306.313
306.329
306.217
306.427
306.852
306.933
306.81
306.977
306.97
307.104
307.098
306.976
307.215
307.054
307.17
307.098
307.837
307.916
307.844
307.909
307.343
307.228
307.222
307.349
306.852
306.933
306.977
306.81
306.97
307.104
306.976
307.098
307.837
307.916
307.844
307.909
307.215
307.054
307.098
307.17
307.343
307.228
307.349
307.222
308.026
307.978
307.971
308.033
308.026
307.978
307.971
308.033
308.178
308.193
308.185
308.185
308.026
307.978
307.971
308.033
308.026
307.978
308.033
307.971
308.178
308.193
308.185
308.185
308.026
307.978
307.971
308.033
308.026
307.978
308.033
307.971
308.178
308.193
308.185
308.185
308.026
307.978
308.033
307.971
308.026
307.978
308.033
307.971
308.178
308.193
308.185
308.185
307.215
307.054
307.17
307.098
307.837
307.916
307.909
307.844
307.343
307.228
307.222
307.349
306.852
306.933
306.81
306.977
306.97
307.104
307.098
306.976
307.837
307.916
307.909
307.844
307.215
307.054
307.098
307.17
307.343
307.228
307.349
307.222
306.852
306.933
306.977
306.81
306.97
307.104
306.976
307.098
306.704
306.883
306.76
306.825
306.313
306.329
306.427
306.216
307.056
307.002
307.117
306.943
307.056
307.002
306.943
307.117
306.638
306.434
306.535
306.535
306.012
306.227
306.116
306.116
306.704
306.883
306.825
306.76
306.313
306.329
306.427
306.216
307.837
307.916
307.909
307.844
307.215
307.054
307.17
307.098
307.343
307.228
307.349
307.222
307.837
307.916
307.909
307.844
307.215
307.054
307.098
307.17
307.343
307.228
307.349
307.222
306.852
306.933
306.81
306.977
306.97
307.104
307.098
306.976
306.852
306.933
306.977
306.81
306.97
307.104
307.098
306.976
307.056
307.002
307.117
306.943
307.056
307.002
307.117
306.943
306.638
306.434
306.535
306.535
306.704
306.883
306.76
306.825
306.313
306.329
306.427
306.217
306.704
306.883
306.76
306.825
306.313
306.329
306.427
306.216
306.012
306.227
306.116
306.116
307.369
307.203
307.285
307.285
307.443
307.423
307.509
307.358
307.443
307.423
307.509
307.358
307.659
307.604
307.57
307.694
307.617
307.479
307.567
307.528
307.739
307.845
307.809
307.774
307.659
307.604
307.57
307.694
307.617
307.479
307.567
307.528
307.739
307.845
307.809
307.774
307.369
307.203
307.285
307.285
307.443
307.423
307.509
307.358
307.443
307.423
307.509
307.358
307.659
307.604
307.57
307.694
307.617
307.479
307.567
307.528
307.739
307.845
307.809
307.774
307.659
307.604
307.694
307.57
307.739
307.845
307.809
307.774
307.617
307.479
307.567
307.528
307.969
308.044
308.006
308.006
307.923
307.907
307.87
307.96
307.924
307.907
307.87
307.96
307.969
308.044
308.006
308.006
307.924
307.907
307.87
307.96
307.924
307.907
307.87
307.96
307.969
308.044
308.006
308.006
307.924
307.907
307.87
307.96
307.924
307.907
307.87
307.96
307.969
308.044
308.006
308.006
307.924
307.907
307.87
307.96
307.924
307.907
307.87
307.96
307.659
307.604
307.57
307.694
307.617
307.479
307.567
307.528
307.739
307.845
307.809
307.774
307.659
307.604
307.694
307.57
307.739
307.845
307.809
307.774
307.617
307.479
307.567
307.528
307.369
307.203
307.285
307.285
307.443
307.423
307.509
307.358
307.443
307.423
307.509
307.358
307.659
307.604
307.694
307.57
307.739
307.845
307.809
307.774
307.617
307.479
307.567
307.528
307.659
307.604
307.694
307.57
307.739
307.845
307.809
307.774
307.617
307.479
307.567
307.528
307.369
307.203
307.285
307.285
307.443
307.423
307.509
307.358
307.443
307.423
307.509
307.358
305.813
305.558
305.717
305.717
305.902
305.919
305.822
305.999
305.902
305.919
305.822
305.999
306.521
306.369
306.437
306.451
306.583
306.553
306.499
306.638
306.641
306.688
306.57
306.761
306.289
306.293
306.208
306.374
306.195
306.018
306.098
306.114
306.406
306.607
306.491
306.52
306.521
306.369
306.437
306.452
306.583
306.553
306.499
306.638
306.641
306.688
306.57
306.761
306.29
306.293
306.209
306.375
306.195
306.018
306.099
306.114
306.406
306.607
306.491
306.52
307.093
307.112
307.192
307.015
307.164
307.328
307.265
307.226
306.988
306.802
306.876
306.911
307.093
307.112
307.192
307.015
307.164
307.328
307.265
307.226
306.988
306.802
306.877
306.911
306.835
307.024
306.928
306.928
306.734
306.718
306.629
306.826
306.734
306.718
306.629
306.826
306.762
306.704
306.676
306.791
306.727
306.6
306.641
306.686
306.888
307.044
306.917
307.013
306.832
306.727
306.744
306.814
306.843
306.761
306.755
306.849
306.959
307.068
306.941
307.086
306.762
306.704
306.676
306.791
306.727
306.6
306.641
306.686
306.888
307.044
306.917
307.013
306.832
306.727
306.744
306.814
306.843
306.761
306.849
306.755
306.959
307.068
306.941
307.086
307.366
307.505
307.471
307.399
307.326
307.383
307.431
307.279
307.254
307.167
307.136
307.286
307.742
307.631
307.721
307.651
307.823
307.873
307.802
307.895
307.755
307.671
307.664
307.762
307.443
307.531
307.424
307.551
307.33
307.192
307.21
307.311
307.456
307.571
307.564
307.463
307.366
307.505
307.471
307.399
307.326
307.383
307.431
307.279
307.254
307.167
307.136
307.286
307.742
307.631
307.721
307.651
307.823
307.873
307.802
307.895
307.755
307.671
307.762
307.664
307.443
307.531
307.424
307.551
307.33
307.192
307.21
307.311
307.456
307.571
307.463
307.564
306.521
306.369
306.437
306.451
306.583
306.553
306.499
306.638
306.641
306.688
306.57
306.761
306.289
306.293
306.208
306.374
306.195
306.018
306.114
306.098
306.406
306.607
306.491
306.52
305.813
305.558
305.717
305.717
305.902
305.919
305.999
305.822
305.902
305.919
305.822
305.999
307.093
307.112
307.192
307.015
307.164
307.328
307.265
307.226
306.988
306.802
306.876
306.911
307.093
307.112
307.192
307.015
307.164
307.328
307.265
307.226
306.988
306.802
306.911
306.877
306.835
307.024
306.928
306.928
306.734
306.718
306.629
306.826
306.734
306.718
306.826
306.629
306.521
306.369
306.437
306.452
306.583
306.553
306.499
306.638
306.641
306.688
306.761
306.57
306.29
306.293
306.209
306.375
306.195
306.018
306.099
306.114
306.406
306.607
306.52
306.491
306.762
306.704
306.676
306.791
306.727
306.6
306.641
306.686
306.888
307.044
306.917
307.013
306.832
306.727
306.814
306.744
306.959
307.068
306.941
307.086
306.843
306.761
306.755
306.849
307.366
307.505
307.471
307.399
307.326
307.383
307.431
307.279
307.254
307.167
307.136
307.286
307.742
307.631
307.721
307.651
307.823
307.873
307.802
307.895
307.755
307.671
307.664
307.762
307.443
307.531
307.424
307.551
307.33
307.192
307.21
307.311
307.456
307.571
307.564
307.463
306.762
306.704
306.676
306.791
306.727
306.6
306.641
306.686
306.888
307.044
306.917
307.013
306.832
306.727
306.744
306.814
306.843
306.761
306.849
306.755
306.959
307.068
306.941
307.086
307.742
307.631
307.721
307.651
307.823
307.873
307.802
307.895
307.755
307.671
307.762
307.664
307.366
307.505
307.471
307.399
307.326
307.383
307.431
307.279
307.254
307.167
307.136
307.286
307.443
307.531
307.551
307.424
307.456
307.571
307.463
307.564
307.33
307.192
307.21
307.311
308.057
308.073
308.035
308.095
308.011
307.935
307.989
307.957
308.072
308.118
308.11
308.08
308.057
308.073
308.035
308.095
308.011
307.935
307.989
307.957
308.072
308.118
308.11
308.08
308.148
308.103
308.125
308.125
308.163
308.148
308.14
308.17
308.163
308.148
308.14
308.17
308.057
308.073
308.035
308.095
308.011
307.935
307.989
307.957
308.072
308.118
308.08
308.11
308.057
308.073
308.035
308.095
308.011
307.935
307.989
307.957
308.072
308.118
308.11
308.08
308.148
308.103
308.125
308.125
308.163
308.148
308.17
308.14
308.163
308.148
308.14
308.17
308.057
308.073
308.035
308.095
308.011
307.935
307.989
307.957
308.072
308.118
308.08
308.11
308.057
308.073
308.035
308.095
308.011
307.935
307.989
307.957
308.072
308.118
308.11
308.08
308.148
308.103
308.125
308.125
308.163
308.148
308.17
308.14
308.163
308.148
308.14
308.17
308.057
308.073
308.035
308.095
308.011
307.935
307.989
307.957
308.072
308.118
308.08
308.11
308.057
308.073
308.035
308.095
308.011
307.935
307.989
307.957
308.072
308.118
308.08
308.11
308.148
308.103
308.125
308.125
308.163
308.148
308.17
308.14
308.163
308.148
308.17
308.14
307.366
307.505
307.471
307.399
307.326
307.383
307.431
307.279
307.254
307.167
307.286
307.136
307.742
307.631
307.721
307.651
307.823
307.873
307.802
307.895
307.755
307.671
307.664
307.762
307.443
307.531
307.424
307.551
307.33
307.192
307.311
307.21
307.456
307.571
307.564
307.463
306.762
306.704
306.676
306.791
306.727
306.6
306.641
306.686
306.888
307.044
307.013
306.917
306.832
306.727
306.814
306.744
306.959
307.068
307.086
306.941
306.843
306.761
306.755
306.849
307.742
307.631
307.721
307.651
307.823
307.873
307.802
307.895
307.755
307.671
307.762
307.664
307.366
307.505
307.471
307.399
307.326
307.383
307.431
307.279
307.254
307.167
307.286
307.136
307.443
307.531
307.551
307.424
307.456
307.571
307.463
307.564
307.33
307.192
307.311
307.21
306.762
306.704
306.676
306.791
306.727
306.6
306.641
306.686
306.888
307.044
307.013
306.917
306.832
306.727
306.744
306.814
306.843
306.761
306.849
306.755
306.959
307.068
307.086
306.941
306.521
306.369
306.437
306.451
306.583
306.553
306.499
306.638
306.641
306.688
306.57
306.761
306.289
306.293
306.374
306.208
306.406
306.607
306.491
306.52
306.195
306.018
306.114
306.098
307.093
307.112
307.192
307.015
307.164
307.328
307.265
307.226
306.988
306.802
306.877
306.911
307.093
307.112
307.192
307.015
307.164
307.328
307.265
307.226
306.988
306.802
306.911
306.877
306.835
307.024
306.928
306.928
306.734
306.718
306.629
306.826
306.734
306.718
306.826
306.629
305.813
305.558
305.717
305.717
305.902
305.919
305.999
305.822
305.902
305.919
305.822
305.999
306.521
306.369
306.437
306.451
306.583
306.553
306.499
306.638
306.641
306.688
306.761
306.57
306.289
306.293
306.374
306.209
306.406
306.607
306.52
306.491
306.195
306.018
306.099
306.114
307.742
307.631
307.721
307.651
307.823
307.873
307.802
307.895
307.755
307.671
307.664
307.762
307.366
307.505
307.471
307.399
307.326
307.383
307.431
307.279
307.254
307.167
307.286
307.136
307.443
307.531
307.551
307.424
307.456
307.571
307.564
307.463
307.33
307.192
307.311
307.21
307.742
307.631
307.721
307.651
307.823
307.873
307.802
307.895
307.755
307.671
307.762
307.664
307.366
307.505
307.471
307.399
307.326
307.383
307.431
307.279
307.254
307.167
307.286
307.136
307.443
307.531
307.551
307.424
307.456
307.571
307.463
307.564
307.33
307.192
307.311
307.21
306.762
306.704
306.676
306.791
306.727
306.6
306.641
306.686
306.888
307.044
307.013
306.917
306.832
306.727
306.814
306.744
306.959
307.068
307.086
306.941
306.843
306.761
306.755
306.849
306.762
306.704
306.676
306.791
306.727
306.6
306.641
306.686
306.888
307.044
307.013
306.917
306.832
306.727
306.814
306.744
306.959
307.068
307.086
306.941
306.843
306.761
306.849
306.755
307.093
307.112
307.192
307.015
307.164
307.328
307.265
307.226
306.988
306.802
306.911
306.877
307.093
307.112
307.192
307.015
307.164
307.328
307.265
307.226
306.988
306.802
306.911
306.876
306.835
307.024
306.928
306.928
306.734
306.718
306.826
306.629
306.734
306.718
306.826
306.629
306.521
306.369
306.437
306.452
306.583
306.553
306.499
306.638
306.641
306.688
306.761
306.57
306.29
306.293
306.375
306.209
306.406
306.607
306.52
306.491
306.195
306.018
306.114
306.099
306.521
306.369
306.437
306.451
306.583
306.553
306.499
306.638
306.641
306.688
306.761
306.57
306.289
306.293
306.374
306.208
306.406
306.607
306.52
306.491
306.195
306.018
306.114
306.098
305.813
305.558
305.717
305.717
305.902
305.919
305.999
305.822
305.902
305.919
305.999
305.822
)
;
    }
}


// ************************************************************************* //
