/*--------------------------------*- C++ -*----------------------------------*\
| =========                 |                                                 |
| \\      /  F ield         | OpenFOAM: The Open Source CFD Toolbox           |
|  \\    /   O peration     | Version:  2412                                  |
|   \\  /    A nd           | Website:  www.openfoam.com                      |
|    \\/     M anipulation  |                                                 |
\*---------------------------------------------------------------------------*/
FoamFile
{
    version     2.0;
    format      ascii;
    arch        "LSB;label=32;scalar=64";
    class       volScalarField;
    location    "1.7";
    object      gradTz;
}
// * * * * * * * * * * * * * * * * * * * * * * * * * * * * * * * * * * * * * //

dimensions      [0 -1 0 1 0 0 0];

internalField   nonuniform List<scalar> 
5712
(
7586.14
23028.9
5761.48
25173.4
3153.78
26626.5
5358.85
42072.3
8745.19
52807.5
8976.93
37529.1
9590.89
33383.4
9458.87
28706.5
4438.94
2445.66
13400.4
6381.63
4137.99
1914.88
14404.6
5817
5820.88
4322.14
17170.1
12626.3
3903.12
3099.41
17266.4
13147.7
8786.66
3207.51
6714.59
2470.4
3081.07
8195.37
41244.4
12587
12417.5
5705.45
49941.7
15627.3
11529.7
5374.96
27406
9127.79
13990.2
6360.51
22393
7109.92
5462.25
2954.13
9301.36
3784.01
4911.61
3073.75
9754.19
3707.3
6525.58
4137.85
6160.15
2611.17
10805.1
3921.49
4243.75
1574.98
13349.8
10157.4
8034.71
7271.2
14644.4
12875
7917.15
8459.76
7544.51
6568.9
10011.4
8663.79
5931.54
5141.76
3402.88
2940.84
5831.21
5825.87
3288.29
3300.2
5736.5
4565.14
3315.17
2370.53
6532.14
3689.4
6632.73
7243.59
8821.73
6698.78
9593.51
12484.5
4712.99
2031.9
4224.51
4321.58
2641.75
932.262
1925.5
1656.16
6422.21
12837.6
4634.36
14491.6
6950.1
12967.1
5514.81
15380.6
9057.53
12794.6
7600.93
15572.5
9694
11288.7
7773.03
7866.26
9424.12
7452.4
8497.4
11881.7
13991.4
20367.8
10116.1
8445.91
8234.88
10425
16355.6
16023.8
15557.1
18722
18942.1
15591
15642.6
18732.5
18726
14294
14871.1
17888.4
18143.9
9376.64
9982.59
9461.14
10042.2
11564
11716
13651.1
13421.5
17344.8
17666.1
8530.69
9438.53
9835.24
10696.6
11142.3
12262.6
12965.5
14447.4
17125.2
18854.3
10008.7
6843.71
8079.77
8076.15
11048.5
12439.7
8972.65
11742.7
7519.35
7575.4
9596.23
6915.04
3465.89
5818.14
1400.44
2158.16
5550.48
8677.74
2148.37
3229.32
2975
5171.72
1109.92
1884.88
7226.29
6149.09
7436.76
4696.59
10206.9
7326.41
11676.2
7875.77
3427.6
3915.38
4242.07
2443.91
2590.38
2791.66
2874.56
2179.13
13587.4
8984.31
2959.74
14713.5
9301.7
3223.98
13345.7
8773.36
3007.97
14647.3
9262.94
3152.81
12692.7
8223.94
2764.41
14332.8
9097.34
3136.6
7237.53
4201.21
1131.68
8804.15
6027.54
1967.58
10264.4
7222.93
2443.17
11456.2
7508.08
2474.78
13812.3
8756.71
3098.63
7896.25
4392.44
1459.41
7990.94
5221.35
1835.59
9125.09
6058.1
2096.66
10856.5
7007.34
2412.41
13124.9
7734.78
2695.88
-507.629
988.624
431.081
2650.77
1842.13
1846.31
4736.07
4128.87
606.654
963.021
642.646
1009.97
339.969
932.149
624.553
1366.38
1859.64
1126.3
3798.4
2704.22
1722.34
2817.39
2938.98
746.682
6041.74
1857.38
-4330.81
-764.493
577.469
589.804
-97.228
25.9279
10195.1
4339.49
2695.61
1553.64
10035.8
4390.57
2936.6
1834.07
9663.61
4772.93
3913.15
2691.99
3004.99
1900.08
1605.84
1429.97
13227
11539.4
5763.47
7372.13
15089.8
14080.3
7331.14
8783.01
5138.38
6202.59
11047.1
9061.22
3633.76
4783.01
2043.23
2740.93
4872.19
5695.47
2763.65
3218.81
2874.77
4066.87
1560.56
2442.54
4503.92
3096.95
5087.55
3291.64
7808.1
4473.24
6858.06
4320.36
2635.13
2103.43
3514.89
2250.01
1428.51
1299.98
2206.26
1384.46
11778.3
7583.35
5590.43
5640.08
11669.2
7569.88
5507.51
5520.79
11780.6
7296.52
5579.16
5125.83
13322
13108.7
12216
9221.43
5104.06
7963.94
9379.48
9689.83
8890.79
5960.83
11351.9
9962.93
8086.65
6379.34
3979.04
6238.71
5983.55
6116.8
7193.37
6245.23
5836.31
5989.44
7061.33
6018.31
5597.9
5713.53
6791.87
8938.21
8463.55
8100.96
6933.94
5874.06
5816.61
5486.99
5620.73
4996.69
6435.7
6596.8
7474.68
5377.42
6089.6
4625.75
5246.84
4360.24
5159.39
3763.25
5914.48
4784.71
3841.07
3279.84
1811.51
7484.16
5681.92
6040.72
3860.8
2406.76
1397.12
3564.02
3199.83
4211.81
1865.81
1931.16
1067.39
5587.19
3227.25
2264.42
1562.89
3336.93
1424.23
1677.89
837.854
1918.3
2263.6
2285.26
3827.81
2908.35
3503.26
2726.25
4945.61
2357.99
1668.43
1692.31
2765.4
1031.74
388.708
311.08
655.868
4671.01
2148.38
621.156
4932.82
1324.04
352.351
4597.4
2265.52
710.217
4922.29
1372.12
383.619
4274.29
2133.67
558.684
4717.77
1285.81
296.075
5765.6
3196.36
861.241
4656.15
2539.26
719.169
4356.24
2227.86
646.148
4098.79
1975.57
473.666
4512.94
1153.55
205.014
6355.18
3380.74
1063.78
5296.55
2904.01
961.174
4601.64
2439.06
804.637
4229.41
1785.04
496.624
4750.8
1214.87
392.112
1630.48
614.584
303.682
39.1334
661.669
262.116
138.883
34.6164
1679.48
655.281
357.531
88.9697
796.154
347.666
225.385
103.868
1915.1
778.255
462.255
157.281
1353.99
674.291
367.746
164.167
985.958
590.341
255.095
76.2472
1013.49
661.114
354.772
184.834
1579.77
732.786
376.429
54.3848
1492.34
672.892
401.669
-2.70321
1993.89
826.563
499.988
129.758
1774.76
726.312
467.101
-16.6403
1189.51
628.504
312.336
49.629
1153.86
584.448
351.574
65.0896
874.645
535.73
317.233
173.54
798.406
478.722
314.296
169.64
2070.81
750.089
382.477
-14.7394
2133.91
728.866
438.858
-134.488
2059.86
758.926
412.708
8.83019
2047.49
703.023
437.001
-124.44
2066.84
777.242
475.694
50.5905
1834.12
635.545
431.991
-80.0275
1918.09
745.637
514.204
152.047
2021.91
716.914
549.42
-66.326
1481.9
576.776
404.428
62.2491
1739.05
533.156
333.038
-133.625
677.758
189.116
102.654
-26.9155
1721.9
541.201
340.038
-117.15
693.101
199.43
112.108
-16.596
1625.61
527.828
349.841
-86.0794
672.273
201.893
123.104
-2.12804
1373.88
452.431
334.195
-50.5544
594.63
178.921
130.94
16.4055
1206.55
421.494
318.473
-2.42326
540.274
180.978
142.708
41.3231
934.704
398.364
241.508
25.0303
494.371
244.076
144.37
71.7523
999.146
367.632
260.124
10.9713
492.742
200.152
140.979
59.3786
824.632
418.917
245.288
60.7295
493.628
282.243
159.71
93.2689
638.152
395.998
251.908
142.335
451.91
298.592
186.82
130.973
16.643
8.81251
4.91294
2.87351
2.00476
8.52738
4.45941
2.48725
1.46691
1.03407
31.1582
17.2491
9.59157
5.58561
3.8804
29.3123
16.4395
9.0366
5.22688
3.62176
66.4602
38.2861
21.3328
12.4675
8.68749
124.174
69.6748
38.6193
22.4754
15.6104
125.838
72.9082
41.0543
24.0809
16.8097
133.48
75.878
42.4295
24.8366
17.3528
85.1428
50.549
28.6907
16.8839
11.7419
66.5443
39.7048
22.6153
13.3679
9.31943
89.16
50.8432
28.333
16.6183
11.5776
67.3766
35.854
19.7297
11.5616
8.02447
93.4361
58.603
33.7526
19.9732
13.9661
88.8024
54.0003
30.8777
18.2523
12.7541
119.09
69.2601
38.9228
22.8202
15.9406
114.026
66.713
37.5719
22.0408
15.3752
11.0664
7.20791
4.11102
2.41493
1.68851
2.78684
2.74843
1.62536
0.973281
0.69328
19.508
11.8001
6.6674
3.91288
2.74299
4.45277
3.77851
2.21403
1.31947
0.943072
27.6944
17.5844
9.98181
5.89802
4.164
15.1573
9.10806
4.97288
2.86018
2.01445
75.2044
42.2824
23.2699
13.6618
9.58808
37.684
21.0438
11.4471
6.68303
4.70083
91.8146
46.1321
24.7321
14.3267
9.94296
2740.9
4761.19
2594.96
4625.44
2432.43
4312.56
2384.56
4155.11
2581.06
4706.17
1533.97
2180.79
2096.7
3261.93
1027.88
1314.65
412.808
533.025
8096.33
1955.12
449.739
99.9502
25.1283
2163.07
574.863
154.246
34.6515
7.75916
8015.59
1908.95
435.939
96.1883
24.0729
2236.5
651.755
160.584
37.3326
9.38347
7698.23
1802.21
407.187
89.1673
22.1936
2171.48
629.987
153.978
35.426
8.81945
7176.51
1647.17
368.812
80.4682
20.0153
2085.27
590.876
141.514
32.0351
7.86416
6245.7
1411.85
315.82
69.175
17.323
1931.29
522.424
122.312
27.3451
6.65253
3467.54
837.219
194.021
43.5015
11.0885
988.598
251.817
55.0571
11.433
2.62624
4861.61
1140.74
259.584
57.4698
14.5266
1372.34
358.958
82.3162
18.1778
4.39916
2168.5
537.055
126.303
28.6044
7.33501
635.54
165.872
35.8023
7.11653
1.56766
799.105
200.388
47.5403
10.8496
2.79916
309.158
74.2619
15.276
4.0922
0.626761
-1401.67
570.867
4299.9
-3713.6
995.91
1062.43
2668.14
3257.27
2215.12
3572.52
2961.38
4473.19
2839.55
3706.64
1356.35
1974.88
1469.79
1712.04
1023.77
1060.86
2897.52
2250.11
-240.078
-781.01
-854.316
-1150.4
-553.533
12306.5
3450.86
4297.5
3503.99
459.028
100.591
3403.67
-835.243
-298.287
-680.98
-219.673
6063.04
3197.94
1552.42
868.127
3347.96
1619.77
302.298
500.697
-963.312
-923.839
947.471
829.118
9414.1
4595.98
4602.18
2649.5
3437.47
3323.27
128.125
-898.11
432.838
2012.33
1751.23
1512.34
1379.1
1021.67
1791.61
1439.57
1156.54
843.836
330.98
-217.408
-182.252
-134.005
-79.8685
-26.2434
-696.473
-581.088
-434.935
-268.614
-90.7684
-762.405
-636.263
-475.693
-293.181
-98.9724
-1027.3
-858.311
-642.834
-396.953
-134.146
-489.131
-402.744
-295.913
-179.284
-59.9557
9045.76
8157.64
6838.89
6233.3
5633.91
3118.59
2495.71
2202.03
1799.63
797.265
3483.48
2750.65
2260.12
1746.59
788.382
2700.68
2089.04
1689.94
1241
464.512
379.381
265.963
254.383
196.836
98.1822
146.647
174.794
172.179
130.756
49.1249
2813.45
2232.5
1714.49
1170.75
439.503
-514.062
-262.559
-125.882
-53.4901
-17.178
-234.178
-161.142
-90.9616
-38.2379
-8.70027
-485.71
-307.322
-175.747
-87.0116
-26.5411
-208.119
-178.973
-131.331
-76.6128
-24.3011
4145.7
4002.53
3424.13
3292.5
3202.93
2625.13
2050.13
1677.72
1255.97
486.316
1398.72
1198.13
957.458
647.719
233.525
758.269
631.454
495.444
331.615
118.671
2795.2
2218.26
1675.64
1102.21
396.872
1440.77
1200.49
925.925
596.483
197.268
259.879
214.622
170.381
116.097
41.2485
447.564
379.466
297.474
194.944
67.7327
-834.9
-673.644
-487.267
-292.535
-97.353
-813.759
-667.576
-488.827
-295.276
-98.4815
832.873
694.303
534.737
347.366
122.233
728.239
606.234
466.555
302.569
105.946
6195.49
4945.8
4300.92
4057.63
3279.78
3581.43
2817.29
2235
1630.93
667.649
3627.89
3028.18
2510.75
2024.25
844.28
2108.82
1726.39
1370.75
980.948
430.418
2937.21
2379.81
1808.09
1175.36
411.758
2764.38
1985.47
1594.99
1153.45
227.575
114.036
100.395
89.1501
66.9988
24.4337
-797.646
-660.394
-487.596
-296.316
-99.1637
391.913
337.469
275.321
188.358
65.1115
-30145.2
-47054.8
-22836.7
-39980.9
-24213.8
-56009
-31829
-68113.9
-17093.2
-11508.7
-18927.7
-10230
-15914.2
-10482.3
-19048.7
-9098.64
-24891.3
-17555.3
-34394.5
-24864.2
-19617.9
-14411.8
-29601.5
-22225.6
-15019.5
-15318
-10544.3
-10237.7
-12843.9
-13518
-44844.2
-13782.6
-14380.4
-6848.42
-52658.7
-16734
-13045.2
-6302.88
-31433.8
-10355.8
-15975.2
-7457.18
-26451.4
-8061.09
-11992.4
-5107.39
-16387.1
-6169.17
-10449
-4677.9
-15152.2
-5415.49
-10886.9
-5275.72
-9274.6
-3553.54
-13070.9
-4653.9
-5115.16
-1897.08
-10786.9
-7836.06
-8797.61
-6594.27
-9322.73
-7978.92
-7799.43
-6836.19
-8810.59
-6489.59
-10215.9
-8085.57
-6593.05
-4863.1
-3902.45
-2780.79
-5957.62
-5010.69
-3419.79
-2746.18
-6655.3
-4605.55
-3969.37
-2437.39
-7875.25
-4176.02
-6767.07
-7253.22
-10257.1
-7207.44
-9621.94
-12352.9
-5593.83
-2355.53
-4360.37
-4363.05
-3241.12
-1160.81
-2050.01
-1702.04
-10563.9
-13488.9
-6060.13
-15272.9
-10478.4
-13158.4
-6628.67
-15799.5
-11604.5
-12707.4
-8249.79
-15475.3
-6500.81
-4031.51
-8346.3
-9698.72
-9954.57
-5892.49
-8225.78
-12334.5
-14169.7
-20090.1
-5350.41
-6146.15
-7494.03
-10173.6
-16040.7
-14270.1
-11742.4
-17765.7
-14739.8
-13849.1
-12040.6
-17780.7
-14855.3
-12660.8
-11217.5
-16804.8
-14753.7
-8567.36
-8013.62
-8654.67
-7817.51
-9964.31
-8889.88
-11507.4
-10209
-16112.9
-14797.4
-7050.35
-7716.73
-7937.04
-7801.33
-9157.58
-8973.07
-11161.5
-11135.4
-16015.2
-15792
-8361.11
-5695.74
-7016.36
-7106.56
-8679.84
-10794.2
-7332.78
-10249.7
-6918.31
-6932.73
-8588.57
-6063.14
-2750.14
-5089.68
-798.722
-1561
-4378.78
-7597.48
-1202.61
-2363.88
-2574.35
-4698.76
-759.187
-1489.13
-6903.98
-5744.44
-7237.68
-4441.56
-9591.31
-6668.97
-11286.5
-7313.88
-3208.46
-3629.84
-4094.08
-2270.49
-2380.28
-2536.68
-2736.59
-2018.61
-8558.38
-3304.34
-9176.28
-3194.26
-8760.82
-3286.98
-9624.53
-3546.83
-8401.66
-3099.27
-10398.7
-4107.59
-4538.14
-1093.94
-5463.15
-1961.92
-6372.23
-2482.91
-7735.12
-2929.3
-10360.8
-4018.58
-5478.72
-936.997
-4854.76
-1646.1
-5631.4
-2081.42
-7306.4
-2710.58
-9426.34
-3099.65
-6455.03
-6254.14
-4245.33
-4066.25
-10328.9
-8196.73
-8033.23
-6340.13
-5487.86
-5017.53
-2118.33
-1718.74
-5143.02
-4928.56
-1828.78
-1721.51
-2610.62
-5836.34
-3842.27
-7053.49
-4791.94
-2127.09
-3277.59
-812.245
-6909.07
-2422.67
4050.32
1169.53
-258.288
-82.611
974.88
1149.52
-2605.77
-1342.62
-1041.8
-392.47
-2613.82
-1494.57
-1150.96
-387.078
-2870.54
-1788.51
-1295.98
-250.151
-1147.26
242.518
216.957
907.006
-5211.35
-5116.1
-3862.82
-4368.54
-7599.42
-7326.87
-6198.17
-6187.03
-2573.25
-3240.8
-4124.88
-3917.64
-2636.82
-2963.07
-1277.09
-1322.21
-4408.68
-4278.25
-2460.46
-2191.68
-1341.05
-2057.63
-330.839
-767.122
-1613.97
-907.359
-2504.97
-1375.33
-2676.03
-1857.48
-3070.41
-2085.76
-684.433
-203.972
-1552.87
-552.626
201.479
491.611
-452.487
228.906
-2878.48
-2832.11
-2317.79
-3624.88
-2973.98
-2998.2
-2443.06
-3718.54
-3529.13
-3138.77
-2773.44
-3651.38
-2309.84
-2817.94
-2815.66
-2659.55
-2304.6
-4563.2
-3594.81
-3271.12
-3912.71
-3996.16
-4685.28
-3519.28
-2916.06
-2619.22
-1892.72
-3743.11
-4709.61
-6264.13
-10839.1
-3590.86
-3989.66
-5870.93
-10055.6
-3670.19
-4423.28
-5387.03
-8974.76
-7720.98
-6649.55
-6093.02
-5309.93
-4165.34
-4558.71
-4250.42
-5108.72
-4621.48
-8018.34
-5227.15
-6037.76
-3734.36
-4780.54
-2983.29
-4141.84
-3069.15
-4538.88
-2663.74
-6297.22
-2348.18
-2485.82
-1310.25
-378.547
-4846.35
-4247.94
-4069.2
-2399.88
-604.002
-94.1681
-1540.12
-2037.41
-2590.23
-692.059
-528.15
-39.2295
-4056.24
-2040.75
-1017.07
-552.871
-1782.49
-357.964
-247.326
132.391
-465.265
-1313.18
-1250.79
-3397.1
-1396.75
-2753.82
-1825.11
-4919.96
-1013.55
-803.905
-524.202
-2137.97
314.073
485.856
890.668
74.853
-3944.96
-1297.61
-7911.17
-1084.84
-3411.08
-1429.66
-7456.36
-1073.61
-3083.63
-924.334
-6143.5
-512.118
-3616.93
-803.077
-3074.98
-739.564
-3363.15
-1011.86
-3060.99
-504.258
-5513.46
-440.905
-4377.94
-584.673
-3781.59
-576.93
-3671.21
-720.324
-3618.34
-360.848
-5511.56
-548.237
-611.792
-193.004
-98.0675
95.0223
-191.811
-53.526
-35.9769
23.1183
-590.743
-162.171
-98.2858
88.5968
-82.589
17.3696
-20.5448
24.9956
-639.248
-141.19
-88.1046
138.646
154.106
210.605
232.361
297.006
607.313
430.869
435.265
401.483
886.363
608.2
478.294
326.47
-266.778
50.2274
145.524
335.283
-251.225
90.5918
86.6338
367.732
-727.86
-139.89
-65.4434
253.441
-563.654
-40.7021
-57.5449
365.893
159.914
242.784
269.451
355.573
76.2232
224.335
193.512
330.221
522.136
404.215
331.709
272.165
425.549
354.393
265.1
252.509
-994.114
-316.282
-190.223
175.001
-1346.62
-382.143
-330.236
304.259
-969.836
-290.468
-196.384
171.948
-1307.7
-362.818
-325.377
294.371
-966.159
-260.108
-228.887
156.869
-1182.68
-316.516
-317.146
253.638
-660.351
-107.149
-165.581
180.442
-1110.73
-249.1
-347.96
319.981
-481.203
-42.0115
-74.7428
312.532
-1320.73
-295.572
-269.335
266.601
-577.79
-108.689
-73.7609
70.2909
-1183.03
-253.513
-252.348
256.595
-534.513
-95.8716
-71.6616
66.6303
-960.654
-178.012
-233.607
225.864
-445.522
-68.1008
-66.0131
62.4463
-750.758
-119.479
-207.21
190.05
-376.328
-52.068
-66.9741
53.7243
-498.69
-44.9877
-132.121
185.195
-206.386
-2.03236
-39.0312
58.4836
-176.996
83.2128
79.1622
255.43
134.013
152.152
113.392
140.74
-417.453
-27.4767
-47.1966
205.728
-17.9279
71.3603
30.0684
92.18
107.005
212.838
176.575
272.006
240.707
224.127
175.927
171.187
374.097
318.845
225.474
220.014
336.279
274.563
193.81
162.564
30.1615
11.2278
5.13058
2.78476
1.90412
13.1481
5.2326
2.44917
1.32814
0.899397
45.1778
19.3092
9.61246
5.40862
3.75181
35.4228
16.8727
8.90973
5.12876
3.5835
87.0243
39.6215
20.4921
11.649
8.09056
134.242
69.4281
37.3989
21.5937
15.0966
141.127
74.3336
40.0872
23.0861
16.0809
140.673
76.4885
42.0271
24.4036
17.0233
113.08
53.8284
28.0936
16.0117
11.1827
93.2558
42.447
21.898
12.4033
8.64304
109.679
50.6289
26.3847
14.9877
10.4255
71.2633
33.9596
17.8522
10.1409
7.08594
129.596
63.6744
33.5392
19.1429
13.3206
116.975
57.5941
30.4381
17.3952
12.1306
131.055
70.5773
38.6396
22.3983
15.6154
126.805
68.3946
37.3857
21.6491
15.1003
32.5495
10.0183
4.32762
2.30883
1.56904
15.2761
3.9121
1.58833
0.819063
0.541384
38.8535
14.0644
6.61068
3.63764
2.48813
16.8921
4.88957
2.13861
1.14087
0.75841
50.6861
19.2642
9.36106
5.18179
3.52895
23.8419
9.52484
4.85921
2.77894
1.90113
89.5256
39.4508
20.4236
11.5026
7.91078
42.6582
18.9508
9.93827
5.6294
3.85851
79.3897
40.7644
21.9876
12.6231
8.807
-3022.64
-4586.76
-2890.91
-4493.64
-2674.35
-4189.63
-2538.9
-4000.54
-2552.03
-4358.83
-1457.64
-2054.52
-2033.6
-3065.34
-927.867
-1206.67
-300.431
-428.147
-8555.61
-2040.56
-465.156
-102.644
-25.645
-2259.72
-598.898
-159.803
-35.6569
-7.92649
-8391.97
-1978.95
-448.675
-98.4248
-24.5038
-2344.22
-679.872
-166.273
-38.3936
-9.5913
-7923.84
-1845.63
-415.343
-90.6325
-22.4793
-2268.04
-653.7
-158.698
-36.2971
-8.98937
-7249.9
-1663.33
-372.185
-81.1134
-20.1446
-2144.99
-605.786
-144.545
-32.6006
-7.97566
-6215.18
-1409.11
-315.701
-69.1899
-17.3266
-1940.36
-527.162
-123.479
-27.5806
-6.70097
-3422.63
-828.026
-192.234
-43.1619
-11.0149
-958.435
-246.402
-54.1378
-11.2751
-2.59503
-4805.91
-1130.94
-257.904
-57.1766
-14.466
-1351.35
-356.905
-82.1625
-18.171
-4.40006
-2134.48
-529.576
-124.731
-28.2874
-7.26318
-600.757
-158.083
-34.2082
-6.8042
-1.4992
-771.314
-194.055
-46.1369
-10.554
-2.7297
-272.144
-65.2508
-13.2719
-3.67486
-0.531514
579.301
-1701.57
-5763.36
1702.15
-6874.97
-3027.98
-6741.9
-3086.6
-11513
-6275.68
-13477.9
-7361.38
-108.973
-420.305
-650.763
-752.736
-659.655
-333.897
-173.794
-646.003
-982.197
-1093.97
-896.401
-320.203
-85.131
-82.016
-302.661
-282.506
-388.459
-374.548
-269.42
-281.846
-166.767
-209.065
-290.347
-230.05
495.48
1714.67
3344.08
2673.15
2424.79
1157
715.867
2121.97
3548.72
3944.73
3368.74
1538.16
-98.2091
-82.9496
-62.8012
-39.1052
-13.2728
-379.298
-320.918
-243.417
-151.803
-51.5669
-587.176
-496.694
-376.674
-234.882
-79.7872
-678.831
-573.881
-434.956
-271.105
-92.07
-594.575
-502.3
-380.385
-236.908
-80.4165
-301.8
-255.477
-193.454
-120.246
-40.7321
-156.526
-132.105
-99.9457
-62.2036
-21.1078
-582.615
-492.58
-373.371
-232.739
-79.0431
-885.523
-748.4
-567.118
-353.462
-120.042
-985.495
-832.171
-630.145
-392.576
-133.303
-806.748
-680.531
-514.875
-320.6
-108.842
-289.026
-244.422
-185.126
-115.224
-39.0861
-76.7761
-64.909
-49.19
-30.6519
-10.4068
-74.0161
-62.6234
-47.4954
-29.6151
-10.0587
-273.247
-231.316
-175.546
-109.517
-37.2072
-255.114
-216.023
-163.983
-102.324
-34.7678
-350.639
-296.769
-225.172
-140.454
-47.7133
-338.094
-286.152
-217.117
-135.432
-46.0087
-243.232
-205.912
-156.248
-97.4531
-33.0988
-254.261
-215.051
-163.054
-101.649
-34.5193
-150.571
-127.425
-96.5689
-60.1174
-20.3869
-188.231
-158.819
-120.108
-74.716
-25.3412
-261.355
-220.249
-166.095
-102.942
-34.818
-206.713
-173.919
-131.07
-81.2672
-27.5086
439.229
365.759
275.328
172.004
58.6895
1514.44
1257.36
945.957
592.068
202.407
2918.58
2404.08
1813.15
1148.34
396.903
2318.8
1929.23
1473.29
951.094
344.683
2115.22
1761.64
1345.73
864.202
301.277
1039.66
881.859
678.742
432.438
147.617
636.058
530.324
398.787
248.411
84.5528
1880.03
1564.35
1176.41
734.3
250.468
3125.48
2590.62
1949.52
1222.99
419.436
3459.02
2864.37
2161.55
1364.91
472.467
2949.38
2441.97
1847.38
1171.22
405.561
1359.42
1136.03
865.972
551.166
190.816
229.999
541.72
771.982
872.219
776.387
465.313
343.704
814.481
1143.98
1237.75
1008.86
397.807
175.646
154.004
389.422
352.753
464.193
437.411
322.202
324.114
212.867
201.639
414.235
264.705
-342.27
-1497.15
-2954.23
-2163.37
-1803.27
-467.118
-659.15
-2032.96
-3338.02
-3562.5
-2804.12
-854.676
207.944
176.346
134.083
83.7821
28.4907
489.476
414.755
315.087
196.754
66.8874
697.257
590.559
448.456
279.949
95.1542
787.51
666.732
506.113
315.859
107.346
700.99
593.462
450.449
281.081
95.5159
421.735
358.351
272.628
170.226
57.8316
310.653
263.348
200.163
125.042
42.5165
735.561
622.914
472.976
295.242
100.351
1032.52
873.833
663.117
413.774
140.615
1116.35
944.054
715.956
446.584
151.745
909.3
768.419
582.452
363.222
123.413
359.809
305.083
231.767
144.642
49.1452
158.83
134.722
102.452
64.0243
21.7725
139.265
118.127
89.8316
56.1366
19.0897
351.946
298.318
226.699
141.588
48.1348
318.83
270.266
205.394
128.287
43.614
419.394
355.374
269.973
168.572
57.2991
395.179
334.826
254.339
158.801
53.9768
291.215
246.883
187.628
117.179
39.8292
292.725
247.934
188.271
117.519
39.9373
192.724
163.678
124.547
77.8163
26.4474
182.07
154.17
117.029
73.0217
24.8082
374.681
317.757
241.402
150.625
51.1602
238.988
202.286
153.453
95.6831
32.4961
-299.758
-246.409
-183.7
-114.299
-38.9854
-1316.93
-1088.92
-817.181
-511.322
-174.899
-2562.86
-2098.81
-1578.47
-1000.77
-346.538
-1842.5
-1510.04
-1141.9
-737.239
-271.617
-1527.58
-1239.08
-926.828
-588.298
-203.907
-384.546
-295.924
-205.546
-117.909
-35.9956
-584.805
-486.924
-365.858
-227.885
-77.5796
-1800.17
-1497.31
-1126.08
-703.26
-239.997
-2934.35
-2427.88
-1825.42
-1145.43
-393.091
-3107.14
-2559.51
-1924.48
-1214.01
-420.765
-2425.19
-1983.52
-1486.86
-938.879
-325
-722.421
-576.24
-423.274
-264.201
-90.9281
-2012.68
-1447.27
633.579
1111.54
1178.77
1636.58
1050.39
-10257.1
-1706.46
-3156.67
-1385.4
595.881
-4037.69
908.154
2303.29
776.755
-5059.28
-2107.06
-640.992
-341.604
-2960.87
-826.135
127.539
76.8116
1730.59
1645.31
-513.7
-340.376
-8474.36
-3876.13
-3660.71
-1891.58
-2912.98
-2314.19
550.473
1649.19
225.934
-1091.17
-888.237
-762.728
-824.736
-793.26
-1008.82
-725.201
-564.98
-437.29
-182.409
578.552
494.268
376
233.628
79.0454
999.573
842.743
637.757
397.453
134.995
1061.12
895.258
677.322
421.724
143.21
1472.11
1241.21
938.884
584.703
198.569
947.225
800.587
606.217
377.478
128.257
-7293.1
-6839.48
-6003.94
-6010.68
-6202.34
-1179.66
-733.334
-777.094
-841.616
-396.213
-2375
-1769.54
-1487.52
-1257.69
-625.311
-933.637
-639.431
-595.833
-526.732
-174.514
529.798
439.079
325.061
198.083
67.3268
-3328.2
-2644.12
-2037.71
-1397.81
-525.381
811.532
678.145
506.902
311.948
104.939
1993.86
1624.64
1215.07
767.411
267.499
700.15
589.981
443.187
272.791
91.4459
-3217.29
-3196.94
-2819.93
-2997.18
-3339.12
-1556.59
-1074.32
-887.833
-737.589
-303.294
-511.449
-395.752
-311.459
-224.269
-84.3336
-260.837
-190.359
-146.153
-106.43
-40.5891
-2458.9
-1943.62
-1479.7
-991.994
-363.632
-688.476
-528.833
-388.49
-244.918
-72.7873
138.63
133.737
102.789
58.9322
19.2466
89.8924
91.7212
73.038
43.2097
14.7517
1543.12
1289.83
970.058
603.195
205.149
1477.9
1243.72
938.377
582.991
197.848
-428.333
-339.445
-255.989
-168.423
-60.3558
-274.22
-209.406
-155.875
-103.85
-37.4101
-5321.32
-4184.23
-3708.45
-3723.77
-3272.8
-2904.1
-2215.51
-1755.36
-1320.71
-561.916
-2697.11
-2206.45
-1839.32
-1584.08
-674.412
-1394.73
-1092.14
-865.652
-654.915
-322.982
-2450.61
-1955.4
-1476.38
-963.777
-337.96
-1813.04
-1115.14
-897.097
-698.97
-48.412
516.503
451.819
344.753
211.675
72.0204
1485.31
1253.27
947.137
588.638
199.709
230.968
217.213
167.101
99.4675
35.5942
-85.8389
-185.295
-232.31
-295.371
-434.211
-606.192
-21242.5
-17508.1
-16385.3
-19615.4
-14988.5
-11531.9
-13710.2
-10439.7
-18817.2
-15005.2
-15854.3
-13514.4
-13650.9
-10434.5
-12922.5
-17934
-15727
-13924.3
-15812.3
-13345.4
-10371.5
-11823.9
-8888.21
-17423.9
-14723.9
-15708.9
-13783.7
-13584.8
-11340.3
-13191.8
-14003.8
-12835.2
-11186.7
-12181.7
-11177.3
-9253.36
-9937.57
-8501.3
-14468.9
-13277.4
-13730.9
-12816.8
-12518.7
-10850.4
-12263.8
-9640.51
-9245.37
-7968.8
-8295.35
-8557.7
-8014.04
-7584.99
-7534.53
-10460.5
-11589.5
-10129.3
-11132.9
-9672.12
-8821.63
-10577.9
-6205.34
-6106.75
-5130.86
-5219.78
-6018.77
-6090.4
-5055.67
-5213
-7305.72
-8925.27
-7181.82
-8337.87
-7077.95
-6869.94
-7950.87
-2265.85
-2250.3
-1847.11
-1866.96
-2263.55
-2374.87
-1816.61
-1806.53
-2978.85
-3748.95
-2911.13
-3314.03
-2899.01
-2877.38
-3162.31
-7823.04
-7855.55
-11138.2
-12281
-7858.42
-7418.31
-10344.3
-8606.24
-7236.06
-4561.95
-7359.82
-4488.39
-7429.52
-7479.32
-4580.28
-7431.16
-7248.34
-10270.4
-11107.9
-6984.42
-6125.92
-9325.25
-7626.29
-5077.54
-1772.3
-5012.54
-2011.55
-4243.79
-4057.78
-2359.75
-6242.35
-6112.85
-8648.92
-9135.35
-6114.92
-5599.72
-8080.73
-7213.98
-2669.13
-1666.94
-2622.65
-2263.42
-2531.6
-2805.34
-2936.87
-4591.55
-4587.95
-6343.81
-6503.85
-4698.56
-4599.55
-6215.73
-6078.47
-2748.04
-1545.22
-2936.76
-2471.69
-3180.91
-3732.61
-3370.73
-2857.06
-2861.46
-4044.92
-4091.99
-2791.16
-2776.1
-4004.79
-3936.76
-1546.27
-1144.9
-1731
-1954.82
-2176.97
-2660.92
-2637.22
-967.595
-972.212
-1432.7
-1444.06
-964.949
-1004.37
-1413.27
-1366.52
-283.948
-480.893
-442.272
-891.483
-746.805
-969.028
-1108.7
7497.3
22555.9
5751.1
25185.9
3149.35
26631.5
5356.64
42070.8
8741.5
52803
8968.85
37526.3
9576.84
33379.3
9333.46
28038.4
4436.96
2445.27
13401.8
6381.93
4136.65
1914.45
14403.7
5816.65
5749.81
4269.03
16850.2
12392.1
3893.96
3095.45
17281.4
13165.7
8792.11
3205.81
6715.85
2470.2
3081
8203.18
41247.5
12587.3
12418.2
5705.35
49941.3
15626.8
11529.6
5374.64
27413.3
9129.15
13992
6360.89
22403.3
7111.66
5419.92
2917.17
9116.73
3702.86
4915.52
3073.79
9770.68
3711.14
6528.05
4138.29
6165.5
2612.84
10811.2
3923.5
4245.24
1575.53
13349.7
10157.5
8034.83
7271.26
14644.5
12875.1
7917.05
8459.76
7545.06
6569.09
10011.4
8663.92
5931.77
5141.83
3402.74
2940.76
5831.15
5825.86
3288.12
3300.14
5737.15
4565.32
3315.21
2370.5
6533.33
3689.9
6633.01
7243.73
8822.5
6699.02
9593.76
12484.5
4714.1
2032.35
4224.75
4321.72
2642.03
932.395
1925.53
1656.2
6429.35
12868.8
4615.98
14521
6955.84
12958.5
5517.16
15372
9058.33
12791.5
7600.7
15569.4
9694.06
11289
7773.16
7867.19
9423.96
7452.46
8497.3
11881.2
13990.5
20366.3
10116.2
8445.96
8234.91
10425.1
16355.4
16051.7
15570.5
18756.2
18922.4
15584
15639.6
18725.5
18729.3
14291.2
14869.5
17886
18144.4
9376.61
9982.46
9460.89
10041.9
11563.3
11715.4
13649.4
13420.6
17343.8
17666
8530.64
9438.42
9835.03
10696.4
11141.9
12262.3
12965
14447
17125
18854.2
10008.6
6843.67
8079.73
8076.13
11048.5
12439.6
8972.63
11742.6
7519.36
7575.42
9596.11
6915.03
3465.91
5818.14
1400.43
2158.16
5550.49
8677.7
2148.37
3229.31
2975.04
5171.74
1109.92
1884.88
7226.35
6149.14
7436.82
4696.61
10206.9
7326.44
11676.2
7875.79
3427.67
3915.41
4242.12
2443.93
2590.4
2791.68
2874.57
2179.14
13586
8976.19
2962.37
14699.9
9288.18
3218.14
13342.1
8771.08
3006.65
14648
9262.24
3152.07
12691.4
8222.99
2763.98
14333.1
9097.03
3136.32
7237.39
4201.1
1131.64
8803.89
6027.34
1967.5
10264
7222.62
2443.05
11455.7
7507.66
2474.61
13812.3
8756.51
3098.49
7896.13
4392.35
1459.38
7990.75
5221.2
1835.53
9124.84
6057.91
2096.58
10856.3
7007.15
2412.32
13124.8
7734.59
2695.76
-509.562
987.971
426.33
2649.87
1840.71
1845.71
4733.22
4128.07
596.515
959.633
630.577
1002.55
342.499
934.144
627.326
1368.15
1862.72
1127.89
3798.83
2704.46
1724.16
2820.58
2938.58
746.939
6041.35
1857.24
-4329.48
-763.128
577.807
590.588
-95.0187
27.6076
10180.4
4336.36
2690.44
1548.99
10034.2
4391.98
2936.21
1835.87
9662.71
4773.21
3913.77
2693.3
3006.18
1901.24
1607.25
1430.92
13227.2
11539.4
5763.32
7372.14
15090.1
14080.5
7330.94
8782.99
5138.47
6202.6
11046.9
9061.05
3633.74
4783.07
2043.5
2741.11
4872.05
5695.46
2763.65
3218.86
2875.07
4067.02
1561.08
2442.83
4504.08
3097.28
5087.55
3291.67
7807.61
4473.02
6857.75
4320.06
2635.61
2103.93
3515.08
2250.21
1429.18
1300.49
2206.58
1384.73
11778.4
7595.58
5595.7
5648.59
11666.9
7566.4
5505.93
5514.41
11778.6
7294.5
5577.77
5123.03
13322.3
13109.2
12215.5
9220.33
5103.25
7964.08
9379.48
9689.22
8889.39
5959.21
11352.1
9962.98
8086.38
6378.84
3978.54
6246.28
5984.44
6120.85
7187.37
6242.49
5833.81
5983.01
7058.43
6016.71
5596.86
5710.83
6790.62
8938.26
8463.49
8100.89
6933.82
5873.71
5816.32
5486.24
5620.19
4995.4
6435.06
6596.84
7474.63
5377.42
6089.52
4625.59
5246.68
4359.91
5159.14
3762.66
5914.13
4784.77
3841.07
3279.87
1811.52
7484.25
5681.92
6040.75
3860.8
2406.74
1397.1
3563.94
3199.77
4211.85
1865.83
1931.24
1067.43
5587.21
3227.26
2264.46
1562.92
3336.99
1424.26
1678
837.912
1918.25
2263.56
2285.21
3827.77
2908.16
3503.16
2726.01
4945.48
2358.04
1668.45
1692.37
2765.44
1031.87
388.772
311.217
655.943
4667.64
2145.83
621.734
4931.53
1326.18
352.718
4595.7
2266.95
710.892
4921.35
1373.52
384.306
4273.79
2134.06
558.92
4717.34
1286.06
296.25
5765.52
3196.3
861.217
4656.06
2539.22
719.155
4356.09
2227.87
646.164
4098.48
1975.58
473.663
4512.72
1153.61
205.051
6355.11
3380.68
1063.75
5296.47
2903.96
961.151
4601.54
2439.01
804.616
4229.25
1784.95
496.578
4750.68
1214.88
392.13
1625.38
611.273
300.388
36.8391
655.944
258.996
136.444
33.1916
1680.22
655.567
357.761
89.1083
796.921
347.974
225.639
104.017
1915.24
778.315
462.336
157.351
1354.34
674.434
367.89
164.227
986.29
590.485
255.212
76.2962
1013.9
661.316
354.886
184.879
1579.92
732.86
376.495
54.4292
1492.38
672.932
401.712
-2.65845
1993.81
826.546
500.024
129.817
1774.62
726.279
467.12
-16.5895
1189.74
628.618
312.41
49.6702
1153.99
584.532
351.635
65.1337
874.913
535.874
317.318
173.583
798.59
478.837
314.369
169.685
2072.74
750.108
381.156
-16.4131
2138.4
730.101
438.82
-135.555
2059.19
758.675
412.625
8.81767
2044.71
702.081
436.55
-124.35
2066.24
777.035
475.643
50.649
1832.87
635.106
431.83
-79.954
1917.72
745.509
514.205
152.121
2021.19
716.665
549.359
-66.2554
1481.67
576.705
404.441
62.3161
1745.87
535.546
334.271
-134.446
681.996
190.5
103.254
-27.1487
1718.81
540.208
339.606
-117.02
692.767
199.38
112.142
-16.5508
1624.21
527.378
349.718
-85.9816
671.827
201.769
123.096
-2.07187
1373.26
452.219
334.148
-50.5043
594.364
178.836
130.927
16.439
1206.26
421.397
318.462
-2.38403
540.134
180.932
142.705
41.3484
934.693
398.377
241.533
25.0664
494.358
244.085
144.39
71.7799
999.035
367.6
260.129
11.0051
492.672
200.133
140.986
59.4037
824.698
418.972
245.332
60.7687
493.672
282.285
159.744
93.3003
638.279
396.09
251.966
142.376
452.002
298.664
186.866
131.007
15.9765
8.43706
4.68635
2.72688
1.89228
8.1207
4.22001
2.33524
1.36283
0.951101
31.2049
17.2762
9.60164
5.58739
3.87746
29.3573
16.4647
9.05028
5.23528
3.62319
66.4781
38.2872
21.326
12.4584
8.6769
124.184
69.6627
38.6039
22.4618
15.5981
125.859
72.9117
41.0538
24.0801
16.8118
133.498
75.8855
42.4335
24.8391
17.3557
85.1446
50.5377
28.6765
16.8703
11.7287
66.5535
39.703
22.6099
13.3618
9.31334
89.1715
50.837
28.3215
16.6064
11.5668
67.3838
35.8493
19.7217
11.5535
8.01746
93.4468
58.602
33.7478
19.9677
13.9606
88.816
54.0021
30.8754
18.2489
12.7506
119.107
69.2678
38.9265
22.8222
15.9423
114.045
66.7217
37.5761
22.043
15.3767
10.6877
7.01876
4.01228
2.36139
1.6625
2.6711
2.69787
1.60249
0.962907
0.697118
19.5791
11.8657
6.7149
3.94825
2.78361
4.51576
3.83964
2.2627
1.35882
0.985648
27.7611
17.6376
10.021
5.92838
4.19615
15.2026
9.14555
5.00162
2.88323
2.03923
75.2517
42.3093
23.2855
13.6723
9.60162
37.7264
21.0738
11.4681
6.69918
4.71936
91.8306
46.1303
24.7246
14.3186
9.93758
2717.87
4755.61
2593.61
4624.37
2431.37
4311.61
2383.84
4154.43
2580.71
4705.83
1533.89
2180.73
2096.57
3261.81
1027.84
1314.63
412.78
533.008
8112.62
1957.49
450.242
100.07
25.1603
2177.7
579.045
155.133
34.8563
7.81466
8002.26
1904.53
434.74
95.8889
23.9898
2234.41
650.849
160.299
37.2517
9.35957
7692.45
1799.98
406.517
88.9884
22.1414
2169.2
629.03
153.68
35.3439
8.7955
7174.18
1646.16
368.476
80.3722
19.9857
2083.92
590.27
141.315
31.979
7.84739
6244.87
1411.45
315.673
69.13
17.3083
1930.66
522.118
122.205
27.3136
6.64276
3467.46
837.161
193.995
43.4923
11.0851
988.49
251.754
55.0317
11.4246
2.62339
4861.36
1140.59
259.525
57.4501
14.5198
1372.1
358.832
82.2689
18.163
4.39435
2168.48
537.033
126.292
28.6002
7.33336
635.492
165.841
35.7892
7.112
1.56604
799.097
200.38
47.5367
10.8482
2.79863
309.14
74.2512
15.2714
4.09061
0.626187
-1401.82
570.288
4298.02
-3716.86
956.936
1019.71
2670.52
3258.51
2212.99
3568.59
2959.68
4470.95
2837.93
3704.73
1354.99
1973.33
1469.12
1711.31
983.451
1018.25
2897.53
2250.12
-240.08
-781.01
-854.316
-1150.4
-553.537
12306.4
3450.79
4297.44
3503.93
459.006
100.572
3403.64
-835.263
-298.302
-680.998
-219.677
6062.99
3197.9
1552.39
868.112
3347.93
1619.75
302.293
500.687
-963.32
-923.846
947.457
829.105
9414.06
4595.97
4602.16
2649.49
3437.46
3323.25
128.115
-898.116
432.824
2012.35
1751.26
1512.37
1379.13
1021.69
1791.62
1439.59
1156.56
843.856
330.989
-217.411
-182.255
-134.008
-79.8705
-26.2441
-696.473
-581.089
-434.936
-268.616
-90.7689
-762.407
-636.266
-475.695
-293.183
-98.9732
-1027.3
-858.313
-642.836
-396.955
-134.146
-489.136
-402.75
-295.918
-179.288
-59.9573
9045.68
8157.56
6838.82
6233.24
5633.89
3118.52
2495.63
2201.92
1799.51
797.187
3483.44
2750.6
2260.07
1746.53
788.355
2700.64
2089.01
1689.92
1240.99
464.515
379.363
265.943
254.364
196.82
98.1797
146.626
174.77
172.155
130.736
49.117
2813.43
2232.48
1714.48
1170.74
439.5
-514.09
-262.596
-125.922
-53.5269
-17.1954
-234.195
-161.16
-90.9797
-38.2517
-8.70557
-485.733
-307.35
-175.776
-87.0363
-26.5515
-208.123
-178.976
-131.334
-76.6146
-24.3016
4145.67
4002.49
3424.1
3292.47
3202.92
2625.09
2050.09
1677.68
1255.93
486.299
1398.68
1198.1
957.423
647.691
233.514
758.254
631.439
495.43
331.604
118.667
2795.18
2218.25
1675.63
1102.2
396.872
1440.75
1200.47
925.907
596.469
197.262
259.874
214.616
170.377
116.094
41.2472
447.553
379.455
297.464
194.937
67.7299
-834.91
-673.656
-487.279
-292.544
-97.3565
-813.768
-667.586
-488.837
-295.283
-98.4842
832.859
694.29
534.725
347.357
122.229
728.227
606.222
466.544
302.561
105.943
6195.49
4945.81
4300.93
4057.65
3279.79
3581.44
2817.29
2235.01
1630.94
667.655
3627.87
3028.17
2510.74
2024.24
844.278
2108.81
1726.38
1370.75
980.946
430.418
2937.2
2379.8
1808.08
1175.36
411.756
2764.36
1985.44
1594.96
1153.43
227.566
114.026
100.384
89.1401
66.9914
24.4309
-797.653
-660.401
-487.603
-296.321
-99.1658
391.898
337.453
275.305
188.346
65.107
-30210.8
-46820.4
-22813
-40008.8
-24190.2
-56030
-31948.3
-67938
-17085.8
-11506.4
-18936.8
-10231.4
-15907.7
-10480.5
-19053.8
-9098.92
-24918.1
-17558.4
-34210.3
-24697.7
-19602.3
-14406.8
-29623.9
-22246.5
-15027.3
-15313.3
-10546.1
-10235.7
-12842.5
-13527.1
-44858.7
-13785.9
-14383.3
-6850
-52666.9
-16736
-13046.5
-6303.79
-31446.3
-10358.8
-15978.9
-7458.9
-26465.1
-8063.71
-11966.2
-5071.93
-16226.2
-6092.38
-10449.8
-4675.06
-15169.9
-5418.24
-10887.8
-5275.23
-9280.24
-3554.95
-13078.1
-4656.04
-5117.16
-1897.74
-10785.7
-7835.45
-8797.83
-6594.18
-9321.9
-7978.43
-7799.31
-6836
-8811.21
-6489.68
-10215.2
-8085.24
-6594.06
-4863.35
-3903.07
-2781.02
-5958.07
-5010.77
-3420.14
-2746.3
-6656.56
-4605.87
-3970.03
-2437.62
-7876.4
-4176.44
-6767.29
-7253.39
-10257.2
-7207.48
-9621.95
-12353
-5595.24
-2356.04
-4360.7
-4363.23
-3241.74
-1161.03
-2050.19
-1702.13
-10587.7
-13535.9
-6047.65
-15330.7
-10480.6
-13150.9
-6629.24
-15795.3
-11603.5
-12704.2
-8249.29
-15473.9
-6499.65
-4030.87
-8345.35
-9698.72
-9954.43
-5891.93
-8224.34
-12332.7
-14168.3
-20089.6
-5349.95
-6145.46
-7493.53
-10173.5
-16040.9
-14308.2
-11764.6
-17832.2
-14726.4
-13845.3
-12039.1
-17781
-14865.9
-12658.4
-11215.7
-16805.2
-14757.2
-8566.97
-8013.38
-8653.49
-7816.73
-9962.88
-8888.84
-11505.9
-10208.1
-16113.1
-14798.7
-7050.11
-7716.54
-7936.44
-7800.88
-9156.91
-8972.6
-11161.1
-11135.2
-16015.5
-15792.6
-8360.66
-5695.52
-7016.16
-7106.45
-8679.55
-10794
-7332.6
-10249.6
-6918.22
-6932.69
-8588.21
-6062.98
-2750.15
-5089.65
-798.774
-1561.01
-4378.74
-7597.39
-1202.62
-2363.85
-2574.41
-4698.78
-759.256
-1489.16
-6904.03
-5744.48
-7237.81
-4441.64
-9591.18
-6668.97
-11286.6
-7314.04
-3208.56
-3629.9
-4094.19
-2270.55
-2380.36
-2536.73
-2736.67
-2018.65
-8554
-3297.08
-9150.66
-3178.63
-8757.93
-3285.73
-9629.74
-3549.12
-8399.84
-3098.57
-10400.7
-4108.35
-4537.98
-1093.88
-5462.7
-1961.75
-6371.59
-2482.68
-7734.55
-2929.04
-10361.7
-4018.89
-5478.57
-936.909
-4854.43
-1645.91
-5631.12
-2081.28
-7306.34
-2710.54
-9426.81
-3099.87
-6457.08
-6254.68
-4238.83
-4064.83
-10327.5
-8196.17
-8028.97
-6339.16
-5485.2
-5011.23
-2111.46
-1714.89
-5150.89
-4931.55
-1830.48
-1721.44
-2608.14
-5838.69
-3841.29
-7054.58
-4792.78
-2124.18
-3276.21
-811.28
-6908.71
-2422.55
4053.82
1171.86
-256.856
-81.3142
978.142
1151.81
-2605.09
-1347.2
-1043.86
-396.307
-2614.18
-1496.77
-1150.1
-388.407
-2870.51
-1788.91
-1294.21
-250.573
-1145.33
242.604
218.666
907.631
-5211.81
-5116.28
-3862.4
-4368.39
-7599.32
-7326.79
-6197.81
-6186.83
-2572.81
-3240.62
-4125.21
-3917.7
-2636.15
-2962.81
-1276.63
-1321.98
-4408.47
-4278.12
-2460.38
-2191.61
-1340.29
-2057.33
-330.174
-766.808
-1613.4
-907.125
-2504.71
-1375.01
-2675.94
-1857.08
-3070.2
-2085.26
-683.635
-203.639
-1552.54
-552.332
202.238
492.065
-452.143
229.204
-2876.78
-2831.09
-2318.84
-3618.69
-2975.03
-2996.94
-2442.94
-3709.74
-3529.81
-3138.63
-2772.32
-3647.71
-2310.49
-2817.97
-2816.29
-2659.34
-2303.55
-4563.53
-3595.83
-3272.03
-3912.48
-3994.11
-4685.31
-3519.59
-2916.23
-2618.99
-1892.02
-3733.19
-4682.6
-6245.95
-10817.5
-3585.97
-3983.35
-5857.24
-10044.2
-3669.38
-4422.81
-5382.1
-8971.62
-7721.5
-6649.86
-6094.02
-5310.54
-4166.04
-4559.23
-4250.37
-5108.66
-4619.6
-8017.43
-5227.34
-6037.87
-3734.76
-4780.8
-2983.62
-4142.08
-3069.23
-4539.01
-2663.08
-6297.07
-2348.44
-2485.97
-1310.3
-378.584
-4846.43
-4247.97
-4069.17
-2399.86
-603.999
-94.192
-1540.31
-2037.55
-2590.14
-692.035
-528.039
-39.1795
-4056.17
-2040.71
-1017.01
-552.833
-1782.37
-357.93
-247.18
132.455
-465.179
-1313.17
-1250.63
-3397.07
-1396.78
-2753.91
-1824.9
-4919.97
-1013.4
-803.852
-524.022
-2137.9
314.235
485.932
890.846
74.9349
-3922.22
-1287.8
-7902.3
-1081.5
-3406.2
-1429.9
-7449.04
-1072.68
-3083.5
-924.412
-6141.58
-511.734
-3617.06
-803.106
-3075.24
-739.636
-3363.38
-1011.92
-3060.94
-504.217
-5513.04
-440.82
-4378.01
-584.704
-3781.76
-577.017
-3671.34
-720.357
-3618.36
-360.744
-5511.47
-548.078
-613.711
-194.812
-98.0477
95.3014
-192.347
-54.3144
-35.8356
23.3077
-591.203
-162.271
-98.3729
88.6854
-82.8488
17.3592
-20.6318
24.9859
-639.118
-141.083
-88.0821
138.694
154.272
210.757
232.361
297.004
607.58
431.042
435.296
401.475
886.735
608.41
478.379
326.496
-266.531
50.3883
145.593
335.323
-250.935
90.7629
86.7097
367.767
-727.499
-139.706
-65.3849
253.462
-563.247
-40.503
-57.4787
365.907
160.166
242.941
269.526
355.614
76.4662
224.488
193.59
330.261
522.408
404.373
331.791
272.202
425.766
354.53
265.178
252.552
-996.892
-318.153
-190.384
175.597
-1349.58
-383.613
-330.883
304.948
-969.441
-290.422
-196.426
171.997
-1304.79
-362.13
-325.086
294.151
-965.472
-259.903
-228.859
156.836
-1181.22
-316.124
-317.047
253.532
-659.699
-106.909
-165.549
180.41
-1109.77
-248.792
-347.911
319.92
-480.748
-41.8193
-74.6995
312.518
-1324.5
-297.214
-270.847
267.545
-581.009
-109.673
-74.3327
70.663
-1179.22
-252.69
-252.018
256.35
-533.487
-95.7599
-71.7114
66.5744
-958.79
-177.592
-233.55
225.72
-444.74
-67.9595
-66.0268
62.3709
-749.855
-119.223
-207.179
189.994
-375.897
-51.9605
-66.9694
53.6828
-498.204
-44.8128
-132.092
185.173
-206.134
-1.94576
-39.0177
58.4633
-176.801
83.3273
79.2134
255.45
134.184
152.248
113.433
140.754
-417.22
-27.3655
-47.1607
205.729
-17.734
71.4479
30.0945
92.1763
107.193
212.96
176.637
272.039
240.858
224.226
175.977
171.214
374.265
318.96
225.538
220.053
336.406
274.654
193.862
162.597
29.7383
11.0094
5.03014
2.74151
1.88438
12.9521
5.14705
2.42286
1.32889
0.910553
45.314
19.3878
9.66177
5.44177
3.7793
35.4759
16.9045
8.92858
5.13959
3.59573
87.1032
39.6811
20.5352
11.6804
8.11708
134.263
69.4678
37.4343
21.6208
15.119
141.119
74.3436
40.0991
23.0955
16.0854
140.684
76.4994
42.0365
24.4108
17.0281
113.128
53.8719
28.1285
16.0388
11.206
93.2873
42.4738
21.9193
12.4197
8.65689
109.729
50.6769
26.4228
15.0165
10.4485
71.292
33.9887
17.8761
10.1592
7.1005
129.629
63.7024
33.5616
19.1603
13.3352
117.002
57.6172
30.4564
17.4094
12.1424
131.074
70.5919
38.6508
22.4067
15.6218
126.828
68.4106
37.3976
21.6579
15.1073
32.2063
9.80278
4.20154
2.23132
1.50329
15.1724
3.83391
1.53878
0.787063
0.507645
38.8674
14.0516
6.59305
3.61977
2.45938
16.8415
4.83774
2.09518
1.10448
0.717579
50.668
19.2425
9.34044
5.1626
3.50452
23.8129
9.49917
4.83766
2.76022
1.87926
89.5357
39.4639
20.4332
11.5079
7.90845
42.6449
18.942
9.93063
5.62149
3.84569
79.4213
40.801
22.0179
12.6457
8.82287
-3006.43
-4586.51
-2890.64
-4495.01
-2673.91
-4189.88
-2538.56
-4000.49
-2551.89
-4358.79
-1457.65
-2054.53
-2033.57
-3065.34
-927.894
-1206.7
-300.462
-428.173
-8578.67
-2043.87
-465.805
-102.787
-25.6812
-2276.26
-603.467
-160.764
-35.8744
-7.9842
-8379.17
-1974.56
-447.469
-98.1228
-24.4199
-2342.54
-679.014
-165.991
-38.3126
-9.56724
-7918.61
-1843.47
-414.681
-90.4542
-22.427
-2266.05
-652.783
-158.404
-36.2152
-8.96533
-7247.95
-1662.39
-371.861
-81.0192
-20.1152
-2143.85
-605.218
-144.352
-32.5451
-7.95896
-6214.57
-1408.75
-315.563
-69.1466
-17.3123
-1939.86
-526.885
-123.378
-27.5499
-6.69133
-3422.6
-827.982
-192.212
-43.1534
-11.0117
-958.369
-246.351
-54.1152
-11.2673
-2.59231
-4805.76
-1130.82
-257.85
-57.1582
-14.4594
-1351.18
-356.796
-82.1188
-18.1569
-4.39539
-2134.48
-529.562
-124.722
-28.2836
-7.26168
-600.738
-158.062
-34.1975
-6.80023
-1.49772
-771.324
-194.053
-46.1348
-10.553
-2.72927
-272.148
-65.2473
-13.2694
-3.67381
-0.531087
581.563
-1701.07
-5761.66
1707.63
-6883.52
-3020.9
-6753.15
-3088.66
-11514.3
-6271.83
-13520.5
-7355.04
-108.969
-420.3
-650.758
-752.731
-659.652
-333.896
-173.789
-645.997
-982.19
-1093.96
-896.397
-320.202
-85.1278
-82.0134
-302.658
-282.503
-388.455
-374.545
-269.418
-281.844
-166.766
-209.064
-290.346
-230.05
495.478
1714.67
3344.07
2673.15
2424.79
1157.01
715.865
2121.97
3548.71
3944.72
3368.74
1538.18
-98.2054
-82.9465
-62.7988
-39.1038
-13.2723
-379.294
-320.915
-243.415
-151.802
-51.5664
-587.172
-496.691
-376.671
-234.88
-79.7866
-678.826
-573.878
-434.954
-271.104
-92.0695
-594.572
-502.298
-380.383
-236.907
-80.4161
-301.798
-255.476
-193.453
-120.246
-40.7319
-156.521
-132.101
-99.9424
-62.2016
-21.1071
-582.609
-492.575
-373.367
-232.736
-79.0423
-885.517
-748.394
-567.115
-353.46
-120.041
-985.489
-832.167
-630.141
-392.574
-133.302
-806.744
-680.528
-514.872
-320.599
-108.841
-289.025
-244.421
-185.125
-115.223
-39.0859
-76.7733
-64.9066
-49.1882
-30.6508
-10.4064
-74.0137
-62.6214
-47.4939
-29.6142
-10.0583
-273.243
-231.313
-175.544
-109.515
-37.2067
-255.111
-216.021
-163.982
-102.323
-34.7674
-350.636
-296.767
-225.17
-140.453
-47.7129
-338.092
-286.15
-217.115
-135.431
-46.0084
-243.23
-205.91
-156.247
-97.4524
-33.0986
-254.259
-215.05
-163.053
-101.649
-34.5191
-150.57
-127.425
-96.5684
-60.1172
-20.3868
-188.23
-158.818
-120.108
-74.7158
-25.3411
-261.355
-220.249
-166.095
-102.942
-34.8181
-206.713
-173.919
-131.07
-81.2673
-27.5086
439.228
365.758
275.327
172.004
58.6894
1514.43
1257.36
945.956
592.068
202.407
2918.57
2404.08
1813.15
1148.34
396.903
2318.8
1929.23
1473.29
951.096
344.684
2115.22
1761.65
1345.74
864.209
301.28
1039.68
881.875
678.756
432.449
147.622
636.057
530.324
398.786
248.411
84.5528
1880.03
1564.35
1176.41
734.301
250.469
3125.48
2590.62
1949.53
1223
419.437
3459.02
2864.37
2161.55
1364.91
472.468
2949.38
2441.98
1847.39
1171.23
405.564
1359.43
1136.05
865.985
551.175
190.82
230.002
541.722
771.983
872.22
776.389
465.315
343.708
814.484
1143.98
1237.75
1008.87
397.809
175.648
154.006
389.423
352.754
464.194
437.411
322.202
324.114
212.869
201.64
414.238
264.707
-342.265
-1497.14
-2954.21
-2163.34
-1803.24
-467.098
-659.147
-2032.96
-3338.01
-3562.48
-2804.1
-854.655
207.947
176.349
134.085
83.7832
28.4911
489.477
414.757
315.088
196.755
66.8876
697.259
590.56
448.457
279.95
95.1544
787.511
666.733
506.114
315.86
107.346
700.991
593.464
450.45
281.082
95.5162
421.737
358.353
272.63
170.228
57.832
310.657
263.351
200.165
125.043
42.517
735.563
622.916
472.978
295.243
100.352
1032.52
873.834
663.119
413.775
140.615
1116.35
944.055
715.957
446.585
151.745
909.301
768.42
582.452
363.223
123.414
359.81
305.085
231.768
144.642
49.1454
158.832
134.723
102.453
64.0252
21.7728
139.266
118.128
89.8327
56.1372
19.0899
351.947
298.319
226.7
141.589
48.135
318.831
270.267
205.395
128.288
43.6141
419.394
355.375
269.973
168.573
57.2992
395.18
334.827
254.339
158.801
53.9769
291.216
246.884
187.628
117.179
39.8293
292.725
247.935
188.272
117.519
39.9374
192.725
163.679
124.547
77.8169
26.4476
182.071
154.171
117.029
73.0221
24.8083
374.684
317.76
241.405
150.627
51.1607
238.99
202.288
153.455
95.6839
32.4964
-299.753
-246.405
-183.698
-114.297
-38.9849
-1316.93
-1088.91
-817.178
-511.321
-174.899
-2562.85
-2098.8
-1578.46
-1000.77
-346.538
-1842.48
-1510.03
-1141.89
-737.231
-271.614
-1527.55
-1239.06
-926.811
-588.286
-203.903
-384.526
-295.903
-205.528
-117.895
-35.9901
-584.803
-486.922
-365.857
-227.884
-77.5796
-1800.16
-1497.31
-1126.08
-703.26
-239.997
-2934.34
-2427.87
-1825.41
-1145.43
-393.091
-3107.12
-2559.5
-1924.47
-1214.01
-420.764
-2425.17
-1983.5
-1486.84
-938.872
-324.998
-722.402
-576.223
-423.26
-264.192
-90.9247
-2012.64
-1447.24
633.59
1111.55
1178.78
1636.59
1050.4
-10256.9
-1706.38
-3156.61
-1385.37
595.899
-4037.68
908.167
2303.31
776.763
-5059.19
-2107
-640.958
-341.585
-2960.85
-826.104
127.554
76.8307
1730.61
1645.33
-513.687
-340.36
-8474.28
-3876.09
-3660.66
-1891.55
-2912.95
-2314.14
550.496
1649.2
225.958
-1091.14
-888.198
-762.69
-824.703
-793.246
-1008.79
-725.174
-564.956
-437.271
-182.401
578.562
494.277
376.008
233.633
79.0472
999.58
842.75
637.763
397.457
134.996
1061.12
895.265
677.328
421.729
143.211
1472.12
1241.22
938.892
584.708
198.571
947.238
800.599
606.227
377.485
128.26
-7293.07
-6839.51
-6004.02
-6010.79
-6202.52
-1179.64
-733.34
-777.082
-841.567
-396.133
-2374.98
-1769.54
-1487.52
-1257.68
-625.301
-933.636
-639.44
-595.845
-526.744
-174.521
529.814
439.094
325.076
198.096
67.3329
-3328.21
-2644.14
-2037.74
-1397.84
-525.398
811.545
678.158
506.915
311.958
104.942
1993.88
1624.67
1215.1
767.436
267.51
700.158
589.989
443.194
272.795
91.4473
-3217.25
-3196.92
-2819.92
-2997.19
-3339.18
-1556.56
-1074.3
-887.81
-737.566
-303.281
-511.422
-395.731
-311.44
-224.253
-84.3258
-260.821
-190.347
-146.143
-106.423
-40.5864
-2458.89
-1943.62
-1479.7
-992.005
-363.639
-688.448
-528.809
-388.469
-244.902
-72.7806
138.644
133.749
102.798
58.9389
19.249
89.9097
91.7363
73.0505
43.2184
14.755
1543.13
1289.85
970.073
603.206
205.153
1477.92
1243.73
938.391
583.002
197.852
-428.323
-339.438
-255.984
-168.419
-60.3546
-274.207
-209.395
-155.867
-103.845
-37.4082
-5321.28
-4184.21
-3708.45
-3723.8
-3272.84
-2904.07
-2215.49
-1755.35
-1320.71
-561.916
-2697.07
-2206.42
-1839.3
-1584.06
-674.402
-1394.7
-1092.12
-865.633
-654.903
-322.979
-2450.59
-1955.39
-1476.38
-963.773
-337.958
-1813.01
-1115.12
-897.075
-698.954
-48.4034
516.524
451.837
344.768
211.686
72.0244
1485.33
1253.28
947.15
588.647
199.712
230.989
217.233
167.118
99.4801
35.5992
-85.8509
-185.311
-232.319
-295.374
-434.21
-606.189
-21347.2
-17497.9
-16383.7
-19725.2
-14983.1
-11529.2
-13708.2
-10438.4
-18900.8
-15071.1
-15846.2
-13512.8
-13646.4
-10431.8
-12919.9
-18015.1
-15719.7
-13923.4
-15890.3
-13341.3
-10369.2
-11822.8
-8887.41
-17469.9
-14769.5
-15699.5
-13776.9
-13580.1
-11337.5
-13187.6
-14051.5
-12831.3
-11187
-12227.3
-11174.7
-9251.71
-9937.15
-8500.82
-14486.9
-13291.1
-13723.3
-12809.3
-12514.8
-10848.1
-12259.8
-9658.88
-9244
-7969.52
-8312.31
-8556.3
-8012.96
-7584.97
-7534.3
-10473.6
-11587.9
-10124.8
-11123
-9669.12
-8819.88
-10573.8
-6211.12
-6106.11
-5131.24
-5225.09
-6017.91
-6089.69
-5055.63
-5212.84
-7314.26
-8913.4
-7178.68
-8326.06
-7075.57
-6868.6
-7946.41
-2267.18
-2250.2
-1847.2
-1868.12
-2263.29
-2374.64
-1816.58
-1806.47
-2989.91
-3753.19
-2910.57
-3309.67
-2898.25
-2876.92
-3160.62
-7847.15
-7869.12
-11147.2
-12335
-7863.72
-7420.49
-10346.9
-8606.99
-7251.59
-4558.77
-7370.83
-4492.37
-7433.76
-7481.59
-4582.78
-7449.8
-7257.28
-10276.1
-11150.5
-6988.79
-6127.94
-9327.61
-7627.12
-5096.92
-1765.56
-5021.06
-2014.67
-4247.31
-4059.77
-2361.53
-6253.06
-6118.27
-8652.67
-9161.68
-6117.97
-5601.28
-8082.54
-7214.74
-2672.88
-1664.14
-2627.72
-2269.13
-2534.2
-2806.85
-2938.84
-4593.69
-4590.47
-6345.76
-6513.78
-4700.27
-4600.57
-6216.79
-6078.99
-2740.51
-1534.84
-2940.3
-2477.96
-3183.05
-3733.83
-3372.96
-2855.94
-2862.07
-4045.63
-4094.94
-2791.88
-2776.63
-4005.24
-3937
-1533.76
-1136.23
-1731.95
-1960.88
-2178.22
-2661.68
-2639.35
-966.642
-972.13
-1432.81
-1444.62
-965.079
-1004.5
-1413.36
-1366.57
-275.657
-475.361
-441.884
-893.521
-747.06
-969.221
-1109.41
)
;

boundaryField
{
    patch1
    {
        type            calculated;
        value           nonuniform List<scalar> 
2440
(
0
0
3323.27
128.125
-898.11
432.838
-2314.19
550.473
1649.19
225.934
0
0
3323.25
128.115
-898.116
432.824
-2314.14
550.496
1649.2
225.958
0
0
0
0
0
0
0
0
-815.549
0
0
0
0
0
0
0
0
2897.52
2250.11
-240.078
-781.01
-854.316
-1150.4
-553.533
12306.5
3450.86
4297.5
3503.99
459.028
100.591
3403.67
-835.243
-298.287
-680.98
-219.673
6063.04
3197.94
1552.42
868.127
3347.96
1619.77
302.298
500.697
-963.312
-923.839
947.471
829.118
9414.1
4595.98
4602.18
2649.5
3437.47
-297.587
-85.131
-82.016
-302.661
-282.506
-388.459
-374.548
-269.42
-281.846
-166.767
-209.065
-290.347
-230.05
175.646
154.004
389.422
352.753
464.193
437.411
322.202
324.114
212.867
201.639
414.235
264.705
-2012.68
-1447.27
633.579
1111.54
1178.77
1636.58
1050.39
-10257.1
-1706.46
-3156.67
-1385.4
595.881
-4037.69
908.154
2303.29
776.755
-5059.28
-2107.06
-640.992
-341.604
-2960.87
-826.135
127.539
76.8116
1730.59
1645.31
-513.7
-340.376
-8474.36
-3876.13
-3660.71
-1891.58
-2912.98
0
0
0
0
0
0
0
0
-816.179
0
0
0
0
0
0
0
0
2897.53
2250.12
-240.08
-781.01
-854.316
-1150.4
-553.537
12306.4
3450.79
4297.44
3503.93
459.006
100.572
3403.64
-835.263
-298.302
-680.998
-219.677
6062.99
3197.9
1552.39
868.112
3347.93
1619.75
302.293
500.687
-963.32
-923.846
947.457
829.105
9414.06
4595.97
4602.16
2649.49
3437.46
-297.025
-85.1278
-82.0134
-302.658
-282.503
-388.455
-374.545
-269.418
-281.844
-166.766
-209.064
-290.346
-230.05
175.648
154.006
389.423
352.754
464.194
437.411
322.202
324.114
212.869
201.64
414.238
264.707
-2012.64
-1447.24
633.59
1111.55
1178.78
1636.59
1050.4
-10256.9
-1706.38
-3156.61
-1385.37
595.899
-4037.68
908.167
2303.31
776.763
-5059.19
-2107
-640.958
-341.585
-2960.85
-826.104
127.554
76.8307
1730.61
1645.33
-513.687
-340.36
-8474.28
-3876.09
-3660.66
-1891.55
-2912.95
0
0
4.70083
9.94296
3.85851
8.807
-606.192
0
0
0
0
0
0
4.71936
9.93758
3.84569
8.82287
-606.189
0
0
0
0
0
400.564
1670.86
1910.67
1299.62
501.725
376.552
455.852
282.066
1202.27
830.429
2190.92
3024.68
142.819
9.95279
1401.35
1181.36
0
0
0
0
0
0
0
0
0
0
0
0
0
0
0
0
0
0
0
0
0
0
0
0
0
0
0
0
0
0
0
0
0
-133.625
-26.9155
-117.15
-16.596
-86.0794
-2.12804
-50.5544
16.4055
-2.42326
41.3231
25.0303
71.7523
10.9713
59.3786
60.7295
93.2689
142.335
130.973
2.00476
1.03407
3.8804
3.62176
8.68749
15.6104
16.8097
17.3528
11.7419
9.31943
11.5776
8.02447
13.9661
12.7541
15.9406
15.3752
1.68851
0.69328
2.74299
0.943072
4.164
2.01445
9.58808
25.4618
6.74079
24.3823
8.41765
22.4736
7.92374
20.2599
7.04515
17.5334
5.91745
11.2064
2.47686
14.7283
3.93546
7.39017
1.56876
2.81262
0.64218
-1403.52
-221.503
-4211.91
152.2
6539.2
7086.37
5201.6
4590.86
5707.86
5069.8
706.579
423.427
-888.118
-1454.98
-822.983
155.272
212.994
-57.8897
106.22
-930.958
-635.676
-1794.58
-2572.83
89.7905
142.106
-1152.16
-1024.13
-0.320799
0.0269181
0
0
0
0
0
0
0
0
0
0
0
0
0
0
0.446217
-0.184355
0
0
0
0
0
0
0
0
0
0
0
0
0
0
266.601
70.2909
256.595
66.6303
225.864
62.4463
190.05
53.7243
185.195
58.4836
255.43
140.74
205.728
92.18
272.006
171.187
220.014
162.564
1.90412
0.899397
3.75181
3.5835
8.09056
15.0966
16.0809
17.0233
11.1827
8.64304
10.4255
7.08594
13.3206
12.1306
15.6154
15.1003
1.56904
0.541384
2.48813
0.75841
3.52895
1.90113
7.91078
-25.9882
-6.87875
-24.8207
-8.60249
-22.7638
-8.08009
-20.3908
-7.15207
-17.5365
-5.96738
-11.1321
-2.44668
-14.6664
-3.93932
-7.31809
-1.5003
-2.74313
-0.546906
591.256
-1001.39
2492.95
227.313
39.5782
734.289
615.007
-0.573292
-0.160111
-0.140919
-0.631356
0
0
0
0
0
0
0
0
0
0.573226
0.215124
0.364948
0.707654
0
0
0
0
0
0
0
0
0
0
400.643
1670.92
1910.77
1299.74
501.768
376.561
455.91
282.074
1202.35
830.416
2191.03
3024.61
142.866
9.9517
1401.37
1181.35
0
0
0
0
0
0
0
0
0
0
0
0
0
0
0
0
0
0
0
0
0
0
0
0
0
0
0
0
0
0
0
0
0
-134.446
-27.1487
-117.02
-16.5508
-85.9816
-2.07187
-50.5043
16.439
-2.38403
41.3484
25.0664
71.7799
11.0051
59.4037
60.7687
93.3003
142.376
131.007
1.89228
0.951101
3.87746
3.62319
8.6769
15.5981
16.8118
17.3557
11.7287
9.31334
11.5668
8.01746
13.9606
12.7506
15.9423
15.3767
1.6625
0.697118
2.78361
0.985648
4.19615
2.03923
9.60162
25.4921
6.79749
24.2981
8.39603
22.4209
7.90117
20.2301
7.0291
17.5186
5.908
11.203
2.47402
14.7214
3.93074
7.38853
1.56714
2.81209
0.641605
-1403.74
-223.185
-4214.68
-81.8899
6514.34
7070.36
5195.05
4585.57
5699.2
5061.61
379.859
423.517
-888.113
-1455.04
-822.984
155.239
212.972
-57.9576
106.18
-931.052
-635.743
-1794.7
-2572.97
89.713
142.057
-1152.22
-1024.17
-0.317194
0.0291774
0
0
0
0
0
0
0
0
0
0
0
0
0
0
0.450047
-0.183462
0
0
0
0
0
0
0
0
0
0
0
0
0
0
267.545
70.663
256.35
66.5744
225.72
62.3709
189.994
53.6828
185.173
58.4633
255.45
140.754
205.729
92.1763
272.039
171.214
220.053
162.597
1.88438
0.910553
3.7793
3.59573
8.11708
15.119
16.0854
17.0281
11.206
8.65689
10.4485
7.1005
13.3352
12.1424
15.6218
15.1073
1.50329
0.507645
2.45938
0.717579
3.50452
1.87926
7.90845
-26.0228
-6.93745
-24.7357
-8.58072
-22.711
-8.05741
-20.3612
-7.13606
-17.5221
-5.95805
-11.1289
-2.44398
-14.6598
-3.93473
-7.31658
-1.49882
-2.74271
-0.546478
593.575
-999.793
2497.73
228.614
61.7697
751.462
587.021
-0.57474
-0.160201
-0.141054
-0.637013
0
0
0
0
0
0
0
0
0
0.570148
0.215206
0.365036
0.700145
0
0
0
0
0
0
0
0
0
11873.5
9692.92
0
11873
9692.31
0
0
0
0
0
0
0
0
0
6422.21
12857.8
6950.1
12998.6
9062.03
12767
9694
11288.7
7776.82
16023.8
15526.5
15591
15642.5
14294.1
14857.1
13587.4
8984.31
2963.59
13345.7
8773.36
3011.88
12690.1
8221.93
2762.8
0
0
0
0
0
0
0
0
11778.3
7578.09
11669.2
7551.19
11784.9
7285.29
13322
13108.7
12220.7
6238.76
5996
6245.24
5838.58
6018.32
5597.49
4671.01
2148.38
615.631
4597.4
2265.52
713.829
4273.93
2133.58
558.747
-22.2006
-175.762
-404.291
-490.067
-32.1732
441.41
462.661
331.19
177.642
-2.27288
-7.19994
47.9731
94.9036
-198.423
-375.913
-477.682
-231.82
-65.2139
0
0
0
0
0
0
0
0
6429.35
12887.4
6955.84
12990.5
9062.82
12763.9
9694.06
11289
7776.95
16051.6
15537.3
15584.1
15639.4
14291.3
14855.5
13586
8976.19
2966.73
13342.1
8771.08
3010.54
12688.8
8220.98
2762.37
0
0
0
0
0
0
0
0
11778.4
7590.76
11666.9
7547.65
11782.9
7283.26
13322.3
13109.2
12220.3
6246.33
5997.43
6242.5
5836.08
6016.72
5596.44
4667.64
2145.83
615.706
4595.7
2266.95
714.519
4273.43
2133.97
558.982
-17.4379
-177.877
-406.425
-491.516
-32.9427
441.274
462.335
331.134
177.611
-2.74111
-5.42737
49.6686
95.9517
-197.943
-375.882
-477.527
-231.837
-65.2422
7963.94
9379.48
32.09
16.2234
8.51134
4.81889
3.3512
70.4828
35.1456
18.7535
10.8211
7.50263
3695.13
1895.17
7452.46
8497.3
-3252.63
-769.801
27.9604
14.6739
8.11008
4.76122
3.30416
59.7064
31.1209
16.8932
9.74572
6.80579
0
0
0
0
0
9376.66
9971.6
9461.19
10058.4
11564.1
11713.4
7237.52
4201.2
1131.68
8804.15
6027.54
1967.58
10263.1
7223.24
2444.47
-4854.76
-1646.1
-5631.4
-2081.42
-7306.4
-2710.58
-9426.34
-3099.65
3326.12
1713.95
2196.67
1553.09
711.032
446.048
397.153
313.055
936.806
624.457
477.18
311.643
111.578
59.7255
32.4351
18.736
13.0665
138.167
75.3357
41.4499
24.0821
16.8059
169.193
418.552
611.855
702.643
843.503
1200.82
152.995
129.764
98.6738
61.659
20.9676
378.288
320.641
243.658
152.178
51.7366
552.696
468.176
355.552
221.962
75.4438
634.121
536.589
407.121
253.988
86.3023
760.175
642.279
486.689
303.394
103.057
1079.86
910.366
688.705
429.009
145.7
1166.49
1032.28
857.476
644.049
402.006
137.356
7990.75
5221.2
1835.53
9124.84
6057.91
2096.58
10856.3
7007.15
2412.32
13124.8
7734.59
2695.76
-2085.84
93.4714
-444.192
750.718
8938.26
8461.43
8100.87
6933.68
5873.74
5813.57
5765.52
3196.3
861.217
4656.06
2539.22
719.155
4354.49
2226.68
645.008
699.091
457.697
206.08
86.1736
946.314
633.232
347.664
193.679
105.617
59.7689
33.3954
19.5297
13.6206
132.577
75.0713
41.9144
24.5216
17.1288
-995.4
-857.959
-690.778
-502.631
-305.695
-102.897
-96.6213
-342.836
-532.349
-623.652
-796.067
-1082.01
-87.2168
-73.8089
-55.9921
-34.9204
-11.8625
-309.601
-262.157
-199
-124.176
-42.1946
-480.463
-406.551
-308.399
-192.343
-65.3416
-562.135
-474.941
-359.757
-224.136
-76.1008
-715.997
-603.464
-456.085
-283.703
-96.2498
-969.764
-814.161
-613.239
-380.634
-129.013
7452.4
8497.4
-3254.33
-771.415
27.9715
14.6806
8.11594
4.76755
3.31467
59.6834
31.0936
16.8705
9.72882
6.79426
0
0
0
0
0
7964.08
9379.48
32.1247
16.2479
8.52844
4.8321
3.36643
70.4959
35.145
18.7483
10.8154
7.49912
3697.91
1897.44
8745.13
52887.5
8976.81
37517.3
9590.96
33377.1
9459.07
28708.2
14713.5
9301.7
3223.98
14647.3
9262.94
3152.81
14332.8
9097.34
3136.6
13812.3
8756.71
3098.63
13124.9
7734.78
2695.88
128.22
-122.798
-845.439
-1462.67
-2625.73
410.4
-144.89
-93.8584
-67.713
444.497
48.161
29.7203
27.4609
21.3998
357.455
207.876
177.78
135.285
12.6673
4.93676
2.71471
1.99772
97.7617
39.0561
20.6136
15.4919
226.491
92.9886
51.6678
38.6052
332.392
142.847
81.8956
61.2611
337.51
171.253
95.0868
74.2872
263.563
213.48
112.891
88.0228
254.882
183.021
100.921
83.1246
334.585
254.074
138.349
103.994
395.456
285.767
178.798
134.922
6.82727
3.44741
1.80047
1.00965
0.68966
48.2997
25.5909
13.6412
7.75878
5.3404
57.4416
32.6706
18.3546
10.7888
7.50594
56.7626
28.6293
15.4606
8.97459
6.20454
83.9347
49.9034
28.3643
16.7312
11.683
113.594
66.0503
37.1403
21.776
15.1865
1.70343
0.745719
0.357957
0.190024
0.12659
11.3451
4.9005
2.37011
1.2675
0.848466
23.8976
10.7079
5.32473
2.89057
1.96558
340.747
203.64
-39.0025
-438.932
201.222
459.356
788.221
220.855
173.656
218.699
58.9686
15.3184
3.44666
0.568327
208.692
66.8009
17.3601
4.14
0.837428
167.984
61.3812
16.486
3.88945
0.767662
116.428
41.8882
10.2463
2.13854
0.245316
50.5353
-14.8267
-8.6482
-3.00233
-1.22906
-92.39
-75.2422
-27.5617
-8.14818
-2.63358
-132.06
-91.5445
-30.6102
-8.49588
-2.66124
-8.49897
-27.7879
-13.0182
-4.42375
-1.55572
103.755
11.6524
-0.67697
0.566587
-0.39807
2839.55
3715.81
1356.26
1973.07
1469.56
1700.59
1023.48
1055.62
-1102.95
-3277.94
-2104.35
-1212.98
-978.504
-812.302
-605.814
-373.62
-126.286
-1634.27
-1129.47
-726.228
-580.287
-341.065
-1462.62
-950.779
-630.791
-389.463
-145.851
-1016.64
-796.44
-569.557
-344.729
-116.45
-9176.28
-3194.26
-9624.53
-3546.83
-10398.7
-4107.59
-10360.8
-4018.58
-9426.34
-3099.65
162.884
189.084
1432.35
1535.75
2393.65
1.85832
261.753
242.54
819.226
573.75
53.0879
27.1728
4.96597
-2.58475
294.259
163.237
43.7438
8.23051
5.77007
2.75985
0.673997
0.163502
45.5658
22.9574
7.84256
2.56982
96.1286
58.0155
19.3682
6.69574
156.805
101.01
35.086
13.6109
299.48
149.22
70.3762
38.0199
510.237
257.785
175.588
127.709
482.969
212.493
123.218
78.8118
453.222
281.798
208.625
159.908
398.134
290.49
202.976
158.427
4.33151
2.87843
1.71491
1.03764
0.738195
38.8932
22.7998
13.0566
7.7568
5.47558
71.4933
33.803
17.6894
10.0816
7.04074
50.4258
25.9996
14.0129
8.05214
5.65029
105.061
52.4646
27.8698
15.9603
11.1382
124.45
67.465
36.9326
21.3993
14.9319
0.356775
0.491578
0.339438
0.217406
0.157663
3.14286
3.50896
2.31476
1.45918
1.05185
12.2331
9.03436
5.45784
3.34987
2.37733
-382.947
-375.176
-264.705
109.701
-324.346
-355.828
-691.251
-119.076
-69.2991
-239.487
-63.0497
-16.1588
-3.58967
-0.588851
-259.148
-76.3815
-19.0672
-4.43368
-0.888365
-249.419
-76.6173
-19.1519
-4.34519
-0.850137
-198.753
-57.7741
-13.1447
-2.6523
-0.344638
-97.4472
3.55592
6.35055
2.57115
1.14009
113.881
78.0567
27.8741
8.17593
2.63424
129.75
87.8896
29.5681
8.26754
2.60852
40.5944
34.7266
14.4067
4.69122
1.61347
-67.0024
-2.72175
2.66096
-0.153149
0.49226
-201.335
-726.994
-1109.75
-1248.74
-1052.12
-458.061
570.285
2046.12
3776.84
4866.48
4331.31
1993.62
-181.392
-153.159
-115.928
-72.1768
-24.4963
-655.684
-554.39
-420.249
-261.972
-88.973
-1000.39
-845.38
-640.539
-399.192
-135.565
-1124.42
-949.039
-718.36
-447.424
-151.909
-945.636
-796.63
-602.115
-374.745
-127.205
-410.535
-344.883
-260.183
-161.833
-54.935
508.957
425.906
320.641
199.449
67.7574
1815.03
1511.12
1135.65
707.683
241
3322.74
2749.38
2065.34
1293.72
443.047
4240.4
3488.79
2626.55
1661.28
575.119
3741.15
3066.81
2319.95
1485.6
520.82
1727.26
1424.46
1086.74
702.142
247.518
371.495
897.442
1274.98
1392.68
1151.45
491.904
-598.13
-2086.8
-3724.51
-4607.37
-3825.56
-1317.8
335.751
284.601
216.299
135.113
45.9387
810.433
686.278
521.056
325.236
110.541
1150.57
973.574
738.691
460.877
156.611
1255.51
1061.22
804.484
501.672
170.44
1036.38
874.575
662.195
412.716
140.2
441.61
371.744
281.027
175.08
59.4839
-534.808
-448.548
-338.454
-210.904
-71.7171
-1854.31
-1547.06
-1165.19
-727.391
-247.954
-3279.11
-2716.13
-2043.35
-1281.98
-439.474
-4006.54
-3290.68
-2476.4
-1568.17
-543.713
-3274.93
-2661.99
-2004.31
-1284.17
-451.522
-1097.98
-871.95
-650.281
-419.613
-149.277
1289.35
0
1520.01
1154.24
968.854
731.029
455.211
154.715
0
0
0
0
0
1328.48
1091.76
818.089
513.994
177.399
8741.45
52883
8968.74
37514.5
9576.91
33373
9333.68
28040.6
14699.9
9288.18
3218.14
14648
9262.24
3152.07
14333.1
9097.03
3136.32
13812.3
8756.51
3098.49
13124.8
7734.59
2695.76
112.064
-94.4624
-825.497
-1457.32
-2624.49
411.736
-119.93
-79.2408
-69.3386
446.105
40.4584
25.054
23.1531
18.0308
357.098
207.721
177.741
135.199
11.2225
4.34863
2.36353
1.70136
97.4597
38.9692
20.5744
15.4931
226.135
92.8907
51.6672
38.6677
332.124
142.76
81.8926
61.3052
337.347
171.2
95.0899
74.3202
263.554
213.494
112.914
88.0514
254.805
183.004
100.933
83.1531
334.631
254.119
138.385
104.025
395.548
285.838
178.844
134.956
5.7164
2.89873
1.52017
0.856828
0.58752
48.3326
25.6068
13.6615
7.78179
5.36097
57.4486
32.6683
18.3496
10.7836
7.50103
56.7651
28.6223
15.4517
8.96623
6.19736
83.9473
49.9049
28.3619
16.7279
11.6799
113.613
66.0589
37.1444
21.7782
15.1881
1.41259
0.618826
0.299344
0.161023
0.10764
11.3771
4.92291
2.3863
1.2803
0.859487
23.9479
10.7465
5.35367
2.91389
1.98938
344.033
201.122
-40.8496
-440.14
200.541
459.247
787.927
220.815
173.635
220.251
59.6687
15.377
3.46777
0.579318
207.069
66.3065
17.2389
4.11156
0.830666
166.35
60.7884
16.3222
3.84882
0.757064
115.339
41.4393
10.1089
2.10214
0.235191
49.9063
-15.106
-8.73932
-3.02752
-1.23632
-92.5186
-75.3104
-27.5877
-8.15633
-2.63622
-132.348
-91.6823
-30.6583
-8.50994
-2.6655
-8.55464
-27.82
-13.0314
-4.42816
-1.55724
103.735
11.6412
-0.681576
0.565042
-0.398611
2837.93
3713.91
1354.9
1971.51
1468.89
1699.85
983.159
1012.01
-1102.95
-3277.94
-2104.37
-1212.99
-978.505
-812.304
-605.816
-373.622
-126.287
-1634.3
-1129.54
-726.329
-580.426
-341.174
-1462.64
-950.82
-630.841
-389.512
-145.876
-1016.65
-796.452
-569.571
-344.741
-116.455
-9150.66
-3178.63
-9629.74
-3549.12
-10400.7
-4108.35
-10361.7
-4018.89
-9426.81
-3099.87
124.344
146.642
1431.97
1540.19
2396.83
4.21257
216.936
204.576
822.882
572.29
44.8767
22.9187
4.20881
-2.14683
294.694
163.463
43.7295
8.13966
4.53458
2.27089
0.557822
0.169178
45.9585
23.0014
7.85688
2.54926
96.7285
58.1014
19.3403
6.60398
157.347
101.141
35.0831
13.5503
299.894
149.353
70.3921
37.9872
510.453
257.9
175.632
127.721
483.266
212.617
123.249
78.8033
453.388
281.904
208.676
159.934
398.263
290.582
203.028
158.46
3.68928
2.42645
1.43664
0.864351
0.612638
38.7212
22.7192
13.0031
7.71452
5.44149
71.5157
33.8239
17.7064
10.0948
7.05158
50.4483
26.0245
14.0338
8.06828
5.66317
105.085
52.4852
27.8865
15.9733
11.1488
124.472
67.4808
36.9443
21.408
14.9388
0.294643
0.404327
0.276393
0.174966
0.126667
3.13562
3.50422
2.30869
1.45202
1.04459
12.2042
9.01205
5.43887
3.33238
2.35739
-383.454
-373.465
-263.588
110.398
-324.01
-355.809
-691.144
-119.09
-69.321
-240.542
-63.6892
-16.2037
-3.60889
-0.599649
-257.591
-75.8807
-18.9432
-4.40457
-0.881444
-247.905
-76.0292
-18.9863
-4.3039
-0.839352
-197.795
-57.3417
-13.0085
-2.61574
-0.334409
-96.9275
3.81634
6.43919
2.59613
1.14736
113.968
78.1138
27.8976
8.18359
2.63679
129.971
88.0131
29.6138
8.28124
2.61274
40.6225
34.7502
14.4176
4.6951
1.61486
-67.0039
-2.7178
2.66348
-0.152139
0.492655
-201.329
-726.987
-1109.74
-1248.73
-1052.11
-458.059
570.283
2046.11
3776.83
4866.48
4331.31
1993.64
-181.387
-153.155
-115.925
-72.1747
-24.4956
-655.678
-554.384
-420.245
-261.97
-88.9722
-1000.39
-845.374
-640.535
-399.189
-135.565
-1124.41
-949.035
-718.357
-447.422
-151.908
-945.632
-796.627
-602.113
-374.744
-127.204
-410.534
-344.882
-260.183
-161.832
-54.9349
508.956
425.905
320.641
199.449
67.7573
1815.03
1511.12
1135.65
707.683
241
3322.74
2749.38
2065.35
1293.72
443.048
4240.4
3488.8
2626.55
1661.29
575.121
3741.16
3066.82
2319.96
1485.61
520.823
1727.27
1424.48
1086.75
702.153
247.522
371.499
897.444
1274.98
1392.68
1151.45
491.904
-598.129
-2086.8
-3724.5
-4607.35
-3825.54
-1317.78
335.754
284.604
216.302
135.114
45.9393
810.435
686.28
521.058
325.237
110.542
1150.57
973.575
738.692
460.877
156.611
1255.51
1061.22
804.485
501.673
170.441
1036.38
874.576
662.196
412.716
140.201
441.61
371.744
281.027
175.081
59.484
-534.808
-448.548
-338.455
-210.905
-71.7173
-1854.31
-1547.06
-1165.19
-727.393
-247.954
-3279.1
-2716.13
-2043.35
-1281.98
-439.476
-4006.53
-3290.67
-2476.4
-1568.17
-543.714
-3274.92
-2661.98
-2004.31
-1284.16
-451.522
-1097.97
-871.934
-650.268
-419.605
-149.274
1289.35
0
1520.02
1154.24
968.861
731.035
455.215
154.717
0
0
0
0
0
1328.49
1091.78
818.102
514.006
177.404
7990.94
5221.35
1835.59
9125.09
6058.1
2096.66
10856.5
7007.34
2412.41
13124.9
7734.78
2695.88
-2086.87
92.4142
-445.524
749.781
8938.21
8461.49
8100.95
6933.81
5874.09
5813.86
5765.61
3196.36
861.241
4656.15
2539.26
719.169
4354.64
2226.67
644.993
698.778
457.565
205.972
86.1313
945.903
633.031
347.549
193.634
105.599
59.7657
33.3955
19.53
13.6179
132.559
75.0638
41.9105
24.5191
17.1259
-995.396
-857.952
-690.77
-502.622
-305.688
-102.895
-96.624
-342.839
-532.353
-623.655
-796.07
-1082.02
-87.2192
-73.8109
-55.9937
-34.9214
-11.8628
-309.605
-262.159
-199.002
-124.177
-42.195
-480.467
-406.554
-308.401
-192.344
-65.342
-562.138
-474.943
-359.759
-224.137
-76.1011
-715.999
-603.466
-456.086
-283.704
-96.25
-969.766
-814.162
-613.24
-380.634
-129.013
9376.63
9971.47
9460.94
10058.1
11563.3
11712.8
7237.38
4201.1
1131.64
8803.89
6027.34
1967.5
10262.7
7222.92
2444.35
-4854.43
-1645.91
-5631.12
-2081.28
-7306.34
-2710.54
-9426.81
-3099.87
3328.3
1714.15
2198.47
1553.74
711.262
446.198
397.17
313.04
937.171
624.663
477.262
311.666
111.566
59.7307
32.4432
18.7424
13.0686
138.177
75.3463
41.4591
24.0892
16.8105
169.194
418.552
611.855
702.643
843.504
1200.83
152.996
129.765
98.6748
61.6596
20.9679
378.289
320.642
243.658
152.178
51.7368
552.696
468.176
355.553
221.962
75.4439
634.122
536.59
407.122
253.989
86.3025
760.176
642.28
486.69
303.395
103.057
1079.86
910.369
688.708
429.011
145.7
1166.5
1032.29
857.485
644.058
402.014
137.359
)
;
    }
    patch2
    {
        type            calculated;
        value           nonuniform List<scalar> 
348
(
-85.8389
-85.8509
227.575
24.4337
-99.1637
65.1115
-48.412
72.0204
199.709
35.5942
227.566
24.4309
-99.1658
65.107
-48.4034
72.0244
199.712
35.5992
1021.67
330.98
-26.2434
-90.7684
-98.9724
-134.146
-59.9557
5633.91
797.265
788.382
464.512
98.1822
49.1249
439.503
-17.178
-8.70027
-26.5411
-24.3011
3202.93
486.316
233.525
118.671
396.872
197.268
41.2485
67.7327
-97.353
-98.4815
122.233
105.946
3279.78
667.649
844.28
430.418
411.758
-13.2728
-51.5669
-79.7872
-92.07
-80.4165
-40.7321
-21.1078
-79.0431
-120.042
-133.303
-108.842
-39.0861
-10.4068
-10.0587
-37.2072
-34.7678
-47.7133
-46.0087
-33.0988
-34.5193
-20.3869
-25.3412
-34.818
-27.5086
58.6895
202.407
396.903
344.683
301.277
147.617
84.5528
250.468
419.436
472.467
405.561
190.816
28.4907
66.8874
95.1542
107.346
95.5159
57.8316
42.5165
100.351
140.615
151.745
123.413
49.1452
21.7725
19.0897
48.1348
43.614
57.2991
53.9768
39.8292
39.9373
26.4474
24.8082
51.1602
32.4961
-38.9854
-174.899
-346.538
-271.617
-203.907
-35.9956
-77.5796
-239.997
-393.091
-420.765
-325
-90.9281
-793.26
-182.409
79.0454
134.995
143.21
198.569
128.257
-6202.34
-396.213
-625.311
-174.514
67.3268
-525.381
104.939
267.499
91.4459
-3339.12
-303.294
-84.3336
-40.5891
-363.632
-72.7873
19.2466
14.7517
205.149
197.848
-60.3558
-37.4101
-3272.8
-561.916
-674.412
-322.982
-337.96
1021.69
330.989
-26.2441
-90.7689
-98.9732
-134.146
-59.9573
5633.89
797.187
788.355
464.515
98.1797
49.117
439.5
-17.1954
-8.70557
-26.5515
-24.3016
3202.92
486.299
233.514
118.667
396.872
197.262
41.2472
67.7299
-97.3565
-98.4842
122.229
105.943
3279.79
667.655
844.278
430.418
411.756
-13.2723
-51.5664
-79.7866
-92.0695
-80.4161
-40.7319
-21.1071
-79.0423
-120.041
-133.302
-108.841
-39.0859
-10.4064
-10.0583
-37.2067
-34.7674
-47.7129
-46.0084
-33.0986
-34.5191
-20.3868
-25.3411
-34.8181
-27.5086
58.6894
202.407
396.903
344.684
301.28
147.622
84.5528
250.469
419.437
472.468
405.564
190.82
28.4911
66.8876
95.1544
107.346
95.5162
57.832
42.517
100.352
140.615
151.745
123.414
49.1454
21.7728
19.0899
48.135
43.6141
57.2992
53.9769
39.8293
39.9374
26.4476
24.8083
51.1607
32.4964
-38.9849
-174.899
-346.538
-271.614
-203.903
-35.9901
-77.5796
-239.997
-393.091
-420.764
-324.998
-90.9247
-793.246
-182.401
79.0472
134.996
143.211
198.571
128.26
-6202.52
-396.133
-625.301
-174.521
67.3329
-525.398
104.942
267.51
91.4473
-3339.18
-303.281
-84.3258
-40.5864
-363.639
-72.7806
19.249
14.755
205.153
197.852
-60.3546
-37.4082
-3272.84
-561.916
-674.402
-322.979
-337.958
4932.82
1324.04
352.351
4922.29
1372.12
383.619
4717.77
1285.81
296.075
4512.94
1153.55
205.014
4750.8
1214.87
392.112
-7911.17
-1084.84
-7456.36
-1073.61
-6143.5
-512.118
-5513.46
-440.905
-5511.56
-548.237
4931.53
1326.18
352.718
4921.35
1373.52
384.306
4717.34
1286.06
296.25
4512.72
1153.61
205.051
4750.68
1214.88
392.13
-7902.3
-1081.5
-7449.04
-1072.68
-6141.58
-511.734
-5513.04
-440.82
-5511.47
-548.078
)
;
    }
    patch3
    {
        type            calculated;
        value           nonuniform List<scalar> 
96
(
-108.973
-420.305
-650.763
-752.736
-659.655
-333.897
-173.794
-646.003
-982.197
-1093.97
-896.401
-320.203
495.48
1714.67
3344.08
2673.15
2424.79
1157
715.867
2121.97
3548.72
3944.73
3368.74
1538.16
229.999
541.72
771.982
872.219
776.387
465.313
343.704
814.481
1143.98
1237.75
1008.86
397.807
-342.27
-1497.15
-2954.23
-2163.37
-1803.27
-467.118
-659.15
-2032.96
-3338.02
-3562.5
-2804.12
-854.676
-108.969
-420.3
-650.758
-752.731
-659.652
-333.896
-173.789
-645.997
-982.19
-1093.96
-896.397
-320.202
495.478
1714.67
3344.07
2673.15
2424.79
1157.01
715.865
2121.97
3548.71
3944.72
3368.74
1538.18
230.002
541.722
771.983
872.22
776.389
465.315
343.708
814.484
1143.98
1237.75
1008.87
397.809
-342.265
-1497.14
-2954.21
-2163.34
-1803.24
-467.098
-659.147
-2032.96
-3338.01
-3562.48
-2804.1
-854.655
)
;
    }
    patch4
    {
        type            calculated;
        value           nonuniform List<scalar> 
384
(
30114.3
33454
36496.1
71870.1
86665.8
50802.4
44038.7
37856.7
-55714.5
-52268.1
-82477.8
-93680.2
29528.1
33522.7
36519.7
71871.4
86664.6
50813.7
44062.8
37003.1
-55362
-52404.8
-82599.6
-93371.1
47704.4
14741.7
66950
21721.3
-51671.7
-15979.2
-70040.4
-22876.9
47708.1
14742.1
66949.5
21720.8
-51687.8
-15982.7
-70049.3
-22879
25618.3
7867.16
-29768.8
-8839.79
12876.7
5657.94
4674.81
2171.19
-15602.5
-6614.59
-5596.1
-2519.73
-29754.8
-8837.05
25628.6
7868.99
21838
15955.7
22941.6
17567.4
27882.8
9024.98
11314.8
4357.26
12745.6
4455.21
-39208.7
-28308.4
-37016.1
-27838.2
-32232.4
-10293.1
-18690.6
-6815.26
-18986
-6396.01
21434
15658.4
23007.9
17628.5
27890.9
9026.53
11078.4
4254.22
12794.9
4467.62
-38905.8
-28044.6
-37106.3
-27907.7
-32246.3
-10296.3
-18455.3
-6706.72
-19040.3
-6408.11
-15593.8
-6611.68
-5593.85
-2518.93
12884
5660.6
4676.52
2171.87
20367.8
16355.6
-20090.1
-16040.7
20366.3
16355.4
-20089.6
-16040.9
2954.13
3784.01
3073.75
3707.3
4137.85
2611.17
3921.49
1574.98
3689.4
7243.59
6698.78
12484.5
2031.9
4321.58
932.262
1656.16
-5107.39
-6169.17
-4677.9
-5415.49
-5275.72
-3553.54
-4653.9
-1897.08
-4176.02
-7253.22
-7207.44
-12352.9
-2355.53
-4363.05
-1160.81
-1702.04
2917.17
3702.86
3073.79
3711.14
4138.29
2612.84
3923.5
1575.53
3689.9
7243.73
6699.02
12484.5
2032.35
4321.72
932.395
1656.2
-5071.93
-6092.38
-4675.06
-5418.24
-5275.23
-3554.95
-4656.04
-1897.74
-4176.44
-7253.39
-7207.48
-12353
-2356.04
-4363.23
-1161.03
-1702.13
4634.36
14491.6
5514.81
15380.6
7600.93
15572.5
9424.12
-6060.13
-15272.9
-6628.67
-15799.5
-8249.79
-15475.3
-9954.57
4615.98
14521
5517.16
15372
7600.7
15569.4
9423.96
-6047.65
-15330.7
-6629.24
-15795.3
-8249.29
-15473.9
-9954.43
11893.4
11551
10965.3
10049.7
8574.68
5230.18
7076.95
3301.52
1163.8
-12661.1
-12167.9
-11342.4
-10195.5
-8559.61
-5170.13
-7008.7
-3260.38
-1135.13
11875.5
11527.3
10956.5
10046.4
8573.53
5230.08
7076.58
3301.5
1163.8
-12650
-12144.5
-11334.3
-10192.7
-8558.75
-5170.09
-7008.48
-3260.4
-1135.14
2627.34
2512.54
2334.96
2089.7
1747.4
1158.13
1500.7
758.342
272.334
-2746.61
-2608.59
-2394.75
-2113.78
-1746.52
-1146.34
-1489.07
-749.499
-265.823
2621.99
2505.05
2331.72
2088.32
1746.86
1158.05
1500.49
758.316
272.327
-2742.08
-2601.04
-2391.6
-2112.48
-1746.03
-1146.28
-1488.9
-749.483
-265.822
596.232
565.847
519.796
460.285
383.579
265.574
335.801
177.532
64.4061
-616.695
-582.456
-530.4
-464.866
-383.781
-263.29
-333.813
-175.678
-62.9643
595.012
563.878
518.848
459.837
383.385
265.539
335.719
177.519
64.4023
-615.592
-580.462
-529.459
-464.432
-383.599
-263.26
-333.739
-175.667
-62.9621
133.15
125.661
114.615
101.047
84.3999
60.1542
74.8118
40.791
14.9104
-136.7
-128.56
-116.501
-101.902
-84.4744
-59.7165
-74.4619
-40.4155
-14.6066
132.888
125.181
114.365
100.919
84.3409
60.1419
74.7847
40.7859
14.9089
-136.456
-128.073
-116.251
-101.777
-84.4174
-59.7053
-74.4365
-40.4109
-14.6055
33.739
31.725
28.8048
25.3671
21.2995
15.5929
19.1159
10.6991
3.93503
-34.4226
-32.2856
-29.1733
-25.5376
-21.3145
-15.4968
-19.0421
-10.6135
-3.86354
33.6745
31.5943
28.7324
25.3279
21.2803
15.5884
19.1065
10.6971
3.93442
-34.3614
-32.1534
-29.1007
-25.4986
-21.2957
-15.4925
-19.033
-10.6116
-3.86305
)
;
    }
}


// ************************************************************************* //
