/*--------------------------------*- C++ -*----------------------------------*\
| =========                 |                                                 |
| \\      /  F ield         | OpenFOAM: The Open Source CFD Toolbox           |
|  \\    /   O peration     | Version:  2412                                  |
|   \\  /    A nd           | Website:  www.openfoam.com                      |
|    \\/     M anipulation  |                                                 |
\*---------------------------------------------------------------------------*/
FoamFile
{
    version     2.0;
    format      ascii;
    arch        "LSB;label=32;scalar=64";
    class       volScalarField;
    location    "0.1/chip";
    object      T;
}
// * * * * * * * * * * * * * * * * * * * * * * * * * * * * * * * * * * * * * //

dimensions      [0 0 0 1 0 0 0];

internalField   nonuniform List<scalar> 
6620
(
307.822
307.703
307.703
307.587
308.472
308.23
308.23
307.999
307.566
307.624
307.624
307.566
307.624
307.624
307.683
307.683
307.683
307.683
307.624
307.624
307.566
307.624
307.624
307.566
307.587
307.939
307.703
307.703
308.169
308.169
307.587
307.939
307.703
307.703
308.169
308.169
307.822
307.822
307.822
308.411
308.411
308.411
308.411
307.703
308.169
308.169
307.587
307.939
307.703
308.169
308.169
307.939
307.999
308.23
308.23
307.999
308.23
308.23
308.472
308.472
308.472
308.23
307.999
308.23
306.463
306.153
307.346
306.911
307.053
307.203
306.649
306.812
306.349
307.104
307.346
306.911
307.053
307.203
308.4
307.996
307.996
308.164
308.177
308.281
308.281
307.646
307.144
307.872
307.921
307.293
307.544
308.032
306.649
306.812
306.35
307.104
307.646
307.872
307.144
307.921
307.293
308.032
307.544
307.001
307.04
307.04
307.691
306.556
307.332
307.332
306.751
307.491
307.635
307.389
306.932
307.491
307.635
308.589
308.589
308.709
307.859
308.34
307.961
307.389
306.932
308.34
307.859
307.961
307.646
307.646
307.319
306.163
306.808
306.263
306.808
306.263
306.924
306.924
306.366
306.857
307.025
306.857
307.025
306.975
307.823
307.147
306.975
307.823
307.147
306.808
306.263
306.163
306.924
306.924
306.366
306.808
306.263
306.857
307.025
306.975
307.823
307.147
306.857
307.025
307.823
306.975
307.147
307.885
307.885
308.096
307.885
307.885
308.096
307.885
307.885
308.096
307.885
307.885
308.096
306.975
307.823
307.147
306.857
307.025
307.823
306.975
307.147
306.857
307.025
306.808
306.263
306.924
306.924
306.366
306.163
306.808
306.263
307.823
306.975
307.147
307.823
306.975
307.147
306.857
307.025
306.857
307.025
306.924
306.924
306.366
306.808
306.263
306.808
306.263
306.163
306.649
306.812
306.349
307.104
306.649
306.812
306.35
307.104
307.001
307.04
307.04
307.691
306.556
307.332
307.332
306.543
306.715
306.727
307.351
307.182
306.895
306.727
307.351
307.183
306.895
307.149
307.836
307.585
307.585
307.478
307.478
307.254
307.346
306.911
307.053
307.203
307.646
307.144
307.872
307.921
307.293
307.544
308.032
307.646
307.144
307.872
307.921
307.293
307.544
308.032
307.425
307.45
307.281
307.595
307.425
307.45
307.281
307.595
307.792
308.066
307.798
308.28
307.691
308.177
307.9
307.792
308.066
307.798
308.28
307.691
308.177
307.9
306.463
306.153
307.001
307.04
307.04
307.691
306.556
307.332
307.332
306.649
306.812
306.35
307.104
306.727
307.351
307.182
306.895
306.543
306.715
307.149
307.836
307.585
307.585
307.478
307.478
307.254
306.727
307.351
307.183
306.895
307.646
307.144
307.872
307.921
307.293
307.544
308.032
307.346
306.911
307.053
307.203
307.646
307.872
307.144
307.921
307.293
308.032
307.544
307.425
307.45
307.281
307.595
307.792
308.066
307.798
308.28
307.691
308.177
307.9
307.425
307.45
307.281
307.595
307.792
308.066
308.28
307.798
308.177
307.691
307.9
308.4
307.996
307.996
308.164
308.177
308.281
308.281
308.4
307.996
307.996
308.164
308.177
308.281
308.281
308.4
307.996
307.996
308.164
308.177
308.281
308.281
307.346
306.911
307.053
307.203
307.646
307.872
307.144
307.921
307.293
308.032
307.544
307.346
306.911
307.053
307.203
307.793
308.066
307.798
308.28
307.691
308.177
307.9
307.425
307.45
307.281
307.595
307.793
308.066
308.28
307.798
308.177
307.691
307.9
307.425
307.45
307.281
307.595
307.001
307.04
307.04
307.691
306.556
307.332
307.332
306.463
306.153
306.649
306.812
306.35
307.104
306.727
307.351
307.182
306.895
307.149
307.836
307.585
307.585
307.478
307.478
307.254
306.543
306.715
306.727
307.351
307.182
306.895
307.646
307.872
307.144
307.921
307.293
308.032
307.544
307.346
306.911
307.053
307.203
307.346
306.911
307.053
307.203
307.792
308.066
308.28
307.798
308.177
307.691
307.9
307.792
308.066
308.28
307.798
308.177
307.691
307.9
307.425
307.45
307.281
307.595
307.425
307.45
307.281
307.595
306.649
306.812
306.35
307.104
306.649
306.812
306.349
307.104
306.463
306.153
307.149
307.836
307.585
307.585
307.478
307.478
307.254
306.727
307.351
307.183
306.895
306.727
307.351
307.182
306.895
306.543
306.715
307.389
306.932
307.39
306.932
307.646
307.646
307.319
307.491
307.635
307.859
308.34
307.961
307.859
308.34
307.961
306.751
307.646
307.646
307.319
307.39
306.932
307.859
308.34
307.961
307.491
307.635
308.34
307.859
307.961
308.589
308.589
308.709
308.589
308.589
308.709
308.589
308.589
308.709
307.491
307.635
308.34
307.859
307.961
307.491
307.635
307.646
307.646
307.319
306.751
307.389
306.932
308.34
307.859
307.961
307.491
307.635
307.491
307.635
307.39
306.932
307.389
306.932
306.751
308.104
307.91
307.91
307.926
308.001
308.014
308.014
307.734
307.548
307.789
307.806
307.631
307.652
307.892
307.734
307.789
307.548
307.806
307.631
307.892
307.652
307.394
307.436
307.436
307.69
307.29
307.539
307.539
307.337
307.337
307.121
307.393
307.754
307.516
307.393
307.754
307.516
307.337
307.337
307.121
307.393
307.754
307.516
307.754
307.393
307.516
307.814
307.814
307.95
307.814
307.814
307.95
307.814
307.814
307.95
307.814
307.814
307.95
307.393
307.754
307.516
307.754
307.393
307.516
307.337
307.337
307.121
307.754
307.393
307.516
307.754
307.393
307.516
307.337
307.337
307.121
307.394
307.436
307.436
307.69
307.29
307.539
307.539
307.734
307.548
307.789
307.806
307.892
307.631
307.652
307.734
307.548
307.789
307.806
307.631
307.652
307.892
307.394
307.436
307.436
307.69
307.539
307.29
307.539
307.734
307.548
307.789
307.806
307.892
307.631
307.652
307.734
307.789
307.548
307.806
307.631
307.892
307.652
308.104
307.91
307.91
307.926
308.014
308.001
308.014
308.104
307.91
307.91
307.926
308.014
308.001
308.014
308.104
307.91
307.91
307.926
308.001
308.014
308.014
307.734
307.789
307.548
307.806
307.652
307.631
307.892
307.394
307.436
307.436
307.69
307.539
307.29
307.539
307.734
307.789
307.548
307.806
307.652
307.631
307.892
305.946
306.37
306.298
306.298
306.196
306.196
306.129
305.875
306.267
305.956
305.956
305.633
306.082
306.082
307.049
307.259
307.17
307.323
307.072
307.236
307.147
306.896
306.7
306.982
307.02
306.769
306.827
307.092
306.942
307.162
306.837
307.03
306.814
306.964
307.139
307.003
307.275
307.117
307.031
306.933
307.188
307.101
306.564
306.56
306.484
306.822
306.385
306.735
306.66
306.609
306.605
306.686
306.921
306.483
306.732
306.795
306.458
306.461
306.148
306.53
306.332
306.275
306.639
306.715
306.977
307.017
306.935
306.838
306.891
306.811
307.049
307.259
307.323
307.17
307.236
307.072
307.147
306.896
306.7
306.983
307.02
306.769
306.827
307.092
306.942
307.162
307.03
306.837
306.814
307.139
306.964
307.003
307.275
307.117
307.031
306.933
307.188
307.101
308.162
307.968
308.088
308.099
308.059
308.071
308.191
308.162
307.968
308.088
308.099
308.059
308.071
308.191
308.221
308.28
308.147
308.147
308.118
308.251
308.251
307.542
307.358
307.219
307.25
307.438
307.462
307.325
307.788
307.844
307.711
307.975
307.685
307.947
307.815
307.593
307.399
307.268
307.515
307.489
307.375
307.619
306.565
306.56
306.822
306.484
306.735
306.385
306.661
306.609
306.606
306.686
306.921
306.483
306.732
306.795
306.458
306.461
306.53
306.148
306.332
306.639
306.275
306.715
306.977
307.017
306.935
306.838
306.891
306.812
307.788
307.844
307.711
307.975
307.685
307.947
307.815
307.542
307.358
307.219
307.25
307.438
307.462
307.325
307.593
307.399
307.515
307.268
307.489
307.619
307.375
307.214
307.251
306.908
307.146
307.11
307.355
307.014
307.214
307.251
306.908
307.146
307.11
307.355
307.014
307.043
306.664
306.742
306.742
306.939
306.848
306.848
306.504
306.785
306.678
306.679
306.498
306.774
306.615
306.615
306.457
306.64
306.64
307.461
307.664
307.496
307.641
307.43
307.333
307.563
307.509
307.404
307.359
307.581
307.476
307.653
307.474
307.611
307.451
307.499
307.63
307.439
307.52
307.331
307.592
307.024
306.965
306.768
307.137
307.138
307.237
307.264
307.408
307.113
307.262
307.283
306.988
306.954
306.792
307.106
306.962
306.818
307.126
307.097
307.419
307.284
307.294
307.461
307.664
307.641
307.496
307.43
307.334
307.563
307.509
307.405
307.359
307.581
307.476
307.653
307.611
307.474
307.451
307.63
307.499
307.439
307.52
307.331
307.592
308.684
308.744
308.714
308.714
308.566
308.387
308.476
308.476
308.625
308.562
308.533
308.654
308.625
308.562
308.533
308.654
308.059
307.88
307.855
308.085
308.198
308.267
308.115
308.354
308.007
307.729
307.927
307.805
308.252
308.437
308.409
308.279
307.024
306.965
307.137
306.768
307.138
307.237
307.264
307.408
307.113
307.262
307.283
306.988
306.954
307.106
306.792
306.962
307.126
306.818
307.097
307.419
307.285
307.294
308.059
307.88
308.085
307.855
308.198
308.267
308.354
308.115
308.252
308.437
308.409
308.279
308.007
307.729
307.927
307.805
307.51
307.153
307.328
307.328
307.858
308.151
308.001
308.001
307.68
307.624
307.819
307.492
307.68
307.624
307.819
307.492
305.873
305.873
305.541
306.498
306.615
306.315
305.968
306.536
306.241
306.498
306.615
306.316
305.969
306.536
306.242
307.244
306.727
307.031
307.244
306.727
307.031
306.644
306.645
306.944
306.544
306.966
306.647
306.703
306.99
306.67
306.544
306.966
306.647
306.703
306.99
306.67
307.298
307.087
307.418
307.781
307.582
307.542
307.111
307.483
307.444
307.298
307.087
307.418
307.781
307.582
307.542
307.111
307.483
307.444
306.498
306.615
306.315
305.968
306.536
306.241
305.873
305.873
305.541
307.244
306.727
307.031
307.244
306.727
307.031
306.644
306.645
306.944
306.498
306.615
306.316
305.969
306.536
306.242
306.544
306.966
306.647
306.99
306.703
306.67
307.298
307.087
307.418
307.781
307.582
307.542
307.111
307.483
307.444
306.544
306.966
306.647
306.703
306.99
306.67
307.781
307.582
307.542
307.298
307.087
307.418
307.483
307.111
307.444
307.843
308.022
307.979
307.843
308.022
307.979
308.052
308.052
308.008
307.843
308.022
307.979
307.843
308.022
307.979
308.052
308.052
308.008
307.843
308.022
307.979
307.843
308.022
307.979
308.052
308.052
308.008
307.843
308.022
307.979
307.843
308.022
307.979
308.052
308.052
308.008
307.298
307.087
307.418
307.781
307.582
307.542
307.111
307.483
307.444
306.544
306.966
306.647
306.99
306.703
306.67
307.781
307.582
307.542
307.298
307.087
307.418
307.483
307.111
307.444
306.544
306.966
306.647
306.703
306.99
306.67
306.498
306.615
306.315
306.536
305.969
306.241
307.244
306.727
307.031
307.244
306.727
307.031
306.644
306.644
306.944
305.873
305.873
305.541
306.498
306.615
306.315
306.536
305.969
306.241
307.781
307.582
307.542
307.298
307.087
307.418
307.483
307.111
307.444
307.781
307.582
307.542
307.298
307.087
307.418
307.483
307.111
307.444
306.544
306.966
306.647
306.99
306.703
306.67
306.544
306.966
306.647
306.99
306.703
306.67
307.244
306.727
307.031
307.244
306.727
307.031
306.645
306.644
306.944
306.498
306.615
306.316
306.536
305.969
306.242
306.498
306.615
306.315
306.536
305.968
306.241
305.873
305.873
305.541
306.564
306.56
306.484
306.822
306.385
306.735
306.66
306.609
306.605
306.686
306.921
306.732
306.483
306.795
306.458
306.461
306.148
306.53
306.275
306.332
306.639
306.715
306.977
307.017
306.935
306.838
306.891
306.811
306.565
306.56
306.485
306.822
306.386
306.735
306.661
306.61
306.606
306.686
306.921
306.732
306.484
306.795
306.459
306.461
306.149
306.53
306.275
306.333
306.639
306.716
306.977
307.018
306.935
306.838
306.891
306.812
307.214
307.251
306.908
307.146
307.11
307.014
307.355
307.214
307.251
306.908
307.146
307.11
307.014
307.355
307.043
306.664
306.742
306.742
306.939
306.848
306.848
306.314
306.387
306.387
306.612
306.182
306.463
306.463
306.35
306.67
306.577
306.577
306.436
306.526
306.526
306.819
306.57
306.899
306.795
306.745
306.646
306.968
307.033
307.204
307.309
307.223
307.18
307.158
307.08
306.972
307.054
307.021
307.252
306.897
307.123
307.096
306.881
306.852
306.757
307.069
306.708
307.025
306.929
306.821
306.572
306.9
306.795
306.747
306.647
306.968
307.034
307.205
307.309
307.224
307.181
307.158
307.081
306.972
307.055
307.022
307.252
306.898
307.123
307.096
306.883
306.852
306.758
307.069
306.709
307.026
306.93
307.049
307.259
307.17
307.323
307.072
307.236
307.147
306.896
306.7
306.983
307.02
306.827
306.769
307.092
306.942
307.162
306.837
307.03
306.964
306.814
307.139
307.003
307.275
307.117
307.031
306.933
307.188
307.101
307.542
307.358
307.219
307.25
307.325
307.438
307.462
307.788
307.844
307.711
307.975
307.947
307.685
307.815
307.593
307.399
307.268
307.515
307.375
307.489
307.619
307.542
307.358
307.219
307.25
307.438
307.325
307.462
307.788
307.844
307.711
307.975
307.685
307.815
307.947
307.593
307.399
307.268
307.515
307.489
307.375
307.619
307.309
307.257
307.402
307.495
307.234
307.332
307.471
307.325
307.301
307.408
307.523
307.372
307.254
307.481
307.263
307.354
307.117
307.35
307.188
307.192
307.424
307.371
307.552
307.441
307.571
307.418
307.394
307.528
307.309
307.257
307.402
307.495
307.234
307.332
307.471
307.325
307.301
307.408
307.523
307.481
307.254
307.372
307.263
307.354
307.117
307.35
307.188
307.424
307.192
307.371
307.552
307.441
307.571
307.394
307.528
307.418
305.946
306.371
306.298
306.298
306.196
306.196
306.129
305.875
306.267
305.956
305.956
306.082
305.633
306.082
307.214
307.251
306.908
307.146
307.014
307.11
307.355
307.214
307.251
306.908
307.146
307.355
307.11
307.014
307.043
306.664
306.742
306.742
306.848
306.939
306.848
306.565
306.56
306.485
306.822
306.386
306.735
306.661
306.61
306.606
306.686
306.921
306.484
306.795
306.732
306.459
306.461
306.149
306.53
306.333
306.275
306.639
306.716
306.977
307.018
306.935
306.891
306.812
306.838
306.819
306.57
306.899
306.795
306.745
306.646
306.968
307.033
307.204
307.309
307.223
307.08
307.158
307.18
306.972
307.054
307.021
307.252
306.897
307.096
307.123
306.881
306.852
306.757
307.069
306.929
306.708
307.025
306.314
306.387
306.387
306.612
306.182
306.463
306.463
306.35
306.67
306.577
306.577
306.526
306.526
306.436
306.821
306.572
306.9
306.795
306.747
306.647
306.968
307.034
307.205
307.309
307.224
307.181
307.158
307.081
306.972
307.055
307.022
307.252
306.898
307.123
307.096
306.883
306.852
306.758
307.069
306.709
307.026
306.93
307.542
307.358
307.219
307.25
307.325
307.438
307.462
307.788
307.844
307.711
307.975
307.947
307.685
307.815
307.593
307.399
307.268
307.515
307.375
307.489
307.619
307.049
307.259
307.17
307.323
307.072
307.236
307.147
306.896
306.7
306.983
307.02
306.827
306.769
307.092
306.942
307.162
306.837
307.03
306.964
306.814
307.139
307.003
307.275
307.117
307.031
306.933
307.188
307.101
307.788
307.844
307.711
307.975
307.685
307.815
307.947
307.542
307.358
307.219
307.25
307.438
307.325
307.462
307.593
307.399
307.515
307.268
307.489
307.619
307.375
307.309
307.402
307.257
307.495
307.234
307.471
307.332
307.325
307.301
307.408
307.523
307.372
307.254
307.481
307.263
307.354
307.117
307.35
307.188
307.192
307.424
307.371
307.552
307.571
307.441
307.418
307.528
307.394
307.309
307.257
307.402
307.495
307.234
307.332
307.471
307.325
307.301
307.408
307.523
307.481
307.254
307.372
307.263
307.354
307.117
307.35
307.188
307.424
307.192
307.371
307.552
307.441
307.571
307.394
307.528
307.418
308.162
307.968
308.088
308.099
308.191
308.059
308.071
308.162
307.968
308.088
308.099
308.071
308.059
308.191
308.221
308.28
308.147
308.147
308.251
308.118
308.251
308.162
307.968
308.088
308.099
308.191
308.059
308.071
308.162
307.968
308.088
308.099
308.071
308.059
308.191
308.221
308.28
308.147
308.147
308.251
308.118
308.251
308.162
307.968
308.088
308.099
308.059
308.191
308.071
308.162
307.968
308.088
308.099
308.059
308.191
308.071
308.221
308.28
308.147
308.147
308.118
308.251
308.251
307.049
307.259
307.323
307.17
307.236
307.072
307.147
306.896
306.7
306.983
307.02
307.092
306.769
306.827
306.942
307.162
307.03
306.837
307.139
306.814
306.964
307.003
307.275
307.117
307.031
307.188
306.933
307.101
307.788
307.844
307.711
307.975
307.815
307.685
307.947
307.542
307.358
307.219
307.25
307.462
307.438
307.325
307.593
307.399
307.515
307.268
307.619
307.489
307.375
307.049
307.259
307.17
307.323
307.072
307.236
307.147
306.896
306.7
306.983
307.02
306.769
307.092
306.827
306.942
307.162
306.837
307.03
306.814
306.964
307.139
307.003
307.275
307.117
307.031
307.188
307.101
306.933
307.309
307.402
307.257
307.495
307.234
307.471
307.332
307.325
307.301
307.408
307.523
307.254
307.481
307.372
307.263
307.354
307.117
307.35
307.192
307.188
307.424
307.371
307.552
307.571
307.441
307.528
307.394
307.418
307.309
307.257
307.402
307.495
307.234
307.332
307.471
307.325
307.301
307.408
307.523
307.481
307.254
307.372
307.263
307.354
307.117
307.35
307.188
307.424
307.192
307.371
307.552
307.441
307.571
307.394
307.528
307.418
307.214
307.251
306.908
307.146
307.014
307.11
307.355
307.214
307.251
306.908
307.146
307.355
307.11
307.014
307.043
306.664
306.742
306.742
306.848
306.939
306.848
305.946
306.371
306.298
306.298
306.196
306.196
306.129
305.875
306.267
305.956
305.956
306.082
305.633
306.082
306.565
306.56
306.822
306.484
306.735
306.386
306.661
306.609
306.606
306.686
306.921
306.483
306.795
306.732
306.458
306.461
306.53
306.148
306.332
306.639
306.275
306.715
306.977
307.017
306.935
306.891
306.812
306.838
306.82
306.9
306.571
306.795
306.746
306.968
306.646
307.034
307.205
307.309
307.223
307.08
307.158
307.18
306.972
307.055
307.021
307.252
306.898
307.096
307.123
306.882
306.852
307.069
306.758
306.929
307.026
306.709
306.314
306.387
306.387
306.612
306.182
306.463
306.463
306.35
306.67
306.577
306.577
306.526
306.526
306.436
306.82
306.899
306.571
306.795
306.746
306.968
306.646
307.034
307.205
307.309
307.223
307.18
307.158
307.08
306.972
307.055
307.021
307.252
306.898
307.123
307.096
306.882
306.852
307.069
306.758
307.026
306.709
306.929
307.788
307.844
307.711
307.975
307.815
307.685
307.947
307.542
307.358
307.219
307.25
307.462
307.438
307.325
307.593
307.399
307.515
307.268
307.619
307.489
307.375
307.049
307.259
307.323
307.17
307.236
307.072
307.147
306.896
306.7
306.983
307.02
307.092
306.769
306.827
306.942
307.162
307.03
306.837
307.139
306.814
306.964
307.003
307.275
307.117
307.031
307.188
306.933
307.101
307.049
307.259
307.323
307.17
307.236
307.072
307.147
306.896
306.7
306.983
307.02
306.769
307.092
306.827
306.942
307.162
307.03
306.837
306.814
307.139
306.964
307.003
307.275
307.117
307.031
307.188
307.101
306.933
307.309
307.402
307.257
307.495
307.234
307.471
307.332
307.325
307.301
307.408
307.523
307.254
307.481
307.372
307.263
307.354
307.117
307.35
307.192
307.188
307.424
307.371
307.552
307.571
307.441
307.528
307.394
307.418
307.309
307.402
307.257
307.495
307.234
307.471
307.332
307.325
307.301
307.408
307.523
307.481
307.254
307.372
307.263
307.354
307.117
307.35
307.188
307.424
307.192
307.371
307.552
307.571
307.441
307.528
307.394
307.418
306.565
306.56
306.822
306.485
306.735
306.386
306.661
306.609
306.606
306.686
306.921
306.795
306.484
306.732
306.459
306.461
306.53
306.148
306.639
306.333
306.275
306.716
306.977
307.018
306.935
306.891
306.838
306.812
306.564
306.56
306.822
306.484
306.735
306.385
306.66
306.609
306.605
306.686
306.921
306.795
306.483
306.732
306.458
306.461
306.53
306.148
306.639
306.332
306.275
306.715
306.977
307.017
306.935
306.891
306.838
306.811
305.946
306.371
306.298
306.298
306.196
306.196
306.129
305.875
306.267
305.956
305.956
305.633
306.082
306.082
306.821
306.9
306.572
306.795
306.747
306.968
306.647
307.034
307.205
307.309
307.224
307.158
307.181
307.081
306.972
307.055
307.022
307.252
307.096
306.898
307.123
306.883
306.852
307.069
306.758
307.026
306.709
306.93
306.819
306.899
306.57
306.795
306.745
306.968
306.646
307.033
307.205
307.309
307.223
307.158
307.18
307.08
306.972
307.054
307.021
307.252
307.096
306.897
307.123
306.881
306.852
307.069
306.757
307.025
306.708
306.929
306.314
306.387
306.387
306.612
306.182
306.463
306.463
306.35
306.67
306.577
306.577
306.526
306.526
306.436
307.024
306.965
306.768
307.137
307.138
307.237
307.264
307.408
307.262
307.113
307.283
306.988
306.954
306.792
307.106
306.818
306.962
307.126
307.097
307.419
307.284
307.294
307.024
306.965
306.768
307.137
307.138
307.237
307.264
307.408
307.262
307.113
307.283
306.988
306.954
306.792
307.106
306.818
306.963
307.126
307.097
307.419
307.285
307.294
307.51
307.153
307.328
307.328
307.858
308.151
308.001
308.001
307.68
307.624
307.492
307.819
307.68
307.624
307.492
307.819
307.461
307.664
307.496
307.641
307.43
307.333
307.563
307.509
307.359
307.404
307.581
307.476
307.653
307.474
307.611
307.499
307.451
307.63
307.439
307.52
307.331
307.592
308.059
307.88
307.855
308.085
308.198
308.267
308.354
308.115
308.007
307.729
307.805
307.927
308.252
308.437
308.409
308.279
308.059
307.88
307.855
308.085
308.198
308.267
308.115
308.354
308.007
307.729
307.805
307.927
308.252
308.437
308.279
308.409
306.504
306.785
306.678
306.679
306.498
306.774
306.615
306.615
306.64
306.457
306.64
307.51
307.153
307.328
307.328
307.858
308.151
308.001
308.001
307.68
307.624
307.492
307.819
307.68
307.624
307.819
307.492
307.024
306.965
306.768
307.137
307.138
307.237
307.264
307.408
307.113
307.283
307.262
306.988
306.954
306.792
307.106
306.963
306.818
307.126
307.097
307.419
307.294
307.285
308.059
307.88
307.855
308.085
308.198
308.267
308.354
308.115
308.007
307.729
307.805
307.927
308.252
308.437
308.409
308.279
307.461
307.664
307.496
307.641
307.43
307.333
307.563
307.509
307.359
307.404
307.581
307.476
307.653
307.474
307.611
307.499
307.451
307.63
307.439
307.52
307.331
307.592
308.059
307.88
308.085
307.855
308.198
308.267
308.354
308.115
308.252
308.437
308.279
308.409
308.007
307.729
307.805
307.927
308.684
308.744
308.714
308.714
308.566
308.387
308.476
308.476
308.625
308.562
308.654
308.533
308.625
308.562
308.533
308.654
308.684
308.744
308.714
308.714
308.566
308.387
308.476
308.476
308.625
308.562
308.654
308.533
308.625
308.562
308.533
308.654
308.684
308.744
308.714
308.714
308.566
308.387
308.476
308.476
308.625
308.562
308.654
308.533
308.625
308.562
308.654
308.533
307.461
307.664
307.641
307.496
307.43
307.334
307.563
307.509
307.581
307.405
307.359
307.476
307.653
307.611
307.474
307.63
307.451
307.499
307.439
307.52
307.592
307.331
308.059
307.88
308.085
307.855
308.198
308.267
308.115
308.354
308.252
308.437
308.279
308.409
308.007
307.729
307.927
307.805
307.461
307.664
307.496
307.641
307.43
307.334
307.563
307.509
307.405
307.581
307.359
307.476
307.653
307.474
307.611
307.451
307.499
307.63
307.439
307.52
307.592
307.331
307.51
307.153
307.328
307.328
307.858
308.151
308.001
308.001
307.68
307.624
307.492
307.819
307.68
307.624
307.819
307.492
306.504
306.785
306.679
306.679
306.498
306.774
306.615
306.615
306.64
306.457
306.64
307.024
306.965
307.137
306.768
307.138
307.237
307.264
307.408
307.113
307.283
307.262
306.988
306.954
307.106
306.792
306.962
307.126
306.818
307.097
307.419
307.294
307.285
308.059
307.88
308.085
307.855
308.198
308.267
308.115
308.354
308.252
308.437
308.279
308.409
308.007
307.729
307.927
307.805
307.461
307.664
307.641
307.496
307.43
307.333
307.563
307.509
307.581
307.404
307.359
307.476
307.653
307.611
307.474
307.63
307.451
307.499
307.439
307.52
307.592
307.331
307.461
307.664
307.641
307.496
307.43
307.333
307.563
307.509
307.404
307.581
307.359
307.476
307.653
307.611
307.474
307.451
307.63
307.499
307.439
307.52
307.592
307.331
307.024
306.965
307.137
306.768
307.138
307.237
307.264
307.408
307.283
307.113
307.262
306.988
306.954
307.106
306.792
307.126
306.963
306.818
307.097
307.419
307.294
307.285
307.024
306.965
307.137
306.768
307.138
307.237
307.264
307.408
307.283
307.113
307.262
306.988
306.954
307.106
306.792
307.126
306.962
306.818
307.097
307.419
307.294
307.284
306.504
306.785
306.679
306.678
306.498
306.774
306.615
306.615
306.457
306.64
306.64
307.373
307.507
307.499
307.499
307.439
307.439
307.433
307.546
307.565
307.556
307.675
307.497
307.615
307.606
307.546
307.565
307.556
307.675
307.497
307.615
307.606
307.373
307.507
307.499
307.499
307.439
307.439
307.433
307.546
307.565
307.556
307.675
307.497
307.615
307.606
307.546
307.565
307.675
307.556
307.615
307.497
307.606
307.727
307.624
307.735
307.735
307.787
307.675
307.675
307.727
307.624
307.735
307.735
307.675
307.675
307.787
307.727
307.624
307.735
307.735
307.675
307.675
307.787
307.727
307.624
307.735
307.735
307.675
307.675
307.787
307.546
307.565
307.556
307.675
307.606
307.497
307.615
307.546
307.565
307.675
307.556
307.615
307.497
307.606
307.373
307.507
307.499
307.499
307.439
307.439
307.433
307.546
307.565
307.675
307.556
307.606
307.615
307.497
307.546
307.565
307.675
307.556
307.615
307.497
307.606
307.373
307.507
307.499
307.499
307.433
307.439
307.439
305.888
306.099
306.055
306.055
305.954
305.99
305.99
306.57
306.689
306.745
306.751
306.688
306.625
306.634
306.184
306.199
306.154
306.359
306.089
306.296
306.249
306.57
306.689
306.745
306.751
306.689
306.625
306.634
306.185
306.2
306.154
306.359
306.089
306.297
306.249
306.916
307.036
306.862
306.866
306.805
306.976
306.977
306.916
307.036
306.863
306.866
306.805
306.976
306.977
306.504
306.304
306.464
306.464
306.402
306.402
306.566
306.715
306.738
306.795
306.9
306.78
306.674
306.838
306.831
306.963
306.902
307.019
306.896
306.837
306.957
306.715
306.738
306.795
306.9
306.838
306.674
306.78
306.831
306.963
306.902
307.019
306.837
306.957
306.896
307.073
307.088
306.914
307.019
307.028
306.957
307.134
307.686
307.816
307.764
307.752
307.693
307.757
307.745
307.198
307.086
307.141
307.265
307.08
307.204
307.259
307.073
307.088
306.914
307.019
306.957
307.028
307.134
307.686
307.816
307.764
307.752
307.693
307.757
307.745
307.198
307.086
307.141
307.265
307.08
307.204
307.259
306.57
306.689
306.745
306.751
306.634
306.625
306.688
306.184
306.199
306.154
306.359
306.249
306.089
306.296
305.888
306.099
306.055
306.055
305.99
305.99
305.954
306.916
307.036
306.862
306.866
306.976
306.805
306.977
306.916
307.036
306.863
306.866
306.805
306.976
306.977
306.504
306.304
306.464
306.464
306.402
306.402
306.566
306.57
306.689
306.745
306.751
306.689
306.625
306.634
306.185
306.2
306.154
306.359
306.089
306.297
306.249
306.715
306.738
306.795
306.9
306.78
306.674
306.838
306.831
306.963
307.019
306.902
306.896
306.957
306.837
307.073
307.089
306.914
307.019
307.028
306.958
307.134
307.686
307.816
307.764
307.752
307.693
307.757
307.745
307.198
307.086
307.141
307.265
307.08
307.204
307.259
306.715
306.738
306.795
306.9
306.838
306.674
306.78
306.831
306.963
306.902
307.019
306.837
306.957
306.896
307.686
307.816
307.764
307.752
307.693
307.757
307.745
307.073
307.088
306.914
307.019
306.958
307.028
307.134
307.198
307.086
307.265
307.141
307.204
307.08
307.259
307.872
307.878
307.826
307.939
307.932
307.818
307.879
307.872
307.878
307.826
307.939
307.932
307.818
307.879
308.022
308.037
308.089
308.089
308.082
308.029
308.029
307.872
307.878
307.826
307.939
307.818
307.879
307.932
307.872
307.878
307.826
307.939
307.879
307.818
307.932
308.022
308.037
308.089
308.089
308.029
308.029
308.082
307.872
307.878
307.826
307.939
307.818
307.879
307.932
307.872
307.878
307.826
307.939
307.879
307.818
307.932
308.022
308.037
308.089
308.089
308.029
308.029
308.082
307.872
307.878
307.826
307.939
307.879
307.818
307.932
307.872
307.878
307.826
307.939
307.879
307.818
307.932
308.022
308.037
308.089
308.089
308.029
308.029
308.082
307.073
307.089
306.914
307.019
307.134
307.028
306.958
307.686
307.816
307.764
307.752
307.745
307.757
307.693
307.198
307.086
307.141
307.265
307.259
307.08
307.204
306.715
306.738
306.795
306.9
306.674
306.838
306.78
306.831
306.963
307.019
306.902
306.957
306.837
306.896
307.686
307.816
307.764
307.752
307.757
307.693
307.745
307.073
307.089
306.914
307.019
306.958
307.028
307.134
307.198
307.086
307.265
307.141
307.204
307.08
307.259
306.715
306.738
306.795
306.9
306.838
306.674
306.78
306.831
306.963
306.902
307.019
306.837
306.957
306.896
306.57
306.689
306.745
306.751
306.634
306.625
306.689
306.184
306.199
306.359
306.154
306.249
306.297
306.089
306.916
307.036
306.862
306.866
306.976
306.805
306.977
306.916
307.036
306.862
306.866
306.805
306.976
306.977
306.504
306.304
306.464
306.464
306.402
306.402
306.566
305.888
306.099
306.055
306.055
305.99
305.99
305.954
306.57
306.689
306.745
306.751
306.689
306.625
306.634
306.184
306.199
306.359
306.154
306.297
306.089
306.249
307.686
307.816
307.764
307.752
307.745
307.757
307.693
307.073
307.088
306.914
307.019
307.134
307.028
306.957
307.198
307.086
307.265
307.141
307.259
307.204
307.08
307.686
307.816
307.764
307.752
307.757
307.693
307.745
307.073
307.088
306.914
307.019
306.957
307.028
307.134
307.198
307.086
307.265
307.141
307.204
307.08
307.259
306.715
306.738
306.795
306.9
306.674
306.838
306.78
306.831
306.963
307.019
306.902
306.957
306.837
306.896
306.715
306.738
306.795
306.9
306.838
306.674
306.78
306.831
306.963
307.019
306.902
306.957
306.837
306.896
306.916
307.036
306.863
306.866
306.977
306.976
306.805
306.916
307.036
306.862
306.866
306.977
306.976
306.805
306.504
306.304
306.464
306.464
306.566
306.402
306.402
306.57
306.689
306.745
306.751
306.625
306.689
306.634
306.185
306.2
306.359
306.154
306.297
306.089
306.249
306.57
306.689
306.745
306.751
306.625
306.688
306.634
306.184
306.199
306.359
306.154
306.296
306.089
306.249
305.888
306.099
306.055
306.055
305.99
305.99
305.954
307.298
307.422
307.278
307.274
307.363
307.357
307.214
307.298
307.422
307.278
307.274
307.363
307.357
307.214
307.225
307.061
307.201
307.201
307.284
307.142
307.142
307.469
307.479
307.334
307.441
307.42
307.528
307.382
307.589
307.718
307.694
307.683
307.659
307.649
307.624
307.51
307.456
307.482
307.604
307.57
307.422
307.545
307.469
307.479
307.334
307.441
307.42
307.528
307.382
307.589
307.718
307.694
307.683
307.659
307.649
307.624
307.51
307.456
307.482
307.604
307.57
307.422
307.545
307.298
307.422
307.278
307.274
307.363
307.357
307.214
307.298
307.422
307.278
307.274
307.363
307.357
307.214
307.225
307.061
307.201
307.201
307.284
307.142
307.142
307.469
307.479
307.334
307.441
307.42
307.528
307.382
307.589
307.718
307.694
307.683
307.659
307.649
307.624
307.51
307.456
307.482
307.604
307.57
307.422
307.545
307.589
307.718
307.694
307.683
307.659
307.649
307.624
307.469
307.479
307.334
307.441
307.42
307.528
307.382
307.51
307.456
307.604
307.482
307.57
307.545
307.422
307.771
307.778
307.867
307.755
307.831
307.719
307.808
307.771
307.778
307.867
307.755
307.831
307.719
307.808
307.816
307.89
307.912
307.912
307.876
307.853
307.853
307.771
307.778
307.755
307.867
307.719
307.831
307.808
307.771
307.778
307.755
307.867
307.719
307.831
307.808
307.816
307.89
307.912
307.912
307.876
307.853
307.853
307.771
307.778
307.755
307.867
307.719
307.831
307.808
307.771
307.778
307.755
307.867
307.719
307.831
307.808
307.816
307.89
307.912
307.912
307.876
307.853
307.853
307.771
307.778
307.755
307.867
307.719
307.831
307.808
307.771
307.778
307.755
307.867
307.719
307.831
307.808
307.816
307.89
307.912
307.912
307.876
307.853
307.853
307.469
307.479
307.441
307.334
307.528
307.42
307.382
307.589
307.718
307.683
307.694
307.649
307.659
307.624
307.51
307.456
307.482
307.604
307.57
307.422
307.545
307.589
307.718
307.694
307.683
307.659
307.649
307.624
307.469
307.479
307.334
307.441
307.42
307.528
307.382
307.51
307.456
307.604
307.482
307.57
307.545
307.422
307.298
307.422
307.278
307.274
307.363
307.357
307.214
307.298
307.422
307.278
307.274
307.363
307.357
307.214
307.225
307.061
307.201
307.201
307.284
307.142
307.142
307.589
307.718
307.683
307.694
307.649
307.659
307.624
307.469
307.479
307.441
307.334
307.528
307.42
307.382
307.51
307.456
307.604
307.482
307.57
307.545
307.422
307.589
307.718
307.694
307.683
307.659
307.649
307.624
307.469
307.479
307.334
307.441
307.42
307.528
307.382
307.51
307.456
307.604
307.482
307.57
307.545
307.422
307.298
307.422
307.274
307.278
307.357
307.363
307.214
307.298
307.422
307.274
307.278
307.357
307.363
307.214
307.225
307.061
307.201
307.201
307.284
307.142
307.142
306.136
306.023
306.023
306.011
306.081
306.082
306.082
306.188
306.073
306.189
306.189
306.137
306.137
306.236
305.963
305.8
305.961
305.961
306.024
305.895
305.895
305.9
305.719
305.752
305.752
305.826
305.826
305.833
306.58
306.538
306.538
306.508
306.575
306.541
306.541
306.644
306.6
306.709
306.681
306.64
306.603
306.715
306.644
306.6
306.709
306.681
306.64
306.603
306.715
306.558
306.488
306.532
306.532
306.568
306.523
306.523
306.545
306.474
306.494
306.494
306.511
306.511
306.529
307.523
307.479
307.502
307.465
307.518
307.483
307.506
307.535
307.49
307.536
307.5
307.53
307.494
307.54
307.454
307.409
307.476
307.442
307.481
307.45
307.413
307.416
307.374
307.372
307.335
307.411
307.377
307.377
306.986
306.942
307.055
307.027
306.982
306.946
307.061
306.894
306.859
306.809
306.772
306.889
306.861
306.812
307.206
307.168
307.139
307.101
307.142
307.201
307.171
307.273
307.228
307.319
307.288
307.269
307.232
307.324
307.523
307.502
307.479
307.465
307.518
307.506
307.483
307.535
307.49
307.536
307.5
307.53
307.494
307.54
307.454
307.409
307.476
307.442
307.481
307.45
307.413
307.416
307.374
307.373
307.335
307.411
307.378
307.377
306.986
307.055
306.942
307.027
306.983
307.061
306.946
306.894
306.859
306.809
306.772
306.889
306.861
306.812
307.207
307.168
307.139
307.102
307.142
307.201
307.171
307.273
307.228
307.319
307.288
307.269
307.232
307.325
305.78
305.942
305.776
305.797
305.848
305.701
305.875
305.78
305.943
305.776
305.797
305.848
305.701
305.875
305.693
305.439
305.678
305.678
305.764
305.598
305.598
306.451
306.572
306.422
306.444
306.369
306.505
306.518
306.507
306.687
306.553
306.502
306.438
306.625
306.571
306.39
306.24
306.384
306.388
306.308
306.321
306.457
306.068
306.04
305.894
306.064
305.973
305.989
306.135
306.276
306.45
306.474
306.424
306.36
306.388
306.34
306.161
306.165
306.156
306.312
306.082
306.245
306.228
306.451
306.572
306.422
306.444
306.369
306.505
306.518
306.507
306.687
306.553
306.502
306.438
306.625
306.572
306.39
306.241
306.384
306.388
306.308
306.322
306.457
306.069
306.04
305.895
306.065
305.974
305.989
306.136
306.276
306.45
306.474
306.424
306.36
306.388
306.34
306.162
306.166
306.157
306.313
306.083
306.246
306.229
307.022
307.143
307.184
307.181
307.122
307.083
307.082
306.849
306.8
306.666
306.834
306.739
306.773
306.91
306.952
306.971
307.11
306.935
307.051
306.875
307.012
307.022
307.143
307.184
307.181
307.122
307.083
307.082
306.849
306.8
306.666
306.834
306.739
306.773
306.91
306.952
306.971
307.11
306.935
307.051
306.875
307.012
306.599
306.557
306.583
306.75
306.496
306.689
306.66
306.599
306.557
306.583
306.75
306.496
306.689
306.66
306.698
306.884
306.85
306.85
306.79
306.79
306.758
306.593
306.619
306.585
306.468
306.509
306.66
306.552
306.75
306.936
306.844
306.904
306.815
306.779
306.874
306.628
306.571
306.619
306.724
306.543
306.695
306.656
306.707
306.78
306.697
306.627
306.774
306.621
306.712
306.82
307.008
306.867
306.927
306.885
306.803
306.945
306.696
306.593
306.686
306.746
306.763
306.61
306.679
306.593
306.619
306.468
306.585
306.509
306.552
306.66
306.75
306.936
306.904
306.844
306.779
306.874
306.815
306.628
306.571
306.619
306.724
306.543
306.656
306.695
306.707
306.78
306.627
306.697
306.712
306.621
306.774
306.82
307.008
306.927
306.867
306.803
306.945
306.885
306.696
306.593
306.686
306.746
306.61
306.679
306.763
307.182
307.196
307.238
307.345
307.285
307.136
307.242
307.111
307.056
307.025
307.203
306.995
307.142
307.172
307.221
307.358
307.385
307.314
307.325
307.253
307.281
307.672
307.802
307.722
307.711
307.651
307.743
307.731
307.605
307.672
307.522
307.575
307.516
307.612
307.665
307.592
307.483
307.631
307.562
307.572
307.502
307.651
307.186
307.129
307.05
307.228
307.068
307.167
307.247
307.31
307.377
307.423
307.476
307.416
307.317
307.37
307.298
307.384
307.339
307.463
307.279
307.403
307.358
307.182
307.196
307.238
307.345
307.285
307.136
307.242
307.111
307.056
307.025
307.203
306.995
307.142
307.172
307.221
307.358
307.385
307.314
307.325
307.253
307.281
307.672
307.802
307.722
307.711
307.651
307.743
307.731
307.605
307.672
307.522
307.575
307.612
307.516
307.665
307.592
307.483
307.631
307.562
307.572
307.502
307.651
307.186
307.129
307.05
307.228
307.068
307.167
307.247
307.31
307.377
307.423
307.476
307.317
307.416
307.37
307.298
307.384
307.339
307.463
307.279
307.403
307.358
306.451
306.572
306.444
306.422
306.369
306.518
306.505
306.507
306.687
306.502
306.553
306.571
306.438
306.625
306.39
306.24
306.384
306.388
306.308
306.457
306.321
306.068
306.04
306.064
305.894
306.135
305.989
305.973
306.276
306.45
306.424
306.474
306.34
306.36
306.388
306.161
306.165
306.156
306.312
306.228
306.082
306.245
305.78
305.942
305.797
305.776
305.875
305.701
305.848
305.78
305.943
305.797
305.776
305.701
305.875
305.848
305.693
305.439
305.678
305.678
305.598
305.598
305.764
307.022
307.143
307.184
307.181
307.122
307.083
307.082
306.849
306.8
306.666
306.834
306.739
306.773
306.91
306.952
306.971
307.11
306.935
307.051
306.875
307.012
307.022
307.143
307.184
307.181
307.122
307.083
307.082
306.849
306.8
306.666
306.834
306.773
306.739
306.91
306.952
306.971
307.11
306.935
307.051
306.875
307.012
306.599
306.557
306.583
306.75
306.496
306.689
306.66
306.599
306.557
306.583
306.75
306.689
306.496
306.66
306.698
306.884
306.85
306.85
306.79
306.79
306.758
306.451
306.572
306.422
306.444
306.369
306.505
306.518
306.507
306.687
306.553
306.502
306.625
306.438
306.572
306.39
306.241
306.384
306.388
306.308
306.322
306.457
306.069
306.04
305.895
306.065
305.974
305.989
306.136
306.276
306.45
306.474
306.424
306.388
306.36
306.34
306.162
306.166
306.157
306.313
306.083
306.246
306.229
306.593
306.62
306.585
306.469
306.509
306.66
306.552
306.75
306.936
306.844
306.904
306.815
306.779
306.874
306.628
306.571
306.619
306.724
306.543
306.695
306.656
306.82
307.008
306.867
306.927
306.885
306.803
306.945
306.707
306.78
306.697
306.627
306.775
306.621
306.712
306.696
306.593
306.746
306.686
306.763
306.679
306.61
307.182
307.196
307.238
307.345
307.285
307.136
307.242
307.111
307.056
307.025
307.203
306.995
307.142
307.172
307.221
307.358
307.385
307.314
307.325
307.253
307.281
307.672
307.802
307.722
307.711
307.651
307.743
307.731
307.605
307.672
307.522
307.575
307.516
307.612
307.665
307.592
307.483
307.631
307.562
307.572
307.502
307.651
307.186
307.129
307.05
307.228
307.068
307.167
307.247
307.31
307.377
307.423
307.476
307.416
307.317
307.37
307.298
307.384
307.339
307.463
307.279
307.403
307.358
306.593
306.619
306.469
306.585
306.509
306.552
306.66
306.75
306.936
306.904
306.844
306.779
306.874
306.815
306.628
306.571
306.619
306.724
306.543
306.656
306.695
306.707
306.78
306.627
306.697
306.712
306.621
306.774
306.82
307.008
306.927
306.867
306.803
306.945
306.885
306.696
306.593
306.686
306.746
306.61
306.679
306.763
307.672
307.802
307.722
307.711
307.651
307.743
307.731
307.605
307.672
307.522
307.575
307.612
307.516
307.665
307.592
307.483
307.631
307.562
307.572
307.502
307.651
307.182
307.196
307.238
307.345
307.285
307.136
307.242
307.111
307.056
307.025
307.203
306.995
307.142
307.172
307.221
307.358
307.385
307.314
307.325
307.253
307.281
307.31
307.377
307.423
307.476
307.317
307.416
307.37
307.186
307.129
307.05
307.228
307.068
307.167
307.247
307.298
307.384
307.463
307.339
307.403
307.279
307.358
307.858
307.864
307.896
307.783
307.836
307.917
307.804
307.918
307.985
308.015
307.963
307.977
307.955
307.925
307.903
307.919
307.941
308
307.882
307.963
307.941
307.858
307.864
307.896
307.783
307.836
307.917
307.804
307.918
307.985
308.015
307.963
307.977
307.955
307.925
307.903
307.919
307.941
308
307.882
307.963
307.941
308.007
308.074
308.045
307.992
308.067
307.985
308.015
308.007
308.074
308.045
307.992
308.067
307.985
308.015
307.992
307.948
308.03
308.03
308.052
307.97
307.97
307.858
307.864
307.783
307.896
307.836
307.804
307.917
307.918
307.985
307.963
308.015
307.925
307.955
307.977
307.903
307.919
307.941
308
307.882
307.941
307.963
307.858
307.864
307.783
307.896
307.836
307.804
307.917
307.918
307.985
307.963
308.015
307.955
307.925
307.977
307.903
307.919
307.941
308
307.882
307.941
307.963
308.007
308.074
307.992
308.045
308.015
307.985
308.067
308.007
308.074
307.992
308.045
307.985
308.015
308.067
307.992
307.948
308.03
308.03
307.97
307.97
308.052
307.858
307.864
307.783
307.896
307.836
307.804
307.917
307.918
307.985
307.963
308.015
307.925
307.955
307.977
307.903
307.919
307.941
308
307.882
307.941
307.963
307.858
307.864
307.783
307.896
307.836
307.804
307.917
307.918
307.985
307.963
308.015
307.955
307.925
307.977
307.903
307.919
307.941
308
307.882
307.941
307.963
308.007
308.074
307.992
308.045
308.015
307.985
308.067
308.007
308.074
307.992
308.045
307.985
308.015
308.067
307.992
307.948
308.03
308.03
307.97
307.97
308.052
307.858
307.864
307.783
307.896
307.836
307.804
307.917
307.918
307.985
307.963
308.015
307.925
307.955
307.977
307.903
307.919
307.941
308
307.882
307.941
307.963
307.858
307.864
307.783
307.896
307.836
307.804
307.917
307.918
307.985
307.963
308.015
307.925
307.955
307.977
307.903
307.919
307.941
308
307.882
307.941
307.963
308.007
308.074
307.992
308.045
308.015
307.985
308.067
308.007
308.074
307.992
308.045
308.015
307.985
308.067
307.992
307.948
308.03
308.03
307.97
307.97
308.052
307.182
307.196
307.345
307.238
307.285
307.242
307.136
307.111
307.056
307.203
307.025
307.172
307.142
306.995
307.221
307.358
307.385
307.314
307.325
307.281
307.253
307.672
307.802
307.711
307.722
307.651
307.731
307.743
307.605
307.672
307.575
307.522
307.665
307.516
307.612
307.592
307.483
307.631
307.562
307.572
307.651
307.502
307.186
307.129
307.228
307.05
307.247
307.167
307.068
307.31
307.377
307.476
307.423
307.37
307.416
307.317
307.298
307.384
307.339
307.463
307.358
307.279
307.403
306.593
306.62
306.469
306.585
306.509
306.552
306.66
306.75
306.936
306.904
306.844
306.874
306.779
306.815
306.628
306.571
306.619
306.724
306.543
306.656
306.695
306.82
307.008
306.927
306.867
306.945
306.803
306.885
306.707
306.78
306.627
306.697
306.621
306.713
306.775
306.696
306.593
306.746
306.686
306.679
306.61
306.763
307.672
307.802
307.722
307.711
307.651
307.743
307.731
307.605
307.672
307.522
307.575
307.612
307.516
307.665
307.592
307.483
307.631
307.562
307.572
307.502
307.651
307.182
307.196
307.238
307.345
307.285
307.136
307.242
307.111
307.056
307.025
307.203
307.142
306.995
307.172
307.221
307.358
307.385
307.314
307.325
307.253
307.281
307.31
307.377
307.423
307.476
307.317
307.416
307.37
307.186
307.129
307.05
307.228
307.167
307.068
307.247
307.298
307.384
307.463
307.339
307.403
307.279
307.358
306.593
306.62
306.469
306.585
306.509
306.552
306.66
306.75
306.936
306.904
306.844
306.874
306.779
306.815
306.628
306.571
306.619
306.724
306.543
306.656
306.695
306.707
306.78
306.627
306.697
306.713
306.621
306.775
306.82
307.008
306.927
306.867
306.945
306.803
306.885
306.696
306.593
306.686
306.746
306.61
306.679
306.763
306.451
306.572
306.444
306.422
306.369
306.518
306.505
306.507
306.687
306.502
306.553
306.572
306.438
306.625
306.39
306.241
306.384
306.388
306.308
306.457
306.321
306.276
306.45
306.424
306.474
306.34
306.36
306.388
306.069
306.04
306.064
305.894
306.135
305.989
305.973
306.162
306.166
306.312
306.157
306.228
306.246
306.082
307.022
307.143
307.184
307.181
307.122
307.083
307.082
306.849
306.8
306.666
306.834
306.739
306.773
306.91
306.952
306.971
307.11
306.935
307.051
306.875
307.012
307.022
307.143
307.184
307.181
307.122
307.083
307.082
306.849
306.8
306.666
306.834
306.773
306.739
306.91
306.952
306.971
307.11
306.935
307.051
306.875
307.012
306.599
306.557
306.583
306.75
306.496
306.689
306.66
306.599
306.557
306.583
306.75
306.689
306.496
306.66
306.698
306.884
306.85
306.85
306.79
306.79
306.758
305.78
305.943
305.797
305.776
305.875
305.701
305.848
305.78
305.943
305.797
305.776
305.701
305.875
305.848
305.693
305.439
305.678
305.678
305.598
305.598
305.764
306.451
306.572
306.422
306.444
306.369
306.505
306.518
306.507
306.687
306.553
306.502
306.625
306.438
306.572
306.39
306.241
306.384
306.388
306.308
306.321
306.457
306.276
306.45
306.474
306.424
306.388
306.36
306.34
306.069
306.04
305.895
306.065
305.973
305.989
306.135
306.162
306.166
306.312
306.157
306.246
306.082
306.228
307.672
307.802
307.711
307.722
307.651
307.731
307.743
307.605
307.672
307.575
307.522
307.665
307.516
307.612
307.592
307.483
307.631
307.562
307.572
307.651
307.502
307.182
307.196
307.345
307.238
307.285
307.242
307.136
307.111
307.056
307.203
307.025
307.172
307.142
306.995
307.221
307.358
307.385
307.314
307.325
307.281
307.253
307.31
307.377
307.476
307.423
307.37
307.416
307.317
307.186
307.129
307.228
307.05
307.247
307.167
307.068
307.298
307.384
307.463
307.339
307.358
307.403
307.279
307.672
307.802
307.722
307.711
307.651
307.743
307.731
307.605
307.672
307.522
307.575
307.612
307.516
307.665
307.592
307.483
307.631
307.562
307.572
307.502
307.651
307.182
307.196
307.238
307.345
307.285
307.136
307.242
307.111
307.056
307.025
307.203
307.142
306.995
307.172
307.221
307.358
307.385
307.314
307.325
307.253
307.281
307.31
307.377
307.423
307.476
307.317
307.416
307.37
307.186
307.129
307.05
307.228
307.167
307.068
307.247
307.298
307.384
307.463
307.339
307.403
307.279
307.358
306.593
306.619
306.469
306.585
306.509
306.552
306.66
306.75
306.936
306.904
306.844
306.874
306.779
306.815
306.628
306.571
306.619
306.724
306.543
306.656
306.695
306.82
307.008
306.927
306.867
306.945
306.803
306.885
306.707
306.78
306.627
306.697
306.621
306.712
306.774
306.696
306.593
306.746
306.686
306.679
306.61
306.763
306.593
306.619
306.468
306.585
306.509
306.552
306.66
306.75
306.936
306.904
306.844
306.874
306.779
306.815
306.628
306.571
306.619
306.724
306.543
306.656
306.695
306.82
307.008
306.927
306.867
306.945
306.803
306.885
306.707
306.78
306.627
306.697
306.712
306.621
306.774
306.696
306.593
306.746
306.686
306.679
306.61
306.763
307.022
307.143
307.181
307.184
307.122
307.082
307.083
306.849
306.8
306.834
306.666
306.91
306.773
306.739
306.952
306.971
307.11
306.935
307.051
307.012
306.875
307.022
307.143
307.181
307.184
307.122
307.082
307.083
306.849
306.8
306.834
306.666
306.91
306.773
306.739
306.952
306.971
307.11
306.935
307.051
307.012
306.875
306.599
306.557
306.75
306.583
306.66
306.689
306.496
306.599
306.557
306.75
306.583
306.66
306.689
306.496
306.698
306.884
306.85
306.85
306.758
306.79
306.79
306.451
306.572
306.422
306.444
306.369
306.505
306.518
306.507
306.687
306.553
306.502
306.625
306.438
306.572
306.39
306.241
306.384
306.388
306.308
306.322
306.457
306.276
306.45
306.474
306.424
306.388
306.36
306.34
306.069
306.04
305.895
306.065
305.989
305.974
306.136
306.162
306.166
306.313
306.157
306.246
306.083
306.229
306.451
306.572
306.422
306.444
306.369
306.505
306.518
306.507
306.687
306.553
306.502
306.625
306.438
306.571
306.39
306.24
306.384
306.388
306.308
306.321
306.457
306.276
306.45
306.474
306.424
306.388
306.36
306.34
306.068
306.04
305.894
306.064
305.989
305.973
306.135
306.161
306.165
306.312
306.156
306.245
306.082
306.228
305.78
305.943
305.797
305.776
305.875
305.701
305.848
305.78
305.943
305.797
305.776
305.875
305.701
305.848
305.693
305.439
305.678
305.678
305.598
305.598
305.764
306.363
306.274
306.36
306.36
306.322
306.322
306.399
306.324
306.23
306.236
306.236
306.282
306.282
306.282
306.461
306.383
306.393
306.393
306.431
306.424
306.424
306.487
306.411
306.475
306.475
306.509
306.451
306.451
306.136
306.023
306.023
306.011
306.081
306.082
306.082
306.188
306.073
306.189
306.189
306.137
306.137
306.236
305.963
305.961
305.8
305.961
306.024
305.895
305.895
305.9
305.719
305.752
305.752
305.833
305.826
305.826
306.363
306.274
306.36
306.36
306.322
306.322
306.399
306.324
306.23
306.236
306.236
306.282
306.282
306.282
306.461
306.393
306.393
306.383
306.431
306.424
306.424
306.487
306.411
306.475
306.475
306.451
306.451
306.509
306.136
306.023
306.023
306.011
306.081
306.082
306.082
306.188
306.073
306.189
306.189
306.137
306.137
306.236
305.963
305.961
305.8
305.961
306.024
305.895
305.895
305.9
305.719
305.752
305.752
305.833
305.826
305.826
306.363
306.274
306.36
306.36
306.322
306.322
306.399
306.324
306.23
306.236
306.236
306.282
306.282
306.282
306.461
306.393
306.393
306.383
306.431
306.424
306.424
306.487
306.411
306.475
306.475
306.451
306.451
306.509
306.136
306.023
306.023
306.011
306.081
306.082
306.082
306.188
306.073
306.189
306.189
306.137
306.137
306.236
305.963
305.8
305.961
305.961
306.024
305.895
305.895
305.9
305.719
305.752
305.752
305.833
305.826
305.826
306.363
306.274
306.36
306.36
306.322
306.322
306.399
306.324
306.23
306.236
306.236
306.282
306.282
306.282
306.461
306.393
306.393
306.383
306.431
306.424
306.424
306.487
306.411
306.475
306.475
306.451
306.451
306.509
306.986
306.942
307.055
307.027
306.982
306.946
307.061
306.894
306.859
306.809
306.772
306.812
306.889
306.861
307.206
307.168
307.139
307.101
307.142
307.201
307.171
307.273
307.228
307.319
307.288
307.324
307.269
307.232
306.986
306.942
307.056
307.027
306.983
306.946
307.061
306.895
306.859
306.809
306.773
306.813
306.889
306.862
307.207
307.168
307.139
307.102
307.142
307.201
307.171
307.273
307.228
307.319
307.288
307.325
307.269
307.232
307.523
307.479
307.502
307.465
307.518
307.483
307.506
307.535
307.49
307.536
307.5
307.54
307.53
307.494
307.454
307.409
307.476
307.442
307.481
307.45
307.413
307.416
307.374
307.372
307.335
307.377
307.411
307.377
306.58
306.538
306.538
306.508
306.575
306.541
306.541
306.644
306.6
306.709
306.681
306.715
306.64
306.603
306.644
306.6
306.709
306.681
306.64
306.603
306.715
306.558
306.532
306.488
306.532
306.568
306.523
306.523
306.545
306.474
306.494
306.494
306.529
306.511
306.511
306.986
306.942
307.056
307.027
306.983
306.946
307.061
306.895
306.859
306.809
306.773
306.813
306.889
306.862
307.207
307.139
307.102
307.168
307.142
307.201
307.171
307.273
307.228
307.319
307.288
307.269
307.232
307.325
307.523
307.479
307.502
307.465
307.518
307.483
307.506
307.535
307.49
307.536
307.5
307.54
307.53
307.494
307.454
307.409
307.476
307.442
307.481
307.45
307.413
307.416
307.374
307.373
307.335
307.377
307.411
307.378
307.523
307.502
307.479
307.465
307.518
307.506
307.483
307.535
307.49
307.536
307.5
307.53
307.494
307.54
307.454
307.476
307.409
307.442
307.481
307.45
307.413
307.416
307.374
307.373
307.335
307.377
307.411
307.378
307.523
307.479
307.502
307.465
307.518
307.483
307.506
307.535
307.49
307.536
307.5
307.54
307.53
307.494
307.454
307.476
307.442
307.409
307.481
307.45
307.413
307.416
307.374
307.373
307.335
307.411
307.378
307.377
306.58
306.538
306.538
306.508
306.575
306.541
306.541
306.644
306.6
306.709
306.681
306.715
306.64
306.603
306.644
306.6
306.709
306.681
306.64
306.603
306.715
306.558
306.532
306.488
306.532
306.568
306.523
306.523
306.545
306.474
306.494
306.494
306.529
306.511
306.511
306.986
307.055
306.942
307.027
306.983
307.061
306.946
306.894
306.859
306.809
306.772
306.812
306.889
306.861
307.207
307.139
307.102
307.168
307.142
307.201
307.171
307.273
307.228
307.319
307.288
307.269
307.232
307.325
307.523
307.502
307.479
307.465
307.518
307.506
307.483
307.535
307.49
307.536
307.5
307.53
307.494
307.54
307.454
307.476
307.409
307.442
307.481
307.45
307.413
307.416
307.374
307.373
307.335
307.377
307.411
307.378
307.523
307.502
307.479
307.465
307.518
307.506
307.483
307.535
307.49
307.536
307.5
307.54
307.53
307.494
307.454
307.476
307.442
307.409
307.481
307.45
307.413
307.416
307.374
307.372
307.335
307.411
307.377
307.377
306.986
307.056
306.942
307.027
306.983
307.061
306.946
306.895
306.859
306.809
306.773
306.889
306.862
306.813
307.207
307.139
307.168
307.102
307.142
307.201
307.171
307.273
307.228
307.319
307.288
307.325
307.269
307.232
306.986
307.055
306.942
307.027
306.982
307.061
306.946
306.894
306.859
306.809
306.772
306.889
306.861
306.812
307.206
307.139
307.168
307.101
307.142
307.201
307.171
307.273
307.228
307.319
307.288
307.325
307.269
307.232
306.58
306.538
306.538
306.508
306.575
306.541
306.541
306.644
306.6
306.709
306.681
306.715
306.64
306.603
306.644
306.6
306.709
306.681
306.715
306.64
306.603
306.558
306.488
306.532
306.532
306.568
306.523
306.523
306.545
306.474
306.494
306.494
306.529
306.511
306.511
308.546
308.309
308.528
308.528
308.426
308.426
308.648
308.546
308.309
308.528
308.528
308.426
308.426
308.648
308.546
308.309
308.528
308.528
308.426
308.426
308.648
308.546
308.309
308.528
308.528
308.426
308.426
308.648
)
;

boundaryField
{
    chip
    {
        type            zeroGradient;
    }
    chip_to_dbc_cu_top
    {
        type            compressible::turbulentTemperatureRadCoupledMixed;
        refValue        nonuniform List<scalar> 
1600
(
305.069
305.204
305.136
305.136
305.239
305.259
305.191
305.309
305.239
305.259
305.191
305.309
305.069
305.204
305.136
305.136
305.239
305.259
305.191
305.309
305.239
305.259
305.309
305.191
305.417
305.316
305.366
305.366
305.417
305.316
305.366
305.366
305.417
305.316
305.366
305.366
305.417
305.316
305.366
305.366
305.239
305.259
305.191
305.309
305.239
305.259
305.309
305.191
305.069
305.204
305.136
305.136
305.239
305.259
305.309
305.191
305.239
305.259
305.309
305.191
305.069
305.204
305.136
305.136
303.301
303.622
303.456
303.456
304.077
304.327
304.272
304.129
303.68
303.742
303.571
303.857
304.077
304.327
304.272
304.129
303.68
303.742
303.571
303.857
304.563
304.48
304.423
304.622
304.563
304.48
304.423
304.622
304.118
303.872
303.992
303.992
304.211
304.372
304.173
304.412
304.319
304.53
304.324
304.524
304.211
304.372
304.412
304.173
304.319
304.53
304.324
304.524
304.715
304.528
304.672
304.569
305.374
305.453
305.381
305.446
304.834
304.691
304.685
304.84
304.715
304.528
304.569
304.672
305.374
305.453
305.381
305.446
304.834
304.691
304.685
304.84
304.077
304.327
304.129
304.272
303.68
303.742
303.571
303.857
303.301
303.622
303.456
303.456
304.563
304.48
304.622
304.423
304.563
304.48
304.423
304.622
304.118
303.872
303.992
303.992
304.077
304.327
304.272
304.129
303.68
303.742
303.571
303.857
304.211
304.372
304.173
304.412
304.319
304.53
304.524
304.324
304.715
304.528
304.672
304.569
305.374
305.453
305.381
305.446
304.834
304.691
304.685
304.84
304.211
304.372
304.412
304.173
304.319
304.53
304.324
304.524
305.374
305.453
305.381
305.446
304.715
304.528
304.569
304.672
304.834
304.691
304.84
304.685
305.558
305.512
305.506
305.565
305.558
305.512
305.506
305.565
305.704
305.718
305.711
305.711
305.558
305.512
305.506
305.565
305.558
305.512
305.565
305.506
305.704
305.718
305.711
305.711
305.558
305.512
305.506
305.565
305.558
305.512
305.565
305.506
305.704
305.718
305.711
305.711
305.558
305.512
305.565
305.506
305.558
305.512
305.565
305.506
305.704
305.718
305.711
305.711
304.715
304.528
304.672
304.569
305.374
305.453
305.446
305.381
304.834
304.691
304.685
304.84
304.211
304.372
304.173
304.412
304.319
304.53
304.524
304.324
305.374
305.453
305.446
305.381
304.715
304.528
304.569
304.672
304.834
304.691
304.84
304.685
304.211
304.372
304.412
304.173
304.319
304.53
304.324
304.524
304.077
304.327
304.129
304.272
303.68
303.742
303.857
303.571
304.563
304.48
304.622
304.423
304.563
304.48
304.423
304.622
304.118
303.872
303.992
303.992
303.301
303.622
303.456
303.456
304.077
304.327
304.272
304.129
303.68
303.742
303.857
303.571
305.374
305.453
305.446
305.381
304.715
304.528
304.672
304.569
304.834
304.691
304.84
304.685
305.374
305.453
305.446
305.381
304.715
304.528
304.569
304.672
304.834
304.691
304.84
304.685
304.211
304.372
304.173
304.412
304.319
304.53
304.524
304.324
304.211
304.372
304.412
304.173
304.319
304.53
304.524
304.324
304.563
304.48
304.622
304.423
304.563
304.48
304.622
304.423
304.118
303.872
303.992
303.992
304.077
304.327
304.129
304.272
303.68
303.742
303.857
303.571
304.077
304.327
304.129
304.272
303.68
303.742
303.857
303.571
303.301
303.622
303.456
303.456
304.916
304.745
304.829
304.829
304.991
304.967
305.057
304.904
304.991
304.967
305.057
304.904
305.199
305.139
305.107
305.232
305.159
305.021
305.111
305.067
305.281
305.386
305.351
305.315
305.199
305.139
305.107
305.232
305.159
305.021
305.111
305.067
305.281
305.386
305.351
305.315
304.916
304.745
304.829
304.829
304.991
304.967
305.057
304.904
304.991
304.967
305.057
304.904
305.199
305.139
305.107
305.232
305.159
305.021
305.111
305.067
305.281
305.386
305.351
305.315
305.199
305.139
305.232
305.107
305.281
305.386
305.351
305.315
305.159
305.021
305.111
305.067
305.504
305.576
305.54
305.54
305.46
305.444
305.409
305.496
305.46
305.444
305.409
305.496
305.504
305.576
305.54
305.54
305.46
305.444
305.409
305.496
305.46
305.444
305.409
305.496
305.504
305.576
305.54
305.54
305.46
305.444
305.409
305.496
305.46
305.444
305.409
305.496
305.504
305.576
305.54
305.54
305.46
305.444
305.409
305.496
305.46
305.444
305.409
305.496
305.199
305.139
305.107
305.232
305.159
305.021
305.111
305.067
305.281
305.386
305.351
305.315
305.199
305.139
305.232
305.107
305.281
305.386
305.351
305.315
305.159
305.021
305.111
305.067
304.916
304.745
304.829
304.829
304.991
304.967
305.057
304.904
304.991
304.967
305.057
304.904
305.199
305.139
305.232
305.107
305.281
305.386
305.351
305.315
305.159
305.021
305.111
305.067
305.199
305.139
305.232
305.107
305.281
305.386
305.351
305.315
305.159
305.021
305.111
305.067
304.916
304.745
304.829
304.829
304.991
304.967
305.057
304.904
304.991
304.967
305.057
304.904
302.934
302.485
302.669
302.669
303.103
302.963
302.843
303.25
303.103
302.963
302.843
303.25
303.781
303.408
303.464
303.715
303.838
303.566
303.524
303.889
304.015
304.135
303.946
304.208
303.557
303.332
303.261
303.642
303.465
303.077
303.359
303.165
303.782
304.057
303.87
303.963
303.781
303.408
303.464
303.715
303.838
303.566
303.524
303.889
304.015
304.136
303.946
304.208
303.557
303.332
303.261
303.642
303.465
303.077
303.36
303.165
303.782
304.057
303.87
303.963
304.621
304.65
304.733
304.541
304.693
304.868
304.806
304.753
304.495
304.282
304.357
304.417
304.621
304.65
304.733
304.541
304.693
304.868
304.806
304.753
304.495
304.282
304.357
304.418
304.35
304.56
304.453
304.453
304.23
304.198
304.102
304.331
304.23
304.198
304.102
304.331
303.998
303.696
303.674
304.024
303.968
303.61
303.642
303.93
304.244
304.475
304.271
304.447
304.06
303.717
303.73
304.045
304.07
303.745
303.741
304.075
304.308
304.497
304.292
304.513
303.998
303.696
303.674
304.024
303.968
303.61
303.642
303.93
304.244
304.475
304.271
304.447
304.06
303.717
303.73
304.045
304.07
303.745
304.075
303.741
304.308
304.497
304.292
304.513
304.886
305.036
305.004
304.917
304.848
304.92
304.965
304.804
304.751
304.633
304.604
304.781
305.278
305.165
305.258
305.184
305.361
305.412
305.341
305.432
305.291
305.203
305.197
305.298
304.959
305.061
304.941
305.079
304.822
304.656
304.673
304.805
304.971
305.098
305.092
304.977
304.886
305.036
305.004
304.917
304.848
304.92
304.965
304.804
304.751
304.633
304.604
304.781
305.278
305.165
305.258
305.184
305.361
305.412
305.341
305.432
305.291
305.203
305.298
305.197
304.959
305.061
304.941
305.079
304.822
304.656
304.673
304.805
304.971
305.098
304.977
305.092
303.781
303.408
303.464
303.715
303.838
303.566
303.524
303.889
304.015
304.135
303.946
304.208
303.557
303.332
303.261
303.642
303.465
303.077
303.165
303.359
303.782
304.057
303.87
303.963
302.934
302.485
302.669
302.669
303.103
302.963
303.25
302.843
303.103
302.963
302.843
303.25
304.621
304.65
304.733
304.541
304.693
304.868
304.806
304.753
304.495
304.282
304.357
304.417
304.621
304.65
304.733
304.541
304.693
304.868
304.806
304.753
304.495
304.282
304.418
304.357
304.35
304.56
304.453
304.453
304.23
304.198
304.102
304.331
304.23
304.198
304.331
304.102
303.781
303.408
303.464
303.715
303.838
303.566
303.524
303.889
304.015
304.136
304.208
303.946
303.557
303.332
303.261
303.642
303.465
303.077
303.36
303.165
303.782
304.057
303.963
303.87
303.998
303.696
303.674
304.024
303.968
303.61
303.642
303.93
304.244
304.475
304.271
304.447
304.06
303.717
304.045
303.73
304.308
304.497
304.292
304.513
304.07
303.745
303.741
304.075
304.886
305.036
305.004
304.917
304.848
304.92
304.965
304.804
304.751
304.633
304.604
304.781
305.278
305.165
305.258
305.184
305.361
305.412
305.341
305.432
305.291
305.203
305.197
305.298
304.959
305.061
304.941
305.079
304.822
304.656
304.673
304.805
304.971
305.098
305.092
304.977
303.998
303.696
303.674
304.024
303.968
303.61
303.642
303.93
304.244
304.475
304.271
304.447
304.06
303.717
303.73
304.045
304.07
303.745
304.075
303.741
304.308
304.497
304.292
304.513
305.278
305.165
305.258
305.184
305.361
305.412
305.341
305.432
305.291
305.203
305.298
305.197
304.886
305.036
305.004
304.917
304.848
304.92
304.965
304.804
304.751
304.633
304.604
304.781
304.959
305.061
305.079
304.941
304.971
305.098
304.977
305.092
304.822
304.656
304.673
304.805
305.589
305.604
305.568
305.625
305.544
305.471
305.523
305.492
305.603
305.647
305.639
305.61
305.589
305.604
305.568
305.625
305.544
305.471
305.523
305.492
305.603
305.647
305.639
305.61
305.675
305.632
305.654
305.654
305.689
305.675
305.668
305.697
305.689
305.675
305.668
305.697
305.589
305.604
305.568
305.625
305.544
305.471
305.523
305.492
305.603
305.647
305.61
305.639
305.589
305.604
305.568
305.625
305.544
305.471
305.523
305.492
305.603
305.647
305.639
305.61
305.675
305.632
305.654
305.654
305.689
305.675
305.697
305.668
305.689
305.675
305.668
305.697
305.589
305.604
305.568
305.625
305.544
305.471
305.523
305.492
305.603
305.647
305.61
305.639
305.589
305.604
305.568
305.625
305.544
305.471
305.523
305.492
305.603
305.647
305.639
305.61
305.675
305.632
305.654
305.654
305.689
305.675
305.697
305.668
305.689
305.675
305.668
305.697
305.589
305.604
305.568
305.625
305.544
305.471
305.523
305.492
305.603
305.647
305.61
305.639
305.589
305.604
305.568
305.625
305.544
305.471
305.523
305.492
305.603
305.647
305.61
305.639
305.675
305.632
305.654
305.654
305.689
305.675
305.697
305.668
305.689
305.675
305.697
305.668
304.886
305.036
305.004
304.917
304.848
304.92
304.965
304.804
304.751
304.633
304.781
304.604
305.278
305.165
305.258
305.184
305.361
305.412
305.341
305.432
305.291
305.203
305.197
305.298
304.959
305.061
304.941
305.079
304.822
304.656
304.805
304.673
304.971
305.098
305.092
304.977
303.998
303.696
303.674
304.025
303.968
303.61
303.642
303.93
304.244
304.475
304.447
304.271
304.06
303.717
304.045
303.73
304.308
304.497
304.513
304.292
304.07
303.745
303.741
304.075
305.278
305.165
305.258
305.184
305.361
305.412
305.341
305.432
305.291
305.203
305.298
305.197
304.886
305.036
305.004
304.917
304.848
304.92
304.965
304.804
304.751
304.633
304.781
304.604
304.959
305.061
305.079
304.941
304.971
305.098
304.977
305.092
304.822
304.656
304.805
304.673
303.998
303.696
303.674
304.025
303.968
303.61
303.642
303.93
304.244
304.475
304.447
304.271
304.06
303.717
303.73
304.045
304.07
303.745
304.075
303.741
304.308
304.497
304.513
304.292
303.781
303.408
303.464
303.715
303.838
303.566
303.524
303.889
304.015
304.136
303.946
304.208
303.557
303.332
303.642
303.261
303.782
304.057
303.87
303.963
303.465
303.077
303.165
303.359
304.621
304.65
304.733
304.541
304.693
304.868
304.806
304.753
304.495
304.282
304.357
304.417
304.621
304.65
304.733
304.541
304.693
304.868
304.806
304.753
304.495
304.282
304.417
304.357
304.35
304.56
304.453
304.453
304.23
304.198
304.102
304.331
304.23
304.198
304.331
304.102
302.934
302.485
302.669
302.669
303.103
302.963
303.25
302.843
303.103
302.963
302.843
303.25
303.781
303.408
303.464
303.715
303.838
303.566
303.524
303.889
304.015
304.136
304.208
303.946
303.557
303.332
303.642
303.261
303.782
304.057
303.963
303.87
303.465
303.077
303.359
303.165
305.278
305.165
305.258
305.184
305.361
305.412
305.341
305.432
305.291
305.203
305.197
305.298
304.886
305.036
305.004
304.917
304.848
304.92
304.965
304.804
304.751
304.633
304.781
304.604
304.959
305.061
305.079
304.941
304.971
305.098
305.092
304.977
304.822
304.656
304.805
304.673
305.278
305.165
305.258
305.184
305.361
305.412
305.341
305.432
305.291
305.203
305.298
305.197
304.886
305.036
305.004
304.917
304.848
304.92
304.965
304.804
304.751
304.633
304.781
304.604
304.959
305.061
305.079
304.941
304.971
305.098
304.977
305.092
304.822
304.656
304.805
304.673
303.998
303.696
303.674
304.024
303.968
303.61
303.642
303.93
304.244
304.475
304.447
304.271
304.06
303.717
304.045
303.73
304.308
304.497
304.513
304.292
304.07
303.745
303.741
304.075
303.998
303.696
303.674
304.024
303.968
303.61
303.642
303.93
304.244
304.475
304.447
304.271
304.06
303.717
304.045
303.73
304.308
304.497
304.513
304.292
304.07
303.745
304.075
303.741
304.621
304.65
304.733
304.541
304.693
304.868
304.806
304.753
304.495
304.282
304.418
304.357
304.621
304.65
304.733
304.541
304.693
304.868
304.806
304.753
304.495
304.282
304.417
304.357
304.35
304.56
304.453
304.453
304.23
304.198
304.331
304.102
304.23
304.198
304.331
304.102
303.781
303.408
303.464
303.715
303.838
303.566
303.524
303.889
304.015
304.136
304.208
303.946
303.557
303.332
303.642
303.261
303.782
304.057
303.963
303.87
303.465
303.077
303.165
303.36
303.781
303.408
303.464
303.715
303.838
303.566
303.524
303.889
304.015
304.135
304.208
303.946
303.557
303.332
303.642
303.261
303.782
304.057
303.963
303.87
303.465
303.077
303.165
303.359
302.934
302.485
302.669
302.669
303.103
302.963
303.25
302.843
303.103
302.963
303.25
302.843
)
;
        refGradient     uniform 0;
        valueFraction   nonuniform List<scalar> 
1600
(
0.0134098
0.0134098
0.0134098
0.0134098
0.0134098
0.0134098
0.0134098
0.0134098
0.0134098
0.0134098
0.0134098
0.0134098
0.0134098
0.0134098
0.0134098
0.0134098
0.0134098
0.0134098
0.0134098
0.0134098
0.0134098
0.0134098
0.0134098
0.0134098
0.0134098
0.0134098
0.0134098
0.0134098
0.0134098
0.0134098
0.0134098
0.0134098
0.0134098
0.0134098
0.0134098
0.0134098
0.0134098
0.0134098
0.0134098
0.0134098
0.0134098
0.0134098
0.0134098
0.0134098
0.0134098
0.0134098
0.0134098
0.0134098
0.0134098
0.0134098
0.0134098
0.0134098
0.0134098
0.0134098
0.0134098
0.0134098
0.0134098
0.0134098
0.0134098
0.0134098
0.0134098
0.0134098
0.0134098
0.0134098
0.0134098
0.0134098
0.0134098
0.0134098
0.0134098
0.0134098
0.0134098
0.0134098
0.0134098
0.0134098
0.0134098
0.0134098
0.0134098
0.0134098
0.0134098
0.0134098
0.0134098
0.0134098
0.0134098
0.0134098
0.0134098
0.0134098
0.0134098
0.0134098
0.0134098
0.0134098
0.0134098
0.0134098
0.0134098
0.0134098
0.0134098
0.0134098
0.0134098
0.0134098
0.0134098
0.0134098
0.0134098
0.0134098
0.0134098
0.0134098
0.0134098
0.0134098
0.0134098
0.0134098
0.0134098
0.0134098
0.0134098
0.0134098
0.0134098
0.0134098
0.0134098
0.0134098
0.0134098
0.0134098
0.0134098
0.0134098
0.0134098
0.0134098
0.0134098
0.0134098
0.0134098
0.0134098
0.0134098
0.0134098
0.0134098
0.0134098
0.0134098
0.0134098
0.0134098
0.0134098
0.0134098
0.0134098
0.0134098
0.0134098
0.0134098
0.0134098
0.0134098
0.0134098
0.0134098
0.0134098
0.0134098
0.0134098
0.0134098
0.0134098
0.0134098
0.0134098
0.0134098
0.0134098
0.0134098
0.0134098
0.0134098
0.0134098
0.0134098
0.0134098
0.0134098
0.0134098
0.0134098
0.0134098
0.0134098
0.0134098
0.0134098
0.0134098
0.0134098
0.0134098
0.0134098
0.0134098
0.0134098
0.0134098
0.0134098
0.0134098
0.0134098
0.0134098
0.0134098
0.0134098
0.0134098
0.0134098
0.0134098
0.0134098
0.0134098
0.0134098
0.0134098
0.0134098
0.0134098
0.0134098
0.0134098
0.0134098
0.0134098
0.0134098
0.0134098
0.0134098
0.0134098
0.0134098
0.0134098
0.0134098
0.0134098
0.0134098
0.0134098
0.0134098
0.0134098
0.0134098
0.0134098
0.0134098
0.0134098
0.0134098
0.0134098
0.0134098
0.0134098
0.0134098
0.0134098
0.0134098
0.0134098
0.0134098
0.0134098
0.0134098
0.0134098
0.0134098
0.0134098
0.0134098
0.0134098
0.0134098
0.0134098
0.0134098
0.0134098
0.0134098
0.0134098
0.0134098
0.0134098
0.0134098
0.0134098
0.0134098
0.0134098
0.0134098
0.0134098
0.0134098
0.0134098
0.0134098
0.0134098
0.0134098
0.0134098
0.0134098
0.0134098
0.0134098
0.0134098
0.0134098
0.0134098
0.0134098
0.0134098
0.0134098
0.0134098
0.0134098
0.0134098
0.0134098
0.0134098
0.0134098
0.0134098
0.0134098
0.0134098
0.0134098
0.0134098
0.0134098
0.0134098
0.0134098
0.0134098
0.0134098
0.0134098
0.0134098
0.0134098
0.0134098
0.0134098
0.0134098
0.0134098
0.0134098
0.0134098
0.0134098
0.0134098
0.0134098
0.0134098
0.0134098
0.0134098
0.0134098
0.0134098
0.0134098
0.0134098
0.0134098
0.0134098
0.0134098
0.0134098
0.0134098
0.0134098
0.0134098
0.0134098
0.0134098
0.0134098
0.0134098
0.0134098
0.0134098
0.0134098
0.0134098
0.0134098
0.0134098
0.0134098
0.0134098
0.0134098
0.0134098
0.0134098
0.0134098
0.0134098
0.0134098
0.0134098
0.0134098
0.0134098
0.0134098
0.0134098
0.0134098
0.0134098
0.0134098
0.0134098
0.0134098
0.0134098
0.0134098
0.0134098
0.0134098
0.0134098
0.0134098
0.0134098
0.0134098
0.0134098
0.0134098
0.0134098
0.0134098
0.0134098
0.0134098
0.0134098
0.0134098
0.0134098
0.0134098
0.0134098
0.0134098
0.0134098
0.0134098
0.0134098
0.0134098
0.0134098
0.0134098
0.0134098
0.0134098
0.0134098
0.0134098
0.0134098
0.0134098
0.0134098
0.0134098
0.0134098
0.0134098
0.0134098
0.0134098
0.0134098
0.0134098
0.0134098
0.0134098
0.0134098
0.0134098
0.0134098
0.0134098
0.0134098
0.0134098
0.0134098
0.0134098
0.0134098
0.0134098
0.0134098
0.0134098
0.0134098
0.0134098
0.0134098
0.0134098
0.0134098
0.0134098
0.0134098
0.0134098
0.0134098
0.0134098
0.0134098
0.0134098
0.0134098
0.0134098
0.0134098
0.0134098
0.0134098
0.0134098
0.0134098
0.0134098
0.0134098
0.0134098
0.0134098
0.0134098
0.0134098
0.0134098
0.0134098
0.0134098
0.0134098
0.0134098
0.0134098
0.0134098
0.0134098
0.0134098
0.0134098
0.0134098
0.0134098
0.0134098
0.0134098
0.0134098
0.0134098
0.0134098
0.0134098
0.0134098
0.0134098
0.0134098
0.0134098
0.0134098
0.0134098
0.0134098
0.0134098
0.0134098
0.0134098
0.0134098
0.0134098
0.0134098
0.0134098
0.0134098
0.0134098
0.0134098
0.0134098
0.0134098
0.0134098
0.0134098
0.0134098
0.0134098
0.0134098
0.0134098
0.0134098
0.0134098
0.0134098
0.0134098
0.0134098
0.0134098
0.0134098
0.0134098
0.0134098
0.0134098
0.0134098
0.0134098
0.0134098
0.0134098
0.0134098
0.0134098
0.0134098
0.0134098
0.0134098
0.0134098
0.0134098
0.0134098
0.0134098
0.0134098
0.0134098
0.0134098
0.0134098
0.0134098
0.0134098
0.0134098
0.0134098
0.0134098
0.0134098
0.0134098
0.0134098
0.0134098
0.0134098
0.0134098
0.0134098
0.0134098
0.0134098
0.0134098
0.0134098
0.0134098
0.0134098
0.0134098
0.0134098
0.0134098
0.0134098
0.0134098
0.0134098
0.0134098
0.0134098
0.0134098
0.0134098
0.0134098
0.0134098
0.0134098
0.0134098
0.0134098
0.0134098
0.0134098
0.0134098
0.0134098
0.0134098
0.0134098
0.0134098
0.0134098
0.0134098
0.0134098
0.0134098
0.0134098
0.0134098
0.0134098
0.0134098
0.0134098
0.0134098
0.0134098
0.0134098
0.0134098
0.0134098
0.0134098
0.0134098
0.0134098
0.0134098
0.0134098
0.0134098
0.0134098
0.0134098
0.0134098
0.0134098
0.0134098
0.0134098
0.0134098
0.0134098
0.0134098
0.0134098
0.0134098
0.0134098
0.0134098
0.0134098
0.0134098
0.0134098
0.0134098
0.0134098
0.0134098
0.0134098
0.0134098
0.0134098
0.0134098
0.0134098
0.0134098
0.0134098
0.0134098
0.0134098
0.0134098
0.0134098
0.0134098
0.0134098
0.0134098
0.0134098
0.0134098
0.0134098
0.0134098
0.0134098
0.0134098
0.0134098
0.0134098
0.0134098
0.0134098
0.0134098
0.0134098
0.0134098
0.0134098
0.0134098
0.0134098
0.0134098
0.0134098
0.0134098
0.0134098
0.0134098
0.0134098
0.0134098
0.0134098
0.0134098
0.0134098
0.0134098
0.0134098
0.0133615
0.0119868
0.0126626
0.0126626
0.0133842
0.0126909
0.0126847
0.0133842
0.0133842
0.0126909
0.0126847
0.0133842
0.0133842
0.0126962
0.0126962
0.0133842
0.0133842
0.0126962
0.0126962
0.0133842
0.0134098
0.0134098
0.0134098
0.0134098
0.0133842
0.0126962
0.0126962
0.0133842
0.0133842
0.0126962
0.0133842
0.0126962
0.0134098
0.0134098
0.0134098
0.0134098
0.0133842
0.0126962
0.0126962
0.0133842
0.0133842
0.0126962
0.0126962
0.0133842
0.0134098
0.0134098
0.0134098
0.0134098
0.0133842
0.0126962
0.0126962
0.0133842
0.0133842
0.0126962
0.0133842
0.0126962
0.0134098
0.0134098
0.0134098
0.0134098
0.0134098
0.0134098
0.0134098
0.0134098
0.0134098
0.0134098
0.0134098
0.0134098
0.0134098
0.0134098
0.0134098
0.0134098
0.0134098
0.0134098
0.0134098
0.0134098
0.0134098
0.0134098
0.0134098
0.0134098
0.0134098
0.0134098
0.0134098
0.0134098
0.0134098
0.0134098
0.0134098
0.0134098
0.0134098
0.0134098
0.0134098
0.0134098
0.0134098
0.0134098
0.0134098
0.0134098
0.0133842
0.0126962
0.0126962
0.0133842
0.0133842
0.0126962
0.0126962
0.0133842
0.0134098
0.0134098
0.0134098
0.0134098
0.0133842
0.0126962
0.0126962
0.0133842
0.0133842
0.0126962
0.0126962
0.0133842
0.0134098
0.0134098
0.0134098
0.0134098
0.0133842
0.0126962
0.0126962
0.0133842
0.0133842
0.0126962
0.0126962
0.0133842
0.0134098
0.0134098
0.0134098
0.0134098
0.0133842
0.0126962
0.0126962
0.0133842
0.0133842
0.0126962
0.0133842
0.0126962
0.0134098
0.0134098
0.0134098
0.0134098
0.0134098
0.0134098
0.0134098
0.0134098
0.0134098
0.0134098
0.0134098
0.0134098
0.0134098
0.0134098
0.0134098
0.0134098
0.0134098
0.0134098
0.0134098
0.0134098
0.0134098
0.0134098
0.0134098
0.0134098
0.0134098
0.0134098
0.0134098
0.0134098
0.0134098
0.0134098
0.0134098
0.0134098
0.0134098
0.0134098
0.0134098
0.0134098
0.0134098
0.0134098
0.0134098
0.0134098
0.0134098
0.0134098
0.0134098
0.0134098
0.0134098
0.0134098
0.0134098
0.0134098
0.0134098
0.0134098
0.0134098
0.0134098
0.0134098
0.0134098
0.0134098
0.0134098
0.0134098
0.0134098
0.0134098
0.0134098
0.0134098
0.0134098
0.0134098
0.0134098
0.0134098
0.0134098
0.0134098
0.0134098
0.0134098
0.0134098
0.0134098
0.0134098
0.0134098
0.0134098
0.0134098
0.0134098
0.0133842
0.0126962
0.0126962
0.0133842
0.0133842
0.0126962
0.0126962
0.0133842
0.0134098
0.0134098
0.0134098
0.0134098
0.0133842
0.0126962
0.0126962
0.0133842
0.0133842
0.0126962
0.0126962
0.0133842
0.0134098
0.0134098
0.0134098
0.0134098
0.0133615
0.0119868
0.0126626
0.0126626
0.0133842
0.0126909
0.0133842
0.0126847
0.0133842
0.0126909
0.0126847
0.0133842
0.0134098
0.0134098
0.0134098
0.0134098
0.0134098
0.0134098
0.0134098
0.0134098
0.0134098
0.0134098
0.0134098
0.0134098
0.0134098
0.0134098
0.0134098
0.0134098
0.0134098
0.0134098
0.0134098
0.0134098
0.0134098
0.0134098
0.0134098
0.0134098
0.0134098
0.0134098
0.0134098
0.0134098
0.0134098
0.0134098
0.0134098
0.0134098
0.0134098
0.0134098
0.0134098
0.0134098
0.0133842
0.0126962
0.0126962
0.0133842
0.0133842
0.0126962
0.0126962
0.0133842
0.0134098
0.0134098
0.0134098
0.0134098
0.0133842
0.0126962
0.0126962
0.0133842
0.0133842
0.0126962
0.0133842
0.0126962
0.0134098
0.0134098
0.0134098
0.0134098
0.0133842
0.0126962
0.0126962
0.0133842
0.0133842
0.0126962
0.0126962
0.0133842
0.0134098
0.0134098
0.0134098
0.0134098
0.0133842
0.0126962
0.0133842
0.0126962
0.0134098
0.0134098
0.0134098
0.0134098
0.0133842
0.0126962
0.0126962
0.0133842
0.0134098
0.0134098
0.0134098
0.0134098
0.0134098
0.0134098
0.0134098
0.0134098
0.0134098
0.0134098
0.0134098
0.0134098
0.0134098
0.0134098
0.0134098
0.0134098
0.0134098
0.0134098
0.0134098
0.0134098
0.0134098
0.0134098
0.0134098
0.0134098
0.0134098
0.0134098
0.0134098
0.0134098
0.0134098
0.0134098
0.0134098
0.0134098
0.0134098
0.0134098
0.0134098
0.0134098
0.0133842
0.0126962
0.0126962
0.0133842
0.0133842
0.0126962
0.0126962
0.0133842
0.0134098
0.0134098
0.0134098
0.0134098
0.0133842
0.0126962
0.0126962
0.0133842
0.0133842
0.0126962
0.0133842
0.0126962
0.0134098
0.0134098
0.0134098
0.0134098
0.0134098
0.0134098
0.0134098
0.0134098
0.0134098
0.0134098
0.0134098
0.0134098
0.0134098
0.0134098
0.0134098
0.0134098
0.0134098
0.0134098
0.0134098
0.0134098
0.0134098
0.0134098
0.0134098
0.0134098
0.0134098
0.0134098
0.0134098
0.0134098
0.0134098
0.0134098
0.0134098
0.0134098
0.0134098
0.0134098
0.0134098
0.0134098
0.0134098
0.0134098
0.0134098
0.0134098
0.0134098
0.0134098
0.0134098
0.0134098
0.0134098
0.0134098
0.0134098
0.0134098
0.0134098
0.0134098
0.0134098
0.0134098
0.0134098
0.0134098
0.0134098
0.0134098
0.0134098
0.0134098
0.0134098
0.0134098
0.0134098
0.0134098
0.0134098
0.0134098
0.0134098
0.0134098
0.0134098
0.0134098
0.0134098
0.0134098
0.0134098
0.0134098
0.0134098
0.0134098
0.0134098
0.0134098
0.0134098
0.0134098
0.0134098
0.0134098
0.0134098
0.0134098
0.0134098
0.0134098
0.0134098
0.0134098
0.0134098
0.0134098
0.0134098
0.0134098
0.0134098
0.0134098
0.0134098
0.0134098
0.0134098
0.0134098
0.0134098
0.0134098
0.0134098
0.0134098
0.0134098
0.0134098
0.0134098
0.0134098
0.0134098
0.0134098
0.0134098
0.0134098
0.0134098
0.0134098
0.0134098
0.0134098
0.0134098
0.0134098
0.0134098
0.0134098
0.0134098
0.0134098
0.0134098
0.0134098
0.0134098
0.0134098
0.0134098
0.0134098
0.0134098
0.0134098
0.0134098
0.0134098
0.0134098
0.0134098
0.0134098
0.0134098
0.0134098
0.0134098
0.0134098
0.0134098
0.0134098
0.0134098
0.0134098
0.0134098
0.0134098
0.0134098
0.0134098
0.0134098
0.0134098
0.0134098
0.0134098
0.0134098
0.0134098
0.0134098
0.0134098
0.0134098
0.0134098
0.0134098
0.0134098
0.0134098
0.0134098
0.0134098
0.0134098
0.0134098
0.0134098
0.0134098
0.0134098
0.0134098
0.0134098
0.0134098
0.0134098
0.0134098
0.0134098
0.0134098
0.0134098
0.0134098
0.0134098
0.0134098
0.0134098
0.0134098
0.0134098
0.0134098
0.0134098
0.0134098
0.0134098
0.0134098
0.0134098
0.0134098
0.0134098
0.0134098
0.0134098
0.0134098
0.0134098
0.0134098
0.0134098
0.0134098
0.0134098
0.0134098
0.0134098
0.0134098
0.0134098
0.0134098
0.0134098
0.0134098
0.0134098
0.0134098
0.0134098
0.0134098
0.0134098
0.0134098
0.0134098
0.0134098
0.0134098
0.0134098
0.0134098
0.0134098
0.0134098
0.0134098
0.0134098
0.0134098
0.0134098
0.0134098
0.0134098
0.0134098
0.0133842
0.0126962
0.0126962
0.0133842
0.0133842
0.0126962
0.0126962
0.0133842
0.0134098
0.0134098
0.0134098
0.0134098
0.0133842
0.0126962
0.0133842
0.0126962
0.0134098
0.0134098
0.0134098
0.0134098
0.0133842
0.0126962
0.0126962
0.0133842
0.0134098
0.0134098
0.0134098
0.0134098
0.0134098
0.0134098
0.0134098
0.0134098
0.0134098
0.0134098
0.0134098
0.0134098
0.0134098
0.0134098
0.0134098
0.0134098
0.0134098
0.0134098
0.0134098
0.0134098
0.0134098
0.0134098
0.0134098
0.0134098
0.0134098
0.0134098
0.0134098
0.0134098
0.0134098
0.0134098
0.0134098
0.0134098
0.0134098
0.0134098
0.0134098
0.0134098
0.0133842
0.0126962
0.0126962
0.0133842
0.0133842
0.0126962
0.0126962
0.0133842
0.0134098
0.0134098
0.0134098
0.0134098
0.0133842
0.0126962
0.0126962
0.0133842
0.0133842
0.0126962
0.0133842
0.0126962
0.0134098
0.0134098
0.0134098
0.0134098
0.0133842
0.0126962
0.0126962
0.0133842
0.0133842
0.0126962
0.0126962
0.0133842
0.0134098
0.0134098
0.0134098
0.0134098
0.0133842
0.0126962
0.0133842
0.0126962
0.0134098
0.0134098
0.0134098
0.0134098
0.0133842
0.0126962
0.0126962
0.0133842
0.0134098
0.0134098
0.0134098
0.0134098
0.0134098
0.0134098
0.0134098
0.0134098
0.0134098
0.0134098
0.0134098
0.0134098
0.0134098
0.0134098
0.0134098
0.0134098
0.0134098
0.0134098
0.0134098
0.0134098
0.0134098
0.0134098
0.0134098
0.0134098
0.0134098
0.0134098
0.0134098
0.0134098
0.0134098
0.0134098
0.0134098
0.0134098
0.0134098
0.0134098
0.0134098
0.0134098
0.0133615
0.0119868
0.0126626
0.0126626
0.0133842
0.0126909
0.0133842
0.0126847
0.0133842
0.0126909
0.0126847
0.0133842
0.0133842
0.0126962
0.0126962
0.0133842
0.0133842
0.0126962
0.0126962
0.0133842
0.0134098
0.0134098
0.0134098
0.0134098
0.0133842
0.0126962
0.0133842
0.0126962
0.0134098
0.0134098
0.0134098
0.0134098
0.0133842
0.0126962
0.0133842
0.0126962
0.0134098
0.0134098
0.0134098
0.0134098
0.0134098
0.0134098
0.0134098
0.0134098
0.0134098
0.0134098
0.0134098
0.0134098
0.0134098
0.0134098
0.0134098
0.0134098
0.0134098
0.0134098
0.0134098
0.0134098
0.0134098
0.0134098
0.0134098
0.0134098
0.0134098
0.0134098
0.0134098
0.0134098
0.0134098
0.0134098
0.0134098
0.0134098
0.0134098
0.0134098
0.0134098
0.0134098
0.0134098
0.0134098
0.0134098
0.0134098
0.0134098
0.0134098
0.0134098
0.0134098
0.0134098
0.0134098
0.0134098
0.0134098
0.0134098
0.0134098
0.0134098
0.0134098
0.0134098
0.0134098
0.0134098
0.0134098
0.0134098
0.0134098
0.0134098
0.0134098
0.0134098
0.0134098
0.0134098
0.0134098
0.0134098
0.0134098
0.0134098
0.0134098
0.0134098
0.0134098
0.0134098
0.0134098
0.0133842
0.0126962
0.0126962
0.0133842
0.0133842
0.0126962
0.0126962
0.0133842
0.0134098
0.0134098
0.0134098
0.0134098
0.0133842
0.0126962
0.0133842
0.0126962
0.0134098
0.0134098
0.0134098
0.0134098
0.0133842
0.0126962
0.0126962
0.0133842
0.0133842
0.0126962
0.0126962
0.0133842
0.0133842
0.0126962
0.0126962
0.0133842
0.0134098
0.0134098
0.0134098
0.0134098
0.0133842
0.0126962
0.0133842
0.0126962
0.0134098
0.0134098
0.0134098
0.0134098
0.0133842
0.0126962
0.0133842
0.0126962
0.0134098
0.0134098
0.0134098
0.0134098
0.0134098
0.0134098
0.0134098
0.0134098
0.0134098
0.0134098
0.0134098
0.0134098
0.0134098
0.0134098
0.0134098
0.0134098
0.0134098
0.0134098
0.0134098
0.0134098
0.0134098
0.0134098
0.0134098
0.0134098
0.0134098
0.0134098
0.0134098
0.0134098
0.0134098
0.0134098
0.0134098
0.0134098
0.0134098
0.0134098
0.0134098
0.0134098
0.0133842
0.0126962
0.0126962
0.0133842
0.0133842
0.0126962
0.0126962
0.0133842
0.0134098
0.0134098
0.0134098
0.0134098
0.0133842
0.0126962
0.0133842
0.0126962
0.0134098
0.0134098
0.0134098
0.0134098
0.0133842
0.0126962
0.0126962
0.0133842
0.0133842
0.0126962
0.0126962
0.0133842
0.0133842
0.0126962
0.0126962
0.0133842
0.0134098
0.0134098
0.0134098
0.0134098
0.0133842
0.0126962
0.0133842
0.0126962
0.0134098
0.0134098
0.0134098
0.0134098
0.0133842
0.0126962
0.0126962
0.0133842
0.0133615
0.0119868
0.0126626
0.0126626
0.0133842
0.0126909
0.0133842
0.0126847
0.0133842
0.0126909
0.0133842
0.0126847
)
;
        source          uniform 0;
        logInterval     -1;
        thicknessLayers List<scalar> 1(0.0001);
        kappaLayers     List<scalar> 1(33.33);
        writePrecision  6;
        updateHeader    1;
        writeToFile     0;
        useUserTime     1;
        kappaMethod     solidThermo;
        value           nonuniform List<scalar> 
1600
(
307.342
307.476
307.409
307.409
307.515
307.534
307.466
307.584
307.516
307.534
307.466
307.584
307.342
307.476
307.409
307.409
307.516
307.534
307.466
307.584
307.516
307.534
307.584
307.466
307.696
307.593
307.644
307.644
307.696
307.593
307.644
307.644
307.696
307.593
307.644
307.644
307.696
307.593
307.644
307.644
307.516
307.534
307.466
307.584
307.516
307.534
307.584
307.466
307.342
307.476
307.409
307.409
307.516
307.534
307.584
307.466
307.516
307.534
307.584
307.466
307.342
307.476
307.409
307.409
305.853
306.066
305.956
305.956
306.536
306.713
306.656
306.591
306.151
306.166
306.055
306.264
306.536
306.713
306.656
306.591
306.151
306.167
306.055
306.264
306.885
306.83
306.773
306.944
306.885
306.831
306.773
306.944
306.472
306.271
306.37
306.37
306.681
306.762
306.64
306.805
306.798
306.93
306.803
306.924
306.681
306.762
306.805
306.64
306.798
306.93
306.803
306.924
307.041
306.882
306.996
306.925
307.655
307.733
307.662
307.726
307.166
307.053
307.047
307.173
307.041
306.882
306.925
306.996
307.655
307.733
307.662
307.726
307.166
307.053
307.047
307.173
306.536
306.713
306.591
306.656
306.151
306.166
306.055
306.264
305.853
306.066
305.956
305.956
306.885
306.83
306.944
306.773
306.885
306.831
306.773
306.944
306.472
306.271
306.37
306.37
306.536
306.713
306.656
306.591
306.151
306.167
306.055
306.264
306.682
306.762
306.64
306.805
306.798
306.93
306.924
306.803
307.041
306.882
306.996
306.925
307.655
307.733
307.662
307.726
307.166
307.053
307.047
307.173
306.681
306.762
306.805
306.64
306.798
306.93
306.803
306.924
307.655
307.733
307.662
307.726
307.041
306.882
306.925
306.996
307.166
307.053
307.173
307.047
307.841
307.794
307.787
307.848
307.841
307.794
307.787
307.848
307.991
308.006
307.998
307.998
307.841
307.794
307.787
307.848
307.841
307.794
307.848
307.787
307.991
308.006
307.998
307.998
307.841
307.794
307.787
307.848
307.841
307.794
307.848
307.787
307.991
308.006
307.998
307.998
307.841
307.794
307.848
307.787
307.841
307.794
307.848
307.787
307.991
308.006
307.998
307.998
307.041
306.882
306.996
306.925
307.655
307.733
307.726
307.662
307.166
307.053
307.047
307.173
306.682
306.762
306.64
306.805
306.798
306.93
306.924
306.803
307.655
307.733
307.726
307.662
307.041
306.882
306.925
306.996
307.166
307.053
307.173
307.047
306.682
306.762
306.805
306.64
306.798
306.93
306.803
306.924
306.536
306.713
306.591
306.656
306.151
306.166
306.264
306.055
306.885
306.83
306.944
306.773
306.885
306.83
306.773
306.944
306.472
306.271
306.37
306.37
305.853
306.066
305.956
305.956
306.536
306.713
306.656
306.591
306.151
306.167
306.264
306.055
307.655
307.733
307.726
307.662
307.041
306.882
306.996
306.925
307.166
307.053
307.173
307.047
307.655
307.733
307.726
307.662
307.041
306.882
306.925
306.996
307.166
307.053
307.173
307.047
306.681
306.762
306.64
306.805
306.798
306.93
306.924
306.803
306.681
306.762
306.805
306.64
306.798
306.93
306.924
306.803
306.885
306.831
306.944
306.773
306.885
306.83
306.944
306.773
306.472
306.271
306.37
306.37
306.536
306.713
306.591
306.656
306.151
306.167
306.264
306.055
306.536
306.713
306.591
306.656
306.151
306.166
306.264
306.055
305.853
306.066
305.956
305.956
307.194
307.03
307.111
307.111
307.267
307.247
307.332
307.183
307.267
307.247
307.332
307.183
307.479
307.425
307.391
307.514
307.438
307.303
307.389
307.35
307.558
307.663
307.628
307.593
307.479
307.425
307.391
307.514
307.438
307.303
307.389
307.35
307.558
307.663
307.628
307.593
307.194
307.03
307.111
307.111
307.267
307.247
307.332
307.183
307.267
307.247
307.332
307.183
307.479
307.425
307.391
307.514
307.438
307.303
307.389
307.35
307.558
307.663
307.628
307.593
307.479
307.425
307.514
307.391
307.558
307.663
307.628
307.593
307.438
307.303
307.389
307.35
307.785
307.859
307.822
307.822
307.74
307.724
307.688
307.777
307.74
307.724
307.688
307.777
307.785
307.859
307.822
307.822
307.74
307.724
307.688
307.777
307.74
307.724
307.688
307.777
307.785
307.859
307.822
307.822
307.74
307.724
307.688
307.777
307.74
307.724
307.688
307.777
307.785
307.859
307.822
307.822
307.74
307.724
307.688
307.777
307.74
307.724
307.688
307.777
307.479
307.425
307.391
307.514
307.438
307.303
307.389
307.35
307.558
307.663
307.628
307.593
307.479
307.425
307.514
307.391
307.558
307.663
307.628
307.593
307.438
307.303
307.389
307.35
307.194
307.03
307.111
307.111
307.267
307.247
307.332
307.183
307.267
307.247
307.332
307.183
307.479
307.425
307.514
307.391
307.558
307.663
307.628
307.593
307.438
307.303
307.389
307.35
307.479
307.425
307.514
307.391
307.558
307.663
307.628
307.593
307.438
307.303
307.389
307.35
307.194
307.03
307.111
307.111
307.267
307.247
307.332
307.183
307.267
307.247
307.332
307.183
305.656
305.403
305.561
305.561
305.744
305.761
305.664
305.84
305.744
305.761
305.664
305.84
306.355
306.204
306.272
306.286
306.416
306.385
306.332
306.47
306.474
306.521
306.404
306.593
306.126
306.129
306.046
306.21
306.034
305.859
305.938
305.953
306.242
306.441
306.326
306.355
306.355
306.205
306.272
306.287
306.416
306.386
306.333
306.47
306.474
306.521
306.404
306.593
306.127
306.13
306.047
306.211
306.034
305.859
305.939
305.954
306.242
306.441
306.327
306.355
306.921
306.94
307.019
306.844
306.991
307.153
307.091
307.052
306.818
306.634
306.707
306.742
306.921
306.94
307.019
306.844
306.991
307.153
307.091
307.052
306.818
306.634
306.707
306.742
306.666
306.853
306.758
306.758
306.567
306.551
306.463
306.658
306.567
306.551
306.463
306.658
306.592
306.534
306.506
306.621
306.558
306.432
306.472
306.517
306.717
306.871
306.746
306.841
306.66
306.557
306.573
306.643
306.672
306.59
306.584
306.677
306.786
306.895
306.769
306.912
306.592
306.534
306.506
306.621
306.558
306.432
306.472
306.517
306.717
306.871
306.746
306.841
306.66
306.557
306.573
306.643
306.672
306.59
306.677
306.584
306.786
306.895
306.769
306.912
307.19
307.327
307.294
307.222
307.15
307.207
307.254
307.105
307.079
306.993
306.962
307.111
307.561
307.451
307.541
307.471
307.641
307.691
307.62
307.712
307.574
307.491
307.484
307.581
307.266
307.353
307.247
307.372
307.154
307.017
307.035
307.136
307.279
307.392
307.385
307.285
307.19
307.327
307.294
307.222
307.15
307.207
307.254
307.105
307.079
306.993
306.962
307.111
307.561
307.451
307.541
307.471
307.641
307.691
307.62
307.712
307.574
307.491
307.581
307.484
307.266
307.353
307.247
307.372
307.154
307.017
307.035
307.136
307.279
307.392
307.285
307.385
306.355
306.204
306.272
306.286
306.416
306.386
306.332
306.47
306.474
306.521
306.404
306.593
306.126
306.129
306.046
306.21
306.034
305.859
305.953
305.938
306.242
306.441
306.326
306.355
305.656
305.403
305.561
305.561
305.744
305.761
305.84
305.664
305.744
305.761
305.664
305.84
306.921
306.94
307.019
306.844
306.991
307.153
307.091
307.052
306.818
306.634
306.707
306.742
306.921
306.94
307.019
306.844
306.991
307.153
307.091
307.052
306.818
306.634
306.742
306.707
306.666
306.853
306.758
306.758
306.567
306.551
306.463
306.658
306.567
306.551
306.658
306.463
306.355
306.205
306.272
306.287
306.416
306.386
306.333
306.47
306.474
306.521
306.593
306.404
306.127
306.13
306.047
306.211
306.034
305.859
305.939
305.954
306.242
306.441
306.355
306.327
306.592
306.534
306.506
306.621
306.558
306.432
306.472
306.517
306.717
306.871
306.746
306.841
306.66
306.557
306.644
306.573
306.786
306.895
306.769
306.912
306.672
306.59
306.585
306.677
307.19
307.327
307.294
307.222
307.151
307.207
307.254
307.105
307.079
306.993
306.962
307.111
307.561
307.451
307.541
307.471
307.641
307.691
307.62
307.712
307.574
307.491
307.484
307.581
307.266
307.353
307.247
307.372
307.154
307.017
307.035
307.136
307.279
307.392
307.385
307.285
306.592
306.534
306.506
306.621
306.558
306.432
306.472
306.517
306.717
306.871
306.746
306.841
306.66
306.557
306.573
306.644
306.672
306.59
306.677
306.585
306.786
306.895
306.769
306.912
307.561
307.451
307.541
307.471
307.641
307.691
307.62
307.712
307.574
307.491
307.581
307.484
307.19
307.327
307.294
307.222
307.15
307.207
307.254
307.105
307.079
306.993
306.962
307.111
307.266
307.353
307.372
307.247
307.279
307.392
307.285
307.385
307.154
307.017
307.035
307.136
307.872
307.888
307.851
307.91
307.827
307.752
307.805
307.773
307.887
307.932
307.924
307.894
307.872
307.888
307.851
307.91
307.827
307.752
307.805
307.773
307.887
307.932
307.924
307.894
307.961
307.917
307.939
307.939
307.976
307.961
307.954
307.983
307.976
307.961
307.954
307.983
307.872
307.888
307.851
307.91
307.827
307.752
307.805
307.773
307.887
307.932
307.894
307.924
307.872
307.888
307.851
307.91
307.827
307.752
307.805
307.773
307.887
307.932
307.924
307.894
307.961
307.917
307.939
307.939
307.976
307.961
307.983
307.954
307.976
307.961
307.954
307.983
307.872
307.888
307.851
307.91
307.827
307.752
307.805
307.773
307.887
307.932
307.894
307.924
307.872
307.888
307.851
307.91
307.827
307.752
307.805
307.773
307.887
307.932
307.924
307.894
307.961
307.917
307.939
307.939
307.976
307.961
307.983
307.954
307.976
307.961
307.954
307.983
307.872
307.888
307.851
307.91
307.827
307.752
307.805
307.773
307.887
307.932
307.894
307.924
307.872
307.888
307.851
307.91
307.827
307.752
307.805
307.773
307.887
307.932
307.894
307.924
307.961
307.917
307.939
307.939
307.976
307.961
307.983
307.954
307.976
307.961
307.983
307.954
307.19
307.327
307.294
307.222
307.151
307.207
307.254
307.105
307.079
306.993
307.111
306.962
307.561
307.451
307.541
307.471
307.641
307.691
307.62
307.712
307.574
307.491
307.484
307.581
307.266
307.353
307.247
307.372
307.154
307.017
307.136
307.035
307.279
307.392
307.385
307.285
306.592
306.534
306.506
306.621
306.558
306.432
306.472
306.517
306.717
306.871
306.841
306.746
306.66
306.557
306.644
306.573
306.786
306.895
306.912
306.769
306.672
306.59
306.585
306.677
307.561
307.451
307.541
307.471
307.641
307.691
307.62
307.712
307.574
307.491
307.581
307.484
307.19
307.327
307.294
307.222
307.151
307.207
307.254
307.105
307.079
306.993
307.111
306.962
307.266
307.353
307.372
307.247
307.279
307.392
307.285
307.385
307.154
307.017
307.136
307.035
306.592
306.534
306.506
306.621
306.558
306.432
306.472
306.517
306.717
306.871
306.841
306.746
306.66
306.557
306.573
306.644
306.672
306.59
306.677
306.585
306.786
306.895
306.912
306.769
306.355
306.205
306.272
306.286
306.416
306.386
306.332
306.47
306.474
306.521
306.404
306.593
306.127
306.13
306.211
306.046
306.242
306.441
306.327
306.355
306.034
305.859
305.953
305.938
306.921
306.94
307.019
306.844
306.991
307.153
307.091
307.052
306.818
306.634
306.707
306.742
306.921
306.94
307.019
306.844
306.991
307.153
307.091
307.052
306.818
306.634
306.742
306.707
306.666
306.853
306.758
306.758
306.567
306.551
306.463
306.658
306.567
306.551
306.658
306.463
305.656
305.403
305.561
305.561
305.744
305.761
305.84
305.664
305.744
305.761
305.664
305.84
306.355
306.205
306.272
306.286
306.416
306.386
306.333
306.47
306.474
306.521
306.593
306.404
306.127
306.13
306.211
306.047
306.242
306.441
306.355
306.327
306.034
305.859
305.938
305.953
307.561
307.451
307.541
307.471
307.641
307.691
307.62
307.712
307.574
307.491
307.484
307.581
307.19
307.327
307.294
307.222
307.15
307.207
307.254
307.105
307.079
306.993
307.111
306.962
307.266
307.353
307.372
307.247
307.279
307.392
307.385
307.285
307.154
307.017
307.136
307.035
307.561
307.451
307.541
307.471
307.641
307.691
307.62
307.712
307.574
307.491
307.581
307.484
307.19
307.327
307.294
307.222
307.15
307.207
307.254
307.105
307.079
306.993
307.111
306.962
307.266
307.353
307.372
307.247
307.279
307.392
307.285
307.385
307.154
307.017
307.136
307.035
306.592
306.534
306.506
306.621
306.558
306.432
306.472
306.517
306.717
306.871
306.841
306.746
306.66
306.557
306.643
306.573
306.786
306.895
306.912
306.769
306.672
306.59
306.585
306.677
306.592
306.534
306.506
306.621
306.558
306.432
306.472
306.517
306.717
306.871
306.841
306.746
306.66
306.557
306.643
306.573
306.786
306.895
306.912
306.769
306.672
306.59
306.677
306.584
306.921
306.94
307.019
306.844
306.991
307.153
307.091
307.052
306.818
306.634
306.742
306.707
306.921
306.94
307.019
306.844
306.991
307.153
307.091
307.052
306.818
306.634
306.742
306.707
306.666
306.853
306.758
306.758
306.567
306.551
306.658
306.463
306.567
306.551
306.658
306.463
306.355
306.205
306.272
306.287
306.416
306.386
306.333
306.47
306.474
306.521
306.593
306.404
306.127
306.13
306.211
306.047
306.242
306.441
306.355
306.327
306.034
305.859
305.954
305.938
306.355
306.204
306.272
306.286
306.416
306.386
306.332
306.47
306.474
306.521
306.593
306.404
306.126
306.129
306.21
306.046
306.242
306.441
306.355
306.326
306.034
305.859
305.953
305.938
305.656
305.403
305.561
305.561
305.744
305.761
305.84
305.664
305.744
305.761
305.84
305.664
)
;
    }
}


// ************************************************************************* //
