/*--------------------------------*- C++ -*----------------------------------*\
| =========                 |                                                 |
| \\      /  F ield         | OpenFOAM: The Open Source CFD Toolbox           |
|  \\    /   O peration     | Version:  2412                                  |
|   \\  /    A nd           | Website:  www.openfoam.com                      |
|    \\/     M anipulation  |                                                 |
\*---------------------------------------------------------------------------*/
FoamFile
{
    version     2.0;
    format      ascii;
    arch        "LSB;label=32;scalar=64";
    class       volScalarField;
    location    "0.38/chip";
    object      T;
}
// * * * * * * * * * * * * * * * * * * * * * * * * * * * * * * * * * * * * * //

dimensions      [0 0 0 1 0 0 0];

internalField   nonuniform List<scalar> 
6620
(
330.357
330.286
330.286
330.215
330.986
330.847
330.847
330.711
330.164
330.2
330.2
330.164
330.2
330.2
330.236
330.236
330.236
330.236
330.2
330.2
330.164
330.2
330.2
330.164
330.215
330.647
330.286
330.286
330.784
330.784
330.215
330.647
330.286
330.286
330.784
330.784
330.357
330.357
330.357
330.924
330.924
330.924
330.924
330.286
330.784
330.784
330.215
330.647
330.286
330.784
330.784
330.647
330.711
330.847
330.847
330.711
330.847
330.847
330.986
330.986
330.986
330.847
330.711
330.847
329.795
329.49
330.327
329.927
330.031
330.223
329.888
329.859
329.586
330.156
330.327
329.927
330.031
330.223
330.819
330.469
330.469
330.668
330.583
330.743
330.743
330.415
330.014
330.396
330.527
330.12
330.344
330.6
329.888
329.859
329.586
330.156
330.415
330.396
330.014
330.527
330.12
330.6
330.343
330.029
329.946
329.945
330.389
329.677
330.208
330.208
330.078
330.503
330.606
330.435
330.168
330.503
330.606
331.061
331.061
331.136
330.667
330.92
330.738
330.435
330.168
330.92
330.667
330.738
330.534
330.533
330.357
329.445
329.807
329.493
329.807
329.493
329.851
329.851
329.539
329.841
329.963
329.841
329.963
329.885
330.329
330.008
329.885
330.329
330.008
329.807
329.493
329.445
329.851
329.851
329.539
329.807
329.493
329.841
329.963
329.885
330.329
330.008
329.841
329.963
330.329
329.885
330.008
330.366
330.366
330.499
330.366
330.366
330.499
330.366
330.366
330.499
330.366
330.366
330.499
329.885
330.329
330.008
329.841
329.963
330.329
329.885
330.008
329.841
329.963
329.807
329.493
329.851
329.851
329.539
329.445
329.807
329.493
330.329
329.885
330.008
330.329
329.885
330.008
329.841
329.963
329.841
329.963
329.851
329.851
329.539
329.807
329.493
329.807
329.493
329.445
329.888
329.859
329.586
330.156
329.888
329.859
329.586
330.156
330.029
329.945
329.946
330.389
329.677
330.208
330.208
329.875
330.044
329.966
330.403
330.235
330.135
329.967
330.403
330.236
330.135
330.185
330.541
330.47
330.471
330.363
330.363
330.292
330.327
329.927
330.031
330.223
330.415
330.014
330.396
330.527
330.12
330.343
330.6
330.415
330.014
330.396
330.527
330.12
330.343
330.6
330.407
330.47
330.302
330.574
330.407
330.47
330.302
330.574
330.568
330.678
330.605
330.857
330.498
330.751
330.676
330.568
330.678
330.605
330.857
330.498
330.751
330.676
329.795
329.49
330.029
329.945
329.946
330.389
329.677
330.208
330.208
329.888
329.859
329.586
330.156
329.966
330.403
330.235
330.135
329.875
330.044
330.185
330.541
330.47
330.471
330.363
330.363
330.292
329.967
330.403
330.236
330.135
330.415
330.014
330.396
330.527
330.12
330.344
330.6
330.327
329.927
330.031
330.223
330.415
330.396
330.014
330.527
330.12
330.6
330.343
330.407
330.47
330.302
330.574
330.569
330.678
330.605
330.857
330.498
330.751
330.676
330.407
330.47
330.302
330.574
330.569
330.678
330.857
330.605
330.751
330.498
330.676
330.819
330.469
330.469
330.668
330.583
330.743
330.743
330.819
330.469
330.469
330.668
330.583
330.743
330.743
330.819
330.469
330.469
330.668
330.583
330.743
330.743
330.327
329.927
330.031
330.223
330.415
330.396
330.014
330.527
330.12
330.6
330.344
330.327
329.927
330.031
330.223
330.569
330.678
330.605
330.857
330.498
330.751
330.676
330.407
330.47
330.302
330.574
330.569
330.678
330.857
330.605
330.751
330.498
330.676
330.407
330.47
330.302
330.574
330.029
329.945
329.945
330.389
329.677
330.208
330.208
329.795
329.49
329.888
329.859
329.586
330.156
329.967
330.403
330.235
330.135
330.185
330.541
330.471
330.471
330.363
330.363
330.292
329.875
330.044
329.967
330.403
330.235
330.135
330.415
330.396
330.014
330.527
330.12
330.6
330.343
330.327
329.927
330.031
330.223
330.327
329.927
330.031
330.223
330.569
330.678
330.857
330.605
330.751
330.498
330.676
330.568
330.678
330.857
330.605
330.751
330.498
330.676
330.407
330.47
330.302
330.574
330.407
330.47
330.302
330.574
329.888
329.859
329.586
330.156
329.888
329.859
329.586
330.156
329.795
329.49
330.185
330.541
330.471
330.47
330.363
330.363
330.292
329.967
330.403
330.236
330.135
329.967
330.403
330.235
330.135
329.875
330.044
330.435
330.168
330.435
330.169
330.533
330.534
330.357
330.503
330.606
330.667
330.92
330.738
330.667
330.92
330.738
330.078
330.533
330.534
330.357
330.435
330.169
330.667
330.92
330.738
330.503
330.606
330.92
330.667
330.738
331.061
331.061
331.136
331.061
331.061
331.136
331.061
331.061
331.136
330.503
330.606
330.92
330.667
330.738
330.503
330.606
330.533
330.533
330.357
330.078
330.435
330.169
330.92
330.667
330.738
330.503
330.606
330.503
330.606
330.435
330.169
330.435
330.168
330.078
330.574
330.412
330.412
330.464
330.468
330.519
330.519
330.363
330.202
330.34
330.393
330.256
330.31
330.447
330.363
330.34
330.202
330.393
330.256
330.447
330.31
330.158
330.132
330.132
330.322
330.05
330.24
330.24
330.039
330.039
329.916
330.074
330.282
330.154
330.074
330.282
330.154
330.039
330.039
329.916
330.074
330.282
330.154
330.282
330.074
330.154
330.318
330.318
330.402
330.318
330.318
330.402
330.318
330.318
330.402
330.318
330.318
330.402
330.074
330.282
330.154
330.282
330.074
330.154
330.039
330.039
329.916
330.282
330.074
330.154
330.282
330.074
330.154
330.039
330.039
329.916
330.158
330.132
330.132
330.322
330.05
330.24
330.24
330.363
330.202
330.34
330.393
330.447
330.256
330.31
330.363
330.202
330.34
330.393
330.256
330.31
330.447
330.158
330.132
330.132
330.322
330.24
330.05
330.24
330.363
330.202
330.34
330.393
330.447
330.256
330.31
330.363
330.34
330.202
330.393
330.256
330.447
330.31
330.574
330.412
330.412
330.464
330.519
330.468
330.519
330.574
330.412
330.412
330.464
330.519
330.468
330.519
330.574
330.412
330.412
330.464
330.468
330.519
330.519
330.363
330.34
330.202
330.393
330.31
330.256
330.447
330.158
330.132
330.132
330.322
330.24
330.05
330.24
330.363
330.34
330.202
330.393
330.31
330.256
330.447
329.467
329.705
329.718
329.718
329.623
329.623
329.63
329.405
329.603
329.399
329.399
329.192
329.517
329.517
330.16
330.24
330.268
330.31
330.178
330.222
330.251
330.025
329.856
329.978
330.037
329.907
329.973
330.088
330.06
330.141
329.96
330.013
329.942
330.077
330.124
330.125
330.275
330.135
330.165
330.074
330.187
330.216
329.832
329.798
329.817
329.983
329.724
329.895
329.922
329.825
329.789
329.778
329.969
329.707
329.906
329.889
329.73
329.698
329.501
329.685
329.612
329.619
329.796
329.926
330.075
330.068
330.098
330.007
329.987
330.016
330.16
330.24
330.31
330.269
330.222
330.178
330.251
330.025
329.856
329.978
330.037
329.907
329.974
330.088
330.06
330.141
330.014
329.96
329.942
330.124
330.077
330.126
330.275
330.136
330.165
330.074
330.187
330.216
330.612
330.45
330.525
330.575
330.506
330.557
330.631
330.612
330.45
330.525
330.575
330.506
330.557
330.631
330.65
330.689
330.564
330.564
330.544
330.67
330.67
330.268
330.107
330.066
330.123
330.16
330.215
330.175
330.4
330.377
330.311
330.503
330.293
330.484
330.418
330.304
330.228
330.102
330.215
330.196
330.211
330.322
329.832
329.798
329.983
329.817
329.895
329.724
329.923
329.825
329.789
329.778
329.969
329.707
329.907
329.889
329.731
329.698
329.685
329.501
329.612
329.796
329.62
329.926
330.075
330.068
330.098
330.007
329.987
330.017
330.4
330.377
330.311
330.503
330.293
330.484
330.418
330.268
330.107
330.066
330.123
330.16
330.215
330.175
330.304
330.228
330.215
330.102
330.196
330.322
330.211
330.066
330.038
329.865
330.055
329.957
330.146
329.974
330.065
330.038
329.865
330.055
329.957
330.146
329.974
329.973
329.788
329.772
329.772
329.864
329.882
329.882
329.964
330.112
330.061
330.061
329.959
330.101
330.013
330.013
329.922
330.036
330.037
330.547
330.636
330.573
330.619
330.517
330.444
330.553
330.522
330.495
330.466
330.573
330.551
330.625
330.547
330.589
330.529
330.569
330.608
330.53
330.533
330.453
330.583
330.254
330.201
330.108
330.295
330.319
330.377
330.356
330.455
330.297
330.399
330.376
330.227
330.19
330.107
330.264
330.204
330.13
330.284
330.299
330.465
330.42
330.386
330.547
330.636
330.619
330.573
330.517
330.444
330.553
330.522
330.495
330.466
330.573
330.551
330.625
330.589
330.547
330.529
330.608
330.569
330.53
330.533
330.453
330.584
331.126
331.163
331.144
331.144
331.05
330.942
330.996
330.996
331.088
331.052
331.033
331.106
331.088
331.052
331.033
331.106
330.786
330.716
330.699
330.804
330.843
330.871
330.791
330.925
330.751
330.612
330.699
330.663
330.88
330.98
330.961
330.898
330.254
330.201
330.295
330.108
330.319
330.377
330.356
330.455
330.297
330.399
330.376
330.228
330.19
330.264
330.107
330.205
330.285
330.131
330.299
330.466
330.421
330.386
330.786
330.716
330.804
330.699
330.843
330.871
330.925
330.791
330.88
330.98
330.961
330.898
330.751
330.612
330.699
330.663
330.461
330.285
330.375
330.375
330.643
330.802
330.722
330.722
330.552
330.544
330.631
330.466
330.552
330.544
330.63
330.466
329.315
329.315
329.111
329.7
329.685
329.577
329.365
329.638
329.53
329.701
329.686
329.578
329.366
329.639
329.531
329.991
329.729
329.868
329.991
329.729
329.868
329.682
329.683
329.821
329.733
329.919
329.811
329.854
329.937
329.828
329.733
329.919
329.811
329.854
329.937
329.828
330.026
329.963
330.106
330.301
330.201
330.173
329.981
330.152
330.124
330.026
329.963
330.106
330.301
330.201
330.173
329.981
330.152
330.124
329.7
329.685
329.577
329.365
329.638
329.53
329.315
329.315
329.111
329.991
329.729
329.868
329.991
329.73
329.868
329.682
329.683
329.821
329.701
329.686
329.578
329.366
329.639
329.531
329.734
329.919
329.811
329.937
329.855
329.828
330.026
329.963
330.106
330.301
330.201
330.173
329.981
330.152
330.124
329.734
329.919
329.811
329.855
329.937
329.828
330.301
330.201
330.173
330.026
329.963
330.106
330.152
329.981
330.124
330.337
330.45
330.421
330.337
330.45
330.421
330.47
330.47
330.441
330.337
330.45
330.421
330.337
330.45
330.421
330.47
330.47
330.441
330.337
330.45
330.421
330.337
330.45
330.421
330.47
330.47
330.441
330.337
330.45
330.421
330.337
330.45
330.421
330.47
330.47
330.441
330.026
329.963
330.106
330.301
330.201
330.173
329.981
330.152
330.124
329.734
329.919
329.811
329.937
329.855
329.828
330.301
330.201
330.173
330.026
329.963
330.106
330.152
329.981
330.124
329.734
329.919
329.811
329.855
329.937
329.828
329.701
329.685
329.577
329.638
329.365
329.531
329.991
329.729
329.868
329.991
329.729
329.868
329.683
329.683
329.821
329.315
329.315
329.111
329.701
329.685
329.577
329.639
329.366
329.531
330.301
330.201
330.173
330.026
329.963
330.106
330.152
329.981
330.124
330.301
330.201
330.173
330.026
329.963
330.106
330.152
329.981
330.124
329.734
329.919
329.811
329.937
329.855
329.828
329.733
329.919
329.811
329.937
329.855
329.828
329.991
329.729
329.868
329.991
329.729
329.868
329.683
329.682
329.821
329.701
329.686
329.578
329.639
329.366
329.531
329.7
329.685
329.577
329.638
329.365
329.53
329.315
329.315
329.111
329.832
329.798
329.817
329.983
329.724
329.895
329.922
329.825
329.789
329.778
329.969
329.906
329.707
329.889
329.73
329.698
329.501
329.685
329.619
329.612
329.796
329.926
330.075
330.068
330.098
330.007
329.987
330.016
329.833
329.799
329.818
329.984
329.725
329.895
329.924
329.826
329.789
329.778
329.97
329.907
329.708
329.889
329.731
329.698
329.501
329.685
329.62
329.613
329.796
329.926
330.075
330.068
330.098
330.007
329.988
330.017
330.065
330.038
329.865
330.055
329.957
329.974
330.146
330.066
330.038
329.865
330.055
329.957
329.974
330.146
329.973
329.788
329.772
329.772
329.864
329.882
329.882
329.794
329.801
329.801
329.943
329.676
329.872
329.872
329.827
330
329.978
329.978
329.903
329.931
329.931
330.072
329.899
330.062
330.035
330.003
329.97
330.132
330.224
330.348
330.362
330.322
330.281
330.305
330.267
330.166
330.154
330.178
330.306
330.097
330.224
330.248
330.13
330.092
330.074
330.231
330.028
330.189
330.174
330.074
329.9
330.063
330.035
330.004
329.97
330.133
330.224
330.348
330.363
330.323
330.281
330.305
330.268
330.167
330.154
330.179
330.306
330.098
330.224
330.248
330.131
330.093
330.075
330.232
330.029
330.19
330.175
330.16
330.24
330.268
330.31
330.178
330.222
330.251
330.025
329.856
329.978
330.037
329.973
329.907
330.088
330.06
330.141
329.96
330.013
330.077
329.942
330.124
330.125
330.275
330.135
330.165
330.074
330.187
330.216
330.268
330.107
330.066
330.123
330.175
330.16
330.215
330.4
330.377
330.311
330.503
330.484
330.292
330.418
330.304
330.228
330.102
330.215
330.21
330.196
330.322
330.268
330.107
330.066
330.123
330.16
330.175
330.215
330.4
330.377
330.311
330.503
330.292
330.418
330.484
330.304
330.228
330.102
330.215
330.196
330.211
330.322
330.4
330.349
330.389
330.477
330.331
330.418
330.459
330.423
330.414
330.429
330.521
330.466
330.371
330.481
330.366
330.354
330.245
330.372
330.297
330.314
330.424
330.457
330.533
330.518
330.556
330.5
330.475
330.515
330.4
330.349
330.389
330.477
330.331
330.418
330.459
330.423
330.414
330.429
330.521
330.481
330.371
330.466
330.366
330.354
330.245
330.372
330.297
330.424
330.314
330.457
330.533
330.518
330.556
330.475
330.515
330.5
329.467
329.705
329.718
329.718
329.623
329.623
329.63
329.405
329.603
329.399
329.399
329.517
329.192
329.517
330.065
330.038
329.865
330.055
329.974
329.957
330.146
330.066
330.038
329.865
330.055
330.146
329.957
329.974
329.973
329.788
329.772
329.772
329.882
329.864
329.882
329.833
329.799
329.818
329.984
329.725
329.895
329.924
329.826
329.789
329.778
329.97
329.708
329.889
329.907
329.731
329.698
329.501
329.685
329.613
329.62
329.796
329.926
330.075
330.068
330.098
329.988
330.017
330.008
330.072
329.899
330.062
330.035
330.003
329.97
330.132
330.224
330.348
330.362
330.322
330.267
330.305
330.281
330.166
330.154
330.178
330.306
330.097
330.248
330.224
330.13
330.092
330.074
330.231
330.174
330.028
330.189
329.794
329.801
329.801
329.943
329.676
329.872
329.872
329.827
330
329.978
329.978
329.931
329.931
329.903
330.074
329.9
330.063
330.035
330.004
329.97
330.133
330.224
330.348
330.363
330.323
330.281
330.305
330.268
330.167
330.154
330.179
330.306
330.098
330.224
330.248
330.131
330.093
330.075
330.232
330.029
330.19
330.175
330.268
330.107
330.066
330.123
330.175
330.16
330.215
330.4
330.377
330.311
330.503
330.484
330.293
330.418
330.304
330.228
330.102
330.215
330.211
330.196
330.322
330.16
330.24
330.269
330.31
330.178
330.222
330.251
330.025
329.856
329.978
330.037
329.974
329.907
330.088
330.06
330.141
329.96
330.014
330.077
329.942
330.124
330.125
330.275
330.135
330.165
330.074
330.187
330.216
330.4
330.377
330.311
330.503
330.293
330.418
330.484
330.268
330.107
330.066
330.123
330.16
330.175
330.215
330.304
330.228
330.215
330.102
330.196
330.322
330.211
330.4
330.389
330.349
330.477
330.331
330.459
330.418
330.423
330.415
330.429
330.521
330.466
330.372
330.481
330.366
330.354
330.245
330.372
330.297
330.315
330.424
330.457
330.533
330.556
330.518
330.5
330.516
330.475
330.4
330.349
330.389
330.477
330.331
330.418
330.459
330.423
330.415
330.429
330.521
330.481
330.371
330.466
330.366
330.354
330.245
330.372
330.297
330.424
330.315
330.457
330.533
330.518
330.556
330.475
330.516
330.5
330.612
330.45
330.525
330.575
330.631
330.506
330.557
330.612
330.45
330.525
330.575
330.557
330.506
330.631
330.65
330.689
330.564
330.564
330.67
330.544
330.67
330.612
330.45
330.525
330.575
330.631
330.506
330.557
330.612
330.45
330.525
330.575
330.557
330.506
330.631
330.65
330.689
330.564
330.564
330.67
330.544
330.67
330.612
330.45
330.525
330.575
330.506
330.631
330.557
330.612
330.45
330.525
330.575
330.506
330.631
330.557
330.65
330.689
330.564
330.564
330.544
330.67
330.67
330.16
330.24
330.31
330.269
330.222
330.178
330.251
330.025
329.856
329.978
330.037
330.088
329.907
329.974
330.06
330.141
330.014
329.96
330.124
329.942
330.077
330.126
330.275
330.136
330.165
330.187
330.074
330.216
330.4
330.377
330.311
330.503
330.418
330.293
330.484
330.268
330.107
330.066
330.123
330.215
330.16
330.175
330.304
330.228
330.215
330.102
330.322
330.196
330.211
330.16
330.24
330.269
330.31
330.178
330.222
330.251
330.025
329.856
329.978
330.037
329.907
330.088
329.974
330.06
330.141
329.96
330.014
329.942
330.077
330.124
330.126
330.275
330.136
330.165
330.187
330.216
330.074
330.4
330.389
330.349
330.477
330.331
330.459
330.418
330.423
330.415
330.429
330.521
330.372
330.481
330.466
330.366
330.354
330.245
330.372
330.315
330.297
330.424
330.457
330.533
330.556
330.518
330.516
330.475
330.5
330.4
330.349
330.389
330.477
330.331
330.418
330.459
330.423
330.415
330.429
330.521
330.481
330.372
330.466
330.366
330.354
330.245
330.372
330.297
330.424
330.315
330.457
330.533
330.518
330.556
330.475
330.516
330.5
330.066
330.038
329.865
330.055
329.974
329.957
330.146
330.066
330.038
329.865
330.055
330.146
329.957
329.974
329.973
329.788
329.772
329.772
329.882
329.864
329.882
329.467
329.705
329.718
329.718
329.623
329.623
329.63
329.405
329.603
329.399
329.399
329.517
329.192
329.517
329.832
329.798
329.983
329.817
329.895
329.724
329.923
329.825
329.789
329.778
329.969
329.707
329.889
329.907
329.731
329.698
329.685
329.501
329.612
329.796
329.62
329.926
330.075
330.068
330.098
329.987
330.017
330.007
330.073
330.063
329.899
330.035
330.004
330.132
329.97
330.224
330.348
330.363
330.323
330.267
330.305
330.281
330.167
330.154
330.179
330.306
330.097
330.248
330.224
330.131
330.092
330.232
330.074
330.174
330.19
330.029
329.794
329.801
329.801
329.943
329.676
329.872
329.872
329.827
330
329.978
329.978
329.931
329.931
329.903
330.073
330.063
329.899
330.035
330.003
330.132
329.97
330.224
330.348
330.363
330.323
330.281
330.305
330.267
330.167
330.154
330.179
330.306
330.097
330.224
330.248
330.131
330.092
330.232
330.075
330.19
330.029
330.175
330.4
330.377
330.311
330.503
330.418
330.293
330.484
330.268
330.107
330.066
330.123
330.215
330.16
330.175
330.304
330.228
330.215
330.102
330.322
330.196
330.211
330.16
330.24
330.31
330.269
330.222
330.178
330.251
330.025
329.856
329.978
330.037
330.088
329.907
329.974
330.06
330.141
330.013
329.96
330.124
329.942
330.077
330.125
330.275
330.135
330.165
330.187
330.074
330.216
330.16
330.24
330.31
330.269
330.222
330.178
330.251
330.025
329.856
329.978
330.037
329.907
330.088
329.973
330.06
330.141
330.013
329.96
329.942
330.124
330.077
330.125
330.275
330.135
330.165
330.187
330.216
330.074
330.4
330.389
330.349
330.477
330.331
330.459
330.418
330.423
330.415
330.429
330.521
330.372
330.481
330.466
330.366
330.354
330.245
330.372
330.315
330.297
330.424
330.457
330.533
330.556
330.518
330.515
330.475
330.5
330.4
330.389
330.349
330.477
330.331
330.459
330.418
330.423
330.414
330.429
330.521
330.481
330.371
330.466
330.366
330.354
330.245
330.372
330.297
330.424
330.314
330.457
330.533
330.556
330.518
330.515
330.475
330.5
329.833
329.799
329.984
329.818
329.895
329.725
329.924
329.826
329.789
329.778
329.97
329.889
329.708
329.907
329.731
329.698
329.685
329.501
329.796
329.613
329.62
329.926
330.075
330.068
330.098
329.988
330.007
330.017
329.832
329.798
329.983
329.817
329.895
329.724
329.922
329.825
329.789
329.778
329.969
329.889
329.707
329.907
329.73
329.698
329.685
329.501
329.796
329.612
329.619
329.926
330.075
330.068
330.098
329.987
330.007
330.017
329.467
329.705
329.718
329.718
329.623
329.623
329.63
329.405
329.603
329.399
329.399
329.192
329.517
329.517
330.074
330.063
329.9
330.035
330.004
330.133
329.97
330.224
330.348
330.363
330.323
330.305
330.281
330.268
330.167
330.154
330.179
330.306
330.248
330.098
330.224
330.131
330.093
330.232
330.075
330.19
330.029
330.175
330.072
330.062
329.899
330.035
330.003
330.132
329.97
330.224
330.348
330.362
330.323
330.305
330.281
330.267
330.166
330.154
330.178
330.306
330.248
330.097
330.224
330.13
330.092
330.231
330.074
330.19
330.028
330.174
329.795
329.801
329.801
329.943
329.676
329.872
329.872
329.827
330
329.978
329.978
329.931
329.931
329.903
330.254
330.201
330.108
330.295
330.319
330.377
330.356
330.455
330.399
330.297
330.376
330.227
330.19
330.107
330.264
330.13
330.204
330.284
330.299
330.465
330.42
330.386
330.255
330.201
330.108
330.295
330.319
330.378
330.356
330.455
330.4
330.297
330.376
330.228
330.19
330.107
330.264
330.131
330.205
330.285
330.299
330.466
330.421
330.387
330.461
330.285
330.375
330.375
330.643
330.802
330.722
330.722
330.552
330.544
330.466
330.63
330.552
330.544
330.466
330.631
330.547
330.636
330.573
330.619
330.517
330.444
330.553
330.522
330.466
330.495
330.573
330.551
330.625
330.547
330.589
330.569
330.529
330.608
330.53
330.533
330.453
330.583
330.786
330.716
330.699
330.804
330.843
330.871
330.925
330.791
330.751
330.612
330.663
330.699
330.88
330.98
330.961
330.898
330.786
330.716
330.699
330.804
330.843
330.871
330.791
330.925
330.751
330.612
330.663
330.699
330.88
330.98
330.898
330.961
329.964
330.112
330.061
330.061
329.959
330.101
330.013
330.013
330.036
329.922
330.037
330.461
330.285
330.375
330.375
330.643
330.802
330.722
330.722
330.552
330.544
330.466
330.63
330.552
330.544
330.631
330.466
330.255
330.201
330.108
330.295
330.319
330.378
330.356
330.455
330.297
330.376
330.4
330.228
330.19
330.107
330.264
330.205
330.131
330.285
330.299
330.466
330.387
330.421
330.786
330.716
330.699
330.804
330.843
330.871
330.925
330.791
330.751
330.612
330.663
330.699
330.88
330.98
330.961
330.898
330.547
330.636
330.573
330.619
330.517
330.444
330.553
330.522
330.466
330.495
330.573
330.551
330.625
330.547
330.589
330.569
330.529
330.608
330.53
330.533
330.453
330.584
330.786
330.716
330.804
330.699
330.843
330.871
330.925
330.791
330.88
330.98
330.898
330.961
330.751
330.612
330.663
330.699
331.126
331.163
331.144
331.144
331.05
330.942
330.996
330.996
331.088
331.052
331.106
331.033
331.088
331.052
331.033
331.106
331.126
331.163
331.144
331.144
331.05
330.942
330.996
330.996
331.088
331.052
331.106
331.033
331.088
331.052
331.033
331.106
331.126
331.163
331.144
331.144
331.05
330.942
330.996
330.996
331.088
331.052
331.106
331.033
331.088
331.052
331.106
331.033
330.547
330.636
330.619
330.573
330.517
330.444
330.553
330.522
330.573
330.495
330.466
330.551
330.625
330.589
330.547
330.608
330.529
330.569
330.53
330.533
330.584
330.453
330.786
330.716
330.804
330.699
330.843
330.871
330.791
330.925
330.88
330.98
330.898
330.961
330.751
330.612
330.699
330.663
330.547
330.636
330.573
330.619
330.517
330.444
330.553
330.522
330.495
330.573
330.466
330.551
330.625
330.547
330.589
330.529
330.569
330.608
330.53
330.533
330.584
330.453
330.461
330.285
330.375
330.375
330.643
330.802
330.722
330.722
330.552
330.544
330.466
330.63
330.552
330.544
330.63
330.466
329.964
330.112
330.061
330.061
329.959
330.101
330.013
330.013
330.037
329.922
330.037
330.255
330.201
330.295
330.108
330.319
330.377
330.356
330.455
330.297
330.376
330.399
330.228
330.19
330.264
330.107
330.205
330.285
330.131
330.299
330.466
330.387
330.421
330.786
330.716
330.804
330.699
330.843
330.871
330.791
330.925
330.88
330.98
330.898
330.961
330.751
330.612
330.699
330.663
330.547
330.636
330.619
330.573
330.517
330.444
330.553
330.522
330.573
330.495
330.466
330.551
330.625
330.589
330.547
330.608
330.529
330.569
330.53
330.533
330.583
330.453
330.547
330.636
330.619
330.573
330.517
330.444
330.553
330.522
330.495
330.573
330.466
330.551
330.625
330.589
330.547
330.529
330.608
330.569
330.53
330.533
330.583
330.453
330.255
330.201
330.295
330.108
330.319
330.378
330.356
330.455
330.376
330.297
330.4
330.228
330.19
330.264
330.107
330.285
330.205
330.131
330.299
330.466
330.387
330.421
330.254
330.201
330.295
330.108
330.319
330.377
330.356
330.455
330.376
330.297
330.399
330.227
330.19
330.264
330.107
330.284
330.205
330.13
330.299
330.465
330.386
330.421
329.964
330.112
330.061
330.061
329.959
330.101
330.013
330.013
329.922
330.037
330.036
330.025
330.103
330.125
330.125
330.064
330.064
330.087
330.131
330.138
330.161
330.232
330.099
330.17
330.192
330.131
330.138
330.161
330.232
330.099
330.17
330.192
330.025
330.103
330.125
330.125
330.064
330.064
330.087
330.131
330.138
330.161
330.232
330.099
330.17
330.192
330.131
330.138
330.232
330.161
330.17
330.099
330.192
330.238
330.175
330.268
330.268
330.3
330.206
330.206
330.238
330.175
330.268
330.268
330.206
330.206
330.3
330.238
330.175
330.268
330.268
330.206
330.206
330.3
330.238
330.175
330.268
330.268
330.206
330.206
330.3
330.131
330.138
330.161
330.232
330.192
330.099
330.17
330.131
330.138
330.232
330.161
330.17
330.099
330.192
330.025
330.103
330.125
330.125
330.064
330.064
330.087
330.131
330.138
330.232
330.161
330.192
330.17
330.099
330.131
330.138
330.232
330.161
330.17
330.099
330.192
330.025
330.103
330.125
330.125
330.087
330.064
330.064
329.283
329.381
329.396
329.396
329.348
329.331
329.332
329.664
329.765
329.744
329.77
329.706
329.702
329.728
329.431
329.429
329.445
329.541
329.381
329.477
329.496
329.665
329.766
329.744
329.77
329.706
329.702
329.728
329.432
329.429
329.445
329.541
329.381
329.477
329.496
329.797
329.897
329.788
329.813
329.75
329.834
329.859
329.797
329.897
329.788
329.814
329.751
329.834
329.859
329.57
329.475
329.587
329.587
329.523
329.523
329.633
329.766
329.799
329.778
329.871
329.829
329.736
329.808
329.853
329.9
329.921
329.959
329.916
329.857
329.896
329.766
329.799
329.778
329.871
329.808
329.736
329.829
329.853
329.9
329.921
329.959
329.857
329.896
329.916
329.899
329.931
329.822
329.915
329.869
329.853
329.962
330.223
330.324
330.268
330.289
330.228
330.263
330.284
329.988
329.945
330.004
330.055
329.941
329.993
330.05
329.899
329.931
329.822
329.915
329.853
329.869
329.962
330.223
330.324
330.268
330.289
330.228
330.263
330.284
329.988
329.945
330.004
330.055
329.941
329.993
330.05
329.664
329.765
329.744
329.77
329.728
329.702
329.706
329.431
329.429
329.445
329.541
329.496
329.381
329.477
329.283
329.381
329.396
329.396
329.331
329.332
329.348
329.797
329.897
329.788
329.813
329.834
329.75
329.859
329.797
329.897
329.788
329.814
329.751
329.834
329.859
329.57
329.475
329.587
329.587
329.523
329.523
329.633
329.665
329.766
329.744
329.77
329.706
329.702
329.728
329.432
329.429
329.445
329.541
329.381
329.477
329.496
329.766
329.8
329.778
329.871
329.829
329.736
329.808
329.853
329.9
329.959
329.921
329.917
329.896
329.857
329.899
329.931
329.823
329.916
329.869
329.853
329.962
330.223
330.324
330.268
330.289
330.228
330.263
330.284
329.988
329.945
330.004
330.055
329.941
329.993
330.051
329.766
329.8
329.778
329.871
329.808
329.736
329.829
329.853
329.9
329.921
329.959
329.857
329.896
329.917
330.223
330.324
330.268
330.289
330.228
330.263
330.284
329.899
329.931
329.823
329.916
329.853
329.869
329.962
329.988
329.945
330.055
330.004
329.993
329.941
330.051
330.332
330.361
330.305
330.398
330.394
330.3
330.337
330.332
330.361
330.305
330.398
330.394
330.3
330.337
330.428
330.438
330.494
330.494
330.489
330.433
330.433
330.332
330.361
330.305
330.398
330.3
330.337
330.394
330.332
330.361
330.305
330.398
330.337
330.3
330.394
330.428
330.438
330.494
330.494
330.433
330.433
330.489
330.332
330.361
330.305
330.398
330.3
330.337
330.394
330.332
330.361
330.305
330.398
330.337
330.3
330.394
330.428
330.438
330.494
330.494
330.433
330.433
330.489
330.332
330.361
330.305
330.398
330.337
330.3
330.394
330.332
330.361
330.305
330.398
330.337
330.3
330.394
330.428
330.438
330.494
330.494
330.433
330.433
330.489
329.899
329.931
329.823
329.916
329.962
329.869
329.853
330.223
330.324
330.268
330.289
330.284
330.263
330.228
329.988
329.945
330.004
330.055
330.051
329.941
329.993
329.766
329.8
329.778
329.871
329.736
329.808
329.829
329.853
329.9
329.959
329.921
329.896
329.857
329.917
330.223
330.324
330.268
330.289
330.263
330.228
330.284
329.899
329.931
329.823
329.916
329.853
329.869
329.962
329.988
329.945
330.055
330.004
329.993
329.941
330.051
329.766
329.8
329.778
329.871
329.808
329.736
329.829
329.853
329.9
329.921
329.959
329.857
329.896
329.917
329.664
329.766
329.744
329.77
329.728
329.702
329.706
329.432
329.429
329.541
329.445
329.496
329.477
329.381
329.797
329.897
329.788
329.814
329.834
329.751
329.859
329.797
329.897
329.788
329.814
329.751
329.834
329.859
329.57
329.475
329.587
329.587
329.523
329.523
329.633
329.283
329.381
329.396
329.396
329.331
329.332
329.348
329.664
329.766
329.744
329.77
329.706
329.702
329.728
329.432
329.429
329.541
329.445
329.477
329.381
329.496
330.223
330.324
330.268
330.289
330.284
330.263
330.228
329.899
329.931
329.823
329.916
329.962
329.869
329.853
329.988
329.945
330.055
330.004
330.05
329.993
329.941
330.223
330.324
330.268
330.289
330.263
330.228
330.284
329.899
329.931
329.822
329.916
329.853
329.869
329.962
329.988
329.945
330.055
330.004
329.993
329.941
330.05
329.766
329.8
329.778
329.871
329.736
329.808
329.829
329.853
329.9
329.959
329.921
329.896
329.857
329.917
329.766
329.799
329.778
329.871
329.808
329.736
329.829
329.853
329.9
329.959
329.921
329.896
329.857
329.917
329.797
329.897
329.788
329.814
329.859
329.834
329.751
329.797
329.897
329.788
329.813
329.859
329.834
329.751
329.57
329.475
329.587
329.587
329.633
329.523
329.523
329.665
329.766
329.744
329.77
329.702
329.706
329.728
329.432
329.429
329.541
329.445
329.477
329.381
329.496
329.664
329.766
329.744
329.77
329.702
329.706
329.728
329.432
329.429
329.541
329.445
329.477
329.381
329.496
329.283
329.381
329.396
329.396
329.332
329.331
329.348
329.984
330.084
329.977
330.001
330.022
330.045
329.939
329.984
330.084
329.977
330.001
330.022
330.045
329.939
329.942
329.853
329.96
329.96
330.004
329.898
329.898
330.089
330.119
330.012
330.105
330.057
330.15
330.043
330.158
330.259
330.221
330.242
330.197
330.219
330.181
330.116
330.093
330.132
330.2
330.177
330.07
330.138
330.089
330.119
330.012
330.105
330.057
330.15
330.043
330.158
330.259
330.221
330.242
330.197
330.219
330.181
330.116
330.093
330.132
330.2
330.177
330.07
330.138
329.984
330.084
329.977
330.001
330.022
330.045
329.939
329.984
330.084
329.977
330.001
330.022
330.045
329.939
329.942
329.853
329.96
329.96
330.004
329.898
329.898
330.089
330.119
330.012
330.105
330.057
330.15
330.043
330.158
330.259
330.221
330.242
330.197
330.219
330.181
330.116
330.093
330.132
330.2
330.177
330.07
330.138
330.158
330.259
330.221
330.242
330.197
330.219
330.181
330.089
330.119
330.012
330.105
330.057
330.15
330.043
330.116
330.093
330.2
330.132
330.177
330.138
330.07
330.266
330.295
330.351
330.257
330.327
330.234
330.289
330.266
330.295
330.351
330.257
330.327
330.234
330.289
330.294
330.341
330.378
330.378
330.355
330.317
330.317
330.266
330.295
330.257
330.351
330.234
330.327
330.289
330.266
330.295
330.257
330.351
330.234
330.327
330.289
330.294
330.341
330.378
330.378
330.355
330.317
330.317
330.266
330.295
330.257
330.351
330.234
330.327
330.289
330.266
330.295
330.257
330.351
330.234
330.327
330.289
330.294
330.341
330.378
330.378
330.355
330.317
330.317
330.266
330.295
330.257
330.351
330.234
330.327
330.289
330.266
330.295
330.257
330.351
330.234
330.327
330.289
330.294
330.341
330.378
330.378
330.355
330.317
330.317
330.089
330.119
330.105
330.012
330.15
330.058
330.043
330.158
330.259
330.242
330.221
330.219
330.197
330.181
330.116
330.093
330.132
330.2
330.177
330.07
330.138
330.158
330.259
330.221
330.242
330.197
330.219
330.181
330.089
330.119
330.012
330.105
330.058
330.15
330.043
330.116
330.093
330.2
330.132
330.177
330.138
330.07
329.984
330.084
329.977
330.001
330.022
330.045
329.939
329.984
330.084
329.977
330.001
330.022
330.045
329.939
329.942
329.853
329.96
329.96
330.004
329.898
329.898
330.158
330.259
330.242
330.221
330.219
330.197
330.181
330.089
330.119
330.105
330.012
330.15
330.057
330.043
330.116
330.093
330.2
330.132
330.177
330.138
330.07
330.158
330.259
330.221
330.242
330.197
330.219
330.181
330.089
330.119
330.012
330.105
330.057
330.15
330.043
330.116
330.093
330.2
330.132
330.177
330.138
330.07
329.984
330.084
330.001
329.977
330.045
330.022
329.939
329.984
330.084
330.001
329.977
330.045
330.022
329.939
329.942
329.853
329.96
329.96
330.004
329.898
329.898
329.604
329.519
329.519
329.525
329.554
329.573
329.573
329.651
329.58
329.668
329.668
329.621
329.621
329.696
329.445
329.338
329.464
329.465
329.501
329.405
329.405
329.386
329.267
329.279
329.279
329.344
329.344
329.325
330.01
329.984
329.984
329.967
330.006
329.987
329.987
330.043
330.019
330.075
330.064
330.04
330.021
330.08
330.043
330.019
330.076
330.064
330.04
330.021
330.08
329.991
329.95
329.979
329.979
330
329.971
329.971
329.979
329.938
329.944
329.944
329.959
329.959
329.964
330.578
330.56
330.563
330.55
330.574
330.563
330.566
330.587
330.569
330.588
330.576
330.584
330.571
330.591
330.527
330.508
330.544
330.532
330.547
330.524
330.511
330.5
330.483
330.47
330.456
330.496
330.485
330.473
330.227
330.205
330.267
330.257
330.224
330.209
330.271
330.175
330.158
330.128
330.111
330.171
330.16
330.13
330.36
330.343
330.317
330.302
330.32
330.356
330.346
330.403
330.383
330.433
330.423
330.4
330.386
330.437
330.578
330.563
330.56
330.55
330.575
330.566
330.563
330.587
330.569
330.588
330.576
330.584
330.571
330.591
330.527
330.508
330.544
330.533
330.547
330.524
330.511
330.5
330.483
330.47
330.456
330.496
330.486
330.473
330.227
330.267
330.206
330.257
330.224
330.271
330.209
330.175
330.158
330.128
330.112
330.171
330.16
330.13
330.36
330.344
330.317
330.302
330.32
330.356
330.346
330.403
330.383
330.433
330.423
330.4
330.386
330.437
329.235
329.346
329.265
329.247
329.3
329.197
329.281
329.235
329.346
329.265
329.247
329.3
329.197
329.281
329.195
329.022
329.213
329.213
329.261
329.143
329.143
329.625
329.727
329.633
329.662
329.595
329.663
329.69
329.624
329.729
329.622
329.644
329.58
329.666
329.688
329.584
329.51
329.622
329.605
329.554
329.54
329.649
329.385
329.397
329.298
329.42
329.332
329.352
329.45
329.483
329.59
329.575
329.597
329.532
329.527
329.547
329.441
329.462
329.477
329.557
329.41
329.492
329.506
329.626
329.727
329.633
329.663
329.596
329.663
329.69
329.624
329.729
329.622
329.644
329.58
329.666
329.688
329.585
329.51
329.623
329.605
329.555
329.541
329.649
329.385
329.397
329.298
329.421
329.332
329.353
329.45
329.483
329.591
329.575
329.597
329.533
329.527
329.547
329.442
329.463
329.478
329.558
329.41
329.493
329.507
329.844
329.944
329.929
329.953
329.891
329.881
329.906
329.756
329.773
329.666
329.775
329.71
329.712
329.819
329.803
329.806
329.912
329.821
329.85
329.759
329.865
329.844
329.944
329.929
329.953
329.891
329.881
329.906
329.756
329.773
329.666
329.775
329.71
329.712
329.819
329.803
329.806
329.913
329.821
329.85
329.759
329.865
329.618
329.635
329.619
329.728
329.571
329.665
329.681
329.618
329.635
329.619
329.728
329.571
329.665
329.681
329.664
329.759
329.774
329.774
329.712
329.712
329.727
329.726
329.761
329.764
329.666
329.696
329.79
329.696
329.791
329.897
329.877
329.856
329.855
329.813
329.834
329.752
329.743
329.789
329.838
329.722
329.816
329.774
329.813
329.882
329.85
329.787
329.877
329.783
329.818
329.844
329.95
329.894
329.874
329.908
329.831
329.887
329.804
329.761
329.841
329.855
329.868
329.774
329.791
329.726
329.761
329.666
329.764
329.696
329.696
329.79
329.791
329.897
329.856
329.877
329.813
329.834
329.855
329.752
329.743
329.789
329.838
329.722
329.774
329.816
329.813
329.882
329.787
329.85
329.818
329.783
329.877
329.844
329.95
329.874
329.894
329.831
329.887
329.908
329.804
329.761
329.841
329.855
329.774
329.791
329.868
329.947
329.978
329.964
330.057
329.995
329.916
330.009
329.925
329.941
329.901
330.01
329.879
329.948
329.988
329.973
330.044
330.083
330.058
330.022
329.995
330.035
330.214
330.315
330.239
330.261
330.2
330.254
330.275
330.18
330.246
330.139
330.196
330.134
330.185
330.242
330.171
330.111
330.219
330.187
330.157
330.125
330.233
329.979
329.995
329.919
330.028
329.932
329.966
330.042
330.036
330.103
330.09
330.147
330.085
330.041
330.098
330.027
330.062
330.076
330.138
330.014
330.076
330.089
329.947
329.978
329.964
330.057
329.995
329.916
330.009
329.925
329.941
329.901
330.01
329.879
329.948
329.988
329.973
330.044
330.083
330.058
330.022
329.995
330.035
330.214
330.315
330.239
330.261
330.2
330.254
330.275
330.18
330.246
330.139
330.196
330.185
330.134
330.242
330.171
330.111
330.219
330.187
330.157
330.125
330.233
329.979
329.995
329.919
330.028
329.932
329.966
330.042
330.036
330.103
330.09
330.147
330.041
330.085
330.098
330.027
330.062
330.076
330.138
330.014
330.076
330.089
329.625
329.727
329.662
329.633
329.595
329.69
329.663
329.624
329.729
329.644
329.622
329.688
329.58
329.666
329.584
329.51
329.622
329.605
329.554
329.649
329.54
329.385
329.397
329.42
329.298
329.45
329.352
329.332
329.483
329.59
329.597
329.575
329.547
329.532
329.527
329.441
329.462
329.477
329.557
329.506
329.41
329.492
329.235
329.346
329.247
329.265
329.281
329.197
329.3
329.235
329.346
329.247
329.265
329.197
329.281
329.3
329.195
329.022
329.213
329.213
329.143
329.143
329.261
329.844
329.944
329.929
329.953
329.891
329.881
329.906
329.756
329.773
329.666
329.775
329.71
329.712
329.819
329.803
329.806
329.912
329.821
329.85
329.759
329.865
329.844
329.944
329.929
329.953
329.891
329.881
329.906
329.756
329.773
329.666
329.775
329.712
329.71
329.819
329.803
329.806
329.913
329.821
329.85
329.759
329.865
329.618
329.635
329.619
329.728
329.571
329.665
329.681
329.618
329.635
329.619
329.728
329.665
329.571
329.681
329.664
329.759
329.774
329.774
329.712
329.712
329.727
329.626
329.727
329.633
329.663
329.596
329.663
329.69
329.624
329.729
329.622
329.644
329.666
329.58
329.688
329.585
329.51
329.623
329.605
329.555
329.541
329.649
329.385
329.397
329.298
329.421
329.332
329.353
329.45
329.483
329.591
329.575
329.597
329.527
329.533
329.547
329.442
329.463
329.478
329.558
329.41
329.493
329.507
329.726
329.761
329.764
329.666
329.696
329.791
329.697
329.792
329.897
329.877
329.856
329.855
329.813
329.834
329.752
329.744
329.789
329.838
329.722
329.816
329.774
329.844
329.95
329.895
329.874
329.908
329.831
329.887
329.813
329.882
329.85
329.787
329.877
329.783
329.818
329.804
329.761
329.855
329.841
329.869
329.791
329.774
329.947
329.978
329.964
330.057
329.995
329.916
330.009
329.925
329.942
329.901
330.01
329.879
329.948
329.988
329.973
330.044
330.084
330.058
330.022
329.996
330.035
330.214
330.315
330.239
330.261
330.2
330.254
330.275
330.18
330.246
330.139
330.196
330.134
330.185
330.242
330.171
330.111
330.219
330.187
330.157
330.125
330.233
329.979
329.995
329.919
330.028
329.932
329.966
330.042
330.036
330.103
330.09
330.147
330.085
330.041
330.098
330.027
330.062
330.076
330.138
330.014
330.076
330.089
329.726
329.761
329.666
329.764
329.696
329.697
329.79
329.791
329.897
329.856
329.877
329.813
329.834
329.855
329.752
329.744
329.789
329.838
329.722
329.774
329.816
329.813
329.882
329.787
329.85
329.818
329.783
329.877
329.844
329.95
329.874
329.895
329.831
329.887
329.908
329.804
329.761
329.841
329.855
329.774
329.791
329.869
330.214
330.315
330.239
330.261
330.2
330.254
330.275
330.18
330.246
330.139
330.196
330.185
330.134
330.242
330.171
330.111
330.219
330.187
330.157
330.125
330.233
329.947
329.978
329.964
330.057
329.995
329.916
330.009
329.925
329.941
329.901
330.01
329.879
329.948
329.988
329.973
330.044
330.083
330.058
330.022
329.995
330.035
330.036
330.103
330.09
330.147
330.041
330.085
330.098
329.979
329.995
329.919
330.028
329.932
329.966
330.042
330.027
330.062
330.138
330.076
330.076
330.014
330.089
330.323
330.352
330.37
330.276
330.309
330.384
330.29
330.36
330.426
330.445
330.389
330.422
330.384
330.365
330.351
330.36
330.398
330.436
330.336
330.412
330.375
330.323
330.352
330.37
330.276
330.309
330.384
330.29
330.36
330.426
330.445
330.389
330.422
330.384
330.365
330.351
330.36
330.398
330.436
330.336
330.412
330.375
330.418
330.484
330.465
330.409
330.479
330.404
330.423
330.418
330.484
330.465
330.409
330.479
330.404
330.423
330.409
330.38
330.455
330.455
330.47
330.394
330.394
330.323
330.352
330.276
330.37
330.309
330.29
330.384
330.36
330.426
330.389
330.445
330.365
330.384
330.422
330.351
330.36
330.398
330.436
330.336
330.375
330.412
330.323
330.352
330.276
330.37
330.309
330.29
330.384
330.36
330.426
330.389
330.445
330.384
330.365
330.422
330.351
330.36
330.398
330.436
330.336
330.375
330.412
330.418
330.484
330.409
330.465
330.423
330.404
330.479
330.418
330.484
330.409
330.465
330.404
330.423
330.479
330.409
330.38
330.455
330.455
330.394
330.394
330.47
330.323
330.352
330.276
330.37
330.309
330.29
330.384
330.36
330.426
330.389
330.445
330.365
330.384
330.422
330.351
330.36
330.398
330.436
330.336
330.375
330.412
330.323
330.352
330.276
330.37
330.309
330.29
330.384
330.36
330.426
330.389
330.445
330.384
330.365
330.422
330.351
330.36
330.398
330.436
330.336
330.375
330.412
330.418
330.484
330.409
330.465
330.423
330.404
330.479
330.418
330.484
330.409
330.465
330.404
330.423
330.479
330.409
330.38
330.455
330.455
330.394
330.394
330.47
330.323
330.352
330.276
330.37
330.309
330.29
330.384
330.36
330.426
330.389
330.445
330.365
330.384
330.422
330.351
330.36
330.398
330.436
330.336
330.375
330.412
330.323
330.352
330.276
330.37
330.309
330.29
330.384
330.36
330.426
330.389
330.445
330.365
330.384
330.422
330.351
330.36
330.398
330.436
330.336
330.375
330.412
330.418
330.484
330.409
330.465
330.423
330.404
330.479
330.418
330.484
330.409
330.465
330.423
330.404
330.479
330.409
330.38
330.455
330.455
330.394
330.394
330.47
329.947
329.978
330.057
329.964
329.995
330.009
329.916
329.925
329.942
330.01
329.901
329.988
329.948
329.879
329.973
330.044
330.084
330.058
330.022
330.035
329.996
330.214
330.315
330.261
330.239
330.2
330.275
330.254
330.18
330.247
330.196
330.139
330.242
330.134
330.185
330.171
330.111
330.219
330.187
330.157
330.233
330.125
329.979
329.995
330.028
329.919
330.042
329.966
329.932
330.036
330.103
330.147
330.09
330.098
330.085
330.041
330.027
330.062
330.076
330.138
330.089
330.014
330.076
329.726
329.761
329.666
329.764
329.696
329.697
329.791
329.792
329.897
329.856
329.877
329.834
329.813
329.855
329.752
329.744
329.789
329.838
329.722
329.774
329.816
329.844
329.95
329.874
329.895
329.887
329.831
329.908
329.813
329.882
329.787
329.85
329.783
329.818
329.877
329.804
329.761
329.855
329.841
329.791
329.774
329.869
330.214
330.315
330.239
330.261
330.2
330.254
330.275
330.18
330.247
330.139
330.196
330.185
330.134
330.242
330.171
330.111
330.219
330.187
330.157
330.125
330.233
329.947
329.978
329.964
330.057
329.995
329.916
330.009
329.925
329.942
329.901
330.01
329.948
329.879
329.988
329.973
330.044
330.084
330.058
330.022
329.996
330.035
330.036
330.103
330.09
330.147
330.041
330.085
330.098
329.979
329.995
329.919
330.028
329.966
329.932
330.042
330.027
330.062
330.138
330.076
330.076
330.014
330.089
329.726
329.761
329.666
329.764
329.696
329.697
329.791
329.792
329.897
329.856
329.877
329.834
329.813
329.855
329.752
329.744
329.789
329.838
329.722
329.774
329.816
329.813
329.882
329.787
329.85
329.818
329.783
329.877
329.844
329.95
329.874
329.895
329.887
329.831
329.908
329.804
329.761
329.841
329.855
329.774
329.791
329.869
329.626
329.727
329.663
329.633
329.595
329.69
329.663
329.624
329.729
329.644
329.622
329.688
329.58
329.666
329.585
329.51
329.622
329.605
329.555
329.649
329.54
329.483
329.59
329.597
329.575
329.547
329.533
329.527
329.385
329.397
329.421
329.298
329.45
329.353
329.332
329.441
329.463
329.557
329.477
329.506
329.493
329.41
329.844
329.944
329.929
329.953
329.891
329.881
329.906
329.756
329.773
329.666
329.775
329.71
329.712
329.819
329.803
329.806
329.913
329.821
329.85
329.759
329.865
329.844
329.944
329.929
329.953
329.891
329.881
329.906
329.756
329.773
329.666
329.775
329.712
329.71
329.819
329.803
329.806
329.913
329.821
329.85
329.759
329.865
329.618
329.635
329.619
329.728
329.571
329.665
329.681
329.618
329.635
329.619
329.728
329.665
329.571
329.681
329.664
329.759
329.774
329.774
329.712
329.712
329.727
329.235
329.346
329.247
329.265
329.281
329.197
329.3
329.235
329.346
329.247
329.265
329.197
329.281
329.3
329.195
329.022
329.213
329.213
329.143
329.143
329.261
329.626
329.727
329.633
329.663
329.596
329.663
329.69
329.624
329.729
329.622
329.644
329.666
329.58
329.688
329.585
329.51
329.622
329.605
329.555
329.54
329.649
329.483
329.591
329.575
329.597
329.527
329.533
329.547
329.385
329.397
329.298
329.421
329.332
329.353
329.45
329.442
329.463
329.557
329.477
329.493
329.41
329.506
330.214
330.315
330.261
330.239
330.2
330.275
330.254
330.18
330.246
330.196
330.139
330.242
330.134
330.185
330.171
330.111
330.219
330.187
330.157
330.233
330.125
329.947
329.978
330.057
329.964
329.995
330.009
329.916
329.925
329.941
330.01
329.901
329.988
329.948
329.879
329.973
330.044
330.083
330.058
330.022
330.035
329.995
330.036
330.103
330.147
330.09
330.098
330.085
330.041
329.979
329.995
330.028
329.919
330.042
329.966
329.932
330.027
330.062
330.138
330.076
330.089
330.076
330.014
330.214
330.315
330.239
330.261
330.2
330.254
330.275
330.18
330.246
330.139
330.196
330.185
330.134
330.242
330.171
330.111
330.219
330.187
330.157
330.125
330.233
329.947
329.978
329.964
330.057
329.995
329.916
330.009
329.925
329.941
329.901
330.01
329.948
329.879
329.988
329.973
330.044
330.083
330.058
330.022
329.995
330.035
330.036
330.103
330.09
330.147
330.041
330.085
330.098
329.979
329.995
329.919
330.028
329.966
329.932
330.042
330.027
330.062
330.138
330.076
330.076
330.014
330.089
329.726
329.761
329.666
329.764
329.696
329.697
329.79
329.791
329.897
329.856
329.877
329.834
329.813
329.855
329.752
329.744
329.789
329.838
329.722
329.774
329.816
329.844
329.95
329.874
329.895
329.887
329.831
329.908
329.813
329.882
329.787
329.85
329.783
329.818
329.877
329.804
329.761
329.855
329.841
329.791
329.774
329.869
329.726
329.761
329.666
329.764
329.696
329.696
329.79
329.791
329.897
329.856
329.877
329.834
329.813
329.855
329.752
329.744
329.789
329.838
329.722
329.774
329.816
329.844
329.95
329.874
329.894
329.887
329.831
329.908
329.813
329.882
329.787
329.85
329.818
329.783
329.877
329.804
329.761
329.855
329.841
329.791
329.774
329.869
329.844
329.944
329.953
329.929
329.891
329.906
329.881
329.756
329.773
329.775
329.666
329.819
329.712
329.71
329.803
329.806
329.913
329.821
329.85
329.865
329.759
329.844
329.944
329.953
329.929
329.891
329.906
329.881
329.756
329.773
329.775
329.666
329.819
329.712
329.71
329.803
329.806
329.912
329.821
329.85
329.865
329.759
329.618
329.635
329.728
329.619
329.681
329.665
329.571
329.618
329.635
329.728
329.619
329.681
329.665
329.571
329.664
329.759
329.774
329.774
329.727
329.712
329.712
329.626
329.727
329.633
329.663
329.596
329.663
329.69
329.624
329.729
329.622
329.644
329.666
329.58
329.688
329.585
329.51
329.623
329.605
329.555
329.541
329.649
329.483
329.591
329.575
329.597
329.527
329.533
329.547
329.385
329.397
329.298
329.421
329.353
329.332
329.45
329.442
329.463
329.558
329.478
329.493
329.41
329.506
329.625
329.727
329.633
329.663
329.595
329.663
329.69
329.624
329.729
329.622
329.644
329.666
329.58
329.688
329.584
329.51
329.622
329.605
329.554
329.54
329.649
329.483
329.59
329.575
329.597
329.527
329.532
329.547
329.385
329.397
329.298
329.42
329.352
329.332
329.45
329.441
329.462
329.557
329.477
329.492
329.41
329.506
329.235
329.346
329.247
329.265
329.281
329.197
329.3
329.235
329.346
329.247
329.265
329.281
329.197
329.3
329.195
329.022
329.213
329.213
329.143
329.143
329.261
329.812
329.759
329.822
329.822
329.788
329.788
329.845
329.776
329.719
329.711
329.711
329.737
329.752
329.752
329.901
329.856
329.853
329.853
329.875
329.88
329.88
329.925
329.881
329.926
329.926
329.946
329.905
329.905
329.604
329.519
329.519
329.525
329.554
329.573
329.573
329.651
329.58
329.668
329.668
329.621
329.621
329.696
329.445
329.464
329.338
329.465
329.501
329.405
329.405
329.386
329.267
329.279
329.279
329.325
329.344
329.344
329.812
329.759
329.822
329.822
329.788
329.788
329.845
329.776
329.719
329.711
329.711
329.737
329.752
329.752
329.901
329.853
329.853
329.856
329.875
329.88
329.88
329.925
329.881
329.926
329.926
329.905
329.905
329.946
329.604
329.519
329.519
329.525
329.554
329.573
329.573
329.651
329.58
329.668
329.668
329.621
329.621
329.696
329.445
329.465
329.338
329.465
329.501
329.405
329.405
329.386
329.267
329.279
329.279
329.325
329.344
329.344
329.812
329.759
329.822
329.822
329.788
329.788
329.845
329.776
329.719
329.711
329.711
329.737
329.752
329.752
329.901
329.853
329.853
329.856
329.875
329.88
329.88
329.925
329.881
329.926
329.926
329.905
329.905
329.946
329.604
329.519
329.519
329.525
329.554
329.573
329.573
329.651
329.58
329.668
329.668
329.621
329.621
329.696
329.445
329.338
329.465
329.465
329.501
329.405
329.405
329.386
329.267
329.279
329.279
329.325
329.344
329.344
329.812
329.759
329.822
329.822
329.788
329.788
329.845
329.776
329.719
329.711
329.711
329.737
329.752
329.752
329.901
329.853
329.853
329.856
329.875
329.88
329.88
329.925
329.881
329.926
329.926
329.905
329.905
329.946
330.227
330.205
330.267
330.257
330.224
330.209
330.271
330.175
330.158
330.128
330.111
330.13
330.171
330.16
330.36
330.343
330.317
330.302
330.32
330.356
330.346
330.403
330.383
330.433
330.423
330.437
330.4
330.386
330.227
330.206
330.267
330.257
330.224
330.209
330.271
330.175
330.158
330.128
330.112
330.131
330.171
330.161
330.36
330.344
330.317
330.303
330.32
330.356
330.346
330.403
330.383
330.433
330.423
330.437
330.4
330.386
330.578
330.56
330.563
330.55
330.574
330.563
330.566
330.587
330.569
330.588
330.576
330.591
330.584
330.571
330.527
330.508
330.544
330.532
330.547
330.524
330.511
330.5
330.483
330.47
330.456
330.473
330.496
330.485
330.01
329.984
329.984
329.967
330.006
329.987
329.987
330.043
330.019
330.076
330.064
330.08
330.04
330.021
330.043
330.019
330.076
330.064
330.04
330.021
330.08
329.991
329.979
329.95
329.979
330
329.971
329.971
329.979
329.938
329.944
329.944
329.964
329.959
329.959
330.227
330.206
330.267
330.257
330.224
330.209
330.271
330.175
330.158
330.128
330.112
330.131
330.171
330.161
330.36
330.317
330.303
330.344
330.32
330.356
330.346
330.403
330.383
330.433
330.423
330.4
330.386
330.437
330.578
330.56
330.563
330.55
330.574
330.563
330.566
330.587
330.569
330.588
330.576
330.591
330.584
330.571
330.527
330.508
330.544
330.532
330.547
330.524
330.511
330.5
330.483
330.47
330.456
330.473
330.496
330.485
330.578
330.563
330.56
330.55
330.575
330.566
330.563
330.587
330.569
330.588
330.576
330.584
330.571
330.591
330.527
330.544
330.508
330.533
330.547
330.524
330.511
330.5
330.483
330.47
330.456
330.473
330.496
330.486
330.578
330.56
330.563
330.55
330.575
330.563
330.566
330.587
330.569
330.588
330.576
330.591
330.584
330.571
330.527
330.544
330.533
330.508
330.547
330.524
330.511
330.5
330.483
330.47
330.456
330.496
330.486
330.473
330.01
329.984
329.984
329.967
330.006
329.987
329.987
330.043
330.019
330.076
330.064
330.08
330.04
330.021
330.043
330.019
330.076
330.064
330.04
330.021
330.08
329.991
329.979
329.95
329.979
330
329.971
329.971
329.979
329.938
329.944
329.944
329.964
329.959
329.959
330.227
330.267
330.206
330.257
330.224
330.271
330.209
330.175
330.158
330.128
330.112
330.13
330.171
330.16
330.36
330.317
330.302
330.344
330.32
330.356
330.346
330.403
330.383
330.433
330.423
330.4
330.386
330.437
330.578
330.563
330.56
330.55
330.574
330.566
330.563
330.587
330.569
330.588
330.576
330.584
330.571
330.591
330.527
330.544
330.508
330.532
330.547
330.524
330.511
330.5
330.483
330.47
330.456
330.473
330.496
330.485
330.578
330.563
330.56
330.55
330.574
330.566
330.563
330.587
330.569
330.588
330.576
330.591
330.584
330.571
330.527
330.544
330.532
330.508
330.547
330.524
330.511
330.5
330.483
330.47
330.456
330.496
330.485
330.473
330.227
330.267
330.206
330.257
330.224
330.271
330.209
330.175
330.158
330.128
330.112
330.171
330.161
330.131
330.36
330.317
330.344
330.303
330.32
330.356
330.346
330.403
330.383
330.433
330.423
330.437
330.4
330.386
330.227
330.267
330.206
330.257
330.224
330.271
330.209
330.175
330.158
330.128
330.111
330.171
330.16
330.13
330.36
330.317
330.343
330.302
330.32
330.356
330.346
330.403
330.383
330.433
330.423
330.437
330.4
330.386
330.01
329.984
329.984
329.967
330.006
329.987
329.987
330.043
330.019
330.076
330.064
330.08
330.04
330.021
330.043
330.019
330.076
330.064
330.08
330.04
330.021
329.991
329.95
329.979
329.979
330
329.971
329.971
329.979
329.938
329.944
329.944
329.964
329.959
329.959
330.968
330.818
330.998
330.998
330.893
330.893
331.073
330.968
330.818
330.998
330.998
330.893
330.893
331.073
330.968
330.818
330.998
330.998
330.893
330.893
331.073
330.968
330.818
330.998
330.998
330.893
330.893
331.073
)
;

boundaryField
{
    chip
    {
        type            zeroGradient;
    }
    chip_to_dbc_cu_top
    {
        type            compressible::turbulentTemperatureRadCoupledMixed;
        refValue        nonuniform List<scalar> 
1600
(
306.387
306.536
306.461
306.461
306.575
306.598
306.521
306.652
306.575
306.598
306.521
306.652
306.387
306.536
306.461
306.461
306.575
306.598
306.521
306.652
306.575
306.598
306.652
306.521
306.772
306.661
306.716
306.716
306.772
306.661
306.716
306.716
306.772
306.661
306.716
306.716
306.772
306.661
306.716
306.716
306.575
306.598
306.521
306.652
306.575
306.598
306.652
306.521
306.387
306.536
306.461
306.461
306.575
306.598
306.652
306.521
306.575
306.598
306.652
306.521
306.387
306.536
306.461
306.461
304.392
304.747
304.563
304.563
305.254
305.535
305.475
305.311
304.816
304.884
304.694
305.015
305.254
305.535
305.475
305.311
304.816
304.884
304.694
305.015
305.814
305.713
305.651
305.879
305.814
305.713
305.651
305.879
305.315
305.034
305.171
305.171
305.399
305.583
305.358
305.627
305.515
305.753
305.521
305.747
305.399
305.583
305.627
305.358
305.515
305.753
305.521
305.747
305.979
305.765
305.932
305.81
306.722
306.81
306.73
306.802
306.109
305.941
305.935
306.115
305.979
305.765
305.81
305.932
306.722
306.81
306.73
306.802
306.109
305.941
305.935
306.115
305.254
305.535
305.311
305.475
304.816
304.884
304.694
305.015
304.392
304.747
304.563
304.563
305.814
305.713
305.879
305.651
305.814
305.713
305.651
305.879
305.315
305.034
305.171
305.171
305.254
305.535
305.475
305.311
304.816
304.884
304.694
305.015
305.399
305.583
305.358
305.627
305.515
305.753
305.747
305.521
305.979
305.765
305.932
305.81
306.722
306.81
306.73
306.802
306.109
305.941
305.935
306.115
305.399
305.583
305.627
305.358
305.515
305.753
305.521
305.747
306.722
306.81
306.73
306.802
305.979
305.765
305.81
305.932
306.109
305.941
306.115
305.935
306.926
306.876
306.868
306.934
306.926
306.876
306.868
306.934
307.086
307.102
307.094
307.094
306.926
306.876
306.868
306.934
306.926
306.876
306.934
306.868
307.086
307.102
307.094
307.094
306.926
306.876
306.868
306.934
306.926
306.876
306.934
306.868
307.086
307.102
307.094
307.094
306.926
306.876
306.934
306.868
306.926
306.876
306.934
306.868
307.086
307.102
307.094
307.094
305.979
305.765
305.932
305.81
306.722
306.81
306.802
306.73
306.109
305.941
305.935
306.115
305.399
305.583
305.358
305.627
305.515
305.753
305.747
305.521
306.722
306.81
306.802
306.73
305.979
305.765
305.81
305.932
306.109
305.941
306.115
305.935
305.399
305.583
305.627
305.358
305.515
305.753
305.521
305.747
305.254
305.535
305.311
305.475
304.816
304.884
305.015
304.694
305.814
305.713
305.879
305.651
305.814
305.713
305.651
305.879
305.315
305.034
305.171
305.171
304.392
304.747
304.563
304.563
305.254
305.535
305.475
305.311
304.816
304.884
305.015
304.694
306.722
306.81
306.802
306.73
305.979
305.765
305.932
305.81
306.109
305.941
306.115
305.935
306.722
306.81
306.802
306.73
305.979
305.765
305.81
305.932
306.109
305.941
306.115
305.935
305.399
305.583
305.358
305.627
305.515
305.753
305.747
305.521
305.399
305.583
305.627
305.358
305.515
305.753
305.747
305.521
305.814
305.713
305.879
305.651
305.814
305.713
305.879
305.651
305.315
305.034
305.171
305.171
305.254
305.535
305.311
305.475
304.816
304.884
305.015
304.694
305.254
305.535
305.311
305.475
304.816
304.884
305.015
304.694
304.392
304.747
304.563
304.563
306.215
306.024
306.118
306.118
306.3
306.272
306.372
306.201
306.3
306.272
306.372
306.201
306.528
306.46
306.425
306.565
306.484
306.33
306.432
306.381
306.62
306.736
306.698
306.658
306.528
306.46
306.425
306.565
306.484
306.33
306.432
306.381
306.62
306.736
306.698
306.658
306.215
306.024
306.118
306.118
306.3
306.272
306.372
306.201
306.3
306.272
306.372
306.201
306.528
306.46
306.425
306.565
306.484
306.33
306.432
306.381
306.62
306.736
306.698
306.658
306.528
306.46
306.565
306.425
306.62
306.736
306.698
306.658
306.484
306.33
306.432
306.381
306.867
306.946
306.907
306.907
306.819
306.801
306.763
306.858
306.819
306.801
306.763
306.858
306.867
306.946
306.907
306.907
306.819
306.801
306.763
306.858
306.819
306.801
306.763
306.858
306.867
306.946
306.907
306.907
306.819
306.801
306.763
306.858
306.819
306.801
306.763
306.858
306.867
306.946
306.907
306.907
306.819
306.801
306.763
306.858
306.819
306.801
306.763
306.858
306.528
306.46
306.425
306.565
306.484
306.33
306.432
306.381
306.62
306.736
306.698
306.658
306.528
306.46
306.565
306.425
306.62
306.736
306.698
306.658
306.484
306.33
306.432
306.381
306.215
306.024
306.118
306.118
306.3
306.272
306.372
306.201
306.3
306.272
306.372
306.201
306.528
306.46
306.565
306.425
306.62
306.736
306.698
306.658
306.484
306.33
306.432
306.381
306.528
306.46
306.565
306.425
306.62
306.736
306.698
306.658
306.484
306.33
306.432
306.381
306.215
306.024
306.118
306.118
306.3
306.272
306.372
306.201
306.3
306.272
306.372
306.201
303.998
303.537
303.724
303.724
304.179
304.04
303.91
304.34
304.179
304.04
303.91
304.34
304.929
304.533
304.594
304.856
304.991
304.705
304.659
305.046
305.186
305.325
305.111
305.404
304.683
304.449
304.372
304.777
304.582
304.169
304.464
304.266
304.93
305.238
305.028
305.134
304.929
304.533
304.594
304.856
304.991
304.705
304.659
305.046
305.186
305.325
305.111
305.404
304.683
304.449
304.372
304.777
304.582
304.169
304.464
304.266
304.93
305.238
305.028
305.134
305.882
305.917
306.009
305.794
305.962
306.16
306.091
306.029
305.739
305.496
305.578
305.652
305.882
305.917
306.009
305.794
305.962
306.16
306.091
306.029
305.739
305.496
305.578
305.652
305.578
305.816
305.695
305.695
305.442
305.402
305.294
305.556
305.442
305.402
305.294
305.556
305.164
304.846
304.822
305.192
305.131
304.753
304.787
305.091
305.435
305.694
305.464
305.664
305.23
304.869
304.883
305.214
305.241
304.899
304.894
305.247
305.503
305.717
305.486
305.735
305.164
304.846
304.822
305.192
305.131
304.753
304.787
305.091
305.435
305.694
305.464
305.664
305.23
304.869
304.883
305.214
305.241
304.899
305.247
304.894
305.503
305.717
305.486
305.735
306.174
306.343
306.309
306.207
306.132
306.216
306.266
306.084
306.019
305.88
305.849
306.051
306.615
306.488
306.593
306.509
306.708
306.765
306.686
306.788
306.629
306.529
306.522
306.636
306.253
306.37
306.233
306.39
306.096
305.905
305.923
306.077
306.266
306.411
306.404
306.272
306.174
306.343
306.309
306.207
306.132
306.216
306.266
306.084
306.019
305.88
305.849
306.051
306.615
306.488
306.593
306.509
306.708
306.765
306.686
306.788
306.629
306.529
306.636
306.522
306.253
306.37
306.233
306.39
306.096
305.905
305.923
306.077
306.266
306.411
306.272
306.404
304.929
304.533
304.594
304.856
304.991
304.705
304.659
305.046
305.186
305.325
305.111
305.404
304.683
304.449
304.372
304.777
304.582
304.169
304.266
304.464
304.93
305.238
305.028
305.134
303.998
303.537
303.724
303.724
304.179
304.04
304.34
303.91
304.179
304.04
303.91
304.34
305.882
305.917
306.009
305.794
305.962
306.16
306.091
306.029
305.739
305.496
305.578
305.652
305.882
305.917
306.009
305.794
305.962
306.16
306.091
306.029
305.739
305.496
305.652
305.578
305.578
305.816
305.695
305.695
305.442
305.402
305.294
305.556
305.442
305.402
305.556
305.294
304.929
304.533
304.594
304.856
304.991
304.705
304.659
305.046
305.186
305.325
305.404
305.111
304.683
304.449
304.372
304.777
304.582
304.169
304.464
304.266
304.93
305.238
305.134
305.028
305.164
304.846
304.822
305.192
305.131
304.753
304.787
305.091
305.435
305.694
305.464
305.664
305.23
304.869
305.214
304.883
305.503
305.717
305.486
305.735
305.241
304.899
304.894
305.247
306.174
306.344
306.309
306.207
306.132
306.216
306.266
306.084
306.019
305.88
305.849
306.051
306.615
306.488
306.593
306.509
306.708
306.765
306.686
306.788
306.629
306.529
306.522
306.636
306.253
306.37
306.233
306.39
306.096
305.905
305.923
306.077
306.266
306.411
306.404
306.272
305.164
304.846
304.822
305.192
305.131
304.753
304.787
305.091
305.435
305.694
305.464
305.664
305.23
304.869
304.883
305.214
305.241
304.899
305.247
304.894
305.503
305.717
305.486
305.735
306.615
306.488
306.593
306.509
306.708
306.765
306.686
306.788
306.629
306.529
306.636
306.522
306.174
306.344
306.309
306.207
306.132
306.216
306.266
306.084
306.019
305.88
305.849
306.051
306.253
306.37
306.39
306.233
306.266
306.411
306.272
306.404
306.096
305.905
305.923
306.077
306.96
306.977
306.937
307
306.911
306.831
306.888
306.853
306.975
307.023
307.016
306.983
306.96
306.977
306.937
307
306.911
306.831
306.888
306.853
306.975
307.023
307.016
306.983
307.055
307.008
307.031
307.031
307.07
307.055
307.047
307.078
307.07
307.055
307.047
307.078
306.96
306.977
306.937
307
306.911
306.831
306.888
306.853
306.975
307.023
306.983
307.016
306.96
306.977
306.937
307
306.911
306.831
306.888
306.853
306.975
307.023
307.016
306.983
307.055
307.008
307.031
307.031
307.07
307.055
307.078
307.047
307.07
307.055
307.047
307.078
306.96
306.977
306.937
307
306.911
306.831
306.888
306.853
306.975
307.023
306.983
307.016
306.96
306.977
306.937
307
306.911
306.831
306.888
306.853
306.975
307.023
307.016
306.983
307.055
307.008
307.031
307.031
307.07
307.055
307.078
307.047
307.07
307.055
307.047
307.078
306.96
306.977
306.937
307
306.911
306.831
306.888
306.853
306.975
307.023
306.983
307.016
306.96
306.977
306.937
307
306.911
306.831
306.888
306.853
306.975
307.023
306.983
307.016
307.055
307.008
307.031
307.031
307.07
307.055
307.078
307.047
307.07
307.055
307.078
307.047
306.174
306.344
306.309
306.207
306.132
306.216
306.266
306.084
306.019
305.88
306.051
305.849
306.615
306.488
306.593
306.509
306.708
306.765
306.686
306.788
306.629
306.529
306.522
306.636
306.253
306.37
306.233
306.39
306.096
305.905
306.077
305.923
306.266
306.411
306.404
306.272
305.164
304.846
304.822
305.192
305.131
304.753
304.787
305.091
305.435
305.694
305.664
305.464
305.23
304.869
305.214
304.883
305.503
305.717
305.735
305.486
305.241
304.899
304.894
305.247
306.615
306.488
306.593
306.509
306.708
306.765
306.686
306.788
306.629
306.529
306.636
306.522
306.174
306.344
306.309
306.207
306.132
306.216
306.266
306.084
306.019
305.88
306.051
305.849
306.253
306.37
306.39
306.233
306.266
306.411
306.272
306.404
306.096
305.905
306.077
305.923
305.164
304.846
304.822
305.192
305.131
304.753
304.787
305.091
305.435
305.694
305.664
305.464
305.23
304.869
304.883
305.214
305.241
304.899
305.247
304.894
305.503
305.717
305.735
305.486
304.929
304.533
304.594
304.856
304.991
304.705
304.659
305.046
305.186
305.325
305.111
305.404
304.683
304.449
304.777
304.372
304.93
305.238
305.028
305.134
304.582
304.169
304.266
304.464
305.882
305.917
306.009
305.794
305.962
306.16
306.091
306.029
305.739
305.496
305.578
305.652
305.882
305.917
306.009
305.794
305.962
306.16
306.091
306.029
305.739
305.496
305.652
305.578
305.578
305.816
305.695
305.695
305.442
305.402
305.294
305.556
305.442
305.402
305.556
305.294
303.998
303.537
303.724
303.724
304.179
304.04
304.34
303.91
304.179
304.04
303.91
304.34
304.929
304.533
304.594
304.856
304.991
304.705
304.659
305.046
305.186
305.325
305.404
305.111
304.683
304.449
304.777
304.372
304.93
305.238
305.134
305.028
304.582
304.169
304.464
304.266
306.615
306.488
306.593
306.509
306.708
306.765
306.686
306.788
306.629
306.529
306.522
306.636
306.174
306.344
306.309
306.207
306.132
306.216
306.266
306.084
306.019
305.88
306.051
305.849
306.253
306.37
306.39
306.233
306.266
306.411
306.404
306.272
306.096
305.905
306.077
305.923
306.615
306.488
306.593
306.509
306.708
306.765
306.686
306.788
306.629
306.529
306.636
306.522
306.174
306.344
306.309
306.207
306.132
306.216
306.266
306.084
306.019
305.88
306.051
305.849
306.253
306.37
306.39
306.233
306.266
306.411
306.272
306.404
306.096
305.905
306.077
305.923
305.164
304.846
304.822
305.192
305.131
304.753
304.787
305.091
305.435
305.694
305.664
305.464
305.23
304.869
305.214
304.883
305.503
305.717
305.735
305.486
305.241
304.899
304.894
305.247
305.164
304.846
304.822
305.192
305.131
304.753
304.787
305.091
305.435
305.694
305.664
305.464
305.23
304.869
305.214
304.883
305.503
305.717
305.735
305.486
305.241
304.899
305.247
304.894
305.882
305.917
306.009
305.794
305.962
306.16
306.091
306.029
305.739
305.496
305.652
305.578
305.882
305.917
306.009
305.794
305.962
306.16
306.091
306.029
305.739
305.496
305.652
305.578
305.578
305.816
305.695
305.695
305.442
305.402
305.556
305.294
305.442
305.402
305.556
305.294
304.929
304.533
304.594
304.856
304.991
304.705
304.659
305.046
305.186
305.325
305.404
305.111
304.683
304.449
304.777
304.372
304.93
305.238
305.134
305.028
304.582
304.169
304.266
304.464
304.929
304.533
304.594
304.856
304.991
304.705
304.659
305.046
305.186
305.325
305.404
305.111
304.683
304.449
304.777
304.372
304.93
305.238
305.134
305.028
304.582
304.169
304.266
304.464
303.998
303.537
303.724
303.724
304.179
304.04
304.34
303.91
304.179
304.04
304.34
303.91
)
;
        refGradient     uniform 0;
        valueFraction   nonuniform List<scalar> 
1600
(
0.00136353
0.00136353
0.00136353
0.00136353
0.00136353
0.00136353
0.00136353
0.00136353
0.00136353
0.00136353
0.00136353
0.00136353
0.00136353
0.00136353
0.00136353
0.00136353
0.00136353
0.00136353
0.00136353
0.00136353
0.00136353
0.00136353
0.00136353
0.00136353
0.00136353
0.00136353
0.00136353
0.00136353
0.00136353
0.00136353
0.00136353
0.00136353
0.00136353
0.00136353
0.00136353
0.00136353
0.00136353
0.00136353
0.00136353
0.00136353
0.00136353
0.00136353
0.00136353
0.00136353
0.00136353
0.00136353
0.00136353
0.00136353
0.00136353
0.00136353
0.00136353
0.00136353
0.00136353
0.00136353
0.00136353
0.00136353
0.00136353
0.00136353
0.00136353
0.00136353
0.00136353
0.00136353
0.00136353
0.00136353
0.00136353
0.00136353
0.00136353
0.00136353
0.00136353
0.00136353
0.00136353
0.00136353
0.00136353
0.00136353
0.00136353
0.00136353
0.00136353
0.00136353
0.00136353
0.00136353
0.00136353
0.00136353
0.00136353
0.00136353
0.00136353
0.00136353
0.00136353
0.00136353
0.00136353
0.00136353
0.00136353
0.00136353
0.00136353
0.00136353
0.00136353
0.00136353
0.00136353
0.00136353
0.00136353
0.00136353
0.00136353
0.00136353
0.00136353
0.00136353
0.00136353
0.00136353
0.00136353
0.00136353
0.00136353
0.00136353
0.00136353
0.00136353
0.00136353
0.00136353
0.00136353
0.00136353
0.00136353
0.00136353
0.00136353
0.00136353
0.00136353
0.00136353
0.00136353
0.00136353
0.00136353
0.00136353
0.00136353
0.00136353
0.00136353
0.00136353
0.00136353
0.00136353
0.00136353
0.00136353
0.00136353
0.00136353
0.00136353
0.00136353
0.00136353
0.00136353
0.00136353
0.00136353
0.00136353
0.00136353
0.00136353
0.00136353
0.00136353
0.00136353
0.00136353
0.00136353
0.00136353
0.00136353
0.00136353
0.00136353
0.00136353
0.00136353
0.00136353
0.00136353
0.00136353
0.00136353
0.00136353
0.00136353
0.00136353
0.00136353
0.00136353
0.00136353
0.00136353
0.00136353
0.00136353
0.00136353
0.00136353
0.00136353
0.00136353
0.00136353
0.00136353
0.00136353
0.00136353
0.00136353
0.00136353
0.00136353
0.00136353
0.00136353
0.00136353
0.00136353
0.00136353
0.00136353
0.00136353
0.00136353
0.00136353
0.00136353
0.00136353
0.00136353
0.00136353
0.00136353
0.00136353
0.00136353
0.00136353
0.00136353
0.00136353
0.00136353
0.00136353
0.00136353
0.00136353
0.00136353
0.00136353
0.00136353
0.00136353
0.00136353
0.00136353
0.00136353
0.00136353
0.00136353
0.00136353
0.00136353
0.00136353
0.00136353
0.00136353
0.00136353
0.00136353
0.00136353
0.00136353
0.00136353
0.00136353
0.00136353
0.00136353
0.00136353
0.00136353
0.00136353
0.00136353
0.00136353
0.00136353
0.00136353
0.00136353
0.00136353
0.00136353
0.00136353
0.00136353
0.00136353
0.00136353
0.00136353
0.00136353
0.00136353
0.00136353
0.00136353
0.00136353
0.00136353
0.00136353
0.00136353
0.00136353
0.00136353
0.00136353
0.00136353
0.00136353
0.00136353
0.00136353
0.00136353
0.00136353
0.00136353
0.00136353
0.00136353
0.00136353
0.00136353
0.00136353
0.00136353
0.00136353
0.00136353
0.00136353
0.00136353
0.00136353
0.00136353
0.00136353
0.00136353
0.00136353
0.00136353
0.00136353
0.00136353
0.00136353
0.00136353
0.00136353
0.00136353
0.00136353
0.00136353
0.00136353
0.00136353
0.00136353
0.00136353
0.00136353
0.00136353
0.00136353
0.00136353
0.00136353
0.00136353
0.00136353
0.00136353
0.00136353
0.00136353
0.00136353
0.00136353
0.00136353
0.00136353
0.00136353
0.00136353
0.00136353
0.00136353
0.00136353
0.00136353
0.00136353
0.00136353
0.00136353
0.00136353
0.00136353
0.00136353
0.00136353
0.00136353
0.00136353
0.00136353
0.00136353
0.00136353
0.00136353
0.00136353
0.00136353
0.00136353
0.00136353
0.00136353
0.00136353
0.00136353
0.00136353
0.00136353
0.00136353
0.00136353
0.00136353
0.00136353
0.00136353
0.00136353
0.00136353
0.00136353
0.00136353
0.00136353
0.00136353
0.00136353
0.00136353
0.00136353
0.00136353
0.00136353
0.00136353
0.00136353
0.00136353
0.00136353
0.00136353
0.00136353
0.00136353
0.00136353
0.00136353
0.00136353
0.00136353
0.00136353
0.00136353
0.00136353
0.00136353
0.00136353
0.00136353
0.00136353
0.00136353
0.00136353
0.00136353
0.00136353
0.00136353
0.00136353
0.00136353
0.00136353
0.00136353
0.00136353
0.00136353
0.00136353
0.00136353
0.00136353
0.00136353
0.00136353
0.00136353
0.00136353
0.00136353
0.00136353
0.00136353
0.00136353
0.00136353
0.00136353
0.00136353
0.00136353
0.00136353
0.00136353
0.00136353
0.00136353
0.00136353
0.00136353
0.00136353
0.00136353
0.00136353
0.00136353
0.00136353
0.00136353
0.00136353
0.00136353
0.00136353
0.00136353
0.00136353
0.00136353
0.00136353
0.00136353
0.00136353
0.00136353
0.00136353
0.00136353
0.00136353
0.00136353
0.00136353
0.00136353
0.00136353
0.00136353
0.00136353
0.00136353
0.00136353
0.00136353
0.00136353
0.00136353
0.00136353
0.00136353
0.00136353
0.00136353
0.00136353
0.00136353
0.00136353
0.00136353
0.00136353
0.00136353
0.00136353
0.00136353
0.00136353
0.00136353
0.00136353
0.00136353
0.00136353
0.00136353
0.00136353
0.00136353
0.00136353
0.00136353
0.00136353
0.00136353
0.00136353
0.00136353
0.00136353
0.00136353
0.00136353
0.00136353
0.00136353
0.00136353
0.00136353
0.00136353
0.00136353
0.00136353
0.00136353
0.00136353
0.00136353
0.00136353
0.00136353
0.00136353
0.00136353
0.00136353
0.00136353
0.00136353
0.00136353
0.00136353
0.00136353
0.00136353
0.00136353
0.00136353
0.00136353
0.00136353
0.00136353
0.00136353
0.00136353
0.00136353
0.00136353
0.00136353
0.00136353
0.00136353
0.00136353
0.00136353
0.00136353
0.00136353
0.00136353
0.00136353
0.00136353
0.00136353
0.00136353
0.00136353
0.00136353
0.00136353
0.00136353
0.00136353
0.00136353
0.00136353
0.00136353
0.00136353
0.00136353
0.00136353
0.00136353
0.00136353
0.00136353
0.00136353
0.00136353
0.00136353
0.00136353
0.00136353
0.00136353
0.00136353
0.00136353
0.00136353
0.00136353
0.00136353
0.00136353
0.00136353
0.00136353
0.00136353
0.00136353
0.00136353
0.00136353
0.00136353
0.00136353
0.00136353
0.00136353
0.00136353
0.00136353
0.00136353
0.00136353
0.00136353
0.00136353
0.00136353
0.00136353
0.00136353
0.00136353
0.00136353
0.00136353
0.00136353
0.00136353
0.00136353
0.00136353
0.00136353
0.00136353
0.00136353
0.00136353
0.00136353
0.00136353
0.00136353
0.00136353
0.00136353
0.00136353
0.00136353
0.00136353
0.00136353
0.00136353
0.00136353
0.00136353
0.00136353
0.00136353
0.00136353
0.00136353
0.00136353
0.00136353
0.00136353
0.00136353
0.00136353
0.00136353
0.00136353
0.00136353
0.00136353
0.00136353
0.00136353
0.00136353
0.00136353
0.00136353
0.00136353
0.00136353
0.00136353
0.00136353
0.00136353
0.00136353
0.00136353
0.00136353
0.00136353
0.00136353
0.00136353
0.00135857
0.0012177
0.00128701
0.00128701
0.00136091
0.00128991
0.00128927
0.00136091
0.00136091
0.00128991
0.00128927
0.00136091
0.00136091
0.00129045
0.00129045
0.00136091
0.00136091
0.00129045
0.00129045
0.00136091
0.00136353
0.00136353
0.00136353
0.00136353
0.00136091
0.00129045
0.00129045
0.00136091
0.00136091
0.00129045
0.00136091
0.00129045
0.00136353
0.00136353
0.00136353
0.00136353
0.00136091
0.00129045
0.00129045
0.00136091
0.00136091
0.00129045
0.00129045
0.00136091
0.00136353
0.00136353
0.00136353
0.00136353
0.00136091
0.00129045
0.00129045
0.00136091
0.00136091
0.00129045
0.00136091
0.00129045
0.00136353
0.00136353
0.00136353
0.00136353
0.00136353
0.00136353
0.00136353
0.00136353
0.00136353
0.00136353
0.00136353
0.00136353
0.00136353
0.00136353
0.00136353
0.00136353
0.00136353
0.00136353
0.00136353
0.00136353
0.00136353
0.00136353
0.00136353
0.00136353
0.00136353
0.00136353
0.00136353
0.00136353
0.00136353
0.00136353
0.00136353
0.00136353
0.00136353
0.00136353
0.00136353
0.00136353
0.00136353
0.00136353
0.00136353
0.00136353
0.00136091
0.00129045
0.00129045
0.00136091
0.00136091
0.00129045
0.00129045
0.00136091
0.00136353
0.00136353
0.00136353
0.00136353
0.00136091
0.00129045
0.00129045
0.00136091
0.00136091
0.00129045
0.00129045
0.00136091
0.00136353
0.00136353
0.00136353
0.00136353
0.00136091
0.00129045
0.00129045
0.00136091
0.00136091
0.00129045
0.00129045
0.00136091
0.00136353
0.00136353
0.00136353
0.00136353
0.00136091
0.00129045
0.00129045
0.00136091
0.00136091
0.00129045
0.00136091
0.00129045
0.00136353
0.00136353
0.00136353
0.00136353
0.00136353
0.00136353
0.00136353
0.00136353
0.00136353
0.00136353
0.00136353
0.00136353
0.00136353
0.00136353
0.00136353
0.00136353
0.00136353
0.00136353
0.00136353
0.00136353
0.00136353
0.00136353
0.00136353
0.00136353
0.00136353
0.00136353
0.00136353
0.00136353
0.00136353
0.00136353
0.00136353
0.00136353
0.00136353
0.00136353
0.00136353
0.00136353
0.00136353
0.00136353
0.00136353
0.00136353
0.00136353
0.00136353
0.00136353
0.00136353
0.00136353
0.00136353
0.00136353
0.00136353
0.00136353
0.00136353
0.00136353
0.00136353
0.00136353
0.00136353
0.00136353
0.00136353
0.00136353
0.00136353
0.00136353
0.00136353
0.00136353
0.00136353
0.00136353
0.00136353
0.00136353
0.00136353
0.00136353
0.00136353
0.00136353
0.00136353
0.00136353
0.00136353
0.00136353
0.00136353
0.00136353
0.00136353
0.00136091
0.00129045
0.00129045
0.00136091
0.00136091
0.00129045
0.00129045
0.00136091
0.00136353
0.00136353
0.00136353
0.00136353
0.00136091
0.00129045
0.00129045
0.00136091
0.00136091
0.00129045
0.00129045
0.00136091
0.00136353
0.00136353
0.00136353
0.00136353
0.00135857
0.0012177
0.00128701
0.00128701
0.00136091
0.00128991
0.00136091
0.00128927
0.00136091
0.00128991
0.00128927
0.00136091
0.00136353
0.00136353
0.00136353
0.00136353
0.00136353
0.00136353
0.00136353
0.00136353
0.00136353
0.00136353
0.00136353
0.00136353
0.00136353
0.00136353
0.00136353
0.00136353
0.00136353
0.00136353
0.00136353
0.00136353
0.00136353
0.00136353
0.00136353
0.00136353
0.00136353
0.00136353
0.00136353
0.00136353
0.00136353
0.00136353
0.00136353
0.00136353
0.00136353
0.00136353
0.00136353
0.00136353
0.00136091
0.00129045
0.00129045
0.00136091
0.00136091
0.00129045
0.00129045
0.00136091
0.00136353
0.00136353
0.00136353
0.00136353
0.00136091
0.00129045
0.00129045
0.00136091
0.00136091
0.00129045
0.00136091
0.00129045
0.00136353
0.00136353
0.00136353
0.00136353
0.00136091
0.00129045
0.00129045
0.00136091
0.00136091
0.00129045
0.00129045
0.00136091
0.00136353
0.00136353
0.00136353
0.00136353
0.00136091
0.00129045
0.00136091
0.00129045
0.00136353
0.00136353
0.00136353
0.00136353
0.00136091
0.00129045
0.00129045
0.00136091
0.00136353
0.00136353
0.00136353
0.00136353
0.00136353
0.00136353
0.00136353
0.00136353
0.00136353
0.00136353
0.00136353
0.00136353
0.00136353
0.00136353
0.00136353
0.00136353
0.00136353
0.00136353
0.00136353
0.00136353
0.00136353
0.00136353
0.00136353
0.00136353
0.00136353
0.00136353
0.00136353
0.00136353
0.00136353
0.00136353
0.00136353
0.00136353
0.00136353
0.00136353
0.00136353
0.00136353
0.00136091
0.00129045
0.00129045
0.00136091
0.00136091
0.00129045
0.00129045
0.00136091
0.00136353
0.00136353
0.00136353
0.00136353
0.00136091
0.00129045
0.00129045
0.00136091
0.00136091
0.00129045
0.00136091
0.00129045
0.00136353
0.00136353
0.00136353
0.00136353
0.00136353
0.00136353
0.00136353
0.00136353
0.00136353
0.00136353
0.00136353
0.00136353
0.00136353
0.00136353
0.00136353
0.00136353
0.00136353
0.00136353
0.00136353
0.00136353
0.00136353
0.00136353
0.00136353
0.00136353
0.00136353
0.00136353
0.00136353
0.00136353
0.00136353
0.00136353
0.00136353
0.00136353
0.00136353
0.00136353
0.00136353
0.00136353
0.00136353
0.00136353
0.00136353
0.00136353
0.00136353
0.00136353
0.00136353
0.00136353
0.00136353
0.00136353
0.00136353
0.00136353
0.00136353
0.00136353
0.00136353
0.00136353
0.00136353
0.00136353
0.00136353
0.00136353
0.00136353
0.00136353
0.00136353
0.00136353
0.00136353
0.00136353
0.00136353
0.00136353
0.00136353
0.00136353
0.00136353
0.00136353
0.00136353
0.00136353
0.00136353
0.00136353
0.00136353
0.00136353
0.00136353
0.00136353
0.00136353
0.00136353
0.00136353
0.00136353
0.00136353
0.00136353
0.00136353
0.00136353
0.00136353
0.00136353
0.00136353
0.00136353
0.00136353
0.00136353
0.00136353
0.00136353
0.00136353
0.00136353
0.00136353
0.00136353
0.00136353
0.00136353
0.00136353
0.00136353
0.00136353
0.00136353
0.00136353
0.00136353
0.00136353
0.00136353
0.00136353
0.00136353
0.00136353
0.00136353
0.00136353
0.00136353
0.00136353
0.00136353
0.00136353
0.00136353
0.00136353
0.00136353
0.00136353
0.00136353
0.00136353
0.00136353
0.00136353
0.00136353
0.00136353
0.00136353
0.00136353
0.00136353
0.00136353
0.00136353
0.00136353
0.00136353
0.00136353
0.00136353
0.00136353
0.00136353
0.00136353
0.00136353
0.00136353
0.00136353
0.00136353
0.00136353
0.00136353
0.00136353
0.00136353
0.00136353
0.00136353
0.00136353
0.00136353
0.00136353
0.00136353
0.00136353
0.00136353
0.00136353
0.00136353
0.00136353
0.00136353
0.00136353
0.00136353
0.00136353
0.00136353
0.00136353
0.00136353
0.00136353
0.00136353
0.00136353
0.00136353
0.00136353
0.00136353
0.00136353
0.00136353
0.00136353
0.00136353
0.00136353
0.00136353
0.00136353
0.00136353
0.00136353
0.00136353
0.00136353
0.00136353
0.00136353
0.00136353
0.00136353
0.00136353
0.00136353
0.00136353
0.00136353
0.00136353
0.00136353
0.00136353
0.00136353
0.00136353
0.00136353
0.00136353
0.00136353
0.00136353
0.00136353
0.00136353
0.00136353
0.00136353
0.00136353
0.00136353
0.00136353
0.00136353
0.00136353
0.00136353
0.00136353
0.00136353
0.00136353
0.00136353
0.00136353
0.00136353
0.00136353
0.00136353
0.00136353
0.00136353
0.00136353
0.00136353
0.00136353
0.00136091
0.00129045
0.00129045
0.00136091
0.00136091
0.00129045
0.00129045
0.00136091
0.00136353
0.00136353
0.00136353
0.00136353
0.00136091
0.00129045
0.00136091
0.00129045
0.00136353
0.00136353
0.00136353
0.00136353
0.00136091
0.00129045
0.00129045
0.00136091
0.00136353
0.00136353
0.00136353
0.00136353
0.00136353
0.00136353
0.00136353
0.00136353
0.00136353
0.00136353
0.00136353
0.00136353
0.00136353
0.00136353
0.00136353
0.00136353
0.00136353
0.00136353
0.00136353
0.00136353
0.00136353
0.00136353
0.00136353
0.00136353
0.00136353
0.00136353
0.00136353
0.00136353
0.00136353
0.00136353
0.00136353
0.00136353
0.00136353
0.00136353
0.00136353
0.00136353
0.00136091
0.00129045
0.00129045
0.00136091
0.00136091
0.00129045
0.00129045
0.00136091
0.00136353
0.00136353
0.00136353
0.00136353
0.00136091
0.00129045
0.00129045
0.00136091
0.00136091
0.00129045
0.00136091
0.00129045
0.00136353
0.00136353
0.00136353
0.00136353
0.00136091
0.00129045
0.00129045
0.00136091
0.00136091
0.00129045
0.00129045
0.00136091
0.00136353
0.00136353
0.00136353
0.00136353
0.00136091
0.00129045
0.00136091
0.00129045
0.00136353
0.00136353
0.00136353
0.00136353
0.00136091
0.00129045
0.00129045
0.00136091
0.00136353
0.00136353
0.00136353
0.00136353
0.00136353
0.00136353
0.00136353
0.00136353
0.00136353
0.00136353
0.00136353
0.00136353
0.00136353
0.00136353
0.00136353
0.00136353
0.00136353
0.00136353
0.00136353
0.00136353
0.00136353
0.00136353
0.00136353
0.00136353
0.00136353
0.00136353
0.00136353
0.00136353
0.00136353
0.00136353
0.00136353
0.00136353
0.00136353
0.00136353
0.00136353
0.00136353
0.00135857
0.0012177
0.00128701
0.00128701
0.00136091
0.00128991
0.00136091
0.00128927
0.00136091
0.00128991
0.00128927
0.00136091
0.00136091
0.00129045
0.00129045
0.00136091
0.00136091
0.00129045
0.00129045
0.00136091
0.00136353
0.00136353
0.00136353
0.00136353
0.00136091
0.00129045
0.00136091
0.00129045
0.00136353
0.00136353
0.00136353
0.00136353
0.00136091
0.00129045
0.00136091
0.00129045
0.00136353
0.00136353
0.00136353
0.00136353
0.00136353
0.00136353
0.00136353
0.00136353
0.00136353
0.00136353
0.00136353
0.00136353
0.00136353
0.00136353
0.00136353
0.00136353
0.00136353
0.00136353
0.00136353
0.00136353
0.00136353
0.00136353
0.00136353
0.00136353
0.00136353
0.00136353
0.00136353
0.00136353
0.00136353
0.00136353
0.00136353
0.00136353
0.00136353
0.00136353
0.00136353
0.00136353
0.00136353
0.00136353
0.00136353
0.00136353
0.00136353
0.00136353
0.00136353
0.00136353
0.00136353
0.00136353
0.00136353
0.00136353
0.00136353
0.00136353
0.00136353
0.00136353
0.00136353
0.00136353
0.00136353
0.00136353
0.00136353
0.00136353
0.00136353
0.00136353
0.00136353
0.00136353
0.00136353
0.00136353
0.00136353
0.00136353
0.00136353
0.00136353
0.00136353
0.00136353
0.00136353
0.00136353
0.00136091
0.00129045
0.00129045
0.00136091
0.00136091
0.00129045
0.00129045
0.00136091
0.00136353
0.00136353
0.00136353
0.00136353
0.00136091
0.00129045
0.00136091
0.00129045
0.00136353
0.00136353
0.00136353
0.00136353
0.00136091
0.00129045
0.00129045
0.00136091
0.00136091
0.00129045
0.00129045
0.00136091
0.00136091
0.00129045
0.00129045
0.00136091
0.00136353
0.00136353
0.00136353
0.00136353
0.00136091
0.00129045
0.00136091
0.00129045
0.00136353
0.00136353
0.00136353
0.00136353
0.00136091
0.00129045
0.00136091
0.00129045
0.00136353
0.00136353
0.00136353
0.00136353
0.00136353
0.00136353
0.00136353
0.00136353
0.00136353
0.00136353
0.00136353
0.00136353
0.00136353
0.00136353
0.00136353
0.00136353
0.00136353
0.00136353
0.00136353
0.00136353
0.00136353
0.00136353
0.00136353
0.00136353
0.00136353
0.00136353
0.00136353
0.00136353
0.00136353
0.00136353
0.00136353
0.00136353
0.00136353
0.00136353
0.00136353
0.00136353
0.00136091
0.00129045
0.00129045
0.00136091
0.00136091
0.00129045
0.00129045
0.00136091
0.00136353
0.00136353
0.00136353
0.00136353
0.00136091
0.00129045
0.00136091
0.00129045
0.00136353
0.00136353
0.00136353
0.00136353
0.00136091
0.00129045
0.00129045
0.00136091
0.00136091
0.00129045
0.00129045
0.00136091
0.00136091
0.00129045
0.00129045
0.00136091
0.00136353
0.00136353
0.00136353
0.00136353
0.00136091
0.00129045
0.00136091
0.00129045
0.00136353
0.00136353
0.00136353
0.00136353
0.00136091
0.00129045
0.00129045
0.00136091
0.00135857
0.0012177
0.00128701
0.00128701
0.00136091
0.00128991
0.00136091
0.00128927
0.00136091
0.00128991
0.00136091
0.00128927
)
;
        source          uniform 0;
        value           nonuniform List<scalar> 
1600
(
329.993
330.07
330.032
330.032
330.099
330.106
330.067
330.138
330.099
330.106
330.067
330.138
329.993
330.071
330.032
330.032
330.099
330.106
330.067
330.138
330.099
330.106
330.138
330.067
330.206
330.143
330.174
330.174
330.206
330.143
330.174
330.174
330.206
330.143
330.174
330.174
330.206
330.143
330.174
330.174
330.099
330.106
330.067
330.138
330.099
330.106
330.138
330.067
329.993
330.071
330.032
330.032
330.099
330.106
330.138
330.067
330.099
330.106
330.138
330.067
329.993
330.071
330.032
330.032
329.249
329.347
329.298
329.298
329.631
329.711
329.673
329.668
329.398
329.395
329.347
329.444
329.631
329.711
329.673
329.669
329.398
329.395
329.347
329.444
329.764
329.755
329.718
329.802
329.764
329.755
329.718
329.802
329.537
329.442
329.49
329.49
329.732
329.745
329.702
329.775
329.82
329.867
329.824
329.863
329.732
329.745
329.775
329.702
329.82
329.867
329.824
329.863
329.867
329.79
329.836
329.82
330.191
330.236
330.196
330.231
329.955
329.913
329.908
329.96
329.867
329.79
329.82
329.836
330.191
330.236
330.196
330.231
329.955
329.913
329.908
329.96
329.631
329.711
329.668
329.673
329.398
329.395
329.347
329.444
329.249
329.347
329.298
329.298
329.764
329.755
329.802
329.718
329.764
329.755
329.718
329.802
329.537
329.442
329.49
329.49
329.631
329.711
329.673
329.669
329.398
329.395
329.347
329.444
329.733
329.745
329.703
329.775
329.82
329.867
329.863
329.824
329.867
329.79
329.836
329.82
330.191
330.236
330.196
330.231
329.956
329.913
329.908
329.96
329.732
329.745
329.775
329.703
329.82
329.867
329.824
329.863
330.191
330.236
330.196
330.231
329.867
329.79
329.82
329.836
329.956
329.913
329.96
329.908
330.3
330.273
330.268
330.305
330.3
330.273
330.268
330.305
330.396
330.406
330.401
330.401
330.3
330.273
330.268
330.305
330.3
330.273
330.305
330.268
330.396
330.406
330.401
330.401
330.3
330.273
330.268
330.305
330.3
330.273
330.305
330.268
330.396
330.406
330.401
330.401
330.3
330.273
330.305
330.268
330.3
330.273
330.305
330.268
330.396
330.406
330.401
330.401
329.867
329.79
329.836
329.82
330.191
330.236
330.231
330.196
329.956
329.913
329.908
329.96
329.733
329.745
329.703
329.775
329.82
329.867
329.863
329.824
330.191
330.236
330.231
330.196
329.867
329.79
329.82
329.836
329.956
329.913
329.96
329.908
329.733
329.745
329.775
329.703
329.82
329.867
329.824
329.863
329.631
329.711
329.669
329.673
329.398
329.395
329.444
329.347
329.764
329.755
329.802
329.718
329.764
329.755
329.718
329.802
329.537
329.442
329.49
329.49
329.249
329.347
329.298
329.298
329.631
329.711
329.673
329.669
329.398
329.395
329.444
329.347
330.191
330.236
330.231
330.196
329.867
329.79
329.836
329.82
329.956
329.913
329.96
329.908
330.191
330.236
330.231
330.196
329.867
329.79
329.82
329.836
329.956
329.913
329.96
329.908
329.732
329.745
329.703
329.775
329.82
329.867
329.863
329.824
329.732
329.745
329.775
329.702
329.82
329.867
329.863
329.824
329.764
329.755
329.802
329.718
329.764
329.755
329.802
329.718
329.537
329.442
329.49
329.49
329.631
329.711
329.669
329.673
329.398
329.395
329.444
329.347
329.631
329.711
329.668
329.673
329.398
329.395
329.444
329.347
329.249
329.347
329.298
329.298
329.91
329.821
329.865
329.865
329.951
329.945
329.99
329.906
329.951
329.945
329.99
329.906
330.083
330.06
330.038
330.106
330.057
329.98
330.025
330.011
330.126
330.189
330.165
330.149
330.083
330.06
330.038
330.106
330.057
329.98
330.025
330.011
330.126
330.189
330.165
330.149
329.91
329.821
329.865
329.865
329.951
329.945
329.99
329.906
329.951
329.945
329.99
329.906
330.083
330.06
330.038
330.106
330.057
329.98
330.025
330.011
330.126
330.189
330.165
330.149
330.083
330.06
330.106
330.038
330.126
330.189
330.165
330.149
330.057
329.98
330.025
330.011
330.262
330.309
330.285
330.285
330.234
330.225
330.202
330.257
330.234
330.225
330.202
330.257
330.262
330.309
330.285
330.285
330.234
330.225
330.202
330.257
330.234
330.225
330.202
330.257
330.262
330.309
330.285
330.285
330.234
330.225
330.202
330.257
330.234
330.225
330.202
330.257
330.262
330.309
330.285
330.285
330.234
330.225
330.202
330.257
330.234
330.225
330.202
330.257
330.083
330.06
330.038
330.106
330.057
329.98
330.025
330.011
330.126
330.189
330.165
330.149
330.083
330.06
330.106
330.038
330.126
330.189
330.165
330.149
330.057
329.98
330.025
330.011
329.91
329.821
329.865
329.865
329.951
329.945
329.99
329.906
329.951
329.945
329.99
329.906
330.083
330.06
330.106
330.038
330.126
330.189
330.165
330.149
330.057
329.98
330.025
330.011
330.083
330.06
330.106
330.038
330.126
330.189
330.165
330.149
330.057
329.98
330.025
330.011
329.91
329.821
329.865
329.865
329.951
329.945
329.99
329.906
329.951
329.945
329.99
329.906
329.161
328.991
329.111
329.111
329.201
329.214
329.165
329.247
329.201
329.215
329.165
329.247
329.551
329.478
329.522
329.507
329.592
329.601
329.563
329.629
329.59
329.589
329.546
329.633
329.407
329.43
329.377
329.459
329.351
329.265
329.298
329.32
329.449
329.542
329.499
329.493
329.551
329.478
329.523
329.507
329.592
329.601
329.564
329.629
329.591
329.589
329.547
329.633
329.408
329.431
329.378
329.459
329.352
329.266
329.299
329.321
329.45
329.542
329.499
329.494
329.77
329.773
329.818
329.726
329.811
329.897
329.859
329.849
329.723
329.633
329.677
329.679
329.77
329.773
329.818
329.726
329.811
329.897
329.859
329.849
329.723
329.633
329.677
329.679
329.632
329.726
329.679
329.679
329.585
329.586
329.538
329.632
329.585
329.586
329.538
329.632
329.719
329.711
329.69
329.74
329.693
329.634
329.664
329.663
329.758
329.823
329.78
329.801
329.771
329.729
329.742
329.758
329.78
329.755
329.751
329.784
329.811
329.841
329.798
329.854
329.719
329.711
329.69
329.74
329.693
329.634
329.664
329.663
329.758
329.823
329.78
329.801
329.771
329.729
329.742
329.758
329.78
329.755
329.784
329.751
329.811
329.841
329.798
329.854
329.941
330.012
329.989
329.963
329.914
329.932
329.963
329.884
329.893
329.868
329.846
329.915
330.139
330.079
330.125
330.093
330.182
330.207
330.168
330.222
330.148
330.107
330.102
330.153
329.995
330.03
329.981
330.044
329.947
329.886
329.899
329.933
330.004
330.057
330.053
330.008
329.941
330.012
329.989
329.963
329.914
329.932
329.963
329.884
329.893
329.868
329.846
329.915
330.139
330.079
330.125
330.093
330.182
330.207
330.168
330.222
330.148
330.107
330.153
330.102
329.995
330.03
329.981
330.044
329.947
329.886
329.899
329.933
330.004
330.057
330.008
330.053
329.551
329.478
329.522
329.507
329.592
329.601
329.563
329.629
329.59
329.589
329.546
329.633
329.407
329.43
329.377
329.459
329.351
329.265
329.32
329.298
329.449
329.542
329.499
329.493
329.161
328.991
329.111
329.111
329.201
329.214
329.247
329.165
329.201
329.215
329.165
329.247
329.77
329.773
329.818
329.726
329.811
329.897
329.859
329.849
329.723
329.633
329.677
329.679
329.77
329.773
329.818
329.726
329.811
329.897
329.859
329.849
329.723
329.633
329.679
329.677
329.632
329.726
329.679
329.679
329.585
329.586
329.538
329.632
329.585
329.586
329.632
329.538
329.551
329.478
329.523
329.507
329.592
329.601
329.564
329.629
329.591
329.589
329.633
329.547
329.408
329.431
329.378
329.459
329.352
329.266
329.299
329.321
329.45
329.542
329.494
329.499
329.719
329.711
329.69
329.74
329.693
329.634
329.664
329.663
329.758
329.823
329.78
329.801
329.771
329.729
329.758
329.742
329.811
329.841
329.798
329.854
329.78
329.755
329.751
329.784
329.941
330.012
329.989
329.963
329.914
329.932
329.963
329.884
329.893
329.868
329.846
329.915
330.139
330.079
330.125
330.093
330.182
330.207
330.168
330.222
330.148
330.107
330.102
330.153
329.995
330.03
329.981
330.044
329.947
329.886
329.899
329.933
330.004
330.057
330.053
330.008
329.719
329.711
329.69
329.74
329.693
329.634
329.664
329.663
329.758
329.823
329.78
329.801
329.771
329.729
329.742
329.758
329.78
329.755
329.784
329.751
329.811
329.841
329.798
329.854
330.139
330.079
330.125
330.093
330.182
330.207
330.168
330.222
330.148
330.107
330.153
330.102
329.941
330.012
329.989
329.963
329.914
329.932
329.963
329.884
329.893
329.868
329.846
329.915
329.995
330.03
330.044
329.981
330.004
330.057
330.008
330.053
329.947
329.886
329.899
329.933
330.319
330.328
330.305
330.343
330.291
330.244
330.277
330.258
330.329
330.357
330.352
330.333
330.319
330.328
330.305
330.343
330.291
330.244
330.277
330.258
330.329
330.357
330.352
330.333
330.377
330.348
330.362
330.362
330.386
330.377
330.372
330.391
330.386
330.377
330.372
330.391
330.319
330.328
330.305
330.343
330.291
330.244
330.277
330.258
330.329
330.357
330.333
330.352
330.319
330.328
330.305
330.343
330.291
330.244
330.277
330.258
330.329
330.357
330.352
330.333
330.377
330.348
330.362
330.362
330.386
330.377
330.391
330.372
330.386
330.377
330.372
330.391
330.319
330.328
330.305
330.343
330.291
330.244
330.277
330.258
330.329
330.357
330.333
330.352
330.319
330.328
330.305
330.343
330.291
330.244
330.277
330.258
330.329
330.357
330.352
330.333
330.377
330.348
330.362
330.362
330.386
330.377
330.391
330.372
330.386
330.377
330.372
330.391
330.319
330.328
330.305
330.343
330.291
330.244
330.277
330.258
330.329
330.357
330.333
330.352
330.319
330.328
330.305
330.343
330.291
330.244
330.277
330.258
330.329
330.357
330.333
330.352
330.377
330.348
330.362
330.362
330.386
330.377
330.391
330.372
330.386
330.377
330.391
330.372
329.941
330.012
329.989
329.963
329.914
329.932
329.963
329.884
329.893
329.868
329.915
329.846
330.139
330.079
330.125
330.093
330.182
330.207
330.168
330.222
330.148
330.107
330.102
330.153
329.995
330.03
329.981
330.044
329.947
329.886
329.933
329.899
330.004
330.058
330.053
330.008
329.719
329.711
329.69
329.74
329.693
329.634
329.664
329.663
329.758
329.823
329.801
329.78
329.771
329.729
329.758
329.742
329.811
329.841
329.854
329.798
329.78
329.755
329.751
329.784
330.139
330.079
330.125
330.093
330.182
330.207
330.168
330.222
330.148
330.107
330.153
330.102
329.941
330.012
329.989
329.963
329.914
329.932
329.963
329.884
329.893
329.868
329.915
329.846
329.995
330.03
330.044
329.981
330.004
330.058
330.008
330.053
329.947
329.886
329.933
329.899
329.719
329.711
329.69
329.74
329.693
329.634
329.664
329.663
329.758
329.823
329.801
329.78
329.771
329.729
329.742
329.758
329.78
329.755
329.784
329.751
329.811
329.841
329.854
329.798
329.551
329.478
329.522
329.507
329.592
329.601
329.563
329.629
329.59
329.589
329.546
329.633
329.408
329.43
329.459
329.378
329.449
329.542
329.499
329.493
329.351
329.265
329.32
329.298
329.77
329.773
329.818
329.726
329.811
329.897
329.859
329.849
329.723
329.633
329.677
329.679
329.77
329.773
329.818
329.726
329.811
329.897
329.859
329.849
329.723
329.633
329.679
329.677
329.632
329.726
329.679
329.679
329.585
329.586
329.538
329.632
329.585
329.586
329.632
329.538
329.161
328.991
329.111
329.111
329.201
329.214
329.247
329.165
329.201
329.215
329.165
329.247
329.551
329.478
329.523
329.507
329.592
329.601
329.563
329.629
329.59
329.589
329.633
329.546
329.408
329.431
329.459
329.378
329.45
329.542
329.493
329.499
329.351
329.266
329.298
329.32
330.139
330.079
330.125
330.093
330.182
330.207
330.168
330.222
330.148
330.107
330.102
330.153
329.941
330.012
329.989
329.963
329.914
329.932
329.963
329.884
329.893
329.868
329.915
329.846
329.995
330.03
330.044
329.981
330.004
330.057
330.053
330.008
329.947
329.886
329.933
329.899
330.139
330.079
330.125
330.093
330.182
330.207
330.168
330.222
330.148
330.107
330.153
330.102
329.941
330.012
329.989
329.963
329.914
329.932
329.963
329.884
329.893
329.868
329.915
329.846
329.995
330.03
330.044
329.981
330.004
330.057
330.008
330.053
329.947
329.886
329.933
329.899
329.719
329.711
329.69
329.74
329.693
329.634
329.664
329.663
329.758
329.823
329.801
329.78
329.771
329.729
329.758
329.742
329.811
329.841
329.854
329.798
329.78
329.755
329.751
329.784
329.719
329.711
329.69
329.74
329.693
329.634
329.664
329.663
329.758
329.823
329.801
329.78
329.771
329.729
329.758
329.742
329.811
329.841
329.854
329.798
329.78
329.755
329.784
329.751
329.77
329.773
329.818
329.726
329.811
329.897
329.859
329.849
329.723
329.633
329.679
329.677
329.77
329.773
329.818
329.726
329.811
329.897
329.859
329.849
329.723
329.633
329.679
329.677
329.632
329.726
329.679
329.679
329.585
329.586
329.632
329.538
329.585
329.586
329.632
329.538
329.551
329.478
329.523
329.507
329.592
329.601
329.563
329.629
329.591
329.589
329.633
329.547
329.408
329.431
329.459
329.378
329.45
329.542
329.494
329.499
329.352
329.266
329.321
329.299
329.551
329.478
329.522
329.507
329.592
329.601
329.563
329.629
329.59
329.589
329.633
329.546
329.407
329.43
329.459
329.377
329.449
329.542
329.493
329.499
329.351
329.265
329.32
329.298
329.161
328.991
329.111
329.111
329.201
329.215
329.247
329.165
329.201
329.214
329.247
329.165
)
;
        logInterval     -1;
        thicknessLayers List<scalar> 1(0.0001);
        kappaLayers     List<scalar> 1(3.333);
        writePrecision  6;
        updateHeader    1;
        writeToFile     0;
        useUserTime     1;
        kappaMethod     solidThermo;
    }
}


// ************************************************************************* //
