/*--------------------------------*- C++ -*----------------------------------*\
| =========                 |                                                 |
| \\      /  F ield         | OpenFOAM: The Open Source CFD Toolbox           |
|  \\    /   O peration     | Version:  2412                                  |
|   \\  /    A nd           | Website:  www.openfoam.com                      |
|    \\/     M anipulation  |                                                 |
\*---------------------------------------------------------------------------*/
FoamFile
{
    version     2.0;
    format      ascii;
    arch        "LSB;label=32;scalar=64";
    class       volScalarField;
    location    "0.36/chip";
    object      T;
}
// * * * * * * * * * * * * * * * * * * * * * * * * * * * * * * * * * * * * * //

dimensions      [0 0 0 1 0 0 0];

internalField   nonuniform List<scalar> 
6620
(
309.074
308.947
308.947
308.823
309.731
309.473
309.473
309.229
308.806
308.868
308.868
308.806
308.868
308.868
308.931
308.931
308.931
308.931
308.868
308.868
308.806
308.868
308.868
308.806
308.823
309.168
308.947
308.947
309.413
309.413
308.823
309.168
308.947
308.947
309.413
309.413
309.074
309.074
309.074
309.67
309.67
309.67
309.67
308.947
309.413
309.413
308.823
309.168
308.947
309.413
309.413
309.168
309.229
309.473
309.473
309.229
309.473
309.473
309.731
309.731
309.731
309.473
309.229
309.473
307.622
307.31
308.562
308.115
308.268
308.408
307.818
308.009
307.517
308.302
308.562
308.115
308.268
308.408
309.674
309.259
309.259
309.422
309.451
309.546
309.546
308.877
308.358
309.127
309.164
308.518
308.768
309.282
307.819
308.009
307.517
308.302
308.877
309.127
308.358
309.164
308.518
309.282
308.768
308.19
308.247
308.247
308.92
307.734
308.541
308.541
307.913
308.698
308.853
308.589
308.103
308.698
308.853
309.855
309.855
309.983
309.083
309.592
309.192
308.589
308.104
309.592
309.083
309.192
308.856
308.856
308.509
307.325
308.008
307.43
308.008
307.43
308.13
308.13
307.538
308.061
308.242
308.061
308.242
308.185
309.08
308.37
308.185
309.08
308.37
308.008
307.43
307.325
308.13
308.13
307.538
308.008
307.43
308.062
308.242
308.185
309.081
308.37
308.061
308.242
309.08
308.185
308.37
309.146
309.146
309.371
309.146
309.146
309.371
309.146
309.146
309.371
309.146
309.146
309.371
308.185
309.081
308.37
308.062
308.242
309.081
308.185
308.37
308.062
308.242
308.008
307.43
308.13
308.13
307.538
307.325
308.008
307.43
309.08
308.185
308.37
309.08
308.185
308.37
308.061
308.242
308.061
308.242
308.13
308.13
307.538
308.008
307.43
308.008
307.43
307.325
307.818
308.009
307.517
308.302
307.819
308.009
307.517
308.302
308.19
308.247
308.247
308.92
307.734
308.541
308.541
307.704
307.877
307.897
308.55
308.381
308.066
307.897
308.55
308.381
308.066
308.339
309.065
308.795
308.795
308.687
308.688
308.444
308.562
308.115
308.268
308.408
308.877
308.358
309.127
309.164
308.518
308.768
309.282
308.877
308.358
309.127
309.164
308.518
308.768
309.282
308.641
308.656
308.487
308.812
308.641
308.656
308.487
308.812
309.023
309.31
309.022
309.531
308.914
309.428
309.132
309.023
309.31
309.022
309.531
308.914
309.428
309.132
307.622
307.31
308.19
308.247
308.247
308.92
307.734
308.541
308.541
307.819
308.009
307.517
308.302
307.897
308.55
308.381
308.066
307.704
307.877
308.339
309.065
308.795
308.795
308.687
308.688
308.444
307.897
308.55
308.381
308.066
308.877
308.358
309.127
309.164
308.518
308.768
309.282
308.562
308.115
308.268
308.408
308.877
309.127
308.358
309.164
308.518
309.282
308.768
308.642
308.656
308.487
308.812
309.023
309.31
309.022
309.531
308.914
309.428
309.132
308.642
308.656
308.487
308.812
309.023
309.31
309.531
309.022
309.428
308.914
309.132
309.674
309.259
309.259
309.422
309.451
309.546
309.546
309.674
309.259
309.259
309.422
309.451
309.546
309.546
309.674
309.259
309.259
309.422
309.451
309.546
309.546
308.562
308.115
308.268
308.408
308.877
309.127
308.358
309.164
308.518
309.282
308.768
308.562
308.115
308.268
308.408
309.023
309.31
309.022
309.531
308.914
309.428
309.132
308.642
308.656
308.487
308.812
309.023
309.31
309.531
309.022
309.428
308.914
309.132
308.642
308.656
308.487
308.812
308.19
308.247
308.247
308.92
307.734
308.541
308.541
307.622
307.31
307.819
308.009
307.517
308.302
307.897
308.55
308.381
308.066
308.339
309.065
308.795
308.795
308.688
308.687
308.444
307.704
307.877
307.897
308.55
308.381
308.066
308.877
309.127
308.358
309.164
308.518
309.282
308.768
308.562
308.115
308.268
308.408
308.562
308.115
308.268
308.408
309.023
309.31
309.531
309.022
309.428
308.914
309.132
309.023
309.31
309.531
309.022
309.428
308.914
309.132
308.642
308.656
308.487
308.812
308.642
308.656
308.487
308.812
307.819
308.009
307.517
308.302
307.818
308.009
307.517
308.302
307.622
307.31
308.339
309.065
308.795
308.795
308.688
308.687
308.444
307.897
308.55
308.381
308.066
307.897
308.55
308.381
308.066
307.704
307.877
308.589
308.103
308.589
308.104
308.856
308.856
308.509
308.698
308.853
309.083
309.592
309.192
309.083
309.592
309.192
307.913
308.856
308.856
308.509
308.589
308.104
309.083
309.592
309.192
308.698
308.853
309.592
309.083
309.192
309.855
309.855
309.983
309.855
309.855
309.983
309.855
309.855
309.983
308.698
308.853
309.592
309.083
309.192
308.698
308.853
308.856
308.856
308.509
307.913
308.589
308.104
309.592
309.083
309.192
308.698
308.853
308.698
308.853
308.589
308.104
308.589
308.104
307.913
309.367
309.167
309.167
309.177
309.263
309.271
309.271
308.975
308.783
309.038
309.05
308.872
308.887
309.142
308.975
309.038
308.783
309.05
308.872
309.142
308.887
308.613
308.663
308.663
308.927
308.509
308.767
308.767
308.564
308.564
308.335
308.624
309.006
308.755
308.624
309.006
308.755
308.564
308.564
308.335
308.624
309.006
308.755
309.006
308.624
308.755
309.071
309.071
309.214
309.071
309.071
309.214
309.071
309.071
309.214
309.071
309.071
309.214
308.624
309.006
308.755
309.006
308.624
308.755
308.564
308.564
308.335
309.006
308.624
308.755
309.006
308.624
308.755
308.564
308.564
308.335
308.613
308.663
308.663
308.927
308.509
308.767
308.767
308.975
308.783
309.038
309.05
309.142
308.872
308.887
308.975
308.783
309.038
309.05
308.872
308.887
309.142
308.613
308.663
308.663
308.927
308.767
308.509
308.767
308.975
308.783
309.038
309.05
309.142
308.872
308.887
308.975
309.038
308.783
309.05
308.872
309.142
308.887
309.367
309.167
309.167
309.177
309.271
309.263
309.271
309.367
309.167
309.167
309.177
309.271
309.263
309.271
309.367
309.167
309.167
309.177
309.263
309.271
309.271
308.975
309.038
308.783
309.05
308.887
308.872
309.142
308.613
308.663
308.663
308.927
308.767
308.509
308.767
308.975
309.038
308.783
309.05
308.887
308.872
309.142
307.088
307.53
307.451
307.451
307.348
307.348
307.274
307.017
307.425
307.105
307.105
306.771
307.233
307.233
308.256
308.475
308.379
308.537
308.28
308.45
308.354
308.098
307.896
308.192
308.224
307.97
308.023
308.301
308.148
308.378
308.044
308.243
308.019
308.172
308.353
308.206
308.486
308.321
308.229
308.131
308.399
308.305
307.736
307.729
307.646
308.001
307.547
307.914
307.833
307.79
307.794
307.874
308.118
307.663
307.921
307.983
307.629
307.629
307.308
307.708
307.502
307.435
307.817
307.897
308.166
308.215
308.126
308.028
308.08
307.994
308.256
308.475
308.537
308.379
308.45
308.28
308.354
308.098
307.896
308.192
308.224
307.97
308.023
308.301
308.148
308.378
308.243
308.044
308.019
308.353
308.172
308.206
308.486
308.321
308.229
308.131
308.399
308.305
309.429
309.228
309.356
309.362
309.325
309.332
309.46
309.429
309.228
309.356
309.362
309.325
309.332
309.46
309.492
309.555
309.419
309.419
309.388
309.523
309.523
308.772
308.583
308.439
308.465
308.668
308.687
308.545
309.033
309.098
308.958
309.231
308.929
309.201
309.062
308.827
308.625
308.492
308.751
308.723
308.599
308.855
307.737
307.729
308.001
307.647
307.914
307.547
307.833
307.79
307.794
307.874
308.118
307.663
307.921
307.984
307.629
307.629
307.708
307.308
307.503
307.817
307.436
307.897
308.166
308.215
308.126
308.029
308.08
307.994
309.033
309.098
308.958
309.231
308.929
309.201
309.062
308.772
308.583
308.439
308.465
308.668
308.687
308.545
308.827
308.625
308.751
308.492
308.723
308.855
308.599
308.423
308.468
308.106
308.353
308.319
308.572
308.212
308.423
308.468
308.106
308.353
308.319
308.572
308.212
308.242
307.842
307.93
307.93
308.137
308.037
308.037
307.654
307.948
307.836
307.837
307.648
307.936
307.771
307.771
307.606
307.796
307.796
308.67
308.882
308.708
308.857
308.636
308.534
308.775
308.716
308.611
308.56
308.793
308.686
308.871
308.686
308.827
308.661
308.711
308.846
308.646
308.727
308.53
308.805
308.202
308.137
307.931
308.319
308.323
308.43
308.456
308.608
308.298
308.456
308.474
308.163
308.126
307.957
308.288
308.137
307.983
308.308
308.279
308.619
308.48
308.485
308.67
308.882
308.857
308.708
308.636
308.534
308.775
308.716
308.611
308.56
308.793
308.686
308.871
308.827
308.686
308.661
308.846
308.711
308.646
308.727
308.53
308.805
309.955
310.019
309.987
309.987
309.83
309.639
309.733
309.733
309.892
309.825
309.795
309.923
309.892
309.825
309.795
309.923
309.294
309.107
309.081
309.322
309.44
309.512
309.351
309.604
309.239
308.945
309.153
309.027
309.498
309.694
309.664
309.526
308.202
308.137
308.319
307.931
308.323
308.431
308.456
308.608
308.298
308.456
308.474
308.164
308.126
308.288
307.957
308.138
308.308
307.984
308.28
308.619
308.48
308.485
309.294
309.107
309.322
309.081
309.44
309.512
309.604
309.351
309.498
309.694
309.664
309.526
309.239
308.945
309.153
309.027
308.711
308.334
308.519
308.519
309.078
309.388
309.23
309.23
308.89
308.833
309.038
308.693
308.89
308.833
309.038
308.693
307.022
307.022
306.678
307.687
307.803
307.491
307.123
307.719
307.412
307.687
307.803
307.492
307.124
307.719
307.413
308.466
307.92
308.239
308.466
307.92
308.239
307.832
307.832
308.148
307.736
308.179
307.848
307.908
308.204
307.872
307.736
308.179
307.848
307.908
308.204
307.872
308.523
308.304
308.652
309.036
308.826
308.783
308.331
308.721
308.679
308.523
308.304
308.652
309.036
308.826
308.783
308.331
308.721
308.679
307.687
307.803
307.491
307.123
307.719
307.412
307.022
307.022
306.678
308.466
307.92
308.239
308.466
307.92
308.239
307.832
307.832
308.148
307.687
307.803
307.492
307.124
307.719
307.413
307.737
308.179
307.848
308.204
307.908
307.872
308.523
308.304
308.652
309.036
308.826
308.783
308.331
308.721
308.679
307.736
308.179
307.848
307.908
308.204
307.872
309.036
308.826
308.783
308.523
308.304
308.652
308.721
308.331
308.679
309.101
309.292
309.245
309.101
309.292
309.245
309.323
309.323
309.277
309.101
309.292
309.245
309.101
309.292
309.245
309.323
309.323
309.277
309.101
309.292
309.245
309.101
309.292
309.245
309.323
309.323
309.277
309.101
309.292
309.245
309.101
309.292
309.245
309.323
309.323
309.277
308.523
308.304
308.652
309.036
308.826
308.783
308.331
308.721
308.679
307.737
308.179
307.848
308.204
307.908
307.872
309.036
308.826
308.783
308.523
308.304
308.652
308.721
308.331
308.679
307.737
308.179
307.848
307.908
308.204
307.872
307.687
307.803
307.491
307.719
307.124
307.412
308.466
307.92
308.239
308.466
307.92
308.239
307.832
307.832
308.148
307.022
307.022
306.678
307.687
307.803
307.491
307.719
307.124
307.412
309.036
308.826
308.783
308.523
308.304
308.652
308.721
308.331
308.679
309.036
308.826
308.783
308.523
308.304
308.652
308.721
308.331
308.679
307.736
308.179
307.848
308.204
307.908
307.872
307.736
308.179
307.848
308.204
307.908
307.872
308.466
307.92
308.239
308.466
307.92
308.239
307.832
307.832
308.148
307.687
307.803
307.492
307.719
307.124
307.413
307.687
307.803
307.491
307.719
307.123
307.412
307.022
307.022
306.678
307.736
307.729
307.646
308.001
307.547
307.914
307.833
307.79
307.794
307.874
308.118
307.921
307.663
307.983
307.629
307.629
307.308
307.708
307.435
307.502
307.817
307.897
308.166
308.215
308.126
308.028
308.08
307.994
307.737
307.729
307.647
308.001
307.548
307.914
307.834
307.791
307.794
307.874
308.118
307.922
307.664
307.984
307.63
307.629
307.308
307.708
307.436
307.503
307.817
307.897
308.166
308.215
308.126
308.029
308.08
307.995
308.423
308.468
308.106
308.353
308.319
308.212
308.572
308.423
308.468
308.106
308.353
308.319
308.213
308.572
308.242
307.842
307.93
307.93
308.137
308.037
308.037
307.462
307.54
307.54
307.773
307.328
307.617
307.617
307.499
307.831
307.733
307.733
307.585
307.681
307.681
307.993
307.734
308.079
307.965
307.918
307.81
308.148
308.217
308.398
308.507
308.414
308.37
308.35
308.265
308.155
308.244
308.213
308.45
308.08
308.313
308.288
308.056
308.023
307.922
308.249
307.873
308.206
308.104
307.995
307.735
308.08
307.965
307.92
307.811
308.149
308.218
308.398
308.508
308.414
308.371
308.351
308.265
308.156
308.244
308.213
308.45
308.081
308.313
308.289
308.057
308.023
307.923
308.25
307.874
308.206
308.105
308.256
308.475
308.379
308.537
308.28
308.45
308.354
308.098
307.896
308.192
308.224
308.023
307.97
308.301
308.148
308.378
308.044
308.243
308.172
308.019
308.353
308.206
308.486
308.321
308.229
308.131
308.399
308.305
308.772
308.583
308.439
308.464
308.545
308.668
308.687
309.033
309.098
308.958
309.231
309.201
308.929
309.062
308.827
308.625
308.492
308.751
308.599
308.723
308.855
308.772
308.583
308.439
308.464
308.668
308.545
308.687
309.033
309.098
308.958
309.231
308.929
309.062
309.201
308.827
308.625
308.492
308.751
308.723
308.599
308.855
308.518
308.467
308.616
308.711
308.442
308.542
308.686
308.53
308.501
308.614
308.735
308.578
308.454
308.692
308.468
308.565
308.316
308.556
308.392
308.392
308.635
308.58
308.769
308.653
308.786
308.628
308.605
308.743
308.518
308.467
308.616
308.711
308.442
308.542
308.686
308.53
308.501
308.614
308.735
308.692
308.454
308.578
308.468
308.565
308.316
308.556
308.392
308.635
308.392
308.58
308.769
308.653
308.786
308.605
308.743
308.628
307.088
307.53
307.451
307.451
307.348
307.348
307.274
307.017
307.425
307.105
307.105
307.233
306.771
307.233
308.423
308.468
308.106
308.353
308.212
308.319
308.572
308.423
308.468
308.106
308.353
308.572
308.319
308.213
308.242
307.842
307.93
307.93
308.037
308.137
308.037
307.737
307.729
307.647
308.001
307.548
307.914
307.834
307.791
307.794
307.874
308.118
307.664
307.984
307.922
307.63
307.629
307.308
307.708
307.503
307.436
307.817
307.897
308.166
308.215
308.126
308.08
307.995
308.029
307.993
307.734
308.079
307.965
307.918
307.81
308.148
308.217
308.398
308.507
308.414
308.265
308.35
308.37
308.155
308.244
308.213
308.45
308.08
308.288
308.313
308.056
308.023
307.922
308.249
308.104
307.873
308.206
307.462
307.54
307.54
307.773
307.328
307.617
307.617
307.499
307.831
307.733
307.733
307.681
307.681
307.585
307.995
307.735
308.08
307.965
307.92
307.811
308.149
308.218
308.398
308.508
308.414
308.371
308.351
308.265
308.156
308.244
308.213
308.45
308.081
308.313
308.289
308.057
308.023
307.923
308.25
307.874
308.206
308.105
308.772
308.583
308.439
308.465
308.545
308.668
308.687
309.033
309.098
308.958
309.231
309.201
308.929
309.062
308.827
308.625
308.492
308.751
308.599
308.723
308.855
308.256
308.475
308.379
308.537
308.28
308.45
308.354
308.098
307.896
308.192
308.224
308.023
307.97
308.301
308.148
308.378
308.044
308.243
308.172
308.019
308.353
308.206
308.486
308.321
308.229
308.131
308.399
308.305
309.033
309.098
308.958
309.231
308.929
309.062
309.201
308.772
308.583
308.439
308.465
308.668
308.545
308.687
308.827
308.625
308.751
308.492
308.723
308.855
308.599
308.518
308.616
308.467
308.711
308.442
308.686
308.542
308.53
308.501
308.614
308.735
308.578
308.454
308.692
308.468
308.565
308.316
308.556
308.392
308.392
308.635
308.58
308.769
308.786
308.653
308.628
308.743
308.605
308.518
308.467
308.616
308.711
308.442
308.542
308.686
308.53
308.501
308.614
308.735
308.692
308.454
308.578
308.468
308.565
308.316
308.556
308.392
308.635
308.392
308.58
308.769
308.653
308.786
308.605
308.743
308.628
309.429
309.228
309.356
309.362
309.46
309.325
309.332
309.429
309.228
309.356
309.362
309.332
309.325
309.46
309.492
309.555
309.419
309.419
309.523
309.388
309.523
309.429
309.228
309.356
309.362
309.46
309.325
309.332
309.429
309.228
309.356
309.362
309.332
309.325
309.46
309.492
309.555
309.419
309.419
309.523
309.388
309.523
309.429
309.228
309.356
309.362
309.325
309.46
309.332
309.429
309.228
309.356
309.362
309.325
309.46
309.332
309.492
309.555
309.419
309.419
309.388
309.523
309.523
308.256
308.475
308.537
308.379
308.45
308.28
308.354
308.098
307.896
308.192
308.224
308.301
307.97
308.023
308.148
308.378
308.243
308.044
308.353
308.019
308.172
308.206
308.486
308.321
308.229
308.399
308.131
308.305
309.033
309.098
308.958
309.231
309.062
308.929
309.201
308.772
308.583
308.439
308.465
308.687
308.668
308.545
308.827
308.625
308.751
308.492
308.855
308.723
308.599
308.256
308.475
308.379
308.537
308.28
308.45
308.354
308.098
307.896
308.192
308.224
307.97
308.301
308.023
308.148
308.378
308.044
308.243
308.019
308.172
308.353
308.206
308.486
308.321
308.229
308.399
308.305
308.131
308.518
308.616
308.467
308.711
308.442
308.686
308.542
308.53
308.501
308.614
308.735
308.454
308.692
308.578
308.468
308.565
308.316
308.556
308.392
308.392
308.635
308.58
308.769
308.786
308.653
308.743
308.605
308.628
308.518
308.467
308.616
308.711
308.442
308.542
308.686
308.53
308.501
308.614
308.735
308.692
308.454
308.578
308.468
308.565
308.316
308.556
308.392
308.635
308.392
308.58
308.769
308.653
308.786
308.605
308.743
308.628
308.423
308.468
308.106
308.353
308.212
308.319
308.572
308.423
308.468
308.106
308.353
308.572
308.319
308.212
308.242
307.842
307.93
307.93
308.037
308.137
308.037
307.088
307.53
307.451
307.451
307.348
307.348
307.274
307.017
307.425
307.105
307.105
307.233
306.771
307.233
307.737
307.729
308.001
307.647
307.914
307.547
307.833
307.79
307.794
307.874
308.118
307.663
307.984
307.921
307.63
307.629
307.708
307.308
307.503
307.817
307.436
307.897
308.166
308.215
308.126
308.08
307.994
308.029
307.995
308.079
307.735
307.965
307.92
308.148
307.81
308.218
308.398
308.508
308.414
308.265
308.351
308.371
308.156
308.244
308.213
308.45
308.081
308.289
308.313
308.057
308.023
308.25
307.923
308.104
308.206
307.874
307.462
307.54
307.54
307.773
307.328
307.617
307.617
307.499
307.831
307.733
307.733
307.681
307.681
307.585
307.994
308.079
307.734
307.965
307.919
308.148
307.81
308.218
308.398
308.508
308.414
308.371
308.351
308.265
308.156
308.244
308.213
308.45
308.081
308.313
308.288
308.056
308.023
308.25
307.923
308.206
307.874
308.104
309.033
309.098
308.958
309.231
309.062
308.929
309.201
308.772
308.583
308.439
308.464
308.687
308.668
308.545
308.827
308.625
308.751
308.492
308.855
308.723
308.599
308.256
308.475
308.537
308.379
308.45
308.28
308.354
308.098
307.896
308.192
308.224
308.301
307.97
308.023
308.148
308.378
308.243
308.044
308.353
308.019
308.172
308.206
308.486
308.321
308.229
308.399
308.131
308.305
308.256
308.475
308.537
308.379
308.45
308.28
308.354
308.098
307.896
308.192
308.224
307.97
308.301
308.023
308.148
308.378
308.243
308.044
308.019
308.353
308.172
308.206
308.486
308.321
308.229
308.399
308.305
308.131
308.518
308.616
308.467
308.711
308.442
308.686
308.542
308.53
308.501
308.614
308.735
308.454
308.692
308.578
308.468
308.565
308.316
308.556
308.392
308.392
308.635
308.58
308.769
308.786
308.653
308.743
308.605
308.628
308.518
308.616
308.467
308.711
308.442
308.686
308.542
308.53
308.501
308.614
308.735
308.692
308.454
308.578
308.468
308.565
308.316
308.556
308.392
308.635
308.392
308.58
308.769
308.786
308.653
308.743
308.605
308.628
307.737
307.729
308.001
307.647
307.914
307.548
307.834
307.791
307.794
307.874
308.118
307.984
307.664
307.922
307.63
307.629
307.708
307.308
307.817
307.503
307.436
307.897
308.166
308.215
308.126
308.08
308.029
307.995
307.736
307.729
308.001
307.646
307.914
307.547
307.833
307.79
307.794
307.874
308.118
307.983
307.663
307.921
307.629
307.629
307.708
307.308
307.817
307.502
307.435
307.897
308.166
308.215
308.126
308.08
308.028
307.994
307.088
307.53
307.451
307.451
307.348
307.348
307.274
307.017
307.425
307.105
307.105
306.771
307.233
307.233
307.995
308.08
307.735
307.965
307.92
308.149
307.811
308.218
308.398
308.508
308.414
308.351
308.371
308.265
308.156
308.244
308.213
308.45
308.289
308.081
308.313
308.057
308.023
308.25
307.923
308.206
307.874
308.105
307.993
308.079
307.734
307.965
307.919
308.148
307.81
308.217
308.398
308.507
308.414
308.35
308.37
308.265
308.155
308.244
308.213
308.45
308.288
308.08
308.313
308.056
308.023
308.25
307.922
308.206
307.873
308.104
307.462
307.54
307.54
307.773
307.328
307.617
307.617
307.499
307.831
307.733
307.733
307.681
307.681
307.585
308.202
308.137
307.931
308.319
308.323
308.43
308.456
308.608
308.456
308.298
308.474
308.163
308.126
307.957
308.288
307.983
308.137
308.308
308.279
308.619
308.48
308.485
308.202
308.137
307.931
308.319
308.324
308.431
308.456
308.608
308.456
308.298
308.474
308.164
308.126
307.958
308.288
307.984
308.138
308.308
308.28
308.619
308.48
308.485
308.711
308.334
308.519
308.519
309.078
309.388
309.23
309.23
308.89
308.833
308.693
309.038
308.89
308.833
308.693
309.038
308.67
308.882
308.708
308.857
308.636
308.534
308.775
308.716
308.56
308.611
308.793
308.686
308.871
308.686
308.827
308.711
308.661
308.846
308.646
308.727
308.53
308.805
309.294
309.107
309.081
309.322
309.44
309.512
309.604
309.351
309.239
308.945
309.027
309.153
309.498
309.694
309.664
309.526
309.294
309.107
309.081
309.322
309.44
309.512
309.351
309.604
309.239
308.945
309.027
309.153
309.498
309.694
309.526
309.664
307.654
307.948
307.836
307.837
307.648
307.936
307.771
307.771
307.796
307.606
307.796
308.711
308.334
308.519
308.519
309.078
309.388
309.23
309.23
308.89
308.833
308.693
309.038
308.89
308.833
309.038
308.693
308.202
308.137
307.931
308.319
308.324
308.431
308.456
308.608
308.298
308.474
308.456
308.164
308.126
307.958
308.288
308.138
307.984
308.308
308.28
308.619
308.485
308.48
309.294
309.107
309.081
309.322
309.44
309.512
309.604
309.351
309.239
308.945
309.027
309.153
309.498
309.694
309.664
309.526
308.67
308.882
308.708
308.857
308.636
308.534
308.775
308.716
308.56
308.611
308.793
308.686
308.871
308.686
308.827
308.711
308.661
308.846
308.646
308.727
308.53
308.805
309.294
309.107
309.322
309.081
309.44
309.512
309.604
309.351
309.498
309.694
309.526
309.664
309.239
308.945
309.027
309.153
309.955
310.019
309.987
309.987
309.83
309.639
309.733
309.733
309.892
309.825
309.923
309.795
309.892
309.825
309.795
309.923
309.955
310.019
309.987
309.987
309.83
309.639
309.733
309.733
309.892
309.825
309.923
309.795
309.892
309.825
309.795
309.923
309.955
310.019
309.987
309.987
309.83
309.639
309.733
309.733
309.892
309.825
309.923
309.795
309.892
309.825
309.923
309.795
308.67
308.882
308.857
308.708
308.636
308.534
308.775
308.716
308.793
308.611
308.56
308.686
308.871
308.827
308.686
308.846
308.661
308.711
308.646
308.727
308.805
308.53
309.294
309.107
309.322
309.081
309.44
309.512
309.351
309.604
309.498
309.694
309.526
309.664
309.239
308.945
309.153
309.027
308.67
308.882
308.708
308.857
308.636
308.534
308.775
308.716
308.611
308.793
308.56
308.686
308.871
308.686
308.827
308.661
308.711
308.846
308.646
308.727
308.805
308.53
308.711
308.334
308.519
308.519
309.078
309.388
309.23
309.23
308.89
308.833
308.693
309.038
308.89
308.833
309.038
308.693
307.654
307.948
307.837
307.837
307.648
307.936
307.771
307.771
307.796
307.606
307.796
308.202
308.137
308.319
307.931
308.323
308.431
308.456
308.608
308.298
308.474
308.456
308.164
308.126
308.288
307.957
308.138
308.308
307.984
308.28
308.619
308.485
308.48
309.294
309.107
309.322
309.081
309.44
309.512
309.351
309.604
309.498
309.694
309.526
309.664
309.239
308.945
309.153
309.027
308.67
308.882
308.857
308.708
308.636
308.534
308.775
308.716
308.793
308.611
308.56
308.686
308.871
308.827
308.686
308.846
308.661
308.711
308.646
308.727
308.805
308.53
308.67
308.882
308.857
308.708
308.636
308.534
308.775
308.716
308.611
308.793
308.56
308.686
308.871
308.827
308.686
308.661
308.846
308.711
308.646
308.727
308.805
308.53
308.202
308.137
308.319
307.931
308.324
308.431
308.456
308.608
308.474
308.298
308.456
308.164
308.126
308.288
307.958
308.308
308.138
307.984
308.28
308.619
308.485
308.48
308.202
308.137
308.319
307.931
308.323
308.43
308.456
308.608
308.474
308.298
308.456
308.163
308.126
308.288
307.957
308.308
308.137
307.983
308.28
308.619
308.485
308.48
307.654
307.948
307.837
307.836
307.648
307.936
307.771
307.771
307.606
307.796
307.796
308.605
308.747
308.735
308.735
308.676
308.676
308.665
308.79
308.809
308.796
308.922
308.737
308.863
308.849
308.79
308.809
308.796
308.922
308.737
308.863
308.849
308.605
308.747
308.735
308.735
308.676
308.676
308.665
308.79
308.809
308.796
308.922
308.737
308.863
308.849
308.79
308.809
308.922
308.796
308.863
308.737
308.849
308.982
308.872
308.986
308.986
309.041
308.926
308.926
308.982
308.872
308.986
308.986
308.926
308.926
309.041
308.982
308.872
308.986
308.986
308.926
308.926
309.041
308.982
308.872
308.986
308.986
308.926
308.926
309.041
308.79
308.809
308.796
308.922
308.849
308.737
308.863
308.79
308.809
308.922
308.796
308.863
308.737
308.849
308.605
308.747
308.735
308.735
308.676
308.676
308.665
308.79
308.809
308.922
308.796
308.849
308.863
308.737
308.79
308.809
308.922
308.796
308.863
308.737
308.849
308.605
308.747
308.735
308.735
308.665
308.676
308.676
307.039
307.26
307.212
307.212
307.106
307.146
307.146
307.761
307.885
307.946
307.947
307.885
307.82
307.826
307.351
307.366
307.316
307.531
307.25
307.468
307.416
307.761
307.885
307.946
307.947
307.885
307.82
307.826
307.351
307.366
307.316
307.532
307.251
307.468
307.416
308.123
308.248
308.068
308.068
308.006
308.187
308.184
308.123
308.248
308.068
308.068
308.006
308.187
308.184
307.687
307.475
307.642
307.642
307.579
307.579
307.748
307.917
307.937
307.999
308.108
307.982
307.872
308.045
308.043
308.179
308.114
308.236
308.108
308.049
308.173
307.917
307.937
307.999
308.108
308.045
307.872
307.982
308.043
308.179
308.114
308.236
308.049
308.173
308.108
308.291
308.303
308.123
308.232
308.243
308.17
308.352
308.938
309.073
309.021
309.005
308.946
309.014
308.998
308.425
308.308
308.363
308.493
308.301
308.432
308.486
308.291
308.303
308.123
308.232
308.17
308.243
308.352
308.938
309.073
309.021
309.005
308.946
309.014
308.998
308.425
308.308
308.363
308.493
308.301
308.432
308.486
307.761
307.885
307.946
307.947
307.826
307.82
307.885
307.351
307.366
307.316
307.531
307.416
307.25
307.468
307.039
307.26
307.212
307.212
307.146
307.146
307.106
308.123
308.248
308.068
308.068
308.187
308.006
308.184
308.123
308.248
308.068
308.068
308.006
308.187
308.184
307.687
307.475
307.642
307.642
307.579
307.579
307.748
307.761
307.885
307.946
307.947
307.885
307.82
307.826
307.351
307.366
307.316
307.532
307.251
307.468
307.416
307.917
307.937
307.999
308.108
307.982
307.873
308.045
308.043
308.179
308.236
308.114
308.108
308.173
308.049
308.291
308.303
308.123
308.232
308.243
308.17
308.352
308.938
309.073
309.021
309.005
308.946
309.014
308.998
308.425
308.308
308.363
308.493
308.301
308.432
308.486
307.917
307.937
307.999
308.108
308.045
307.873
307.982
308.043
308.179
308.114
308.236
308.049
308.173
308.108
308.938
309.073
309.021
309.005
308.946
309.014
308.998
308.291
308.303
308.123
308.232
308.17
308.243
308.352
308.425
308.308
308.493
308.363
308.432
308.301
308.486
309.136
309.138
309.086
309.203
309.195
309.079
309.144
309.136
309.138
309.086
309.203
309.195
309.079
309.144
309.295
309.311
309.363
309.363
309.355
309.303
309.303
309.136
309.138
309.086
309.203
309.079
309.144
309.195
309.136
309.138
309.086
309.203
309.144
309.079
309.195
309.295
309.311
309.363
309.363
309.303
309.303
309.355
309.136
309.138
309.086
309.203
309.079
309.144
309.195
309.136
309.138
309.086
309.203
309.144
309.079
309.195
309.295
309.311
309.363
309.363
309.303
309.303
309.355
309.136
309.138
309.086
309.203
309.144
309.079
309.195
309.136
309.138
309.086
309.203
309.144
309.079
309.195
309.295
309.311
309.363
309.363
309.303
309.303
309.355
308.291
308.303
308.123
308.232
308.352
308.243
308.17
308.938
309.073
309.021
309.005
308.998
309.014
308.946
308.425
308.308
308.363
308.493
308.486
308.301
308.432
307.917
307.937
307.999
308.108
307.873
308.045
307.982
308.043
308.18
308.236
308.114
308.173
308.049
308.108
308.938
309.073
309.021
309.005
309.014
308.946
308.998
308.291
308.303
308.123
308.232
308.17
308.243
308.352
308.425
308.308
308.493
308.363
308.432
308.301
308.486
307.917
307.937
307.999
308.108
308.045
307.873
307.982
308.043
308.18
308.114
308.236
308.049
308.173
308.108
307.761
307.885
307.946
307.947
307.826
307.82
307.885
307.351
307.366
307.531
307.316
307.416
307.468
307.251
308.123
308.248
308.068
308.068
308.187
308.006
308.184
308.123
308.248
308.068
308.068
308.006
308.187
308.184
307.687
307.475
307.642
307.642
307.579
307.579
307.748
307.039
307.26
307.212
307.212
307.146
307.146
307.106
307.761
307.885
307.946
307.947
307.885
307.82
307.826
307.351
307.366
307.531
307.316
307.468
307.251
307.416
308.938
309.073
309.021
309.005
308.998
309.014
308.946
308.291
308.303
308.123
308.232
308.352
308.243
308.17
308.425
308.308
308.493
308.363
308.486
308.432
308.301
308.938
309.073
309.021
309.005
309.014
308.946
308.998
308.291
308.303
308.123
308.232
308.17
308.243
308.352
308.425
308.308
308.493
308.363
308.432
308.301
308.486
307.917
307.937
307.999
308.108
307.873
308.045
307.982
308.043
308.179
308.236
308.114
308.173
308.049
308.108
307.917
307.937
307.999
308.108
308.045
307.872
307.982
308.043
308.179
308.236
308.114
308.173
308.049
308.108
308.123
308.248
308.068
308.068
308.184
308.187
308.006
308.123
308.248
308.068
308.068
308.184
308.187
308.006
307.687
307.475
307.642
307.642
307.748
307.579
307.579
307.761
307.885
307.946
307.947
307.82
307.885
307.826
307.351
307.366
307.532
307.316
307.468
307.251
307.416
307.761
307.885
307.946
307.947
307.82
307.885
307.826
307.351
307.366
307.531
307.316
307.468
307.25
307.416
307.039
307.26
307.212
307.212
307.146
307.146
307.106
308.526
308.654
308.505
308.497
308.595
308.585
308.437
308.526
308.654
308.505
308.497
308.595
308.585
308.437
308.448
308.275
308.42
308.42
308.508
308.36
308.36
308.708
308.715
308.564
308.675
308.655
308.767
308.615
308.835
308.968
308.947
308.932
308.909
308.895
308.872
308.752
308.695
308.719
308.848
308.811
308.659
308.789
308.708
308.715
308.564
308.675
308.655
308.767
308.615
308.835
308.968
308.947
308.932
308.909
308.895
308.872
308.752
308.695
308.719
308.848
308.811
308.659
308.789
308.526
308.654
308.505
308.497
308.595
308.585
308.437
308.526
308.654
308.505
308.497
308.595
308.585
308.437
308.448
308.275
308.42
308.42
308.508
308.36
308.36
308.708
308.715
308.564
308.675
308.655
308.767
308.615
308.835
308.968
308.947
308.932
308.909
308.895
308.872
308.752
308.695
308.719
308.848
308.811
308.659
308.789
308.835
308.968
308.947
308.932
308.909
308.895
308.872
308.708
308.715
308.564
308.675
308.655
308.767
308.615
308.752
308.695
308.848
308.719
308.811
308.789
308.659
309.028
309.032
309.127
309.011
309.088
308.973
309.067
309.028
309.032
309.127
309.011
309.088
308.973
309.067
309.076
309.155
309.175
309.175
309.136
309.115
309.115
309.028
309.032
309.011
309.127
308.973
309.088
309.067
309.028
309.032
309.011
309.127
308.973
309.088
309.067
309.076
309.155
309.175
309.175
309.136
309.115
309.115
309.028
309.032
309.011
309.127
308.973
309.088
309.067
309.028
309.032
309.011
309.127
308.973
309.088
309.067
309.076
309.155
309.175
309.175
309.136
309.115
309.115
309.028
309.032
309.011
309.127
308.973
309.088
309.067
309.028
309.032
309.011
309.127
308.973
309.088
309.067
309.076
309.155
309.175
309.175
309.136
309.115
309.115
308.708
308.715
308.675
308.564
308.767
308.655
308.615
308.835
308.968
308.932
308.947
308.895
308.909
308.872
308.752
308.695
308.719
308.848
308.811
308.659
308.789
308.835
308.968
308.947
308.932
308.909
308.895
308.872
308.708
308.715
308.564
308.675
308.655
308.767
308.615
308.752
308.695
308.848
308.719
308.811
308.789
308.659
308.526
308.654
308.505
308.497
308.595
308.585
308.437
308.526
308.654
308.505
308.497
308.595
308.585
308.437
308.448
308.275
308.42
308.42
308.508
308.36
308.36
308.835
308.968
308.932
308.947
308.895
308.909
308.872
308.708
308.715
308.675
308.564
308.767
308.655
308.615
308.752
308.695
308.848
308.719
308.811
308.789
308.659
308.835
308.968
308.947
308.932
308.909
308.895
308.872
308.708
308.715
308.564
308.675
308.655
308.767
308.615
308.752
308.695
308.848
308.719
308.811
308.789
308.659
308.526
308.654
308.497
308.505
308.585
308.595
308.437
308.526
308.654
308.497
308.505
308.585
308.595
308.437
308.448
308.275
308.42
308.42
308.508
308.36
308.36
307.284
307.168
307.168
307.155
307.229
307.228
307.228
307.336
307.217
307.336
307.336
307.283
307.283
307.385
307.109
306.941
307.106
307.106
307.17
307.038
307.038
307.045
306.859
306.894
306.894
306.969
306.969
306.978
307.733
307.689
307.689
307.658
307.727
307.693
307.693
307.8
307.754
307.868
307.839
307.796
307.757
307.874
307.8
307.754
307.868
307.839
307.796
307.757
307.874
307.711
307.638
307.683
307.683
307.721
307.675
307.675
307.698
307.624
307.645
307.645
307.662
307.662
307.681
308.734
308.689
308.712
308.674
308.729
308.693
308.717
308.748
308.701
308.749
308.711
308.743
308.705
308.754
308.66
308.613
308.685
308.649
308.69
308.656
308.617
308.619
308.576
308.573
308.534
308.614
308.579
308.577
308.16
308.114
308.234
308.205
308.157
308.119
308.24
308.063
308.026
307.974
307.935
308.058
308.029
307.977
308.395
308.355
308.323
308.284
308.326
308.389
308.358
308.466
308.419
308.516
308.483
308.462
308.423
308.521
308.734
308.712
308.689
308.674
308.729
308.717
308.693
308.748
308.701
308.749
308.711
308.743
308.705
308.754
308.66
308.613
308.685
308.649
308.69
308.656
308.617
308.619
308.576
308.573
308.534
308.614
308.58
308.577
308.16
308.234
308.114
308.205
308.157
308.24
308.119
308.064
308.027
307.974
307.935
308.058
308.029
307.977
308.395
308.355
308.323
308.284
308.327
308.389
308.358
308.466
308.419
308.516
308.483
308.462
308.424
308.521
306.926
307.095
306.921
306.946
306.995
306.845
307.027
306.926
307.095
306.921
306.946
306.996
306.845
307.027
306.836
306.574
306.818
306.818
306.908
306.738
306.738
307.638
307.763
307.61
307.629
307.553
307.696
307.705
307.694
307.88
307.74
307.685
307.62
307.817
307.759
307.572
307.416
307.564
307.566
307.488
307.499
307.64
307.231
307.198
307.049
307.225
307.13
307.149
307.298
307.448
307.628
307.656
307.602
307.537
307.565
307.512
307.329
307.336
307.322
307.485
307.247
307.418
307.396
307.638
307.764
307.61
307.629
307.553
307.696
307.705
307.694
307.88
307.741
307.685
307.62
307.817
307.759
307.573
307.416
307.565
307.567
307.488
307.499
307.64
307.231
307.198
307.049
307.225
307.13
307.149
307.298
307.448
307.628
307.656
307.602
307.537
307.565
307.513
307.33
307.336
307.323
307.486
307.248
307.419
307.397
308.235
308.36
308.406
308.399
308.339
308.3
308.295
308.052
307.998
307.858
308.032
307.936
307.971
308.113
308.16
308.18
308.324
308.139
308.264
308.078
308.221
308.235
308.36
308.406
308.399
308.339
308.3
308.295
308.052
307.998
307.858
308.032
307.937
307.971
308.113
308.16
308.18
308.324
308.139
308.264
308.078
308.221
307.787
307.74
307.771
307.943
307.678
307.882
307.848
307.787
307.74
307.771
307.943
307.678
307.882
307.848
307.891
308.088
308.048
308.048
307.988
307.988
307.951
307.791
307.814
307.78
307.66
307.703
307.858
307.747
307.955
308.146
308.052
308.116
308.02
307.987
308.084
307.828
307.771
307.817
307.927
307.741
307.896
307.859
307.914
307.988
307.902
307.831
307.982
307.825
307.92
308.03
308.223
308.077
308.141
308.095
308.012
308.161
307.902
307.795
307.89
307.951
307.97
307.813
307.883
307.791
307.814
307.66
307.78
307.703
307.747
307.858
307.955
308.146
308.116
308.052
307.987
308.084
308.02
307.828
307.771
307.817
307.927
307.741
307.859
307.896
307.914
307.988
307.831
307.902
307.92
307.825
307.982
308.03
308.223
308.141
308.077
308.012
308.161
308.095
307.902
307.795
307.89
307.951
307.813
307.883
307.97
308.405
308.416
308.463
308.574
308.514
308.356
308.465
308.332
308.271
308.243
308.426
308.21
308.365
308.392
308.447
308.592
308.617
308.542
308.557
308.482
308.508
308.924
309.058
308.976
308.961
308.902
308.999
308.983
308.854
308.92
308.766
308.819
308.759
308.861
308.913
308.839
308.723
308.877
308.804
308.817
308.745
308.899
308.412
308.35
308.269
308.453
308.289
308.392
308.473
308.543
308.61
308.661
308.714
308.654
308.55
308.603
308.529
308.62
308.569
308.7
308.509
308.64
308.589
308.405
308.416
308.463
308.574
308.514
308.356
308.465
308.332
308.271
308.243
308.426
308.21
308.365
308.392
308.447
308.592
308.617
308.542
308.557
308.482
308.508
308.924
309.058
308.976
308.961
308.902
308.999
308.983
308.854
308.92
308.766
308.819
308.861
308.759
308.913
308.839
308.723
308.877
308.804
308.817
308.745
308.899
308.412
308.35
308.269
308.453
308.289
308.392
308.473
308.543
308.61
308.661
308.714
308.55
308.654
308.603
308.529
308.62
308.569
308.7
308.509
308.64
308.589
307.638
307.763
307.629
307.61
307.553
307.705
307.696
307.694
307.88
307.685
307.74
307.759
307.62
307.817
307.572
307.416
307.564
307.566
307.488
307.64
307.499
307.231
307.198
307.225
307.049
307.298
307.149
307.13
307.448
307.628
307.602
307.656
307.512
307.537
307.565
307.329
307.336
307.322
307.485
307.396
307.247
307.418
306.926
307.095
306.946
306.921
307.027
306.845
306.995
306.926
307.095
306.946
306.921
306.845
307.027
306.996
306.836
306.574
306.818
306.818
306.738
306.738
306.908
308.235
308.36
308.406
308.399
308.339
308.3
308.295
308.052
307.998
307.858
308.032
307.936
307.971
308.113
308.16
308.18
308.324
308.139
308.264
308.078
308.221
308.235
308.36
308.406
308.399
308.339
308.3
308.295
308.052
307.998
307.858
308.032
307.971
307.937
308.113
308.16
308.18
308.324
308.139
308.264
308.078
308.221
307.787
307.74
307.771
307.943
307.678
307.882
307.848
307.787
307.74
307.771
307.943
307.882
307.678
307.848
307.891
308.088
308.048
308.048
307.988
307.988
307.951
307.638
307.764
307.61
307.629
307.553
307.696
307.705
307.694
307.88
307.741
307.685
307.817
307.62
307.759
307.573
307.416
307.565
307.567
307.488
307.499
307.64
307.231
307.198
307.049
307.225
307.13
307.149
307.298
307.448
307.628
307.656
307.602
307.565
307.537
307.513
307.33
307.336
307.323
307.486
307.248
307.419
307.397
307.791
307.814
307.781
307.66
307.704
307.858
307.747
307.955
308.146
308.052
308.116
308.02
307.987
308.084
307.828
307.771
307.817
307.927
307.741
307.896
307.859
308.03
308.223
308.077
308.141
308.096
308.012
308.161
307.914
307.988
307.902
307.831
307.982
307.825
307.92
307.902
307.795
307.951
307.89
307.97
307.883
307.813
308.405
308.416
308.463
308.574
308.514
308.356
308.465
308.332
308.272
308.243
308.426
308.21
308.366
308.393
308.447
308.592
308.617
308.542
308.557
308.482
308.508
308.924
309.058
308.976
308.961
308.902
308.999
308.983
308.854
308.92
308.766
308.819
308.759
308.861
308.913
308.839
308.723
308.877
308.804
308.817
308.745
308.899
308.412
308.35
308.269
308.453
308.289
308.392
308.473
308.543
308.61
308.661
308.714
308.654
308.55
308.603
308.529
308.62
308.569
308.7
308.509
308.64
308.59
307.791
307.814
307.66
307.78
307.704
307.747
307.858
307.955
308.146
308.116
308.052
307.987
308.084
308.02
307.828
307.771
307.817
307.927
307.741
307.859
307.896
307.914
307.988
307.831
307.902
307.92
307.825
307.982
308.03
308.223
308.141
308.077
308.012
308.161
308.095
307.902
307.795
307.89
307.951
307.813
307.883
307.97
308.924
309.058
308.976
308.961
308.902
308.999
308.983
308.854
308.92
308.766
308.819
308.861
308.759
308.913
308.839
308.723
308.877
308.804
308.817
308.745
308.899
308.405
308.416
308.463
308.574
308.514
308.356
308.465
308.332
308.272
308.243
308.426
308.21
308.366
308.393
308.447
308.592
308.617
308.542
308.557
308.482
308.508
308.543
308.61
308.661
308.714
308.55
308.654
308.603
308.412
308.35
308.269
308.453
308.289
308.392
308.473
308.529
308.62
308.7
308.569
308.64
308.509
308.59
309.121
309.123
309.157
309.041
309.098
309.18
309.064
309.185
309.252
309.284
309.232
309.244
309.225
309.192
309.169
309.186
309.206
309.269
309.146
309.229
309.209
309.121
309.123
309.157
309.041
309.098
309.18
309.064
309.185
309.252
309.284
309.232
309.244
309.225
309.192
309.169
309.186
309.206
309.269
309.146
309.229
309.209
309.28
309.347
309.316
309.264
309.339
309.256
309.287
309.28
309.347
309.316
309.264
309.339
309.256
309.287
309.264
309.217
309.3
309.3
309.324
309.24
309.24
309.121
309.123
309.041
309.157
309.098
309.064
309.18
309.185
309.252
309.232
309.284
309.192
309.225
309.244
309.169
309.186
309.206
309.269
309.146
309.209
309.229
309.121
309.123
309.041
309.157
309.098
309.064
309.18
309.185
309.252
309.232
309.284
309.225
309.192
309.244
309.169
309.186
309.206
309.269
309.146
309.209
309.229
309.28
309.347
309.264
309.316
309.287
309.256
309.339
309.28
309.347
309.264
309.316
309.256
309.287
309.339
309.264
309.217
309.3
309.3
309.24
309.24
309.324
309.121
309.123
309.041
309.157
309.098
309.064
309.18
309.185
309.252
309.232
309.284
309.192
309.225
309.244
309.169
309.186
309.206
309.269
309.146
309.209
309.229
309.121
309.123
309.041
309.157
309.098
309.064
309.18
309.185
309.252
309.232
309.284
309.225
309.192
309.244
309.169
309.186
309.206
309.269
309.146
309.209
309.229
309.28
309.347
309.264
309.316
309.287
309.256
309.339
309.28
309.347
309.264
309.316
309.256
309.287
309.339
309.264
309.217
309.3
309.3
309.24
309.24
309.324
309.121
309.123
309.041
309.157
309.098
309.064
309.18
309.185
309.252
309.232
309.284
309.192
309.225
309.244
309.169
309.186
309.206
309.269
309.146
309.209
309.229
309.121
309.123
309.041
309.157
309.098
309.064
309.18
309.185
309.252
309.232
309.284
309.192
309.225
309.244
309.169
309.186
309.206
309.269
309.146
309.209
309.229
309.28
309.347
309.264
309.316
309.287
309.256
309.339
309.28
309.347
309.264
309.316
309.287
309.256
309.339
309.264
309.217
309.3
309.3
309.24
309.24
309.324
308.405
308.416
308.574
308.463
308.514
308.465
308.356
308.332
308.272
308.426
308.243
308.393
308.366
308.21
308.447
308.592
308.617
308.542
308.557
308.508
308.482
308.924
309.058
308.961
308.976
308.902
308.983
308.999
308.854
308.92
308.819
308.766
308.913
308.759
308.861
308.839
308.723
308.877
308.804
308.817
308.899
308.745
308.412
308.35
308.453
308.269
308.473
308.392
308.289
308.543
308.61
308.714
308.661
308.603
308.654
308.55
308.529
308.62
308.569
308.7
308.59
308.509
308.64
307.791
307.814
307.66
307.781
307.704
307.747
307.858
307.955
308.146
308.116
308.052
308.084
307.987
308.02
307.828
307.771
307.817
307.927
307.741
307.859
307.896
308.03
308.223
308.141
308.077
308.161
308.012
308.096
307.914
307.988
307.831
307.902
307.825
307.92
307.982
307.902
307.795
307.951
307.89
307.883
307.813
307.97
308.924
309.058
308.976
308.961
308.902
308.999
308.983
308.854
308.92
308.766
308.819
308.861
308.759
308.913
308.839
308.723
308.877
308.804
308.817
308.745
308.899
308.405
308.416
308.463
308.574
308.514
308.356
308.465
308.332
308.272
308.243
308.426
308.366
308.21
308.393
308.447
308.592
308.617
308.542
308.557
308.482
308.508
308.543
308.61
308.661
308.714
308.55
308.654
308.603
308.412
308.35
308.269
308.453
308.392
308.289
308.473
308.529
308.62
308.7
308.569
308.64
308.509
308.59
307.791
307.814
307.66
307.781
307.704
307.747
307.858
307.955
308.146
308.116
308.052
308.084
307.987
308.02
307.828
307.771
307.817
307.927
307.741
307.859
307.896
307.914
307.988
307.831
307.902
307.92
307.825
307.982
308.03
308.223
308.141
308.077
308.161
308.012
308.096
307.902
307.795
307.89
307.951
307.813
307.883
307.97
307.638
307.763
307.629
307.61
307.553
307.705
307.696
307.694
307.88
307.685
307.741
307.759
307.62
307.817
307.572
307.416
307.564
307.567
307.488
307.64
307.499
307.448
307.628
307.602
307.656
307.512
307.537
307.565
307.231
307.198
307.225
307.049
307.298
307.149
307.13
307.329
307.336
307.486
307.322
307.397
307.418
307.247
308.235
308.36
308.406
308.399
308.339
308.3
308.295
308.052
307.998
307.858
308.032
307.937
307.971
308.113
308.16
308.18
308.324
308.139
308.264
308.078
308.221
308.235
308.36
308.406
308.399
308.339
308.3
308.295
308.052
307.998
307.858
308.032
307.971
307.937
308.113
308.16
308.18
308.324
308.139
308.264
308.078
308.221
307.787
307.74
307.771
307.943
307.678
307.882
307.848
307.787
307.74
307.771
307.943
307.882
307.678
307.848
307.891
308.088
308.048
308.048
307.988
307.988
307.951
306.926
307.095
306.946
306.921
307.027
306.845
306.996
306.926
307.095
306.946
306.921
306.845
307.027
306.996
306.836
306.574
306.818
306.818
306.738
306.738
306.908
307.638
307.763
307.61
307.629
307.553
307.696
307.705
307.694
307.88
307.741
307.685
307.817
307.62
307.759
307.572
307.416
307.564
307.567
307.488
307.499
307.64
307.448
307.628
307.656
307.602
307.565
307.537
307.513
307.231
307.198
307.049
307.225
307.13
307.149
307.298
307.329
307.336
307.486
307.322
307.419
307.247
307.397
308.924
309.058
308.961
308.976
308.902
308.983
308.999
308.854
308.92
308.819
308.766
308.913
308.759
308.861
308.839
308.723
308.877
308.804
308.817
308.899
308.745
308.405
308.416
308.574
308.463
308.514
308.465
308.356
308.332
308.272
308.426
308.243
308.393
308.366
308.21
308.447
308.592
308.617
308.542
308.557
308.508
308.482
308.543
308.61
308.714
308.661
308.603
308.654
308.55
308.412
308.35
308.453
308.269
308.473
308.392
308.289
308.529
308.62
308.7
308.569
308.59
308.64
308.509
308.924
309.058
308.976
308.961
308.902
308.999
308.983
308.854
308.92
308.766
308.819
308.861
308.759
308.913
308.839
308.723
308.877
308.804
308.817
308.745
308.899
308.405
308.416
308.463
308.574
308.514
308.356
308.465
308.332
308.272
308.243
308.426
308.366
308.21
308.393
308.447
308.592
308.617
308.542
308.557
308.482
308.508
308.543
308.61
308.661
308.714
308.55
308.654
308.603
308.412
308.35
308.269
308.453
308.392
308.289
308.473
308.529
308.62
308.7
308.569
308.64
308.509
308.589
307.791
307.814
307.66
307.78
307.704
307.747
307.858
307.955
308.146
308.116
308.052
308.084
307.987
308.02
307.828
307.771
307.817
307.927
307.741
307.859
307.896
308.03
308.223
308.141
308.077
308.161
308.012
308.095
307.914
307.988
307.831
307.902
307.825
307.92
307.982
307.902
307.795
307.951
307.89
307.883
307.813
307.97
307.791
307.814
307.66
307.78
307.703
307.747
307.858
307.955
308.146
308.116
308.052
308.084
307.987
308.02
307.828
307.771
307.817
307.927
307.741
307.859
307.896
308.03
308.223
308.141
308.077
308.161
308.012
308.095
307.914
307.988
307.831
307.902
307.92
307.825
307.982
307.902
307.795
307.951
307.89
307.883
307.813
307.97
308.235
308.36
308.399
308.406
308.339
308.295
308.3
308.052
307.998
308.032
307.858
308.113
307.971
307.937
308.16
308.18
308.324
308.139
308.264
308.221
308.078
308.235
308.36
308.399
308.406
308.339
308.295
308.3
308.052
307.998
308.032
307.858
308.113
307.971
307.936
308.16
308.18
308.324
308.139
308.264
308.221
308.078
307.787
307.74
307.943
307.771
307.848
307.882
307.678
307.787
307.74
307.943
307.771
307.848
307.882
307.678
307.891
308.088
308.048
308.048
307.951
307.988
307.988
307.638
307.764
307.61
307.629
307.553
307.696
307.705
307.694
307.88
307.741
307.685
307.817
307.62
307.759
307.572
307.416
307.565
307.567
307.488
307.499
307.64
307.448
307.628
307.656
307.602
307.565
307.537
307.513
307.231
307.198
307.049
307.225
307.149
307.13
307.298
307.33
307.336
307.486
307.323
307.419
307.248
307.397
307.638
307.763
307.61
307.629
307.553
307.696
307.705
307.694
307.88
307.74
307.685
307.817
307.62
307.759
307.572
307.416
307.564
307.566
307.488
307.499
307.64
307.448
307.628
307.656
307.602
307.565
307.537
307.512
307.231
307.198
307.049
307.225
307.149
307.13
307.298
307.329
307.336
307.485
307.322
307.418
307.247
307.396
306.926
307.095
306.946
306.921
307.027
306.845
306.996
306.926
307.095
306.946
306.921
307.027
306.845
306.995
306.836
306.574
306.818
306.818
306.738
306.738
306.908
307.513
307.421
307.509
307.509
307.471
307.471
307.55
307.474
307.376
307.384
307.384
307.431
307.43
307.43
307.612
307.531
307.543
307.543
307.583
307.574
307.574
307.639
307.56
307.625
307.625
307.662
307.601
307.601
307.284
307.168
307.168
307.155
307.229
307.228
307.228
307.336
307.217
307.336
307.336
307.283
307.283
307.385
307.109
307.106
306.941
307.106
307.17
307.038
307.038
307.045
306.859
306.894
306.894
306.978
306.969
306.969
307.513
307.421
307.509
307.509
307.471
307.471
307.55
307.474
307.376
307.384
307.384
307.431
307.43
307.43
307.612
307.543
307.543
307.531
307.583
307.574
307.574
307.639
307.56
307.625
307.625
307.601
307.601
307.662
307.284
307.168
307.168
307.155
307.229
307.228
307.228
307.336
307.217
307.336
307.336
307.283
307.283
307.385
307.109
307.106
306.941
307.106
307.17
307.038
307.038
307.045
306.859
306.894
306.894
306.978
306.969
306.969
307.513
307.421
307.509
307.509
307.471
307.471
307.55
307.474
307.376
307.384
307.384
307.431
307.43
307.43
307.612
307.543
307.543
307.531
307.583
307.574
307.574
307.639
307.56
307.625
307.625
307.601
307.601
307.662
307.284
307.168
307.168
307.155
307.229
307.228
307.228
307.336
307.217
307.336
307.336
307.283
307.283
307.385
307.109
306.941
307.106
307.106
307.17
307.038
307.038
307.045
306.859
306.894
306.894
306.978
306.969
306.969
307.513
307.421
307.509
307.509
307.471
307.471
307.55
307.474
307.376
307.384
307.384
307.431
307.43
307.43
307.612
307.543
307.543
307.531
307.583
307.574
307.574
307.639
307.56
307.625
307.625
307.601
307.601
307.662
308.16
308.114
308.234
308.205
308.157
308.119
308.24
308.063
308.026
307.974
307.935
307.977
308.058
308.029
308.395
308.355
308.323
308.284
308.326
308.389
308.358
308.466
308.419
308.516
308.483
308.521
308.462
308.423
308.161
308.115
308.235
308.205
308.157
308.119
308.24
308.064
308.027
307.974
307.935
307.977
308.058
308.029
308.395
308.355
308.323
308.284
308.327
308.39
308.358
308.466
308.419
308.516
308.483
308.521
308.462
308.424
308.734
308.689
308.712
308.674
308.729
308.693
308.717
308.748
308.701
308.749
308.711
308.754
308.743
308.705
308.66
308.613
308.685
308.649
308.69
308.656
308.617
308.619
308.576
308.573
308.534
308.577
308.614
308.579
307.733
307.689
307.689
307.658
307.727
307.693
307.693
307.8
307.754
307.868
307.839
307.874
307.796
307.757
307.8
307.754
307.868
307.839
307.796
307.757
307.874
307.711
307.683
307.638
307.683
307.721
307.675
307.675
307.698
307.624
307.645
307.645
307.681
307.662
307.662
308.161
308.115
308.235
308.205
308.157
308.119
308.24
308.064
308.027
307.974
307.935
307.977
308.058
308.029
308.395
308.323
308.284
308.355
308.327
308.39
308.358
308.466
308.419
308.516
308.483
308.462
308.424
308.521
308.734
308.689
308.712
308.674
308.729
308.693
308.717
308.748
308.701
308.749
308.711
308.754
308.743
308.705
308.66
308.613
308.685
308.649
308.69
308.656
308.617
308.619
308.576
308.573
308.534
308.577
308.614
308.58
308.734
308.712
308.689
308.674
308.729
308.717
308.693
308.748
308.701
308.749
308.712
308.743
308.705
308.754
308.66
308.685
308.613
308.649
308.69
308.656
308.617
308.619
308.576
308.573
308.534
308.577
308.614
308.58
308.734
308.689
308.712
308.674
308.729
308.693
308.717
308.748
308.701
308.749
308.712
308.754
308.743
308.705
308.66
308.685
308.649
308.613
308.69
308.656
308.617
308.619
308.576
308.573
308.534
308.614
308.58
308.577
307.733
307.689
307.689
307.658
307.727
307.693
307.693
307.8
307.754
307.868
307.839
307.874
307.796
307.757
307.8
307.754
307.868
307.839
307.796
307.757
307.874
307.711
307.683
307.638
307.683
307.721
307.675
307.675
307.698
307.624
307.645
307.645
307.681
307.662
307.662
308.161
308.234
308.114
308.205
308.157
308.24
308.119
308.064
308.027
307.974
307.935
307.977
308.058
308.029
308.395
308.323
308.284
308.355
308.327
308.389
308.358
308.466
308.419
308.516
308.483
308.462
308.424
308.521
308.734
308.712
308.689
308.674
308.729
308.717
308.693
308.748
308.701
308.749
308.711
308.743
308.705
308.754
308.66
308.685
308.613
308.649
308.69
308.656
308.617
308.619
308.576
308.573
308.534
308.577
308.614
308.58
308.734
308.712
308.689
308.674
308.729
308.717
308.693
308.748
308.701
308.749
308.711
308.754
308.743
308.705
308.66
308.685
308.649
308.613
308.69
308.656
308.617
308.619
308.576
308.573
308.534
308.614
308.579
308.577
308.161
308.235
308.115
308.205
308.157
308.24
308.119
308.064
308.027
307.974
307.935
308.058
308.029
307.977
308.395
308.323
308.355
308.284
308.327
308.39
308.358
308.466
308.419
308.516
308.483
308.521
308.462
308.424
308.16
308.234
308.114
308.205
308.157
308.24
308.119
308.064
308.026
307.974
307.935
308.058
308.029
307.977
308.395
308.323
308.355
308.284
308.326
308.389
308.358
308.466
308.419
308.516
308.483
308.521
308.462
308.423
307.733
307.689
307.689
307.658
307.727
307.693
307.693
307.8
307.754
307.868
307.839
307.874
307.796
307.757
307.8
307.754
307.868
307.839
307.874
307.796
307.757
307.711
307.638
307.683
307.683
307.721
307.675
307.675
307.698
307.624
307.645
307.645
307.681
307.662
307.662
309.819
309.567
309.794
309.794
309.692
309.692
309.922
309.819
309.567
309.794
309.794
309.692
309.692
309.922
309.819
309.567
309.794
309.794
309.692
309.692
309.922
309.819
309.567
309.794
309.794
309.692
309.692
309.922
)
;

boundaryField
{
    chip
    {
        type            zeroGradient;
    }
    chip_to_dbc_cu_top
    {
        type            compressible::turbulentTemperatureRadCoupledMixed;
        refValue        nonuniform List<scalar> 
1600
(
306.297
306.44
306.368
306.368
306.478
306.499
306.426
306.552
306.478
306.499
306.427
306.552
306.297
306.44
306.368
306.368
306.478
306.499
306.427
306.552
306.478
306.499
306.552
306.427
306.668
306.56
306.614
306.614
306.668
306.56
306.614
306.614
306.668
306.56
306.614
306.614
306.668
306.56
306.614
306.614
306.478
306.499
306.427
306.552
306.478
306.499
306.552
306.427
306.297
306.44
306.368
306.368
306.478
306.499
306.552
306.427
306.478
306.499
306.552
306.427
306.297
306.44
306.368
306.368
304.429
304.766
304.592
304.592
305.254
305.517
305.457
305.311
304.83
304.893
304.714
305.015
305.254
305.517
305.457
305.311
304.83
304.893
304.714
305.015
305.763
305.676
305.616
305.826
305.763
305.676
305.616
305.826
305.289
305.031
305.157
305.157
305.399
305.565
305.358
305.609
305.517
305.736
305.522
305.73
305.399
305.565
305.609
305.358
305.517
305.736
305.522
305.73
305.926
305.728
305.879
305.773
306.623
306.706
306.63
306.699
306.054
305.904
305.898
306.061
305.926
305.728
305.773
305.879
306.623
306.706
306.63
306.699
306.054
305.904
305.898
306.061
305.254
305.517
305.311
305.457
304.83
304.893
304.714
305.015
304.429
304.766
304.592
304.592
305.763
305.676
305.826
305.616
305.763
305.676
305.616
305.826
305.289
305.031
305.157
305.157
305.254
305.517
305.457
305.311
304.83
304.893
304.714
305.015
305.399
305.565
305.358
305.609
305.517
305.736
305.73
305.522
305.926
305.728
305.879
305.773
306.623
306.706
306.63
306.699
306.054
305.904
305.898
306.061
305.399
305.565
305.609
305.358
305.517
305.736
305.522
305.73
306.623
306.706
306.63
306.699
305.926
305.728
305.773
305.879
306.054
305.904
306.061
305.898
306.818
306.77
306.763
306.826
306.818
306.77
306.763
306.826
306.974
306.989
306.982
306.982
306.818
306.77
306.763
306.826
306.818
306.77
306.826
306.763
306.974
306.989
306.982
306.982
306.818
306.77
306.763
306.826
306.818
306.77
306.826
306.763
306.974
306.989
306.982
306.982
306.818
306.77
306.826
306.763
306.818
306.77
306.826
306.763
306.974
306.989
306.982
306.982
305.926
305.728
305.879
305.773
306.623
306.706
306.699
306.63
306.054
305.904
305.898
306.061
305.399
305.565
305.358
305.609
305.517
305.736
305.73
305.522
306.623
306.706
306.699
306.63
305.926
305.728
305.773
305.879
306.054
305.904
306.061
305.898
305.399
305.565
305.609
305.358
305.517
305.736
305.522
305.73
305.254
305.517
305.311
305.457
304.83
304.893
305.015
304.714
305.763
305.676
305.826
305.616
305.763
305.676
305.616
305.826
305.289
305.031
305.157
305.157
304.429
304.766
304.592
304.592
305.254
305.517
305.457
305.311
304.83
304.893
305.015
304.714
306.623
306.706
306.699
306.63
305.926
305.728
305.879
305.773
306.054
305.904
306.061
305.898
306.623
306.706
306.699
306.63
305.926
305.728
305.773
305.879
306.054
305.904
306.061
305.898
305.399
305.565
305.358
305.609
305.517
305.736
305.73
305.522
305.399
305.565
305.609
305.358
305.517
305.736
305.73
305.522
305.763
305.676
305.826
305.616
305.763
305.676
305.826
305.616
305.289
305.031
305.157
305.157
305.254
305.517
305.311
305.457
304.83
304.893
305.015
304.714
305.254
305.517
305.311
305.457
304.83
304.893
305.015
304.714
304.429
304.766
304.592
304.592
306.134
305.953
306.042
306.042
306.214
306.189
306.284
306.121
306.214
306.189
306.284
306.121
306.436
306.374
306.339
306.472
306.393
306.246
306.342
306.296
306.523
306.634
306.597
306.559
306.436
306.374
306.339
306.472
306.393
306.246
306.342
306.296
306.523
306.634
306.597
306.559
306.134
305.953
306.042
306.042
306.214
306.189
306.284
306.121
306.214
306.189
306.284
306.121
306.436
306.374
306.339
306.472
306.393
306.246
306.342
306.296
306.523
306.634
306.597
306.559
306.436
306.374
306.472
306.339
306.523
306.634
306.597
306.559
306.393
306.246
306.342
306.296
306.76
306.837
306.799
306.799
306.714
306.697
306.659
306.752
306.714
306.697
306.659
306.752
306.76
306.837
306.799
306.799
306.714
306.697
306.659
306.752
306.714
306.697
306.659
306.752
306.76
306.837
306.799
306.799
306.714
306.697
306.659
306.752
306.714
306.697
306.659
306.752
306.76
306.837
306.799
306.799
306.714
306.697
306.659
306.752
306.714
306.697
306.659
306.752
306.436
306.374
306.339
306.472
306.393
306.246
306.342
306.296
306.523
306.634
306.597
306.559
306.436
306.374
306.472
306.339
306.523
306.634
306.597
306.559
306.393
306.246
306.342
306.296
306.134
305.953
306.042
306.042
306.214
306.189
306.284
306.121
306.214
306.189
306.284
306.121
306.436
306.374
306.472
306.339
306.523
306.634
306.597
306.559
306.393
306.246
306.342
306.296
306.436
306.374
306.472
306.339
306.523
306.634
306.597
306.559
306.393
306.246
306.342
306.296
306.134
305.953
306.042
306.042
306.214
306.189
306.284
306.121
306.214
306.189
306.284
306.121
304.045
303.577
303.769
303.769
304.223
304.08
303.953
304.377
304.223
304.08
303.953
304.377
304.945
304.557
304.618
304.874
305.006
304.729
304.682
305.061
305.188
305.311
305.114
305.389
304.704
304.475
304.399
304.796
304.606
304.202
304.494
304.296
304.938
305.227
305.032
305.128
304.945
304.557
304.618
304.874
305.007
304.729
304.682
305.062
305.188
305.311
305.114
305.389
304.705
304.476
304.399
304.796
304.606
304.203
304.494
304.296
304.938
305.227
305.032
305.128
305.822
305.852
305.94
305.738
305.899
306.085
306.018
305.963
305.69
305.465
305.545
305.607
305.822
305.852
305.94
305.738
305.899
306.085
306.018
305.963
305.69
305.465
305.545
305.607
305.534
305.756
305.643
305.643
305.409
305.375
305.273
305.515
305.409
305.375
305.273
305.515
305.181
304.871
304.847
305.209
305.147
304.777
304.811
305.107
305.435
305.677
305.465
305.646
305.248
304.894
304.908
305.231
305.259
304.925
304.92
305.265
305.505
305.7
305.488
305.718
305.181
304.871
304.847
305.209
305.147
304.777
304.811
305.107
305.435
305.677
305.465
305.646
305.248
304.894
304.908
305.231
305.259
304.925
305.265
304.92
305.505
305.7
305.488
305.718
306.106
306.265
306.23
306.139
306.065
306.14
306.189
306.018
305.965
305.843
305.811
305.997
306.521
306.401
306.5
306.422
306.609
306.663
306.587
306.685
306.535
306.442
306.435
306.542
306.185
306.291
306.165
306.311
306.042
305.867
305.886
306.023
306.198
306.332
306.325
306.205
306.106
306.265
306.23
306.139
306.065
306.14
306.189
306.018
305.965
305.843
305.811
305.997
306.521
306.401
306.5
306.422
306.609
306.663
306.587
306.685
306.535
306.442
306.542
306.435
306.185
306.291
306.165
306.311
306.042
305.867
305.886
306.023
306.198
306.332
306.205
306.325
304.945
304.557
304.618
304.874
305.006
304.729
304.682
305.061
305.188
305.311
305.114
305.389
304.704
304.475
304.399
304.796
304.606
304.202
304.296
304.494
304.938
305.227
305.032
305.128
304.045
303.577
303.769
303.769
304.223
304.08
304.377
303.953
304.223
304.08
303.953
304.377
305.822
305.852
305.94
305.738
305.899
306.085
306.018
305.963
305.69
305.465
305.545
305.607
305.822
305.852
305.94
305.738
305.899
306.085
306.018
305.963
305.69
305.465
305.607
305.545
305.534
305.756
305.643
305.643
305.409
305.375
305.273
305.515
305.409
305.375
305.515
305.273
304.945
304.557
304.618
304.874
305.007
304.729
304.682
305.062
305.188
305.311
305.389
305.114
304.705
304.476
304.399
304.796
304.606
304.203
304.494
304.296
304.938
305.227
305.128
305.032
305.181
304.871
304.847
305.209
305.147
304.777
304.811
305.107
305.435
305.677
305.465
305.646
305.248
304.894
305.231
304.908
305.505
305.7
305.488
305.718
305.259
304.925
304.92
305.265
306.106
306.265
306.231
306.139
306.065
306.14
306.189
306.018
305.965
305.843
305.811
305.997
306.521
306.401
306.5
306.422
306.609
306.663
306.587
306.685
306.535
306.442
306.435
306.542
306.185
306.291
306.165
306.311
306.042
305.867
305.886
306.023
306.198
306.332
306.325
306.205
305.181
304.871
304.847
305.209
305.147
304.777
304.811
305.107
305.435
305.677
305.465
305.646
305.248
304.894
304.908
305.231
305.259
304.925
305.265
304.92
305.505
305.7
305.488
305.718
306.521
306.401
306.5
306.422
306.609
306.663
306.587
306.685
306.535
306.442
306.542
306.435
306.106
306.265
306.231
306.139
306.065
306.14
306.189
306.018
305.965
305.843
305.811
305.997
306.185
306.291
306.311
306.165
306.198
306.332
306.205
306.325
306.042
305.867
305.886
306.023
306.851
306.867
306.828
306.89
306.803
306.726
306.781
306.748
306.866
306.913
306.905
306.874
306.851
306.867
306.828
306.89
306.803
306.726
306.781
306.748
306.866
306.913
306.905
306.874
306.943
306.898
306.92
306.92
306.959
306.943
306.936
306.966
306.959
306.943
306.936
306.966
306.851
306.867
306.828
306.89
306.803
306.726
306.781
306.748
306.866
306.913
306.874
306.905
306.851
306.867
306.828
306.89
306.803
306.726
306.781
306.748
306.866
306.913
306.905
306.874
306.943
306.898
306.92
306.92
306.959
306.943
306.966
306.936
306.959
306.943
306.936
306.966
306.851
306.867
306.828
306.89
306.803
306.726
306.781
306.748
306.866
306.913
306.874
306.905
306.851
306.867
306.828
306.89
306.803
306.726
306.781
306.748
306.866
306.913
306.905
306.874
306.943
306.898
306.92
306.92
306.959
306.943
306.966
306.936
306.959
306.943
306.936
306.966
306.851
306.867
306.828
306.89
306.803
306.726
306.781
306.748
306.866
306.913
306.874
306.905
306.851
306.867
306.828
306.89
306.803
306.726
306.781
306.748
306.866
306.913
306.874
306.905
306.943
306.898
306.92
306.92
306.959
306.943
306.966
306.936
306.959
306.943
306.966
306.936
306.106
306.265
306.231
306.139
306.065
306.14
306.189
306.018
305.965
305.843
305.997
305.811
306.521
306.401
306.5
306.422
306.609
306.663
306.587
306.685
306.535
306.442
306.435
306.542
306.185
306.291
306.165
306.311
306.042
305.867
306.023
305.886
306.198
306.332
306.325
306.205
305.181
304.871
304.847
305.209
305.147
304.777
304.811
305.107
305.435
305.677
305.646
305.465
305.248
304.894
305.231
304.908
305.505
305.7
305.718
305.488
305.259
304.925
304.92
305.265
306.521
306.401
306.5
306.422
306.609
306.663
306.587
306.685
306.535
306.442
306.542
306.435
306.106
306.265
306.231
306.139
306.065
306.14
306.189
306.018
305.965
305.843
305.997
305.811
306.185
306.291
306.311
306.165
306.198
306.332
306.205
306.325
306.042
305.867
306.023
305.886
305.181
304.871
304.847
305.209
305.147
304.777
304.811
305.107
305.435
305.677
305.646
305.465
305.248
304.894
304.908
305.231
305.259
304.925
305.265
304.92
305.505
305.7
305.718
305.488
304.945
304.557
304.618
304.874
305.007
304.729
304.682
305.061
305.188
305.311
305.114
305.389
304.705
304.476
304.796
304.399
304.938
305.227
305.032
305.128
304.606
304.202
304.296
304.494
305.822
305.852
305.94
305.738
305.899
306.085
306.018
305.963
305.69
305.465
305.545
305.607
305.822
305.852
305.94
305.738
305.899
306.085
306.018
305.963
305.69
305.465
305.607
305.545
305.534
305.756
305.643
305.643
305.409
305.375
305.273
305.515
305.409
305.375
305.515
305.273
304.045
303.577
303.769
303.769
304.223
304.08
304.377
303.953
304.223
304.08
303.953
304.377
304.945
304.557
304.618
304.874
305.007
304.729
304.682
305.061
305.188
305.311
305.389
305.114
304.705
304.476
304.796
304.399
304.938
305.227
305.128
305.032
304.606
304.202
304.494
304.296
306.521
306.401
306.5
306.422
306.609
306.663
306.587
306.685
306.535
306.442
306.435
306.542
306.106
306.265
306.231
306.139
306.065
306.14
306.189
306.018
305.965
305.843
305.997
305.811
306.185
306.291
306.311
306.165
306.198
306.332
306.325
306.205
306.042
305.867
306.023
305.886
306.521
306.401
306.5
306.422
306.609
306.663
306.587
306.685
306.535
306.442
306.542
306.435
306.106
306.265
306.23
306.139
306.065
306.14
306.189
306.018
305.965
305.843
305.997
305.811
306.185
306.291
306.311
306.165
306.198
306.332
306.205
306.325
306.042
305.867
306.023
305.886
305.181
304.871
304.847
305.209
305.147
304.777
304.811
305.107
305.435
305.677
305.646
305.465
305.248
304.894
305.231
304.908
305.505
305.7
305.718
305.488
305.259
304.925
304.92
305.265
305.181
304.871
304.847
305.209
305.147
304.777
304.811
305.107
305.435
305.677
305.646
305.465
305.248
304.894
305.231
304.908
305.505
305.7
305.718
305.488
305.259
304.925
305.265
304.92
305.822
305.852
305.94
305.738
305.899
306.085
306.018
305.963
305.69
305.465
305.607
305.545
305.822
305.852
305.94
305.738
305.899
306.085
306.018
305.963
305.69
305.465
305.607
305.545
305.534
305.756
305.643
305.643
305.409
305.375
305.515
305.273
305.409
305.375
305.515
305.273
304.945
304.557
304.618
304.874
305.007
304.729
304.682
305.062
305.188
305.311
305.389
305.114
304.705
304.476
304.796
304.399
304.938
305.227
305.128
305.032
304.606
304.203
304.296
304.494
304.945
304.557
304.618
304.874
305.006
304.729
304.682
305.061
305.188
305.311
305.389
305.114
304.704
304.475
304.796
304.399
304.938
305.227
305.128
305.032
304.606
304.202
304.296
304.494
304.045
303.577
303.769
303.769
304.223
304.08
304.377
303.953
304.223
304.08
304.377
303.953
)
;
        refGradient     uniform 0;
        valueFraction   nonuniform List<scalar> 
1600
(
0.0134098
0.0134098
0.0134098
0.0134098
0.0134098
0.0134098
0.0134098
0.0134098
0.0134098
0.0134098
0.0134098
0.0134098
0.0134098
0.0134098
0.0134098
0.0134098
0.0134098
0.0134098
0.0134098
0.0134098
0.0134098
0.0134098
0.0134098
0.0134098
0.0134098
0.0134098
0.0134098
0.0134098
0.0134098
0.0134098
0.0134098
0.0134098
0.0134098
0.0134098
0.0134098
0.0134098
0.0134098
0.0134098
0.0134098
0.0134098
0.0134098
0.0134098
0.0134098
0.0134098
0.0134098
0.0134098
0.0134098
0.0134098
0.0134098
0.0134098
0.0134098
0.0134098
0.0134098
0.0134098
0.0134098
0.0134098
0.0134098
0.0134098
0.0134098
0.0134098
0.0134098
0.0134098
0.0134098
0.0134098
0.0134098
0.0134098
0.0134098
0.0134098
0.0134098
0.0134098
0.0134098
0.0134098
0.0134098
0.0134098
0.0134098
0.0134098
0.0134098
0.0134098
0.0134098
0.0134098
0.0134098
0.0134098
0.0134098
0.0134098
0.0134098
0.0134098
0.0134098
0.0134098
0.0134098
0.0134098
0.0134098
0.0134098
0.0134098
0.0134098
0.0134098
0.0134098
0.0134098
0.0134098
0.0134098
0.0134098
0.0134098
0.0134098
0.0134098
0.0134098
0.0134098
0.0134098
0.0134098
0.0134098
0.0134098
0.0134098
0.0134098
0.0134098
0.0134098
0.0134098
0.0134098
0.0134098
0.0134098
0.0134098
0.0134098
0.0134098
0.0134098
0.0134098
0.0134098
0.0134098
0.0134098
0.0134098
0.0134098
0.0134098
0.0134098
0.0134098
0.0134098
0.0134098
0.0134098
0.0134098
0.0134098
0.0134098
0.0134098
0.0134098
0.0134098
0.0134098
0.0134098
0.0134098
0.0134098
0.0134098
0.0134098
0.0134098
0.0134098
0.0134098
0.0134098
0.0134098
0.0134098
0.0134098
0.0134098
0.0134098
0.0134098
0.0134098
0.0134098
0.0134098
0.0134098
0.0134098
0.0134098
0.0134098
0.0134098
0.0134098
0.0134098
0.0134098
0.0134098
0.0134098
0.0134098
0.0134098
0.0134098
0.0134098
0.0134098
0.0134098
0.0134098
0.0134098
0.0134098
0.0134098
0.0134098
0.0134098
0.0134098
0.0134098
0.0134098
0.0134098
0.0134098
0.0134098
0.0134098
0.0134098
0.0134098
0.0134098
0.0134098
0.0134098
0.0134098
0.0134098
0.0134098
0.0134098
0.0134098
0.0134098
0.0134098
0.0134098
0.0134098
0.0134098
0.0134098
0.0134098
0.0134098
0.0134098
0.0134098
0.0134098
0.0134098
0.0134098
0.0134098
0.0134098
0.0134098
0.0134098
0.0134098
0.0134098
0.0134098
0.0134098
0.0134098
0.0134098
0.0134098
0.0134098
0.0134098
0.0134098
0.0134098
0.0134098
0.0134098
0.0134098
0.0134098
0.0134098
0.0134098
0.0134098
0.0134098
0.0134098
0.0134098
0.0134098
0.0134098
0.0134098
0.0134098
0.0134098
0.0134098
0.0134098
0.0134098
0.0134098
0.0134098
0.0134098
0.0134098
0.0134098
0.0134098
0.0134098
0.0134098
0.0134098
0.0134098
0.0134098
0.0134098
0.0134098
0.0134098
0.0134098
0.0134098
0.0134098
0.0134098
0.0134098
0.0134098
0.0134098
0.0134098
0.0134098
0.0134098
0.0134098
0.0134098
0.0134098
0.0134098
0.0134098
0.0134098
0.0134098
0.0134098
0.0134098
0.0134098
0.0134098
0.0134098
0.0134098
0.0134098
0.0134098
0.0134098
0.0134098
0.0134098
0.0134098
0.0134098
0.0134098
0.0134098
0.0134098
0.0134098
0.0134098
0.0134098
0.0134098
0.0134098
0.0134098
0.0134098
0.0134098
0.0134098
0.0134098
0.0134098
0.0134098
0.0134098
0.0134098
0.0134098
0.0134098
0.0134098
0.0134098
0.0134098
0.0134098
0.0134098
0.0134098
0.0134098
0.0134098
0.0134098
0.0134098
0.0134098
0.0134098
0.0134098
0.0134098
0.0134098
0.0134098
0.0134098
0.0134098
0.0134098
0.0134098
0.0134098
0.0134098
0.0134098
0.0134098
0.0134098
0.0134098
0.0134098
0.0134098
0.0134098
0.0134098
0.0134098
0.0134098
0.0134098
0.0134098
0.0134098
0.0134098
0.0134098
0.0134098
0.0134098
0.0134098
0.0134098
0.0134098
0.0134098
0.0134098
0.0134098
0.0134098
0.0134098
0.0134098
0.0134098
0.0134098
0.0134098
0.0134098
0.0134098
0.0134098
0.0134098
0.0134098
0.0134098
0.0134098
0.0134098
0.0134098
0.0134098
0.0134098
0.0134098
0.0134098
0.0134098
0.0134098
0.0134098
0.0134098
0.0134098
0.0134098
0.0134098
0.0134098
0.0134098
0.0134098
0.0134098
0.0134098
0.0134098
0.0134098
0.0134098
0.0134098
0.0134098
0.0134098
0.0134098
0.0134098
0.0134098
0.0134098
0.0134098
0.0134098
0.0134098
0.0134098
0.0134098
0.0134098
0.0134098
0.0134098
0.0134098
0.0134098
0.0134098
0.0134098
0.0134098
0.0134098
0.0134098
0.0134098
0.0134098
0.0134098
0.0134098
0.0134098
0.0134098
0.0134098
0.0134098
0.0134098
0.0134098
0.0134098
0.0134098
0.0134098
0.0134098
0.0134098
0.0134098
0.0134098
0.0134098
0.0134098
0.0134098
0.0134098
0.0134098
0.0134098
0.0134098
0.0134098
0.0134098
0.0134098
0.0134098
0.0134098
0.0134098
0.0134098
0.0134098
0.0134098
0.0134098
0.0134098
0.0134098
0.0134098
0.0134098
0.0134098
0.0134098
0.0134098
0.0134098
0.0134098
0.0134098
0.0134098
0.0134098
0.0134098
0.0134098
0.0134098
0.0134098
0.0134098
0.0134098
0.0134098
0.0134098
0.0134098
0.0134098
0.0134098
0.0134098
0.0134098
0.0134098
0.0134098
0.0134098
0.0134098
0.0134098
0.0134098
0.0134098
0.0134098
0.0134098
0.0134098
0.0134098
0.0134098
0.0134098
0.0134098
0.0134098
0.0134098
0.0134098
0.0134098
0.0134098
0.0134098
0.0134098
0.0134098
0.0134098
0.0134098
0.0134098
0.0134098
0.0134098
0.0134098
0.0134098
0.0134098
0.0134098
0.0134098
0.0134098
0.0134098
0.0134098
0.0134098
0.0134098
0.0134098
0.0134098
0.0134098
0.0134098
0.0134098
0.0134098
0.0134098
0.0134098
0.0134098
0.0134098
0.0134098
0.0134098
0.0134098
0.0134098
0.0134098
0.0134098
0.0134098
0.0134098
0.0134098
0.0134098
0.0134098
0.0134098
0.0134098
0.0134098
0.0134098
0.0134098
0.0134098
0.0134098
0.0134098
0.0134098
0.0134098
0.0134098
0.0134098
0.0134098
0.0134098
0.0134098
0.0134098
0.0134098
0.0134098
0.0134098
0.0134098
0.0134098
0.0134098
0.0134098
0.0134098
0.0134098
0.0134098
0.0134098
0.0134098
0.0134098
0.0134098
0.0134098
0.0134098
0.0134098
0.0134098
0.0134098
0.0134098
0.0134098
0.0134098
0.0134098
0.0134098
0.0134098
0.0134098
0.0134098
0.0134098
0.0134098
0.0134098
0.0134098
0.0134098
0.0134098
0.0134098
0.0134098
0.0134098
0.0134098
0.0134098
0.0134098
0.0134098
0.0134098
0.0134098
0.0134098
0.0134098
0.0134098
0.0134098
0.0134098
0.0134098
0.0134098
0.0134098
0.0134098
0.0134098
0.0133615
0.0119868
0.0126626
0.0126626
0.0133842
0.0126909
0.0126847
0.0133842
0.0133842
0.0126909
0.0126847
0.0133842
0.0133842
0.0126962
0.0126962
0.0133842
0.0133842
0.0126962
0.0126962
0.0133842
0.0134098
0.0134098
0.0134098
0.0134098
0.0133842
0.0126962
0.0126962
0.0133842
0.0133842
0.0126962
0.0133842
0.0126962
0.0134098
0.0134098
0.0134098
0.0134098
0.0133842
0.0126962
0.0126962
0.0133842
0.0133842
0.0126962
0.0126962
0.0133842
0.0134098
0.0134098
0.0134098
0.0134098
0.0133842
0.0126962
0.0126962
0.0133842
0.0133842
0.0126962
0.0133842
0.0126962
0.0134098
0.0134098
0.0134098
0.0134098
0.0134098
0.0134098
0.0134098
0.0134098
0.0134098
0.0134098
0.0134098
0.0134098
0.0134098
0.0134098
0.0134098
0.0134098
0.0134098
0.0134098
0.0134098
0.0134098
0.0134098
0.0134098
0.0134098
0.0134098
0.0134098
0.0134098
0.0134098
0.0134098
0.0134098
0.0134098
0.0134098
0.0134098
0.0134098
0.0134098
0.0134098
0.0134098
0.0134098
0.0134098
0.0134098
0.0134098
0.0133842
0.0126962
0.0126962
0.0133842
0.0133842
0.0126962
0.0126962
0.0133842
0.0134098
0.0134098
0.0134098
0.0134098
0.0133842
0.0126962
0.0126962
0.0133842
0.0133842
0.0126962
0.0126962
0.0133842
0.0134098
0.0134098
0.0134098
0.0134098
0.0133842
0.0126962
0.0126962
0.0133842
0.0133842
0.0126962
0.0126962
0.0133842
0.0134098
0.0134098
0.0134098
0.0134098
0.0133842
0.0126962
0.0126962
0.0133842
0.0133842
0.0126962
0.0133842
0.0126962
0.0134098
0.0134098
0.0134098
0.0134098
0.0134098
0.0134098
0.0134098
0.0134098
0.0134098
0.0134098
0.0134098
0.0134098
0.0134098
0.0134098
0.0134098
0.0134098
0.0134098
0.0134098
0.0134098
0.0134098
0.0134098
0.0134098
0.0134098
0.0134098
0.0134098
0.0134098
0.0134098
0.0134098
0.0134098
0.0134098
0.0134098
0.0134098
0.0134098
0.0134098
0.0134098
0.0134098
0.0134098
0.0134098
0.0134098
0.0134098
0.0134098
0.0134098
0.0134098
0.0134098
0.0134098
0.0134098
0.0134098
0.0134098
0.0134098
0.0134098
0.0134098
0.0134098
0.0134098
0.0134098
0.0134098
0.0134098
0.0134098
0.0134098
0.0134098
0.0134098
0.0134098
0.0134098
0.0134098
0.0134098
0.0134098
0.0134098
0.0134098
0.0134098
0.0134098
0.0134098
0.0134098
0.0134098
0.0134098
0.0134098
0.0134098
0.0134098
0.0133842
0.0126962
0.0126962
0.0133842
0.0133842
0.0126962
0.0126962
0.0133842
0.0134098
0.0134098
0.0134098
0.0134098
0.0133842
0.0126962
0.0126962
0.0133842
0.0133842
0.0126962
0.0126962
0.0133842
0.0134098
0.0134098
0.0134098
0.0134098
0.0133615
0.0119868
0.0126626
0.0126626
0.0133842
0.0126909
0.0133842
0.0126847
0.0133842
0.0126909
0.0126847
0.0133842
0.0134098
0.0134098
0.0134098
0.0134098
0.0134098
0.0134098
0.0134098
0.0134098
0.0134098
0.0134098
0.0134098
0.0134098
0.0134098
0.0134098
0.0134098
0.0134098
0.0134098
0.0134098
0.0134098
0.0134098
0.0134098
0.0134098
0.0134098
0.0134098
0.0134098
0.0134098
0.0134098
0.0134098
0.0134098
0.0134098
0.0134098
0.0134098
0.0134098
0.0134098
0.0134098
0.0134098
0.0133842
0.0126962
0.0126962
0.0133842
0.0133842
0.0126962
0.0126962
0.0133842
0.0134098
0.0134098
0.0134098
0.0134098
0.0133842
0.0126962
0.0126962
0.0133842
0.0133842
0.0126962
0.0133842
0.0126962
0.0134098
0.0134098
0.0134098
0.0134098
0.0133842
0.0126962
0.0126962
0.0133842
0.0133842
0.0126962
0.0126962
0.0133842
0.0134098
0.0134098
0.0134098
0.0134098
0.0133842
0.0126962
0.0133842
0.0126962
0.0134098
0.0134098
0.0134098
0.0134098
0.0133842
0.0126962
0.0126962
0.0133842
0.0134098
0.0134098
0.0134098
0.0134098
0.0134098
0.0134098
0.0134098
0.0134098
0.0134098
0.0134098
0.0134098
0.0134098
0.0134098
0.0134098
0.0134098
0.0134098
0.0134098
0.0134098
0.0134098
0.0134098
0.0134098
0.0134098
0.0134098
0.0134098
0.0134098
0.0134098
0.0134098
0.0134098
0.0134098
0.0134098
0.0134098
0.0134098
0.0134098
0.0134098
0.0134098
0.0134098
0.0133842
0.0126962
0.0126962
0.0133842
0.0133842
0.0126962
0.0126962
0.0133842
0.0134098
0.0134098
0.0134098
0.0134098
0.0133842
0.0126962
0.0126962
0.0133842
0.0133842
0.0126962
0.0133842
0.0126962
0.0134098
0.0134098
0.0134098
0.0134098
0.0134098
0.0134098
0.0134098
0.0134098
0.0134098
0.0134098
0.0134098
0.0134098
0.0134098
0.0134098
0.0134098
0.0134098
0.0134098
0.0134098
0.0134098
0.0134098
0.0134098
0.0134098
0.0134098
0.0134098
0.0134098
0.0134098
0.0134098
0.0134098
0.0134098
0.0134098
0.0134098
0.0134098
0.0134098
0.0134098
0.0134098
0.0134098
0.0134098
0.0134098
0.0134098
0.0134098
0.0134098
0.0134098
0.0134098
0.0134098
0.0134098
0.0134098
0.0134098
0.0134098
0.0134098
0.0134098
0.0134098
0.0134098
0.0134098
0.0134098
0.0134098
0.0134098
0.0134098
0.0134098
0.0134098
0.0134098
0.0134098
0.0134098
0.0134098
0.0134098
0.0134098
0.0134098
0.0134098
0.0134098
0.0134098
0.0134098
0.0134098
0.0134098
0.0134098
0.0134098
0.0134098
0.0134098
0.0134098
0.0134098
0.0134098
0.0134098
0.0134098
0.0134098
0.0134098
0.0134098
0.0134098
0.0134098
0.0134098
0.0134098
0.0134098
0.0134098
0.0134098
0.0134098
0.0134098
0.0134098
0.0134098
0.0134098
0.0134098
0.0134098
0.0134098
0.0134098
0.0134098
0.0134098
0.0134098
0.0134098
0.0134098
0.0134098
0.0134098
0.0134098
0.0134098
0.0134098
0.0134098
0.0134098
0.0134098
0.0134098
0.0134098
0.0134098
0.0134098
0.0134098
0.0134098
0.0134098
0.0134098
0.0134098
0.0134098
0.0134098
0.0134098
0.0134098
0.0134098
0.0134098
0.0134098
0.0134098
0.0134098
0.0134098
0.0134098
0.0134098
0.0134098
0.0134098
0.0134098
0.0134098
0.0134098
0.0134098
0.0134098
0.0134098
0.0134098
0.0134098
0.0134098
0.0134098
0.0134098
0.0134098
0.0134098
0.0134098
0.0134098
0.0134098
0.0134098
0.0134098
0.0134098
0.0134098
0.0134098
0.0134098
0.0134098
0.0134098
0.0134098
0.0134098
0.0134098
0.0134098
0.0134098
0.0134098
0.0134098
0.0134098
0.0134098
0.0134098
0.0134098
0.0134098
0.0134098
0.0134098
0.0134098
0.0134098
0.0134098
0.0134098
0.0134098
0.0134098
0.0134098
0.0134098
0.0134098
0.0134098
0.0134098
0.0134098
0.0134098
0.0134098
0.0134098
0.0134098
0.0134098
0.0134098
0.0134098
0.0134098
0.0134098
0.0134098
0.0134098
0.0134098
0.0134098
0.0134098
0.0134098
0.0134098
0.0134098
0.0134098
0.0134098
0.0134098
0.0134098
0.0134098
0.0134098
0.0134098
0.0134098
0.0134098
0.0134098
0.0134098
0.0134098
0.0134098
0.0134098
0.0134098
0.0134098
0.0134098
0.0133842
0.0126962
0.0126962
0.0133842
0.0133842
0.0126962
0.0126962
0.0133842
0.0134098
0.0134098
0.0134098
0.0134098
0.0133842
0.0126962
0.0133842
0.0126962
0.0134098
0.0134098
0.0134098
0.0134098
0.0133842
0.0126962
0.0126962
0.0133842
0.0134098
0.0134098
0.0134098
0.0134098
0.0134098
0.0134098
0.0134098
0.0134098
0.0134098
0.0134098
0.0134098
0.0134098
0.0134098
0.0134098
0.0134098
0.0134098
0.0134098
0.0134098
0.0134098
0.0134098
0.0134098
0.0134098
0.0134098
0.0134098
0.0134098
0.0134098
0.0134098
0.0134098
0.0134098
0.0134098
0.0134098
0.0134098
0.0134098
0.0134098
0.0134098
0.0134098
0.0133842
0.0126962
0.0126962
0.0133842
0.0133842
0.0126962
0.0126962
0.0133842
0.0134098
0.0134098
0.0134098
0.0134098
0.0133842
0.0126962
0.0126962
0.0133842
0.0133842
0.0126962
0.0133842
0.0126962
0.0134098
0.0134098
0.0134098
0.0134098
0.0133842
0.0126962
0.0126962
0.0133842
0.0133842
0.0126962
0.0126962
0.0133842
0.0134098
0.0134098
0.0134098
0.0134098
0.0133842
0.0126962
0.0133842
0.0126962
0.0134098
0.0134098
0.0134098
0.0134098
0.0133842
0.0126962
0.0126962
0.0133842
0.0134098
0.0134098
0.0134098
0.0134098
0.0134098
0.0134098
0.0134098
0.0134098
0.0134098
0.0134098
0.0134098
0.0134098
0.0134098
0.0134098
0.0134098
0.0134098
0.0134098
0.0134098
0.0134098
0.0134098
0.0134098
0.0134098
0.0134098
0.0134098
0.0134098
0.0134098
0.0134098
0.0134098
0.0134098
0.0134098
0.0134098
0.0134098
0.0134098
0.0134098
0.0134098
0.0134098
0.0133615
0.0119868
0.0126626
0.0126626
0.0133842
0.0126909
0.0133842
0.0126847
0.0133842
0.0126909
0.0126847
0.0133842
0.0133842
0.0126962
0.0126962
0.0133842
0.0133842
0.0126962
0.0126962
0.0133842
0.0134098
0.0134098
0.0134098
0.0134098
0.0133842
0.0126962
0.0133842
0.0126962
0.0134098
0.0134098
0.0134098
0.0134098
0.0133842
0.0126962
0.0133842
0.0126962
0.0134098
0.0134098
0.0134098
0.0134098
0.0134098
0.0134098
0.0134098
0.0134098
0.0134098
0.0134098
0.0134098
0.0134098
0.0134098
0.0134098
0.0134098
0.0134098
0.0134098
0.0134098
0.0134098
0.0134098
0.0134098
0.0134098
0.0134098
0.0134098
0.0134098
0.0134098
0.0134098
0.0134098
0.0134098
0.0134098
0.0134098
0.0134098
0.0134098
0.0134098
0.0134098
0.0134098
0.0134098
0.0134098
0.0134098
0.0134098
0.0134098
0.0134098
0.0134098
0.0134098
0.0134098
0.0134098
0.0134098
0.0134098
0.0134098
0.0134098
0.0134098
0.0134098
0.0134098
0.0134098
0.0134098
0.0134098
0.0134098
0.0134098
0.0134098
0.0134098
0.0134098
0.0134098
0.0134098
0.0134098
0.0134098
0.0134098
0.0134098
0.0134098
0.0134098
0.0134098
0.0134098
0.0134098
0.0133842
0.0126962
0.0126962
0.0133842
0.0133842
0.0126962
0.0126962
0.0133842
0.0134098
0.0134098
0.0134098
0.0134098
0.0133842
0.0126962
0.0133842
0.0126962
0.0134098
0.0134098
0.0134098
0.0134098
0.0133842
0.0126962
0.0126962
0.0133842
0.0133842
0.0126962
0.0126962
0.0133842
0.0133842
0.0126962
0.0126962
0.0133842
0.0134098
0.0134098
0.0134098
0.0134098
0.0133842
0.0126962
0.0133842
0.0126962
0.0134098
0.0134098
0.0134098
0.0134098
0.0133842
0.0126962
0.0133842
0.0126962
0.0134098
0.0134098
0.0134098
0.0134098
0.0134098
0.0134098
0.0134098
0.0134098
0.0134098
0.0134098
0.0134098
0.0134098
0.0134098
0.0134098
0.0134098
0.0134098
0.0134098
0.0134098
0.0134098
0.0134098
0.0134098
0.0134098
0.0134098
0.0134098
0.0134098
0.0134098
0.0134098
0.0134098
0.0134098
0.0134098
0.0134098
0.0134098
0.0134098
0.0134098
0.0134098
0.0134098
0.0133842
0.0126962
0.0126962
0.0133842
0.0133842
0.0126962
0.0126962
0.0133842
0.0134098
0.0134098
0.0134098
0.0134098
0.0133842
0.0126962
0.0133842
0.0126962
0.0134098
0.0134098
0.0134098
0.0134098
0.0133842
0.0126962
0.0126962
0.0133842
0.0133842
0.0126962
0.0126962
0.0133842
0.0133842
0.0126962
0.0126962
0.0133842
0.0134098
0.0134098
0.0134098
0.0134098
0.0133842
0.0126962
0.0133842
0.0126962
0.0134098
0.0134098
0.0134098
0.0134098
0.0133842
0.0126962
0.0126962
0.0133842
0.0133615
0.0119868
0.0126626
0.0126626
0.0133842
0.0126909
0.0133842
0.0126847
0.0133842
0.0126909
0.0133842
0.0126847
)
;
        source          uniform 0;
        logInterval     -1;
        thicknessLayers List<scalar> 1(0.0001);
        kappaLayers     List<scalar> 1(33.33);
        writePrecision  6;
        updateHeader    1;
        writeToFile     0;
        useUserTime     1;
        kappaMethod     solidThermo;
        value           nonuniform List<scalar> 
1600
(
308.574
308.716
308.645
308.645
308.759
308.778
308.706
308.832
308.759
308.778
308.706
308.832
308.574
308.716
308.645
308.645
308.759
308.778
308.706
308.832
308.759
308.778
308.832
308.706
308.951
308.841
308.895
308.895
308.951
308.841
308.895
308.895
308.951
308.841
308.895
308.895
308.951
308.841
308.895
308.895
308.759
308.778
308.706
308.832
308.759
308.778
308.832
308.706
308.574
308.716
308.645
308.645
308.759
308.778
308.832
308.706
308.759
308.778
308.832
308.706
308.574
308.716
308.645
308.645
307.004
307.227
307.112
307.112
307.727
307.913
307.852
307.787
307.317
307.333
307.216
307.435
307.728
307.913
307.852
307.787
307.318
307.333
307.217
307.435
308.092
308.036
307.974
308.155
308.092
308.036
307.974
308.155
307.655
307.443
307.547
307.547
307.883
307.966
307.839
308.012
308.009
308.147
308.015
308.14
307.883
307.966
308.012
307.839
308.009
308.147
308.015
308.14
308.259
308.091
308.211
308.138
308.907
308.99
308.915
308.982
308.394
308.276
308.269
308.4
308.259
308.091
308.138
308.211
308.907
308.99
308.915
308.982
308.394
308.276
308.269
308.4
307.727
307.913
307.787
307.852
307.317
307.333
307.216
307.435
307.004
307.227
307.112
307.112
308.092
308.036
308.155
307.974
308.092
308.036
307.974
308.155
307.655
307.443
307.547
307.547
307.728
307.913
307.852
307.787
307.318
307.333
307.217
307.435
307.884
307.966
307.839
308.012
308.009
308.147
308.14
308.015
308.259
308.091
308.211
308.138
308.907
308.99
308.915
308.982
308.394
308.276
308.269
308.4
307.883
307.966
308.012
307.839
308.009
308.147
308.015
308.14
308.907
308.99
308.915
308.982
308.259
308.091
308.138
308.211
308.394
308.276
308.4
308.269
309.105
309.055
309.048
309.112
309.105
309.055
309.048
309.112
309.264
309.28
309.272
309.272
309.105
309.055
309.048
309.112
309.105
309.055
309.112
309.048
309.264
309.28
309.272
309.272
309.105
309.055
309.048
309.112
309.105
309.055
309.112
309.048
309.264
309.28
309.272
309.272
309.105
309.055
309.112
309.048
309.105
309.055
309.112
309.048
309.264
309.28
309.272
309.272
308.259
308.091
308.211
308.138
308.907
308.99
308.982
308.915
308.394
308.276
308.269
308.4
307.884
307.966
307.839
308.012
308.009
308.147
308.14
308.015
308.907
308.99
308.982
308.915
308.259
308.091
308.138
308.211
308.394
308.276
308.4
308.269
307.884
307.966
308.012
307.839
308.009
308.147
308.015
308.14
307.728
307.913
307.787
307.852
307.317
307.333
307.435
307.217
308.092
308.036
308.155
307.974
308.092
308.036
307.974
308.155
307.655
307.443
307.547
307.547
307.004
307.227
307.112
307.112
307.728
307.913
307.852
307.787
307.317
307.333
307.435
307.217
308.907
308.99
308.982
308.915
308.259
308.091
308.211
308.138
308.394
308.276
308.4
308.269
308.907
308.99
308.982
308.915
308.259
308.091
308.138
308.211
308.394
308.276
308.4
308.269
307.883
307.966
307.839
308.012
308.009
308.147
308.14
308.015
307.883
307.966
308.012
307.839
308.009
308.147
308.14
308.015
308.092
308.036
308.155
307.974
308.092
308.036
308.155
307.974
307.655
307.443
307.547
307.547
307.728
307.913
307.787
307.852
307.318
307.333
307.435
307.217
307.728
307.913
307.787
307.852
307.317
307.333
307.435
307.216
307.004
307.227
307.112
307.112
308.417
308.244
308.329
308.329
308.495
308.474
308.564
308.406
308.495
308.474
308.564
308.406
308.721
308.664
308.628
308.757
308.676
308.533
308.624
308.584
308.804
308.916
308.878
308.841
308.721
308.664
308.628
308.757
308.676
308.533
308.624
308.584
308.804
308.916
308.878
308.841
308.417
308.244
308.329
308.329
308.495
308.474
308.564
308.406
308.495
308.474
308.564
308.406
308.721
308.664
308.628
308.757
308.677
308.533
308.624
308.584
308.804
308.916
308.878
308.841
308.721
308.664
308.757
308.628
308.804
308.916
308.878
308.841
308.677
308.533
308.624
308.584
309.045
309.124
309.084
309.084
308.997
308.98
308.942
309.036
308.997
308.98
308.942
309.036
309.045
309.124
309.084
309.084
308.997
308.98
308.942
309.036
308.997
308.98
308.942
309.036
309.045
309.124
309.084
309.084
308.997
308.98
308.942
309.036
308.997
308.98
308.942
309.036
309.045
309.124
309.084
309.084
308.997
308.98
308.942
309.036
308.997
308.98
308.942
309.036
308.721
308.664
308.628
308.757
308.677
308.533
308.624
308.584
308.804
308.916
308.878
308.841
308.721
308.664
308.758
308.628
308.804
308.916
308.878
308.841
308.677
308.533
308.624
308.584
308.417
308.244
308.329
308.329
308.495
308.474
308.564
308.406
308.495
308.474
308.564
308.406
308.721
308.664
308.757
308.628
308.804
308.916
308.878
308.841
308.676
308.533
308.624
308.584
308.721
308.664
308.757
308.628
308.804
308.916
308.878
308.841
308.676
308.533
308.624
308.584
308.417
308.244
308.329
308.329
308.495
308.474
308.564
308.406
308.495
308.474
308.564
308.406
306.799
306.538
306.7
306.7
306.89
306.909
306.808
306.991
306.89
306.91
306.808
306.991
307.537
307.379
307.451
307.464
307.603
307.573
307.516
307.661
307.661
307.708
307.586
307.784
307.294
307.299
307.211
307.383
307.196
307.012
307.095
307.112
307.414
307.623
307.504
307.532
307.537
307.38
307.452
307.464
307.603
307.574
307.517
307.661
307.661
307.708
307.587
307.785
307.294
307.3
307.212
307.384
307.196
307.013
307.095
307.113
307.414
307.624
307.504
307.532
308.129
308.148
308.233
308.047
308.203
308.375
308.308
308.268
308.02
307.826
307.904
307.94
308.129
308.148
308.233
308.047
308.203
308.375
308.308
308.268
308.02
307.826
307.904
307.94
307.859
308.056
307.956
307.956
307.755
307.739
307.646
307.851
307.755
307.739
307.646
307.851
307.792
307.734
307.704
307.823
307.755
307.624
307.667
307.711
307.921
308.083
307.953
308.051
307.866
307.758
307.776
307.848
307.878
307.794
307.788
307.884
307.997
308.109
307.978
308.128
307.792
307.734
307.704
307.823
307.755
307.624
307.667
307.711
307.921
308.083
307.953
308.051
307.866
307.758
307.776
307.848
307.878
307.794
307.884
307.788
307.997
308.109
307.978
308.128
308.416
308.561
308.526
308.45
308.374
308.432
308.483
308.325
308.3
308.21
308.178
308.334
308.808
308.692
308.786
308.714
308.893
308.945
308.871
308.968
308.822
308.735
308.728
308.83
308.498
308.588
308.478
308.609
308.38
308.237
308.256
308.36
308.512
308.63
308.623
308.518
308.416
308.561
308.526
308.45
308.374
308.432
308.483
308.325
308.3
308.21
308.178
308.334
308.808
308.692
308.786
308.714
308.893
308.945
308.871
308.968
308.822
308.735
308.83
308.728
308.498
308.588
308.478
308.609
308.38
308.237
308.256
308.36
308.512
308.63
308.518
308.623
307.537
307.379
307.451
307.464
307.603
307.573
307.516
307.661
307.661
307.708
307.586
307.784
307.294
307.299
307.211
307.383
307.196
307.012
307.112
307.095
307.414
307.623
307.504
307.532
306.799
306.538
306.7
306.7
306.89
306.909
306.991
306.808
306.89
306.91
306.808
306.991
308.129
308.148
308.233
308.047
308.203
308.375
308.308
308.268
308.02
307.826
307.904
307.94
308.129
308.148
308.233
308.047
308.203
308.375
308.308
308.268
308.02
307.826
307.94
307.904
307.859
308.056
307.956
307.956
307.755
307.739
307.646
307.851
307.755
307.739
307.851
307.646
307.537
307.38
307.452
307.464
307.603
307.574
307.517
307.661
307.661
307.708
307.785
307.587
307.294
307.3
307.212
307.384
307.196
307.013
307.095
307.113
307.414
307.624
307.532
307.504
307.793
307.734
307.704
307.823
307.755
307.624
307.667
307.711
307.922
308.083
307.953
308.051
307.866
307.758
307.848
307.776
307.997
308.109
307.978
308.128
307.878
307.794
307.788
307.884
308.416
308.561
308.526
308.45
308.374
308.432
308.483
308.325
308.3
308.21
308.178
308.334
308.808
308.692
308.786
308.714
308.893
308.945
308.871
308.968
308.822
308.735
308.728
308.83
308.498
308.588
308.478
308.609
308.38
308.237
308.256
308.36
308.512
308.63
308.623
308.518
307.793
307.734
307.704
307.823
307.755
307.624
307.667
307.711
307.921
308.083
307.953
308.051
307.866
307.758
307.776
307.848
307.878
307.794
307.884
307.788
307.997
308.109
307.978
308.128
308.808
308.692
308.786
308.714
308.893
308.945
308.871
308.968
308.822
308.735
308.83
308.728
308.416
308.561
308.526
308.45
308.374
308.432
308.483
308.325
308.3
308.21
308.178
308.334
308.498
308.588
308.609
308.478
308.512
308.63
308.518
308.623
308.38
308.237
308.256
308.36
309.138
309.155
309.115
309.178
309.09
309.01
309.067
309.033
309.153
309.201
309.193
309.161
309.138
309.155
309.115
309.178
309.09
309.01
309.067
309.033
309.153
309.201
309.193
309.161
309.233
309.186
309.209
309.209
309.248
309.233
309.225
309.256
309.248
309.233
309.225
309.256
309.138
309.155
309.115
309.178
309.09
309.01
309.067
309.033
309.153
309.201
309.161
309.193
309.138
309.155
309.115
309.178
309.09
309.01
309.067
309.033
309.153
309.201
309.193
309.161
309.233
309.186
309.209
309.209
309.248
309.233
309.256
309.225
309.248
309.233
309.225
309.256
309.138
309.155
309.115
309.178
309.09
309.01
309.067
309.033
309.153
309.201
309.161
309.193
309.138
309.155
309.115
309.178
309.09
309.01
309.067
309.033
309.153
309.201
309.193
309.161
309.233
309.186
309.209
309.209
309.248
309.233
309.256
309.225
309.248
309.233
309.225
309.256
309.138
309.155
309.115
309.178
309.09
309.01
309.067
309.033
309.153
309.201
309.161
309.193
309.138
309.155
309.115
309.178
309.09
309.01
309.067
309.033
309.153
309.201
309.161
309.193
309.233
309.186
309.209
309.209
309.248
309.233
309.256
309.225
309.248
309.233
309.256
309.225
308.416
308.561
308.526
308.45
308.374
308.432
308.483
308.325
308.3
308.21
308.334
308.178
308.808
308.692
308.786
308.714
308.893
308.945
308.871
308.968
308.822
308.735
308.728
308.83
308.498
308.588
308.478
308.609
308.38
308.237
308.36
308.256
308.512
308.63
308.623
308.518
307.793
307.734
307.704
307.823
307.755
307.624
307.667
307.711
307.922
308.083
308.051
307.953
307.866
307.758
307.848
307.776
307.997
308.109
308.128
307.978
307.878
307.794
307.788
307.884
308.808
308.692
308.786
308.714
308.893
308.945
308.871
308.968
308.822
308.735
308.83
308.728
308.416
308.561
308.526
308.45
308.374
308.432
308.483
308.325
308.3
308.21
308.334
308.178
308.498
308.588
308.609
308.478
308.512
308.63
308.518
308.623
308.38
308.237
308.36
308.256
307.793
307.734
307.704
307.823
307.755
307.624
307.667
307.711
307.922
308.083
308.051
307.953
307.866
307.758
307.776
307.848
307.878
307.794
307.884
307.788
307.997
308.109
308.128
307.978
307.537
307.38
307.451
307.464
307.603
307.573
307.516
307.661
307.661
307.708
307.586
307.785
307.294
307.3
307.383
307.211
307.414
307.623
307.504
307.532
307.196
307.013
307.113
307.095
308.129
308.148
308.233
308.047
308.203
308.375
308.308
308.268
308.02
307.826
307.904
307.94
308.129
308.148
308.233
308.047
308.203
308.375
308.308
308.268
308.02
307.826
307.94
307.904
307.859
308.056
307.956
307.956
307.755
307.739
307.646
307.851
307.755
307.739
307.851
307.646
306.799
306.538
306.7
306.7
306.89
306.909
306.991
306.808
306.89
306.909
306.808
306.991
307.537
307.38
307.451
307.464
307.603
307.573
307.516
307.661
307.661
307.708
307.785
307.587
307.294
307.3
307.383
307.211
307.414
307.624
307.532
307.504
307.196
307.013
307.095
307.113
308.808
308.692
308.786
308.714
308.893
308.945
308.871
308.968
308.822
308.735
308.728
308.83
308.416
308.561
308.526
308.45
308.374
308.432
308.483
308.325
308.3
308.21
308.334
308.178
308.498
308.588
308.609
308.478
308.512
308.63
308.623
308.518
308.38
308.237
308.36
308.256
308.808
308.692
308.786
308.714
308.893
308.945
308.871
308.968
308.822
308.735
308.83
308.728
308.416
308.561
308.526
308.45
308.374
308.432
308.483
308.325
308.3
308.21
308.334
308.178
308.498
308.588
308.609
308.478
308.512
308.63
308.518
308.623
308.38
308.237
308.36
308.256
307.793
307.734
307.704
307.823
307.755
307.624
307.667
307.711
307.921
308.083
308.051
307.953
307.866
307.758
307.848
307.776
307.997
308.109
308.128
307.978
307.878
307.794
307.788
307.884
307.792
307.734
307.704
307.823
307.755
307.624
307.667
307.711
307.921
308.083
308.051
307.953
307.866
307.758
307.848
307.776
307.997
308.109
308.128
307.978
307.878
307.794
307.884
307.788
308.129
308.148
308.233
308.047
308.203
308.375
308.308
308.268
308.02
307.826
307.94
307.904
308.129
308.148
308.233
308.047
308.203
308.375
308.308
308.268
308.02
307.826
307.94
307.904
307.859
308.056
307.956
307.956
307.755
307.739
307.851
307.646
307.755
307.739
307.851
307.646
307.537
307.38
307.452
307.464
307.603
307.574
307.517
307.661
307.661
307.708
307.785
307.587
307.294
307.3
307.384
307.212
307.414
307.624
307.532
307.504
307.196
307.013
307.113
307.095
307.537
307.379
307.451
307.464
307.603
307.573
307.516
307.661
307.661
307.708
307.784
307.586
307.294
307.299
307.383
307.211
307.414
307.623
307.532
307.504
307.196
307.012
307.112
307.095
306.799
306.538
306.7
306.7
306.89
306.91
306.991
306.808
306.89
306.909
306.991
306.808
)
;
    }
}


// ************************************************************************* //
