/*--------------------------------*- C++ -*----------------------------------*\
| =========                 |                                                 |
| \\      /  F ield         | OpenFOAM: The Open Source CFD Toolbox           |
|  \\    /   O peration     | Version:  2412                                  |
|   \\  /    A nd           | Website:  www.openfoam.com                      |
|    \\/     M anipulation  |                                                 |
\*---------------------------------------------------------------------------*/
FoamFile
{
    version     2.0;
    format      ascii;
    arch        "LSB;label=32;scalar=64";
    class       volScalarField;
    location    "0.2/chip";
    object      T;
}
// * * * * * * * * * * * * * * * * * * * * * * * * * * * * * * * * * * * * * //

dimensions      [0 0 0 1 0 0 0];

internalField   nonuniform List<scalar> 
6620
(
308.509
308.384
308.384
308.263
309.163
308.91
308.91
308.67
308.245
308.305
308.305
308.245
308.305
308.305
308.367
308.367
308.367
308.367
308.305
308.305
308.245
308.305
308.305
308.245
308.263
308.61
308.384
308.384
308.85
308.85
308.263
308.61
308.384
308.384
308.85
308.85
308.509
308.509
308.509
309.102
309.102
309.102
309.102
308.384
308.85
308.85
308.263
308.61
308.384
308.85
308.85
308.61
308.67
308.91
308.91
308.67
308.91
308.91
309.163
309.163
309.163
308.91
308.67
308.91
307.086
306.774
308.008
307.564
307.714
307.857
307.278
307.461
306.978
307.753
308.008
307.564
307.714
307.857
309.102
308.69
308.69
308.855
308.879
308.977
308.977
308.318
307.804
308.561
308.602
307.961
308.211
308.717
307.279
307.461
306.978
307.753
308.318
308.561
307.804
308.602
307.961
308.717
308.211
307.644
307.695
307.695
308.361
307.191
307.989
307.989
307.376
308.146
308.298
308.04
307.563
308.146
308.298
309.286
309.286
309.411
308.526
309.027
308.633
308.04
307.563
309.027
308.526
308.633
308.303
308.303
307.963
306.787
307.459
306.89
307.459
306.891
307.578
307.578
306.997
307.511
307.688
307.511
307.688
307.632
308.514
307.813
307.632
308.514
307.813
307.459
306.89
306.787
307.578
307.578
306.997
307.459
306.891
307.511
307.688
307.632
308.514
307.813
307.511
307.688
308.514
307.632
307.813
308.578
308.578
308.799
308.578
308.578
308.799
308.578
308.578
308.799
308.578
308.578
308.799
307.632
308.514
307.813
307.511
307.688
308.514
307.632
307.813
307.511
307.688
307.459
306.89
307.578
307.578
306.997
306.787
307.459
306.89
308.514
307.632
307.813
308.514
307.632
307.813
307.511
307.688
307.511
307.688
307.578
307.578
306.997
307.459
306.891
307.459
306.89
306.787
307.278
307.461
306.978
307.753
307.279
307.461
306.978
307.753
307.644
307.695
307.695
308.361
307.191
307.989
307.989
307.166
307.339
307.357
308.001
307.832
307.526
307.357
308.001
307.832
307.526
307.793
308.507
308.242
308.242
308.135
308.135
307.898
308.008
307.564
307.714
307.857
308.318
307.804
308.561
308.602
307.961
308.211
308.717
308.318
307.804
308.561
308.602
307.961
308.211
308.717
308.087
308.105
307.935
308.257
308.087
308.105
307.935
308.257
308.464
308.747
308.465
308.966
308.357
308.863
308.573
308.464
308.747
308.465
308.966
308.357
308.863
308.573
307.086
306.774
307.644
307.695
307.695
308.361
307.191
307.989
307.989
307.279
307.461
306.978
307.753
307.357
308.001
307.832
307.526
307.166
307.339
307.793
308.507
308.242
308.242
308.135
308.135
307.898
307.357
308.001
307.832
307.526
308.318
307.804
308.561
308.602
307.961
308.211
308.717
308.008
307.564
307.714
307.857
308.318
308.561
307.804
308.602
307.961
308.717
308.211
308.087
308.105
307.936
308.257
308.464
308.747
308.465
308.966
308.357
308.863
308.573
308.087
308.105
307.936
308.257
308.464
308.747
308.966
308.465
308.863
308.357
308.573
309.102
308.69
308.69
308.855
308.879
308.977
308.977
309.102
308.69
308.69
308.855
308.879
308.977
308.977
309.102
308.69
308.69
308.855
308.879
308.977
308.977
308.008
307.564
307.714
307.857
308.318
308.561
307.804
308.602
307.961
308.717
308.211
308.008
307.564
307.714
307.857
308.464
308.747
308.465
308.966
308.357
308.863
308.573
308.087
308.105
307.936
308.257
308.464
308.747
308.966
308.465
308.863
308.357
308.573
308.087
308.105
307.936
308.257
307.644
307.695
307.695
308.361
307.191
307.989
307.989
307.086
306.774
307.279
307.461
306.978
307.753
307.357
308.001
307.832
307.526
307.793
308.507
308.242
308.242
308.135
308.135
307.898
307.166
307.339
307.357
308.001
307.832
307.526
308.318
308.561
307.804
308.602
307.961
308.717
308.211
308.008
307.564
307.714
307.857
308.008
307.564
307.714
307.857
308.464
308.747
308.966
308.465
308.863
308.357
308.573
308.464
308.747
308.966
308.465
308.863
308.357
308.573
308.087
308.105
307.936
308.257
308.087
308.105
307.936
308.257
307.279
307.461
306.978
307.753
307.278
307.461
306.978
307.753
307.086
306.774
307.793
308.507
308.242
308.242
308.135
308.135
307.898
307.357
308.001
307.832
307.526
307.357
308.001
307.832
307.526
307.166
307.339
308.04
307.563
308.04
307.563
308.303
308.303
307.963
308.146
308.298
308.526
309.027
308.633
308.526
309.027
308.633
307.376
308.303
308.303
307.963
308.04
307.563
308.526
309.027
308.633
308.146
308.298
309.027
308.526
308.633
309.286
309.286
309.411
309.286
309.286
309.411
309.286
309.286
309.411
308.146
308.298
309.027
308.526
308.633
308.146
308.298
308.303
308.303
307.963
307.376
308.04
307.563
309.027
308.526
308.633
308.146
308.298
308.146
308.298
308.04
307.563
308.04
307.563
307.376
308.798
308.601
308.601
308.612
308.695
308.704
308.704
308.413
308.223
308.474
308.487
308.31
308.327
308.577
308.413
308.474
308.223
308.487
308.31
308.577
308.327
308.058
308.105
308.105
308.366
307.954
308.209
308.209
308.007
308.007
307.781
308.065
308.441
308.193
308.065
308.441
308.193
308.007
308.007
307.781
308.065
308.441
308.193
308.441
308.065
308.193
308.504
308.504
308.645
308.504
308.504
308.645
308.504
308.504
308.645
308.504
308.504
308.645
308.065
308.441
308.193
308.441
308.065
308.193
308.007
308.007
307.781
308.441
308.065
308.193
308.441
308.065
308.193
308.007
308.007
307.781
308.058
308.105
308.105
308.366
307.954
308.209
308.209
308.413
308.223
308.474
308.487
308.577
308.31
308.327
308.413
308.223
308.474
308.487
308.31
308.327
308.577
308.058
308.105
308.105
308.366
308.209
307.954
308.209
308.413
308.223
308.474
308.487
308.577
308.31
308.327
308.413
308.474
308.223
308.487
308.31
308.577
308.327
308.798
308.601
308.601
308.612
308.704
308.695
308.704
308.798
308.601
308.601
308.612
308.704
308.695
308.704
308.798
308.601
308.601
308.612
308.695
308.704
308.704
308.413
308.474
308.223
308.487
308.327
308.31
308.577
308.058
308.105
308.105
308.366
308.209
307.954
308.209
308.413
308.474
308.223
308.487
308.327
308.31
308.577
306.557
306.993
306.916
306.916
306.814
306.814
306.742
306.486
306.889
306.572
306.572
306.241
306.699
306.699
307.704
307.921
307.826
307.983
307.728
307.896
307.802
307.548
307.348
307.639
307.674
307.421
307.475
307.749
307.596
307.824
307.492
307.689
307.468
307.62
307.799
307.656
307.933
307.77
307.68
307.582
307.846
307.754
307.195
307.189
307.108
307.458
307.009
307.371
307.292
307.247
307.248
307.328
307.57
307.12
307.375
307.438
307.089
307.089
306.771
307.165
306.962
306.898
307.274
307.353
307.62
307.666
307.579
307.482
307.534
307.45
307.704
307.921
307.983
307.827
307.896
307.728
307.802
307.548
307.348
307.64
307.674
307.421
307.475
307.749
307.596
307.824
307.689
307.492
307.468
307.799
307.62
307.656
307.933
307.77
307.68
307.582
307.846
307.754
308.859
308.66
308.786
308.794
308.755
308.764
308.889
308.859
308.66
308.786
308.794
308.755
308.764
308.889
308.921
308.983
308.848
308.848
308.817
308.952
308.952
308.213
308.026
307.883
307.911
308.109
308.13
307.99
308.47
308.532
308.394
308.664
308.366
308.635
308.498
308.267
308.068
307.935
308.19
308.163
308.042
308.294
307.196
307.19
307.458
307.109
307.371
307.01
307.292
307.247
307.248
307.329
307.57
307.12
307.375
307.438
307.089
307.09
307.165
306.771
306.962
307.274
306.898
307.353
307.62
307.666
307.58
307.482
307.534
307.45
308.47
308.532
308.394
308.664
308.366
308.635
308.498
308.213
308.026
307.883
307.911
308.109
308.129
307.99
308.267
308.068
308.19
307.935
308.163
308.294
308.042
307.871
307.913
307.557
307.802
307.767
308.017
307.663
307.871
307.913
307.557
307.802
307.767
308.017
307.663
307.693
307.3
307.385
307.385
307.588
307.491
307.491
307.12
307.41
307.3
307.3
307.114
307.398
307.235
307.235
307.073
307.26
307.26
308.118
308.327
308.155
308.302
308.085
307.984
308.222
308.164
308.059
308.01
308.24
308.134
308.316
308.132
308.273
308.108
308.158
308.291
308.094
308.175
307.981
308.251
307.659
307.596
307.393
307.775
307.778
307.883
307.909
308.058
307.753
307.908
307.927
307.622
307.585
307.418
307.744
307.596
307.445
307.764
307.735
308.069
307.932
307.938
308.118
308.327
308.302
308.155
308.085
307.984
308.222
308.164
308.059
308.01
308.24
308.134
308.316
308.273
308.133
308.108
308.291
308.158
308.094
308.175
307.981
308.251
309.384
309.446
309.415
309.415
309.261
309.074
309.166
309.166
309.322
309.257
309.227
309.353
309.322
309.257
309.227
309.353
308.734
308.549
308.523
308.761
308.877
308.949
308.79
309.039
308.68
308.391
308.595
308.47
308.934
309.127
309.098
308.962
307.659
307.596
307.775
307.393
307.779
307.883
307.909
308.058
307.753
307.908
307.927
307.622
307.585
307.744
307.419
307.596
307.764
307.445
307.736
308.07
307.932
307.938
308.734
308.549
308.761
308.523
308.877
308.949
309.039
308.79
308.934
309.127
309.098
308.962
308.68
308.391
308.595
308.47
308.161
307.791
307.972
307.972
308.522
308.827
308.672
308.672
308.337
308.281
308.483
308.143
308.337
308.281
308.483
308.143
306.489
306.489
306.148
307.141
307.257
306.949
306.588
307.174
306.872
307.141
307.257
306.95
306.588
307.175
306.872
307.91
307.373
307.687
307.91
307.373
307.687
307.287
307.287
307.597
307.189
307.625
307.298
307.357
307.65
307.322
307.189
307.625
307.298
307.357
307.65
307.322
307.966
307.749
308.092
308.47
308.263
308.221
307.775
308.16
308.119
307.966
307.749
308.092
308.47
308.263
308.221
307.775
308.16
308.119
307.141
307.257
306.949
306.588
307.174
306.872
306.489
306.489
306.148
307.91
307.373
307.687
307.91
307.373
307.687
307.287
307.287
307.597
307.141
307.257
306.95
306.588
307.175
306.872
307.189
307.625
307.298
307.65
307.357
307.322
307.966
307.749
308.092
308.47
308.263
308.221
307.775
308.16
308.119
307.189
307.625
307.298
307.357
307.65
307.322
308.47
308.263
308.221
307.966
307.749
308.092
308.16
307.775
308.119
308.534
308.721
308.675
308.534
308.721
308.675
308.752
308.752
308.706
308.534
308.721
308.675
308.534
308.721
308.675
308.752
308.752
308.706
308.534
308.721
308.675
308.534
308.721
308.675
308.752
308.752
308.706
308.534
308.721
308.675
308.534
308.721
308.675
308.752
308.752
308.706
307.966
307.749
308.092
308.47
308.263
308.221
307.775
308.16
308.119
307.189
307.625
307.298
307.65
307.357
307.322
308.47
308.263
308.221
307.966
307.749
308.092
308.16
307.775
308.119
307.189
307.625
307.298
307.357
307.65
307.322
307.141
307.257
306.949
307.175
306.588
306.872
307.91
307.373
307.687
307.91
307.373
307.687
307.287
307.287
307.597
306.489
306.489
306.148
307.141
307.257
306.949
307.175
306.588
306.872
308.47
308.263
308.221
307.966
307.749
308.092
308.16
307.775
308.119
308.47
308.263
308.221
307.966
307.749
308.092
308.16
307.775
308.119
307.189
307.625
307.298
307.65
307.357
307.322
307.189
307.625
307.298
307.65
307.357
307.322
307.91
307.373
307.687
307.91
307.373
307.687
307.287
307.287
307.597
307.141
307.257
306.95
307.175
306.588
306.872
307.141
307.257
306.949
307.174
306.588
306.872
306.489
306.489
306.148
307.195
307.189
307.108
307.458
307.009
307.371
307.292
307.247
307.248
307.328
307.57
307.375
307.12
307.438
307.089
307.089
306.771
307.165
306.898
306.962
307.274
307.353
307.62
307.666
307.579
307.482
307.534
307.45
307.197
307.19
307.109
307.458
307.01
307.371
307.293
307.247
307.248
307.329
307.57
307.375
307.12
307.438
307.089
307.09
306.771
307.165
306.899
306.963
307.274
307.354
307.62
307.666
307.58
307.482
307.534
307.451
307.871
307.913
307.557
307.802
307.767
307.663
308.017
307.871
307.913
307.557
307.802
307.767
307.663
308.017
307.693
307.3
307.385
307.385
307.588
307.491
307.491
306.929
307.005
307.005
307.236
306.795
307.082
307.082
306.965
307.294
307.197
307.197
307.052
307.146
307.146
307.452
307.196
307.536
307.425
307.377
307.271
307.605
307.673
307.85
307.958
307.867
307.824
307.803
307.72
307.611
307.698
307.666
307.901
307.536
307.766
307.741
307.514
307.482
307.384
307.706
307.335
307.662
307.562
307.454
307.197
307.536
307.425
307.379
307.273
307.605
307.674
307.851
307.959
307.868
307.824
307.803
307.721
307.612
307.698
307.666
307.901
307.537
307.767
307.742
307.516
307.483
307.385
307.706
307.336
307.663
307.563
307.704
307.921
307.826
307.983
307.728
307.896
307.802
307.548
307.348
307.639
307.674
307.475
307.421
307.749
307.596
307.824
307.492
307.689
307.62
307.468
307.799
307.656
307.933
307.77
307.68
307.582
307.846
307.754
308.213
308.026
307.883
307.911
307.99
308.109
308.129
308.47
308.532
308.394
308.664
308.635
308.366
308.498
308.267
308.068
307.935
308.19
308.042
308.163
308.294
308.213
308.026
307.883
307.911
308.109
307.99
308.129
308.47
308.532
308.394
308.664
308.366
308.498
308.635
308.267
308.068
307.935
308.19
308.163
308.042
308.294
307.966
307.914
308.062
308.157
307.89
307.99
308.132
307.979
307.952
308.062
308.182
308.026
307.904
308.139
307.917
308.012
307.767
308.005
307.841
307.842
308.082
308.028
308.214
308.1
308.232
308.075
308.052
308.189
307.966
307.914
308.062
308.157
307.89
307.99
308.132
307.979
307.952
308.062
308.182
308.139
307.904
308.026
307.917
308.012
307.767
308.005
307.841
308.082
307.842
308.028
308.214
308.1
308.232
308.052
308.189
308.075
306.557
306.993
306.916
306.916
306.814
306.814
306.742
306.486
306.889
306.572
306.572
306.699
306.241
306.699
307.871
307.913
307.557
307.802
307.663
307.767
308.017
307.871
307.913
307.557
307.802
308.017
307.767
307.663
307.693
307.3
307.385
307.385
307.491
307.588
307.491
307.197
307.19
307.109
307.458
307.01
307.371
307.293
307.247
307.248
307.329
307.57
307.12
307.438
307.375
307.089
307.09
306.771
307.165
306.963
306.899
307.274
307.354
307.62
307.666
307.58
307.534
307.451
307.482
307.452
307.196
307.536
307.425
307.377
307.271
307.605
307.673
307.85
307.958
307.867
307.72
307.803
307.824
307.611
307.698
307.666
307.901
307.536
307.741
307.766
307.514
307.482
307.384
307.706
307.562
307.335
307.662
306.929
307.005
307.005
307.236
306.795
307.082
307.082
306.965
307.294
307.197
307.197
307.146
307.146
307.052
307.454
307.197
307.536
307.425
307.379
307.273
307.605
307.674
307.851
307.959
307.868
307.824
307.803
307.721
307.612
307.698
307.666
307.901
307.537
307.767
307.742
307.516
307.483
307.385
307.706
307.336
307.663
307.563
308.213
308.026
307.883
307.911
307.99
308.109
308.13
308.47
308.532
308.394
308.664
308.635
308.366
308.498
308.267
308.068
307.935
308.19
308.042
308.163
308.294
307.704
307.921
307.827
307.983
307.728
307.896
307.802
307.548
307.348
307.64
307.674
307.475
307.421
307.749
307.596
307.824
307.492
307.689
307.62
307.468
307.799
307.656
307.933
307.77
307.68
307.582
307.846
307.754
308.47
308.532
308.394
308.664
308.366
308.498
308.635
308.213
308.026
307.883
307.911
308.109
307.99
308.129
308.267
308.068
308.19
307.935
308.163
308.294
308.042
307.966
308.062
307.914
308.157
307.89
308.132
307.99
307.979
307.952
308.062
308.182
308.027
307.905
308.139
307.917
308.012
307.767
308.005
307.841
307.842
308.082
308.028
308.214
308.232
308.1
308.075
308.189
308.052
307.966
307.914
308.062
308.157
307.89
307.99
308.132
307.979
307.952
308.062
308.182
308.139
307.905
308.026
307.917
308.012
307.767
308.005
307.841
308.082
307.842
308.028
308.214
308.1
308.232
308.052
308.189
308.075
308.859
308.66
308.786
308.794
308.889
308.755
308.764
308.859
308.66
308.786
308.794
308.764
308.755
308.889
308.921
308.983
308.848
308.848
308.952
308.817
308.952
308.859
308.66
308.786
308.794
308.889
308.755
308.764
308.859
308.66
308.786
308.794
308.764
308.755
308.889
308.921
308.983
308.848
308.848
308.952
308.817
308.952
308.859
308.66
308.786
308.794
308.755
308.889
308.764
308.859
308.66
308.786
308.794
308.755
308.889
308.764
308.921
308.983
308.848
308.848
308.817
308.952
308.952
307.704
307.921
307.983
307.827
307.896
307.728
307.802
307.548
307.348
307.64
307.674
307.749
307.421
307.475
307.596
307.824
307.689
307.492
307.799
307.468
307.62
307.656
307.933
307.77
307.68
307.846
307.582
307.754
308.47
308.532
308.394
308.664
308.498
308.366
308.635
308.213
308.026
307.883
307.911
308.13
308.109
307.99
308.267
308.068
308.19
307.935
308.294
308.163
308.042
307.704
307.921
307.827
307.983
307.728
307.896
307.802
307.548
307.348
307.64
307.674
307.421
307.749
307.475
307.596
307.824
307.492
307.689
307.468
307.62
307.799
307.656
307.933
307.77
307.68
307.846
307.754
307.582
307.966
308.062
307.914
308.157
307.89
308.132
307.99
307.979
307.952
308.062
308.182
307.905
308.139
308.027
307.917
308.012
307.767
308.005
307.842
307.841
308.082
308.028
308.214
308.232
308.1
308.189
308.052
308.075
307.966
307.914
308.062
308.157
307.89
307.99
308.132
307.979
307.952
308.062
308.182
308.139
307.905
308.027
307.917
308.012
307.767
308.005
307.841
308.082
307.842
308.028
308.214
308.1
308.232
308.052
308.189
308.075
307.871
307.913
307.557
307.802
307.663
307.767
308.017
307.871
307.913
307.557
307.802
308.017
307.767
307.663
307.693
307.3
307.385
307.385
307.491
307.588
307.491
306.557
306.993
306.916
306.916
306.814
306.814
306.742
306.486
306.889
306.572
306.572
306.699
306.241
306.699
307.196
307.19
307.458
307.109
307.371
307.01
307.292
307.247
307.248
307.329
307.57
307.12
307.438
307.375
307.089
307.09
307.165
306.771
306.962
307.274
306.899
307.353
307.62
307.666
307.58
307.534
307.45
307.482
307.453
307.536
307.197
307.425
307.378
307.605
307.272
307.673
307.85
307.958
307.867
307.72
307.803
307.824
307.611
307.698
307.666
307.901
307.537
307.741
307.766
307.515
307.483
307.706
307.384
307.563
307.663
307.335
306.929
307.005
307.005
307.236
306.795
307.082
307.082
306.965
307.294
307.197
307.197
307.146
307.146
307.052
307.453
307.536
307.196
307.425
307.378
307.605
307.272
307.673
307.85
307.958
307.867
307.824
307.803
307.72
307.611
307.698
307.666
307.901
307.536
307.766
307.741
307.515
307.483
307.706
307.384
307.663
307.335
307.563
308.47
308.532
308.394
308.664
308.498
308.366
308.635
308.213
308.026
307.883
307.911
308.129
308.109
307.99
308.267
308.068
308.19
307.935
308.294
308.163
308.042
307.704
307.921
307.983
307.827
307.896
307.728
307.802
307.548
307.348
307.64
307.674
307.749
307.421
307.475
307.596
307.824
307.689
307.492
307.799
307.468
307.62
307.656
307.933
307.77
307.68
307.846
307.582
307.754
307.704
307.921
307.983
307.827
307.896
307.728
307.802
307.548
307.348
307.639
307.674
307.421
307.749
307.475
307.596
307.824
307.689
307.492
307.468
307.799
307.62
307.656
307.933
307.77
307.68
307.846
307.754
307.582
307.966
308.062
307.914
308.157
307.89
308.132
307.99
307.979
307.952
308.062
308.182
307.905
308.139
308.026
307.917
308.012
307.767
308.005
307.842
307.841
308.082
308.028
308.214
308.232
308.1
308.189
308.052
308.075
307.966
308.062
307.914
308.157
307.89
308.132
307.99
307.979
307.952
308.062
308.182
308.139
307.904
308.026
307.917
308.012
307.767
308.005
307.841
308.082
307.842
308.028
308.214
308.232
308.1
308.189
308.052
308.075
307.197
307.19
307.458
307.109
307.371
307.01
307.293
307.247
307.248
307.329
307.57
307.438
307.12
307.375
307.089
307.09
307.165
306.771
307.274
306.963
306.899
307.353
307.62
307.666
307.58
307.534
307.482
307.451
307.195
307.189
307.458
307.108
307.371
307.009
307.292
307.247
307.248
307.328
307.57
307.438
307.12
307.375
307.089
307.09
307.165
306.771
307.274
306.962
306.898
307.353
307.62
307.666
307.579
307.534
307.482
307.45
306.557
306.993
306.916
306.916
306.814
306.814
306.742
306.486
306.889
306.572
306.572
306.241
306.699
306.699
307.454
307.536
307.197
307.425
307.379
307.605
307.273
307.674
307.851
307.959
307.868
307.803
307.824
307.721
307.612
307.698
307.666
307.901
307.742
307.537
307.767
307.516
307.483
307.706
307.384
307.663
307.336
307.563
307.452
307.536
307.196
307.425
307.377
307.605
307.272
307.673
307.85
307.958
307.867
307.803
307.824
307.72
307.611
307.698
307.666
307.901
307.741
307.536
307.766
307.514
307.482
307.706
307.384
307.662
307.335
307.562
306.929
307.005
307.005
307.236
306.795
307.082
307.082
306.965
307.294
307.197
307.197
307.146
307.146
307.052
307.659
307.596
307.393
307.775
307.778
307.883
307.909
308.058
307.908
307.753
307.927
307.622
307.585
307.418
307.744
307.445
307.596
307.764
307.735
308.069
307.932
307.938
307.66
307.596
307.393
307.775
307.779
307.883
307.909
308.059
307.909
307.753
307.927
307.622
307.585
307.419
307.744
307.445
307.596
307.764
307.736
308.07
307.932
307.938
308.161
307.791
307.972
307.972
308.522
308.827
308.672
308.672
308.337
308.281
308.143
308.483
308.337
308.281
308.143
308.483
308.118
308.327
308.155
308.302
308.085
307.984
308.222
308.164
308.01
308.059
308.24
308.134
308.316
308.132
308.273
308.158
308.108
308.291
308.094
308.175
307.981
308.251
308.734
308.549
308.523
308.761
308.877
308.949
309.039
308.79
308.68
308.391
308.47
308.595
308.934
309.127
309.097
308.962
308.734
308.549
308.523
308.761
308.877
308.949
308.79
309.039
308.68
308.391
308.47
308.595
308.934
309.127
308.962
309.097
307.12
307.41
307.3
307.3
307.114
307.398
307.235
307.235
307.26
307.073
307.26
308.161
307.791
307.972
307.972
308.522
308.827
308.672
308.672
308.337
308.281
308.143
308.483
308.337
308.281
308.483
308.143
307.66
307.596
307.393
307.775
307.779
307.883
307.909
308.059
307.753
307.927
307.909
307.622
307.585
307.419
307.744
307.596
307.445
307.764
307.736
308.07
307.938
307.932
308.734
308.549
308.523
308.761
308.877
308.949
309.039
308.79
308.68
308.391
308.47
308.595
308.934
309.127
309.098
308.962
308.118
308.327
308.155
308.302
308.085
307.984
308.222
308.164
308.01
308.059
308.24
308.134
308.316
308.133
308.273
308.158
308.108
308.291
308.094
308.175
307.981
308.251
308.734
308.549
308.761
308.523
308.877
308.949
309.039
308.79
308.934
309.127
308.962
309.098
308.68
308.391
308.47
308.595
309.384
309.446
309.415
309.415
309.261
309.074
309.166
309.166
309.322
309.257
309.353
309.227
309.322
309.257
309.227
309.353
309.384
309.446
309.415
309.415
309.261
309.074
309.166
309.166
309.322
309.257
309.353
309.227
309.322
309.257
309.227
309.353
309.384
309.446
309.415
309.415
309.261
309.074
309.166
309.166
309.322
309.257
309.353
309.227
309.322
309.257
309.353
309.227
308.118
308.327
308.302
308.155
308.085
307.984
308.222
308.164
308.24
308.059
308.01
308.134
308.316
308.273
308.133
308.291
308.108
308.158
308.094
308.175
308.251
307.981
308.734
308.549
308.761
308.523
308.877
308.949
308.79
309.039
308.934
309.127
308.962
309.098
308.68
308.391
308.595
308.47
308.118
308.327
308.155
308.302
308.085
307.984
308.222
308.164
308.059
308.24
308.01
308.134
308.316
308.133
308.273
308.108
308.158
308.291
308.094
308.175
308.251
307.981
308.161
307.791
307.972
307.972
308.522
308.827
308.672
308.672
308.337
308.281
308.143
308.483
308.337
308.281
308.483
308.143
307.12
307.41
307.3
307.3
307.114
307.398
307.235
307.235
307.26
307.073
307.26
307.659
307.596
307.775
307.393
307.779
307.883
307.909
308.058
307.753
307.927
307.908
307.622
307.585
307.744
307.419
307.596
307.764
307.445
307.736
308.07
307.938
307.932
308.734
308.549
308.761
308.523
308.877
308.949
308.79
309.039
308.934
309.127
308.962
309.098
308.68
308.391
308.595
308.47
308.118
308.327
308.302
308.155
308.085
307.984
308.222
308.164
308.24
308.059
308.01
308.134
308.316
308.273
308.132
308.291
308.108
308.158
308.094
308.175
308.251
307.981
308.118
308.327
308.302
308.155
308.085
307.984
308.222
308.164
308.059
308.24
308.01
308.134
308.316
308.273
308.132
308.108
308.291
308.158
308.094
308.175
308.251
307.981
307.66
307.596
307.775
307.393
307.779
307.883
307.909
308.059
307.927
307.753
307.909
307.622
307.585
307.744
307.419
307.764
307.596
307.445
307.736
308.07
307.938
307.932
307.659
307.596
307.775
307.393
307.778
307.883
307.909
308.058
307.927
307.753
307.908
307.622
307.585
307.744
307.418
307.764
307.596
307.445
307.735
308.069
307.938
307.932
307.12
307.41
307.3
307.3
307.114
307.398
307.235
307.235
307.073
307.26
307.26
308.046
308.185
308.174
308.174
308.115
308.115
308.105
308.227
308.246
308.234
308.358
308.175
308.299
308.286
308.227
308.246
308.234
308.358
308.175
308.299
308.286
308.046
308.185
308.174
308.174
308.115
308.115
308.105
308.227
308.246
308.234
308.358
308.175
308.299
308.286
308.227
308.246
308.358
308.234
308.299
308.175
308.286
308.416
308.308
308.421
308.421
308.475
308.361
308.361
308.416
308.308
308.421
308.421
308.361
308.361
308.475
308.416
308.308
308.421
308.421
308.361
308.361
308.475
308.416
308.308
308.421
308.421
308.361
308.361
308.475
308.227
308.246
308.234
308.358
308.286
308.175
308.299
308.227
308.246
308.358
308.234
308.299
308.175
308.286
308.046
308.185
308.174
308.174
308.115
308.115
308.105
308.227
308.246
308.358
308.234
308.286
308.299
308.175
308.227
308.246
308.358
308.234
308.299
308.175
308.286
308.046
308.185
308.174
308.174
308.105
308.115
308.115
306.505
306.723
306.676
306.676
306.572
306.61
306.61
307.214
307.337
307.396
307.399
307.337
307.272
307.279
306.812
306.827
306.778
306.991
306.713
306.928
306.877
307.215
307.337
307.396
307.399
307.337
307.272
307.279
306.812
306.827
306.778
306.991
306.713
306.928
306.877
307.572
307.695
307.517
307.518
307.456
307.634
307.632
307.572
307.695
307.517
307.518
307.456
307.634
307.632
307.143
306.935
307.099
307.099
307.037
307.037
307.204
307.367
307.388
307.448
307.556
307.432
307.323
307.493
307.49
307.625
307.561
307.681
307.555
307.496
307.619
307.367
307.388
307.448
307.556
307.493
307.323
307.432
307.49
307.625
307.561
307.681
307.496
307.619
307.555
307.736
307.749
307.571
307.678
307.689
307.617
307.797
308.373
308.506
308.454
308.439
308.38
308.447
308.432
307.868
307.752
307.807
307.935
307.745
307.874
307.928
307.736
307.749
307.571
307.678
307.617
307.689
307.797
308.373
308.506
308.454
308.439
308.38
308.447
308.432
307.868
307.752
307.807
307.935
307.745
307.874
307.928
307.214
307.337
307.396
307.399
307.279
307.272
307.337
306.812
306.827
306.778
306.991
306.877
306.713
306.928
306.505
306.723
306.676
306.676
306.61
306.61
306.572
307.572
307.695
307.517
307.518
307.634
307.456
307.632
307.572
307.695
307.517
307.518
307.456
307.634
307.632
307.143
306.935
307.099
307.099
307.037
307.037
307.204
307.215
307.337
307.396
307.399
307.337
307.272
307.279
306.812
306.827
306.778
306.991
306.713
306.928
306.877
307.367
307.388
307.448
307.556
307.432
307.323
307.493
307.49
307.625
307.681
307.561
307.555
307.619
307.496
307.736
307.749
307.571
307.678
307.689
307.617
307.797
308.373
308.506
308.454
308.439
308.38
308.447
308.432
307.868
307.752
307.807
307.935
307.745
307.874
307.928
307.367
307.388
307.448
307.556
307.493
307.323
307.432
307.49
307.625
307.561
307.681
307.496
307.619
307.555
308.373
308.506
308.454
308.439
308.38
308.447
308.432
307.736
307.749
307.571
307.678
307.617
307.689
307.797
307.868
307.752
307.935
307.807
307.874
307.745
307.928
308.567
308.57
308.518
308.634
308.627
308.511
308.574
308.567
308.571
308.518
308.634
308.627
308.511
308.574
308.724
308.739
308.791
308.791
308.783
308.731
308.731
308.567
308.57
308.518
308.634
308.511
308.574
308.627
308.567
308.571
308.518
308.634
308.574
308.511
308.627
308.724
308.739
308.791
308.791
308.731
308.731
308.783
308.567
308.571
308.518
308.634
308.511
308.574
308.627
308.567
308.571
308.518
308.634
308.574
308.511
308.627
308.724
308.739
308.791
308.791
308.731
308.731
308.783
308.567
308.571
308.518
308.634
308.574
308.511
308.627
308.567
308.571
308.518
308.634
308.574
308.511
308.627
308.724
308.739
308.791
308.791
308.731
308.731
308.783
307.736
307.749
307.571
307.678
307.797
307.689
307.617
308.373
308.506
308.454
308.439
308.432
308.447
308.38
307.868
307.752
307.807
307.935
307.928
307.745
307.874
307.367
307.388
307.448
307.556
307.323
307.493
307.432
307.49
307.625
307.681
307.561
307.619
307.496
307.555
308.373
308.506
308.454
308.439
308.447
308.38
308.432
307.736
307.749
307.571
307.678
307.617
307.689
307.797
307.868
307.752
307.935
307.807
307.874
307.745
307.928
307.367
307.388
307.448
307.556
307.493
307.323
307.432
307.49
307.625
307.561
307.681
307.496
307.619
307.555
307.214
307.337
307.396
307.399
307.279
307.272
307.337
306.812
306.827
306.991
306.778
306.877
306.928
306.713
307.572
307.695
307.517
307.518
307.634
307.456
307.632
307.572
307.695
307.517
307.518
307.456
307.634
307.632
307.143
306.935
307.099
307.099
307.037
307.037
307.204
306.505
306.723
306.676
306.676
306.61
306.61
306.572
307.214
307.337
307.396
307.399
307.337
307.272
307.279
306.812
306.827
306.991
306.778
306.928
306.713
306.877
308.373
308.506
308.454
308.439
308.432
308.447
308.38
307.736
307.749
307.571
307.678
307.797
307.689
307.617
307.868
307.752
307.935
307.807
307.928
307.874
307.745
308.373
308.506
308.454
308.439
308.447
308.38
308.432
307.736
307.749
307.571
307.678
307.617
307.689
307.797
307.868
307.752
307.935
307.807
307.874
307.745
307.928
307.367
307.388
307.448
307.556
307.323
307.493
307.432
307.49
307.625
307.681
307.561
307.619
307.496
307.555
307.367
307.388
307.448
307.556
307.493
307.323
307.432
307.49
307.625
307.681
307.561
307.619
307.496
307.555
307.572
307.695
307.517
307.518
307.632
307.634
307.456
307.572
307.695
307.517
307.518
307.632
307.634
307.456
307.143
306.935
307.099
307.099
307.204
307.037
307.037
307.215
307.337
307.396
307.399
307.272
307.337
307.279
306.812
306.827
306.991
306.778
306.928
306.713
306.877
307.214
307.337
307.396
307.399
307.272
307.337
307.279
306.812
306.827
306.991
306.778
306.928
306.713
306.877
306.505
306.723
306.676
306.676
306.61
306.61
306.572
307.968
308.095
307.947
307.94
308.036
308.027
307.881
307.968
308.095
307.947
307.94
308.036
308.027
307.881
307.891
307.721
307.865
307.865
307.951
307.805
307.805
308.146
308.154
308.005
308.115
308.095
308.206
308.056
308.272
308.403
308.381
308.368
308.344
308.331
308.308
308.19
308.134
308.158
308.285
308.249
308.098
308.226
308.146
308.154
308.005
308.115
308.095
308.206
308.056
308.272
308.403
308.381
308.368
308.344
308.331
308.308
308.19
308.134
308.158
308.285
308.249
308.098
308.226
307.968
308.095
307.947
307.94
308.036
308.027
307.881
307.968
308.095
307.947
307.94
308.036
308.027
307.881
307.891
307.721
307.865
307.865
307.951
307.805
307.805
308.146
308.154
308.005
308.115
308.095
308.206
308.056
308.272
308.403
308.381
308.368
308.344
308.331
308.308
308.19
308.134
308.158
308.285
308.249
308.098
308.226
308.272
308.403
308.381
308.368
308.344
308.331
308.308
308.146
308.154
308.005
308.115
308.095
308.206
308.056
308.19
308.134
308.285
308.158
308.249
308.226
308.098
308.462
308.466
308.559
308.444
308.521
308.407
308.5
308.462
308.466
308.559
308.444
308.521
308.407
308.5
308.508
308.586
308.606
308.606
308.568
308.547
308.547
308.462
308.466
308.444
308.559
308.407
308.521
308.5
308.462
308.466
308.444
308.559
308.407
308.521
308.5
308.508
308.586
308.606
308.606
308.568
308.547
308.547
308.462
308.466
308.444
308.559
308.407
308.521
308.5
308.462
308.466
308.444
308.559
308.407
308.521
308.5
308.508
308.586
308.606
308.606
308.568
308.547
308.547
308.462
308.466
308.444
308.559
308.407
308.521
308.5
308.462
308.466
308.444
308.559
308.407
308.521
308.5
308.508
308.586
308.606
308.606
308.568
308.547
308.547
308.146
308.154
308.115
308.005
308.206
308.095
308.056
308.272
308.403
308.368
308.381
308.331
308.344
308.308
308.19
308.134
308.158
308.285
308.249
308.098
308.226
308.272
308.403
308.381
308.368
308.344
308.331
308.308
308.146
308.154
308.005
308.115
308.095
308.206
308.056
308.19
308.134
308.285
308.158
308.249
308.226
308.098
307.968
308.095
307.947
307.94
308.036
308.027
307.881
307.968
308.095
307.947
307.94
308.036
308.027
307.881
307.891
307.721
307.865
307.865
307.951
307.805
307.805
308.272
308.403
308.368
308.381
308.331
308.344
308.308
308.146
308.154
308.115
308.005
308.206
308.095
308.056
308.19
308.134
308.285
308.158
308.249
308.226
308.098
308.272
308.403
308.381
308.368
308.344
308.331
308.308
308.146
308.154
308.005
308.115
308.095
308.206
308.056
308.19
308.134
308.285
308.158
308.249
308.226
308.098
307.968
308.095
307.94
307.947
308.027
308.036
307.881
307.968
308.095
307.94
307.947
308.027
308.036
307.881
307.891
307.721
307.865
307.865
307.951
307.805
307.805
306.751
306.636
306.636
306.623
306.696
306.696
306.696
306.803
306.685
306.803
306.803
306.751
306.751
306.852
306.576
306.41
306.574
306.574
306.638
306.506
306.506
306.512
306.328
306.363
306.363
306.437
306.437
306.446
307.198
307.155
307.155
307.124
307.193
307.158
307.158
307.264
307.219
307.331
307.303
307.26
307.222
307.337
307.264
307.219
307.331
307.303
307.26
307.222
307.337
307.176
307.104
307.149
307.149
307.186
307.14
307.14
307.163
307.09
307.111
307.111
307.128
307.128
307.147
308.181
308.137
308.16
308.122
308.176
308.14
308.164
308.194
308.148
308.195
308.158
308.19
308.152
308.2
308.109
308.062
308.133
308.098
308.138
308.104
308.066
308.069
308.026
308.023
307.985
308.063
308.029
308.027
307.619
307.573
307.691
307.662
307.615
307.578
307.697
307.524
307.487
307.435
307.397
307.518
307.49
307.439
307.849
307.809
307.778
307.74
307.782
307.843
307.812
307.919
307.872
307.967
307.935
307.915
307.877
307.973
308.181
308.16
308.137
308.122
308.176
308.164
308.14
308.194
308.148
308.195
308.158
308.19
308.152
308.2
308.109
308.062
308.133
308.098
308.138
308.105
308.066
308.069
308.026
308.023
307.985
308.063
308.029
308.028
307.619
307.691
307.573
307.662
307.616
307.697
307.578
307.524
307.487
307.435
307.397
307.518
307.49
307.439
307.849
307.809
307.778
307.74
307.782
307.844
307.812
307.919
307.872
307.967
307.935
307.915
307.877
307.973
306.393
306.56
306.389
306.412
306.462
306.313
306.492
306.393
306.56
306.389
306.412
306.463
306.313
306.493
306.304
306.045
306.287
306.287
306.376
306.207
306.207
307.092
307.217
307.064
307.084
307.008
307.149
307.16
307.149
307.332
307.195
307.14
307.076
307.27
307.213
307.028
306.874
307.021
307.024
306.945
306.956
307.095
306.693
306.662
306.513
306.688
306.594
306.612
306.76
306.907
307.085
307.112
307.059
306.995
307.022
306.971
306.79
306.795
306.783
306.944
306.709
306.877
306.857
307.093
307.217
307.064
307.084
307.008
307.149
307.16
307.149
307.333
307.195
307.141
307.076
307.27
307.213
307.028
306.874
307.021
307.024
306.945
306.957
307.096
306.693
306.662
306.514
306.688
306.594
306.612
306.761
306.907
307.085
307.112
307.059
306.995
307.023
306.972
306.79
306.796
306.784
306.945
306.709
306.878
306.857
307.681
307.805
307.85
307.844
307.784
307.745
307.741
307.502
307.449
307.311
307.483
307.388
307.423
307.562
307.609
307.628
307.77
307.588
307.71
307.528
307.669
307.681
307.805
307.85
307.844
307.784
307.745
307.741
307.502
307.449
307.311
307.483
307.388
307.423
307.562
307.609
307.628
307.77
307.588
307.71
307.528
307.669
307.241
307.196
307.225
307.396
307.134
307.335
307.302
307.241
307.196
307.225
307.396
307.134
307.335
307.302
307.344
307.537
307.499
307.499
307.439
307.439
307.404
307.242
307.266
307.232
307.113
307.156
307.31
307.199
307.404
307.594
307.5
307.563
307.469
307.435
307.531
307.278
307.222
307.268
307.376
307.192
307.346
307.309
307.362
307.436
307.351
307.28
307.43
307.275
307.368
307.478
307.669
307.524
307.588
307.543
307.46
307.606
307.35
307.245
307.34
307.4
307.418
307.263
307.332
307.242
307.266
307.113
307.232
307.156
307.199
307.31
307.404
307.594
307.563
307.5
307.435
307.531
307.469
307.278
307.222
307.268
307.376
307.192
307.309
307.346
307.362
307.436
307.28
307.351
307.368
307.275
307.43
307.478
307.669
307.588
307.524
307.46
307.606
307.543
307.35
307.245
307.34
307.4
307.263
307.332
307.418
307.848
307.86
307.906
308.015
307.956
307.8
307.909
307.776
307.717
307.688
307.87
307.656
307.809
307.837
307.89
308.032
308.057
307.984
307.998
307.924
307.95
308.358
308.491
308.41
308.396
308.337
308.432
308.418
308.289
308.356
308.203
308.256
308.196
308.296
308.349
308.275
308.161
308.313
308.242
308.254
308.182
308.335
307.855
307.794
307.714
307.896
307.733
307.835
307.916
307.983
308.05
308.1
308.153
308.093
307.99
308.044
307.97
308.059
308.01
308.139
307.95
308.08
308.03
307.848
307.86
307.906
308.015
307.956
307.8
307.909
307.776
307.717
307.688
307.87
307.656
307.809
307.837
307.89
308.032
308.057
307.984
307.998
307.924
307.95
308.358
308.491
308.41
308.396
308.337
308.432
308.418
308.289
308.356
308.203
308.256
308.296
308.196
308.349
308.275
308.161
308.313
308.242
308.254
308.182
308.335
307.855
307.794
307.714
307.896
307.733
307.835
307.916
307.983
308.05
308.1
308.153
307.99
308.093
308.044
307.97
308.059
308.01
308.139
307.95
308.08
308.03
307.092
307.217
307.084
307.064
307.008
307.16
307.149
307.149
307.332
307.14
307.195
307.213
307.076
307.27
307.028
306.874
307.021
307.024
306.945
307.095
306.956
306.693
306.662
306.688
306.513
306.76
306.612
306.594
306.907
307.085
307.059
307.112
306.971
306.995
307.022
306.79
306.795
306.783
306.944
306.857
306.709
306.877
306.393
306.56
306.412
306.389
306.492
306.313
306.462
306.393
306.56
306.412
306.389
306.313
306.493
306.463
306.304
306.045
306.287
306.287
306.207
306.207
306.376
307.681
307.805
307.85
307.844
307.784
307.745
307.741
307.502
307.449
307.311
307.483
307.388
307.423
307.562
307.609
307.628
307.77
307.588
307.71
307.528
307.669
307.681
307.805
307.85
307.844
307.784
307.745
307.741
307.502
307.449
307.311
307.483
307.423
307.388
307.562
307.609
307.628
307.77
307.588
307.71
307.528
307.669
307.241
307.196
307.225
307.396
307.134
307.335
307.302
307.241
307.196
307.225
307.396
307.335
307.134
307.302
307.344
307.537
307.499
307.499
307.439
307.439
307.404
307.093
307.217
307.064
307.084
307.008
307.149
307.16
307.149
307.333
307.195
307.141
307.27
307.076
307.213
307.028
306.874
307.021
307.024
306.945
306.957
307.096
306.693
306.662
306.514
306.688
306.594
306.612
306.761
306.907
307.085
307.112
307.059
307.023
306.995
306.972
306.79
306.796
306.784
306.945
306.709
306.878
306.857
307.242
307.267
307.232
307.113
307.156
307.31
307.199
307.404
307.594
307.5
307.563
307.469
307.435
307.531
307.278
307.222
307.268
307.376
307.192
307.346
307.309
307.478
307.669
307.525
307.588
307.543
307.46
307.606
307.362
307.436
307.351
307.28
307.43
307.275
307.368
307.35
307.245
307.4
307.34
307.418
307.333
307.263
307.849
307.86
307.906
308.015
307.956
307.8
307.909
307.776
307.717
307.688
307.87
307.656
307.809
307.837
307.89
308.032
308.057
307.984
307.998
307.924
307.95
308.358
308.491
308.41
308.396
308.337
308.432
308.418
308.289
308.356
308.203
308.256
308.196
308.296
308.349
308.275
308.161
308.314
308.242
308.254
308.182
308.335
307.855
307.794
307.714
307.896
307.733
307.835
307.916
307.983
308.05
308.1
308.153
308.093
307.99
308.044
307.97
308.059
308.01
308.139
307.95
308.08
308.03
307.242
307.267
307.113
307.232
307.156
307.199
307.31
307.404
307.594
307.563
307.5
307.435
307.531
307.469
307.278
307.222
307.268
307.376
307.192
307.309
307.346
307.362
307.436
307.28
307.351
307.368
307.275
307.43
307.478
307.669
307.588
307.524
307.46
307.606
307.543
307.35
307.245
307.34
307.4
307.263
307.332
307.418
308.358
308.491
308.41
308.396
308.337
308.432
308.418
308.289
308.356
308.203
308.256
308.296
308.196
308.349
308.275
308.161
308.314
308.242
308.254
308.182
308.335
307.849
307.86
307.906
308.015
307.956
307.8
307.909
307.776
307.717
307.688
307.87
307.656
307.809
307.837
307.89
308.032
308.057
307.984
307.998
307.924
307.95
307.983
308.05
308.1
308.153
307.99
308.093
308.044
307.855
307.794
307.714
307.896
307.733
307.835
307.916
307.97
308.059
308.139
308.01
308.08
307.95
308.03
308.552
308.556
308.589
308.474
308.53
308.612
308.496
308.615
308.682
308.714
308.662
308.674
308.654
308.622
308.6
308.616
308.636
308.698
308.577
308.659
308.639
308.552
308.556
308.589
308.474
308.53
308.612
308.496
308.615
308.682
308.714
308.662
308.674
308.654
308.622
308.6
308.616
308.636
308.698
308.577
308.659
308.639
308.708
308.775
308.744
308.693
308.768
308.685
308.716
308.708
308.775
308.744
308.693
308.768
308.685
308.716
308.693
308.647
308.729
308.729
308.752
308.669
308.669
308.552
308.556
308.474
308.589
308.53
308.496
308.612
308.615
308.682
308.662
308.714
308.622
308.654
308.674
308.6
308.616
308.636
308.698
308.577
308.639
308.659
308.552
308.556
308.474
308.589
308.53
308.496
308.612
308.615
308.682
308.662
308.714
308.654
308.622
308.674
308.6
308.616
308.636
308.698
308.577
308.639
308.659
308.708
308.775
308.693
308.744
308.716
308.685
308.768
308.708
308.775
308.693
308.744
308.685
308.716
308.768
308.693
308.647
308.729
308.729
308.669
308.669
308.752
308.552
308.556
308.474
308.589
308.53
308.496
308.612
308.615
308.682
308.662
308.714
308.622
308.654
308.674
308.6
308.616
308.636
308.698
308.577
308.639
308.659
308.552
308.556
308.474
308.589
308.53
308.496
308.612
308.615
308.682
308.662
308.714
308.654
308.622
308.674
308.6
308.616
308.636
308.698
308.577
308.639
308.659
308.708
308.775
308.693
308.744
308.716
308.685
308.768
308.708
308.775
308.693
308.744
308.685
308.716
308.768
308.693
308.647
308.729
308.729
308.669
308.669
308.752
308.552
308.556
308.474
308.589
308.53
308.496
308.612
308.615
308.682
308.662
308.714
308.622
308.654
308.674
308.6
308.616
308.636
308.698
308.577
308.639
308.659
308.552
308.556
308.474
308.589
308.53
308.496
308.612
308.615
308.682
308.662
308.714
308.622
308.654
308.674
308.6
308.616
308.636
308.698
308.577
308.639
308.659
308.708
308.775
308.693
308.744
308.716
308.685
308.768
308.708
308.775
308.693
308.744
308.716
308.685
308.768
308.693
308.647
308.729
308.729
308.669
308.669
308.752
307.849
307.86
308.015
307.906
307.956
307.909
307.8
307.776
307.717
307.87
307.688
307.837
307.809
307.656
307.89
308.032
308.057
307.984
307.998
307.95
307.924
308.358
308.491
308.396
308.41
308.337
308.418
308.432
308.289
308.356
308.256
308.203
308.349
308.196
308.296
308.275
308.161
308.314
308.242
308.254
308.335
308.182
307.855
307.794
307.896
307.714
307.916
307.835
307.733
307.983
308.05
308.153
308.1
308.044
308.093
307.99
307.97
308.059
308.01
308.139
308.03
307.95
308.08
307.242
307.267
307.113
307.232
307.156
307.199
307.31
307.404
307.594
307.563
307.5
307.531
307.435
307.469
307.278
307.222
307.268
307.376
307.192
307.309
307.346
307.478
307.669
307.588
307.525
307.606
307.46
307.543
307.362
307.436
307.28
307.351
307.275
307.368
307.43
307.35
307.245
307.4
307.34
307.333
307.263
307.418
308.358
308.491
308.41
308.396
308.337
308.432
308.418
308.289
308.356
308.203
308.256
308.296
308.196
308.349
308.275
308.161
308.314
308.242
308.254
308.182
308.335
307.849
307.86
307.906
308.015
307.956
307.8
307.909
307.776
307.717
307.688
307.87
307.809
307.656
307.837
307.89
308.032
308.057
307.984
307.998
307.924
307.95
307.983
308.05
308.1
308.153
307.99
308.093
308.044
307.855
307.794
307.714
307.896
307.835
307.733
307.916
307.97
308.059
308.139
308.01
308.08
307.95
308.03
307.242
307.267
307.113
307.232
307.156
307.199
307.31
307.404
307.594
307.563
307.5
307.531
307.435
307.469
307.278
307.222
307.268
307.376
307.192
307.309
307.346
307.362
307.436
307.28
307.351
307.368
307.275
307.43
307.478
307.669
307.588
307.525
307.606
307.46
307.543
307.35
307.245
307.34
307.4
307.263
307.333
307.418
307.092
307.217
307.084
307.064
307.008
307.16
307.149
307.149
307.333
307.141
307.195
307.213
307.076
307.27
307.028
306.874
307.021
307.024
306.945
307.096
306.957
306.907
307.085
307.059
307.112
306.972
306.995
307.023
306.693
306.662
306.688
306.514
306.76
306.612
306.594
306.79
306.796
306.945
306.784
306.857
306.877
306.709
307.681
307.805
307.85
307.844
307.784
307.745
307.741
307.502
307.449
307.311
307.483
307.388
307.423
307.562
307.609
307.628
307.77
307.588
307.71
307.528
307.669
307.681
307.805
307.85
307.844
307.784
307.745
307.741
307.502
307.449
307.311
307.483
307.423
307.388
307.562
307.609
307.628
307.77
307.588
307.71
307.528
307.669
307.241
307.196
307.225
307.396
307.134
307.335
307.302
307.241
307.196
307.225
307.396
307.335
307.134
307.302
307.344
307.537
307.499
307.499
307.439
307.439
307.404
306.393
306.56
306.412
306.389
306.493
306.313
306.463
306.393
306.56
306.412
306.389
306.313
306.493
306.463
306.304
306.045
306.287
306.287
306.207
306.207
306.376
307.092
307.217
307.064
307.084
307.008
307.149
307.16
307.149
307.333
307.195
307.141
307.27
307.076
307.213
307.028
306.874
307.021
307.024
306.945
306.957
307.096
306.907
307.085
307.112
307.059
307.023
306.995
306.972
306.693
306.662
306.514
306.688
306.594
306.612
306.76
306.79
306.796
306.945
306.784
306.877
306.709
306.857
308.358
308.491
308.396
308.41
308.337
308.418
308.432
308.289
308.356
308.256
308.203
308.349
308.196
308.296
308.275
308.161
308.313
308.242
308.254
308.335
308.182
307.849
307.86
308.015
307.906
307.956
307.909
307.8
307.776
307.717
307.87
307.688
307.837
307.809
307.656
307.89
308.032
308.057
307.984
307.998
307.95
307.924
307.983
308.05
308.153
308.1
308.044
308.093
307.99
307.855
307.794
307.896
307.714
307.916
307.835
307.733
307.97
308.059
308.139
308.01
308.03
308.08
307.95
308.358
308.491
308.41
308.396
308.337
308.432
308.418
308.289
308.356
308.203
308.256
308.296
308.196
308.349
308.275
308.161
308.313
308.242
308.254
308.182
308.335
307.849
307.86
307.906
308.015
307.956
307.8
307.909
307.776
307.717
307.688
307.87
307.809
307.656
307.837
307.89
308.032
308.057
307.984
307.998
307.924
307.95
307.983
308.05
308.1
308.153
307.99
308.093
308.044
307.855
307.794
307.714
307.896
307.835
307.733
307.916
307.97
308.059
308.139
308.01
308.08
307.95
308.03
307.242
307.267
307.113
307.232
307.156
307.199
307.31
307.404
307.594
307.563
307.5
307.531
307.435
307.469
307.278
307.222
307.268
307.376
307.192
307.309
307.346
307.478
307.669
307.588
307.524
307.606
307.46
307.543
307.362
307.436
307.28
307.351
307.275
307.368
307.43
307.35
307.245
307.4
307.34
307.332
307.263
307.418
307.242
307.266
307.113
307.232
307.156
307.199
307.31
307.404
307.594
307.563
307.5
307.531
307.435
307.469
307.278
307.222
307.268
307.376
307.192
307.309
307.346
307.478
307.669
307.588
307.524
307.606
307.46
307.543
307.362
307.436
307.28
307.351
307.368
307.275
307.43
307.35
307.245
307.4
307.34
307.332
307.263
307.418
307.681
307.805
307.844
307.85
307.784
307.741
307.745
307.502
307.449
307.483
307.311
307.562
307.423
307.388
307.609
307.628
307.77
307.588
307.71
307.669
307.528
307.681
307.805
307.844
307.85
307.784
307.741
307.745
307.502
307.449
307.483
307.311
307.562
307.423
307.388
307.609
307.628
307.77
307.588
307.71
307.669
307.528
307.241
307.196
307.396
307.225
307.302
307.335
307.134
307.241
307.196
307.396
307.225
307.302
307.335
307.134
307.344
307.537
307.499
307.499
307.404
307.439
307.439
307.093
307.217
307.064
307.084
307.008
307.149
307.16
307.149
307.333
307.195
307.141
307.27
307.076
307.213
307.028
306.874
307.021
307.024
306.945
306.957
307.096
306.907
307.085
307.112
307.059
307.023
306.995
306.972
306.693
306.662
306.514
306.688
306.612
306.594
306.761
306.79
306.796
306.945
306.784
306.878
306.709
306.857
307.092
307.217
307.064
307.084
307.008
307.149
307.16
307.149
307.333
307.195
307.14
307.27
307.076
307.213
307.028
306.874
307.021
307.024
306.945
306.957
307.095
306.907
307.085
307.112
307.059
307.023
306.995
306.971
306.693
306.662
306.513
306.688
306.612
306.594
306.76
306.79
306.796
306.944
306.783
306.877
306.709
306.857
306.393
306.56
306.412
306.389
306.493
306.313
306.463
306.393
306.56
306.412
306.389
306.492
306.313
306.462
306.304
306.045
306.287
306.287
306.207
306.207
306.376
306.979
306.888
306.976
306.976
306.937
306.937
307.015
306.94
306.844
306.851
306.851
306.898
306.897
306.897
307.078
306.998
307.009
307.01
307.048
307.041
307.041
307.104
307.027
307.091
307.091
307.127
307.067
307.067
306.751
306.636
306.636
306.623
306.696
306.696
306.696
306.803
306.685
306.803
306.803
306.751
306.751
306.852
306.576
306.574
306.41
306.574
306.638
306.506
306.506
306.512
306.328
306.363
306.363
306.446
306.437
306.437
306.979
306.888
306.976
306.976
306.937
306.937
307.015
306.94
306.844
306.851
306.851
306.898
306.897
306.897
307.078
307.009
307.01
306.998
307.048
307.041
307.041
307.104
307.027
307.091
307.091
307.067
307.067
307.127
306.751
306.636
306.636
306.623
306.696
306.696
306.696
306.803
306.685
306.803
306.803
306.751
306.751
306.852
306.576
306.574
306.41
306.574
306.638
306.506
306.506
306.512
306.328
306.363
306.363
306.446
306.437
306.437
306.979
306.888
306.976
306.976
306.937
306.937
307.015
306.94
306.844
306.851
306.851
306.898
306.897
306.897
307.078
307.01
307.01
306.998
307.048
307.041
307.041
307.104
307.027
307.091
307.091
307.067
307.067
307.127
306.751
306.636
306.636
306.623
306.696
306.696
306.696
306.803
306.685
306.803
306.803
306.751
306.751
306.852
306.576
306.41
306.574
306.574
306.638
306.506
306.506
306.512
306.328
306.363
306.363
306.446
306.437
306.437
306.979
306.888
306.976
306.976
306.937
306.937
307.015
306.94
306.844
306.851
306.851
306.898
306.897
306.897
307.078
307.01
307.009
306.998
307.048
307.041
307.041
307.104
307.027
307.091
307.091
307.067
307.067
307.127
307.619
307.573
307.691
307.662
307.615
307.578
307.697
307.524
307.487
307.435
307.397
307.439
307.518
307.49
307.849
307.809
307.778
307.74
307.782
307.843
307.812
307.919
307.872
307.967
307.935
307.973
307.915
307.877
307.619
307.574
307.692
307.662
307.616
307.578
307.697
307.524
307.487
307.435
307.398
307.439
307.518
307.49
307.849
307.81
307.779
307.74
307.782
307.844
307.813
307.919
307.873
307.967
307.935
307.973
307.915
307.877
308.181
308.137
308.16
308.122
308.176
308.14
308.164
308.194
308.148
308.195
308.158
308.2
308.19
308.152
308.109
308.062
308.133
308.098
308.138
308.104
308.066
308.069
308.026
308.023
307.985
308.027
308.063
308.029
307.198
307.155
307.155
307.124
307.193
307.158
307.158
307.264
307.219
307.331
307.303
307.337
307.26
307.222
307.264
307.219
307.331
307.303
307.26
307.222
307.337
307.176
307.149
307.104
307.149
307.186
307.14
307.14
307.163
307.09
307.111
307.111
307.147
307.128
307.128
307.619
307.574
307.692
307.662
307.616
307.578
307.697
307.524
307.487
307.435
307.398
307.439
307.518
307.49
307.849
307.779
307.74
307.81
307.782
307.844
307.813
307.919
307.873
307.967
307.935
307.915
307.877
307.973
308.181
308.137
308.16
308.122
308.176
308.14
308.164
308.194
308.148
308.195
308.158
308.2
308.19
308.152
308.109
308.062
308.133
308.098
308.138
308.104
308.066
308.069
308.026
308.023
307.985
308.028
308.063
308.029
308.181
308.16
308.137
308.122
308.176
308.164
308.14
308.194
308.148
308.195
308.158
308.19
308.152
308.2
308.109
308.133
308.062
308.098
308.138
308.105
308.066
308.069
308.026
308.023
307.985
308.028
308.063
308.03
308.181
308.137
308.16
308.122
308.176
308.14
308.164
308.194
308.148
308.195
308.158
308.2
308.19
308.152
308.109
308.133
308.098
308.062
308.138
308.105
308.066
308.069
308.026
308.023
307.985
308.063
308.029
308.028
307.198
307.155
307.155
307.124
307.193
307.158
307.158
307.264
307.219
307.331
307.303
307.337
307.26
307.222
307.264
307.219
307.331
307.303
307.26
307.222
307.337
307.176
307.149
307.104
307.149
307.186
307.14
307.14
307.163
307.09
307.111
307.111
307.147
307.128
307.128
307.619
307.691
307.573
307.662
307.616
307.697
307.578
307.524
307.487
307.435
307.397
307.439
307.518
307.49
307.849
307.778
307.74
307.809
307.782
307.844
307.812
307.919
307.872
307.967
307.935
307.915
307.877
307.973
308.181
308.16
308.137
308.122
308.176
308.164
308.14
308.194
308.148
308.195
308.158
308.19
308.152
308.2
308.109
308.133
308.062
308.098
308.138
308.104
308.066
308.069
308.026
308.023
307.985
308.028
308.063
308.029
308.181
308.16
308.137
308.122
308.176
308.164
308.14
308.194
308.148
308.195
308.158
308.2
308.19
308.152
308.109
308.133
308.098
308.062
308.138
308.104
308.066
308.069
308.026
308.023
307.985
308.063
308.029
308.027
307.619
307.692
307.574
307.662
307.616
307.697
307.578
307.524
307.487
307.435
307.398
307.518
307.49
307.439
307.849
307.778
307.81
307.74
307.782
307.844
307.813
307.919
307.873
307.967
307.935
307.973
307.915
307.877
307.619
307.691
307.573
307.662
307.615
307.697
307.578
307.524
307.487
307.435
307.397
307.518
307.49
307.439
307.849
307.778
307.809
307.74
307.782
307.843
307.812
307.919
307.872
307.967
307.935
307.973
307.915
307.877
307.198
307.155
307.155
307.124
307.193
307.158
307.158
307.264
307.219
307.331
307.303
307.337
307.26
307.222
307.264
307.219
307.331
307.303
307.337
307.26
307.222
307.176
307.104
307.149
307.149
307.186
307.14
307.14
307.163
307.09
307.111
307.111
307.147
307.128
307.128
309.247
309
309.225
309.225
309.122
309.122
309.35
309.247
309
309.225
309.225
309.122
309.122
309.35
309.247
309
309.225
309.225
309.122
309.122
309.35
309.247
309
309.225
309.225
309.122
309.122
309.35
)
;

boundaryField
{
    chip
    {
        type            zeroGradient;
    }
    chip_to_dbc_cu_top
    {
        type            compressible::turbulentTemperatureRadCoupledMixed;
        refValue        nonuniform List<scalar> 
1600
(
305.739
305.879
305.808
305.808
305.917
305.938
305.866
305.989
305.917
305.938
305.866
305.989
305.739
305.879
305.808
305.808
305.917
305.938
305.866
305.989
305.917
305.938
305.989
305.866
306.103
305.997
306.05
306.05
306.103
305.997
306.05
306.05
306.103
305.997
306.05
306.05
306.103
305.997
306.05
306.05
305.917
305.938
305.866
305.989
305.917
305.938
305.989
305.866
305.739
305.879
305.808
305.808
305.917
305.938
305.989
305.866
305.917
305.938
305.989
305.866
305.739
305.879
305.808
305.808
303.902
304.234
304.063
304.063
304.712
304.971
304.912
304.767
304.296
304.359
304.183
304.479
304.712
304.971
304.913
304.767
304.296
304.359
304.183
304.479
305.214
305.128
305.068
305.276
305.214
305.128
305.069
305.276
304.749
304.494
304.618
304.618
304.853
305.018
304.813
305.06
304.968
305.185
304.974
305.179
304.853
305.018
305.06
304.813
304.968
305.185
304.974
305.179
305.373
305.179
305.327
305.222
306.059
306.141
306.066
306.133
305.499
305.351
305.345
305.505
305.373
305.179
305.222
305.327
306.059
306.141
306.066
306.133
305.499
305.351
305.345
305.505
304.712
304.971
304.767
304.912
304.296
304.359
304.183
304.479
303.902
304.234
304.063
304.063
305.214
305.128
305.276
305.068
305.214
305.128
305.069
305.276
304.749
304.494
304.618
304.618
304.712
304.971
304.913
304.767
304.296
304.359
304.183
304.479
304.854
305.018
304.813
305.06
304.968
305.185
305.179
304.974
305.373
305.179
305.327
305.222
306.059
306.141
306.066
306.133
305.499
305.351
305.345
305.505
304.853
305.018
305.06
304.813
304.968
305.185
304.974
305.179
306.059
306.141
306.066
306.133
305.373
305.179
305.222
305.327
305.499
305.351
305.505
305.345
306.25
306.203
306.196
306.258
306.25
306.203
306.196
306.258
306.403
306.418
306.411
306.411
306.25
306.203
306.196
306.258
306.25
306.203
306.258
306.196
306.403
306.418
306.411
306.411
306.25
306.203
306.196
306.258
306.25
306.203
306.258
306.196
306.403
306.418
306.411
306.411
306.25
306.203
306.258
306.196
306.25
306.203
306.258
306.196
306.403
306.418
306.411
306.411
305.373
305.179
305.327
305.222
306.059
306.141
306.133
306.066
305.499
305.351
305.345
305.505
304.854
305.018
304.813
305.06
304.968
305.185
305.179
304.974
306.059
306.141
306.133
306.066
305.373
305.179
305.222
305.327
305.499
305.351
305.505
305.345
304.854
305.018
305.06
304.813
304.968
305.185
304.974
305.179
304.712
304.971
304.767
304.913
304.296
304.359
304.479
304.183
305.214
305.128
305.276
305.069
305.214
305.128
305.069
305.276
304.749
304.494
304.618
304.618
303.902
304.234
304.063
304.063
304.712
304.971
304.913
304.767
304.296
304.359
304.479
304.183
306.059
306.141
306.133
306.066
305.373
305.179
305.327
305.222
305.499
305.351
305.505
305.345
306.059
306.141
306.133
306.066
305.373
305.179
305.222
305.327
305.499
305.351
305.505
305.345
304.853
305.018
304.813
305.06
304.968
305.185
305.179
304.974
304.853
305.018
305.06
304.813
304.968
305.185
305.179
304.974
305.214
305.128
305.276
305.069
305.214
305.128
305.276
305.068
304.749
304.494
304.618
304.618
304.712
304.971
304.767
304.913
304.296
304.359
304.479
304.183
304.712
304.971
304.767
304.912
304.296
304.359
304.479
304.183
303.902
304.234
304.063
304.063
305.579
305.401
305.489
305.489
305.658
305.633
305.726
305.566
305.658
305.633
305.726
305.566
305.875
305.814
305.78
305.91
305.833
305.689
305.783
305.738
305.961
306.07
306.034
305.996
305.875
305.814
305.78
305.91
305.833
305.689
305.783
305.738
305.961
306.07
306.034
305.996
305.579
305.401
305.489
305.489
305.658
305.633
305.726
305.566
305.658
305.633
305.726
305.566
305.875
305.814
305.78
305.91
305.833
305.689
305.783
305.738
305.961
306.07
306.034
305.996
305.875
305.814
305.91
305.78
305.961
306.07
306.034
305.996
305.833
305.689
305.783
305.738
306.194
306.269
306.231
306.231
306.148
306.131
306.094
306.185
306.148
306.131
306.094
306.185
306.194
306.269
306.231
306.231
306.148
306.131
306.094
306.185
306.148
306.131
306.094
306.185
306.194
306.269
306.231
306.231
306.148
306.131
306.094
306.185
306.148
306.131
306.094
306.185
306.194
306.269
306.231
306.231
306.148
306.131
306.094
306.185
306.148
306.131
306.094
306.185
305.875
305.814
305.78
305.91
305.833
305.689
305.783
305.738
305.961
306.07
306.034
305.996
305.875
305.814
305.91
305.78
305.961
306.07
306.034
305.996
305.833
305.689
305.783
305.738
305.579
305.401
305.489
305.489
305.658
305.633
305.726
305.566
305.658
305.633
305.726
305.566
305.875
305.814
305.91
305.78
305.961
306.07
306.034
305.996
305.833
305.689
305.783
305.738
305.875
305.814
305.91
305.78
305.961
306.07
306.034
305.996
305.833
305.689
305.783
305.738
305.579
305.401
305.489
305.489
305.658
305.633
305.726
305.566
305.658
305.633
305.726
305.566
303.524
303.061
303.251
303.251
303.699
303.557
303.432
303.851
303.699
303.557
303.432
303.851
304.407
304.024
304.083
304.337
304.467
304.191
304.146
304.521
304.647
304.769
304.575
304.845
304.171
303.944
303.869
304.261
304.075
303.677
303.965
303.768
304.402
304.687
304.495
304.589
304.407
304.024
304.083
304.337
304.467
304.191
304.146
304.521
304.647
304.769
304.575
304.845
304.172
303.944
303.869
304.261
304.075
303.677
303.965
303.768
304.402
304.687
304.495
304.589
305.273
305.302
305.388
305.189
305.347
305.53
305.465
305.411
305.142
304.921
304.999
305.061
305.273
305.302
305.388
305.189
305.347
305.53
305.465
305.411
305.142
304.921
304.999
305.061
304.99
305.208
305.097
305.097
304.866
304.833
304.733
304.971
304.866
304.833
304.733
304.971
304.637
304.329
304.306
304.665
304.604
304.238
304.271
304.565
304.889
305.127
304.917
305.097
304.702
304.352
304.366
304.686
304.713
304.382
304.377
304.718
304.956
305.15
304.94
305.167
304.637
304.329
304.306
304.665
304.604
304.238
304.271
304.565
304.889
305.127
304.917
305.097
304.702
304.352
304.366
304.686
304.713
304.382
304.718
304.377
304.956
305.15
304.94
305.167
305.55
305.707
305.673
305.583
305.51
305.584
305.632
305.464
305.411
305.29
305.26
305.443
305.958
305.841
305.938
305.861
306.045
306.098
306.024
306.119
305.972
305.881
305.874
305.979
305.627
305.732
305.608
305.752
305.486
305.315
305.333
305.468
305.64
305.772
305.765
305.647
305.55
305.707
305.673
305.583
305.51
305.584
305.632
305.464
305.411
305.29
305.26
305.443
305.958
305.841
305.938
305.861
306.045
306.098
306.024
306.119
305.972
305.881
305.979
305.874
305.627
305.732
305.608
305.752
305.486
305.315
305.333
305.468
305.64
305.772
305.647
305.765
304.407
304.024
304.083
304.337
304.467
304.191
304.146
304.521
304.647
304.769
304.575
304.845
304.171
303.944
303.869
304.261
304.075
303.677
303.768
303.965
304.402
304.687
304.495
304.589
303.524
303.061
303.251
303.251
303.699
303.557
303.851
303.432
303.699
303.557
303.432
303.851
305.273
305.302
305.388
305.189
305.347
305.53
305.465
305.411
305.142
304.921
304.999
305.061
305.273
305.302
305.388
305.189
305.347
305.53
305.465
305.411
305.142
304.921
305.061
304.999
304.99
305.208
305.097
305.097
304.866
304.833
304.733
304.971
304.866
304.833
304.971
304.733
304.407
304.024
304.083
304.337
304.467
304.191
304.146
304.521
304.647
304.769
304.845
304.575
304.172
303.944
303.869
304.261
304.075
303.677
303.965
303.768
304.402
304.687
304.589
304.495
304.637
304.329
304.306
304.665
304.604
304.238
304.271
304.565
304.889
305.127
304.917
305.097
304.702
304.352
304.686
304.366
304.956
305.15
304.94
305.167
304.713
304.382
304.377
304.718
305.55
305.707
305.673
305.583
305.51
305.584
305.632
305.464
305.411
305.29
305.26
305.443
305.958
305.841
305.938
305.861
306.045
306.098
306.024
306.119
305.972
305.881
305.874
305.979
305.627
305.732
305.608
305.752
305.486
305.315
305.333
305.468
305.64
305.772
305.765
305.647
304.637
304.329
304.306
304.665
304.604
304.238
304.271
304.565
304.889
305.127
304.917
305.097
304.702
304.352
304.366
304.686
304.713
304.382
304.718
304.377
304.956
305.15
304.94
305.167
305.958
305.841
305.938
305.861
306.045
306.098
306.024
306.119
305.972
305.881
305.979
305.874
305.55
305.707
305.673
305.583
305.51
305.584
305.632
305.464
305.411
305.29
305.26
305.443
305.627
305.732
305.752
305.608
305.64
305.772
305.647
305.765
305.486
305.315
305.333
305.468
306.282
306.299
306.26
306.321
306.236
306.16
306.214
306.181
306.297
306.343
306.336
306.305
306.282
306.299
306.26
306.321
306.236
306.16
306.214
306.181
306.297
306.343
306.336
306.305
306.373
306.328
306.351
306.351
306.388
306.373
306.366
306.396
306.388
306.373
306.366
306.396
306.282
306.299
306.26
306.321
306.236
306.16
306.214
306.181
306.297
306.343
306.305
306.336
306.282
306.299
306.26
306.321
306.236
306.16
306.214
306.181
306.297
306.343
306.336
306.305
306.373
306.328
306.351
306.351
306.388
306.373
306.396
306.366
306.388
306.373
306.366
306.396
306.282
306.299
306.26
306.321
306.236
306.16
306.214
306.181
306.297
306.343
306.305
306.336
306.282
306.299
306.26
306.321
306.236
306.16
306.214
306.181
306.297
306.343
306.336
306.305
306.373
306.328
306.351
306.351
306.388
306.373
306.396
306.366
306.388
306.373
306.366
306.396
306.282
306.299
306.26
306.321
306.236
306.16
306.214
306.181
306.297
306.343
306.305
306.336
306.282
306.299
306.26
306.321
306.236
306.16
306.214
306.181
306.297
306.343
306.305
306.336
306.373
306.328
306.351
306.351
306.388
306.373
306.396
306.366
306.388
306.373
306.396
306.366
305.55
305.707
305.673
305.583
305.51
305.584
305.632
305.464
305.411
305.29
305.443
305.26
305.958
305.841
305.938
305.861
306.045
306.098
306.024
306.119
305.972
305.881
305.874
305.979
305.627
305.732
305.608
305.752
305.486
305.315
305.468
305.333
305.64
305.772
305.765
305.647
304.637
304.329
304.306
304.665
304.604
304.238
304.271
304.565
304.889
305.127
305.097
304.917
304.702
304.352
304.686
304.366
304.956
305.15
305.167
304.94
304.713
304.382
304.377
304.718
305.958
305.841
305.938
305.861
306.045
306.098
306.024
306.119
305.972
305.881
305.979
305.874
305.55
305.707
305.673
305.583
305.51
305.584
305.632
305.464
305.411
305.29
305.443
305.26
305.627
305.732
305.752
305.608
305.64
305.772
305.647
305.765
305.486
305.315
305.468
305.333
304.637
304.329
304.306
304.665
304.604
304.238
304.271
304.565
304.889
305.127
305.097
304.917
304.702
304.352
304.366
304.686
304.713
304.382
304.718
304.377
304.956
305.15
305.167
304.94
304.407
304.024
304.083
304.337
304.467
304.191
304.146
304.521
304.647
304.769
304.575
304.845
304.172
303.944
304.261
303.869
304.402
304.687
304.495
304.589
304.075
303.677
303.768
303.965
305.273
305.302
305.388
305.189
305.347
305.53
305.465
305.411
305.142
304.921
304.999
305.061
305.273
305.302
305.388
305.189
305.347
305.53
305.465
305.411
305.142
304.921
305.061
304.999
304.99
305.208
305.097
305.097
304.866
304.833
304.733
304.971
304.866
304.833
304.971
304.733
303.524
303.061
303.251
303.251
303.699
303.557
303.851
303.432
303.699
303.557
303.432
303.851
304.407
304.024
304.083
304.337
304.467
304.191
304.146
304.521
304.647
304.769
304.845
304.575
304.172
303.944
304.261
303.869
304.402
304.687
304.589
304.495
304.075
303.677
303.965
303.768
305.958
305.841
305.938
305.861
306.045
306.098
306.024
306.119
305.972
305.881
305.874
305.979
305.55
305.707
305.673
305.583
305.51
305.584
305.632
305.464
305.411
305.29
305.443
305.26
305.627
305.732
305.752
305.608
305.64
305.772
305.765
305.647
305.486
305.315
305.468
305.333
305.958
305.841
305.938
305.861
306.045
306.098
306.024
306.119
305.972
305.881
305.979
305.874
305.55
305.707
305.673
305.583
305.51
305.584
305.632
305.464
305.411
305.29
305.443
305.26
305.627
305.732
305.752
305.608
305.64
305.772
305.647
305.765
305.486
305.315
305.468
305.333
304.637
304.329
304.306
304.665
304.604
304.238
304.271
304.565
304.889
305.127
305.097
304.917
304.702
304.352
304.686
304.366
304.956
305.15
305.167
304.94
304.713
304.382
304.377
304.718
304.637
304.329
304.306
304.665
304.604
304.238
304.271
304.565
304.889
305.127
305.097
304.917
304.702
304.352
304.686
304.366
304.956
305.15
305.167
304.94
304.713
304.382
304.718
304.377
305.273
305.302
305.388
305.189
305.347
305.53
305.465
305.411
305.142
304.921
305.061
304.999
305.273
305.302
305.388
305.189
305.347
305.53
305.465
305.411
305.142
304.921
305.061
304.999
304.99
305.208
305.097
305.097
304.866
304.833
304.971
304.733
304.866
304.833
304.971
304.733
304.407
304.024
304.083
304.337
304.467
304.191
304.146
304.521
304.647
304.769
304.845
304.575
304.172
303.944
304.261
303.869
304.402
304.687
304.589
304.495
304.075
303.677
303.768
303.965
304.407
304.024
304.083
304.337
304.467
304.191
304.146
304.521
304.647
304.769
304.845
304.575
304.171
303.944
304.261
303.869
304.402
304.687
304.589
304.495
304.075
303.677
303.768
303.965
303.524
303.061
303.251
303.251
303.699
303.557
303.851
303.432
303.699
303.557
303.851
303.432
)
;
        refGradient     uniform 0;
        valueFraction   nonuniform List<scalar> 
1600
(
0.0134098
0.0134098
0.0134098
0.0134098
0.0134098
0.0134098
0.0134098
0.0134098
0.0134098
0.0134098
0.0134098
0.0134098
0.0134098
0.0134098
0.0134098
0.0134098
0.0134098
0.0134098
0.0134098
0.0134098
0.0134098
0.0134098
0.0134098
0.0134098
0.0134098
0.0134098
0.0134098
0.0134098
0.0134098
0.0134098
0.0134098
0.0134098
0.0134098
0.0134098
0.0134098
0.0134098
0.0134098
0.0134098
0.0134098
0.0134098
0.0134098
0.0134098
0.0134098
0.0134098
0.0134098
0.0134098
0.0134098
0.0134098
0.0134098
0.0134098
0.0134098
0.0134098
0.0134098
0.0134098
0.0134098
0.0134098
0.0134098
0.0134098
0.0134098
0.0134098
0.0134098
0.0134098
0.0134098
0.0134098
0.0134098
0.0134098
0.0134098
0.0134098
0.0134098
0.0134098
0.0134098
0.0134098
0.0134098
0.0134098
0.0134098
0.0134098
0.0134098
0.0134098
0.0134098
0.0134098
0.0134098
0.0134098
0.0134098
0.0134098
0.0134098
0.0134098
0.0134098
0.0134098
0.0134098
0.0134098
0.0134098
0.0134098
0.0134098
0.0134098
0.0134098
0.0134098
0.0134098
0.0134098
0.0134098
0.0134098
0.0134098
0.0134098
0.0134098
0.0134098
0.0134098
0.0134098
0.0134098
0.0134098
0.0134098
0.0134098
0.0134098
0.0134098
0.0134098
0.0134098
0.0134098
0.0134098
0.0134098
0.0134098
0.0134098
0.0134098
0.0134098
0.0134098
0.0134098
0.0134098
0.0134098
0.0134098
0.0134098
0.0134098
0.0134098
0.0134098
0.0134098
0.0134098
0.0134098
0.0134098
0.0134098
0.0134098
0.0134098
0.0134098
0.0134098
0.0134098
0.0134098
0.0134098
0.0134098
0.0134098
0.0134098
0.0134098
0.0134098
0.0134098
0.0134098
0.0134098
0.0134098
0.0134098
0.0134098
0.0134098
0.0134098
0.0134098
0.0134098
0.0134098
0.0134098
0.0134098
0.0134098
0.0134098
0.0134098
0.0134098
0.0134098
0.0134098
0.0134098
0.0134098
0.0134098
0.0134098
0.0134098
0.0134098
0.0134098
0.0134098
0.0134098
0.0134098
0.0134098
0.0134098
0.0134098
0.0134098
0.0134098
0.0134098
0.0134098
0.0134098
0.0134098
0.0134098
0.0134098
0.0134098
0.0134098
0.0134098
0.0134098
0.0134098
0.0134098
0.0134098
0.0134098
0.0134098
0.0134098
0.0134098
0.0134098
0.0134098
0.0134098
0.0134098
0.0134098
0.0134098
0.0134098
0.0134098
0.0134098
0.0134098
0.0134098
0.0134098
0.0134098
0.0134098
0.0134098
0.0134098
0.0134098
0.0134098
0.0134098
0.0134098
0.0134098
0.0134098
0.0134098
0.0134098
0.0134098
0.0134098
0.0134098
0.0134098
0.0134098
0.0134098
0.0134098
0.0134098
0.0134098
0.0134098
0.0134098
0.0134098
0.0134098
0.0134098
0.0134098
0.0134098
0.0134098
0.0134098
0.0134098
0.0134098
0.0134098
0.0134098
0.0134098
0.0134098
0.0134098
0.0134098
0.0134098
0.0134098
0.0134098
0.0134098
0.0134098
0.0134098
0.0134098
0.0134098
0.0134098
0.0134098
0.0134098
0.0134098
0.0134098
0.0134098
0.0134098
0.0134098
0.0134098
0.0134098
0.0134098
0.0134098
0.0134098
0.0134098
0.0134098
0.0134098
0.0134098
0.0134098
0.0134098
0.0134098
0.0134098
0.0134098
0.0134098
0.0134098
0.0134098
0.0134098
0.0134098
0.0134098
0.0134098
0.0134098
0.0134098
0.0134098
0.0134098
0.0134098
0.0134098
0.0134098
0.0134098
0.0134098
0.0134098
0.0134098
0.0134098
0.0134098
0.0134098
0.0134098
0.0134098
0.0134098
0.0134098
0.0134098
0.0134098
0.0134098
0.0134098
0.0134098
0.0134098
0.0134098
0.0134098
0.0134098
0.0134098
0.0134098
0.0134098
0.0134098
0.0134098
0.0134098
0.0134098
0.0134098
0.0134098
0.0134098
0.0134098
0.0134098
0.0134098
0.0134098
0.0134098
0.0134098
0.0134098
0.0134098
0.0134098
0.0134098
0.0134098
0.0134098
0.0134098
0.0134098
0.0134098
0.0134098
0.0134098
0.0134098
0.0134098
0.0134098
0.0134098
0.0134098
0.0134098
0.0134098
0.0134098
0.0134098
0.0134098
0.0134098
0.0134098
0.0134098
0.0134098
0.0134098
0.0134098
0.0134098
0.0134098
0.0134098
0.0134098
0.0134098
0.0134098
0.0134098
0.0134098
0.0134098
0.0134098
0.0134098
0.0134098
0.0134098
0.0134098
0.0134098
0.0134098
0.0134098
0.0134098
0.0134098
0.0134098
0.0134098
0.0134098
0.0134098
0.0134098
0.0134098
0.0134098
0.0134098
0.0134098
0.0134098
0.0134098
0.0134098
0.0134098
0.0134098
0.0134098
0.0134098
0.0134098
0.0134098
0.0134098
0.0134098
0.0134098
0.0134098
0.0134098
0.0134098
0.0134098
0.0134098
0.0134098
0.0134098
0.0134098
0.0134098
0.0134098
0.0134098
0.0134098
0.0134098
0.0134098
0.0134098
0.0134098
0.0134098
0.0134098
0.0134098
0.0134098
0.0134098
0.0134098
0.0134098
0.0134098
0.0134098
0.0134098
0.0134098
0.0134098
0.0134098
0.0134098
0.0134098
0.0134098
0.0134098
0.0134098
0.0134098
0.0134098
0.0134098
0.0134098
0.0134098
0.0134098
0.0134098
0.0134098
0.0134098
0.0134098
0.0134098
0.0134098
0.0134098
0.0134098
0.0134098
0.0134098
0.0134098
0.0134098
0.0134098
0.0134098
0.0134098
0.0134098
0.0134098
0.0134098
0.0134098
0.0134098
0.0134098
0.0134098
0.0134098
0.0134098
0.0134098
0.0134098
0.0134098
0.0134098
0.0134098
0.0134098
0.0134098
0.0134098
0.0134098
0.0134098
0.0134098
0.0134098
0.0134098
0.0134098
0.0134098
0.0134098
0.0134098
0.0134098
0.0134098
0.0134098
0.0134098
0.0134098
0.0134098
0.0134098
0.0134098
0.0134098
0.0134098
0.0134098
0.0134098
0.0134098
0.0134098
0.0134098
0.0134098
0.0134098
0.0134098
0.0134098
0.0134098
0.0134098
0.0134098
0.0134098
0.0134098
0.0134098
0.0134098
0.0134098
0.0134098
0.0134098
0.0134098
0.0134098
0.0134098
0.0134098
0.0134098
0.0134098
0.0134098
0.0134098
0.0134098
0.0134098
0.0134098
0.0134098
0.0134098
0.0134098
0.0134098
0.0134098
0.0134098
0.0134098
0.0134098
0.0134098
0.0134098
0.0134098
0.0134098
0.0134098
0.0134098
0.0134098
0.0134098
0.0134098
0.0134098
0.0134098
0.0134098
0.0134098
0.0134098
0.0134098
0.0134098
0.0134098
0.0134098
0.0134098
0.0134098
0.0134098
0.0134098
0.0134098
0.0134098
0.0134098
0.0134098
0.0134098
0.0134098
0.0134098
0.0134098
0.0134098
0.0134098
0.0134098
0.0134098
0.0134098
0.0134098
0.0134098
0.0134098
0.0134098
0.0134098
0.0134098
0.0134098
0.0134098
0.0134098
0.0134098
0.0134098
0.0134098
0.0134098
0.0134098
0.0134098
0.0134098
0.0134098
0.0134098
0.0134098
0.0134098
0.0134098
0.0134098
0.0134098
0.0134098
0.0134098
0.0134098
0.0134098
0.0134098
0.0134098
0.0134098
0.0134098
0.0134098
0.0134098
0.0133615
0.0119868
0.0126626
0.0126626
0.0133842
0.0126909
0.0126847
0.0133842
0.0133842
0.0126909
0.0126847
0.0133842
0.0133842
0.0126962
0.0126962
0.0133842
0.0133842
0.0126962
0.0126962
0.0133842
0.0134098
0.0134098
0.0134098
0.0134098
0.0133842
0.0126962
0.0126962
0.0133842
0.0133842
0.0126962
0.0133842
0.0126962
0.0134098
0.0134098
0.0134098
0.0134098
0.0133842
0.0126962
0.0126962
0.0133842
0.0133842
0.0126962
0.0126962
0.0133842
0.0134098
0.0134098
0.0134098
0.0134098
0.0133842
0.0126962
0.0126962
0.0133842
0.0133842
0.0126962
0.0133842
0.0126962
0.0134098
0.0134098
0.0134098
0.0134098
0.0134098
0.0134098
0.0134098
0.0134098
0.0134098
0.0134098
0.0134098
0.0134098
0.0134098
0.0134098
0.0134098
0.0134098
0.0134098
0.0134098
0.0134098
0.0134098
0.0134098
0.0134098
0.0134098
0.0134098
0.0134098
0.0134098
0.0134098
0.0134098
0.0134098
0.0134098
0.0134098
0.0134098
0.0134098
0.0134098
0.0134098
0.0134098
0.0134098
0.0134098
0.0134098
0.0134098
0.0133842
0.0126962
0.0126962
0.0133842
0.0133842
0.0126962
0.0126962
0.0133842
0.0134098
0.0134098
0.0134098
0.0134098
0.0133842
0.0126962
0.0126962
0.0133842
0.0133842
0.0126962
0.0126962
0.0133842
0.0134098
0.0134098
0.0134098
0.0134098
0.0133842
0.0126962
0.0126962
0.0133842
0.0133842
0.0126962
0.0126962
0.0133842
0.0134098
0.0134098
0.0134098
0.0134098
0.0133842
0.0126962
0.0126962
0.0133842
0.0133842
0.0126962
0.0133842
0.0126962
0.0134098
0.0134098
0.0134098
0.0134098
0.0134098
0.0134098
0.0134098
0.0134098
0.0134098
0.0134098
0.0134098
0.0134098
0.0134098
0.0134098
0.0134098
0.0134098
0.0134098
0.0134098
0.0134098
0.0134098
0.0134098
0.0134098
0.0134098
0.0134098
0.0134098
0.0134098
0.0134098
0.0134098
0.0134098
0.0134098
0.0134098
0.0134098
0.0134098
0.0134098
0.0134098
0.0134098
0.0134098
0.0134098
0.0134098
0.0134098
0.0134098
0.0134098
0.0134098
0.0134098
0.0134098
0.0134098
0.0134098
0.0134098
0.0134098
0.0134098
0.0134098
0.0134098
0.0134098
0.0134098
0.0134098
0.0134098
0.0134098
0.0134098
0.0134098
0.0134098
0.0134098
0.0134098
0.0134098
0.0134098
0.0134098
0.0134098
0.0134098
0.0134098
0.0134098
0.0134098
0.0134098
0.0134098
0.0134098
0.0134098
0.0134098
0.0134098
0.0133842
0.0126962
0.0126962
0.0133842
0.0133842
0.0126962
0.0126962
0.0133842
0.0134098
0.0134098
0.0134098
0.0134098
0.0133842
0.0126962
0.0126962
0.0133842
0.0133842
0.0126962
0.0126962
0.0133842
0.0134098
0.0134098
0.0134098
0.0134098
0.0133615
0.0119868
0.0126626
0.0126626
0.0133842
0.0126909
0.0133842
0.0126847
0.0133842
0.0126909
0.0126847
0.0133842
0.0134098
0.0134098
0.0134098
0.0134098
0.0134098
0.0134098
0.0134098
0.0134098
0.0134098
0.0134098
0.0134098
0.0134098
0.0134098
0.0134098
0.0134098
0.0134098
0.0134098
0.0134098
0.0134098
0.0134098
0.0134098
0.0134098
0.0134098
0.0134098
0.0134098
0.0134098
0.0134098
0.0134098
0.0134098
0.0134098
0.0134098
0.0134098
0.0134098
0.0134098
0.0134098
0.0134098
0.0133842
0.0126962
0.0126962
0.0133842
0.0133842
0.0126962
0.0126962
0.0133842
0.0134098
0.0134098
0.0134098
0.0134098
0.0133842
0.0126962
0.0126962
0.0133842
0.0133842
0.0126962
0.0133842
0.0126962
0.0134098
0.0134098
0.0134098
0.0134098
0.0133842
0.0126962
0.0126962
0.0133842
0.0133842
0.0126962
0.0126962
0.0133842
0.0134098
0.0134098
0.0134098
0.0134098
0.0133842
0.0126962
0.0133842
0.0126962
0.0134098
0.0134098
0.0134098
0.0134098
0.0133842
0.0126962
0.0126962
0.0133842
0.0134098
0.0134098
0.0134098
0.0134098
0.0134098
0.0134098
0.0134098
0.0134098
0.0134098
0.0134098
0.0134098
0.0134098
0.0134098
0.0134098
0.0134098
0.0134098
0.0134098
0.0134098
0.0134098
0.0134098
0.0134098
0.0134098
0.0134098
0.0134098
0.0134098
0.0134098
0.0134098
0.0134098
0.0134098
0.0134098
0.0134098
0.0134098
0.0134098
0.0134098
0.0134098
0.0134098
0.0133842
0.0126962
0.0126962
0.0133842
0.0133842
0.0126962
0.0126962
0.0133842
0.0134098
0.0134098
0.0134098
0.0134098
0.0133842
0.0126962
0.0126962
0.0133842
0.0133842
0.0126962
0.0133842
0.0126962
0.0134098
0.0134098
0.0134098
0.0134098
0.0134098
0.0134098
0.0134098
0.0134098
0.0134098
0.0134098
0.0134098
0.0134098
0.0134098
0.0134098
0.0134098
0.0134098
0.0134098
0.0134098
0.0134098
0.0134098
0.0134098
0.0134098
0.0134098
0.0134098
0.0134098
0.0134098
0.0134098
0.0134098
0.0134098
0.0134098
0.0134098
0.0134098
0.0134098
0.0134098
0.0134098
0.0134098
0.0134098
0.0134098
0.0134098
0.0134098
0.0134098
0.0134098
0.0134098
0.0134098
0.0134098
0.0134098
0.0134098
0.0134098
0.0134098
0.0134098
0.0134098
0.0134098
0.0134098
0.0134098
0.0134098
0.0134098
0.0134098
0.0134098
0.0134098
0.0134098
0.0134098
0.0134098
0.0134098
0.0134098
0.0134098
0.0134098
0.0134098
0.0134098
0.0134098
0.0134098
0.0134098
0.0134098
0.0134098
0.0134098
0.0134098
0.0134098
0.0134098
0.0134098
0.0134098
0.0134098
0.0134098
0.0134098
0.0134098
0.0134098
0.0134098
0.0134098
0.0134098
0.0134098
0.0134098
0.0134098
0.0134098
0.0134098
0.0134098
0.0134098
0.0134098
0.0134098
0.0134098
0.0134098
0.0134098
0.0134098
0.0134098
0.0134098
0.0134098
0.0134098
0.0134098
0.0134098
0.0134098
0.0134098
0.0134098
0.0134098
0.0134098
0.0134098
0.0134098
0.0134098
0.0134098
0.0134098
0.0134098
0.0134098
0.0134098
0.0134098
0.0134098
0.0134098
0.0134098
0.0134098
0.0134098
0.0134098
0.0134098
0.0134098
0.0134098
0.0134098
0.0134098
0.0134098
0.0134098
0.0134098
0.0134098
0.0134098
0.0134098
0.0134098
0.0134098
0.0134098
0.0134098
0.0134098
0.0134098
0.0134098
0.0134098
0.0134098
0.0134098
0.0134098
0.0134098
0.0134098
0.0134098
0.0134098
0.0134098
0.0134098
0.0134098
0.0134098
0.0134098
0.0134098
0.0134098
0.0134098
0.0134098
0.0134098
0.0134098
0.0134098
0.0134098
0.0134098
0.0134098
0.0134098
0.0134098
0.0134098
0.0134098
0.0134098
0.0134098
0.0134098
0.0134098
0.0134098
0.0134098
0.0134098
0.0134098
0.0134098
0.0134098
0.0134098
0.0134098
0.0134098
0.0134098
0.0134098
0.0134098
0.0134098
0.0134098
0.0134098
0.0134098
0.0134098
0.0134098
0.0134098
0.0134098
0.0134098
0.0134098
0.0134098
0.0134098
0.0134098
0.0134098
0.0134098
0.0134098
0.0134098
0.0134098
0.0134098
0.0134098
0.0134098
0.0134098
0.0134098
0.0134098
0.0134098
0.0134098
0.0134098
0.0134098
0.0134098
0.0134098
0.0134098
0.0134098
0.0134098
0.0133842
0.0126962
0.0126962
0.0133842
0.0133842
0.0126962
0.0126962
0.0133842
0.0134098
0.0134098
0.0134098
0.0134098
0.0133842
0.0126962
0.0133842
0.0126962
0.0134098
0.0134098
0.0134098
0.0134098
0.0133842
0.0126962
0.0126962
0.0133842
0.0134098
0.0134098
0.0134098
0.0134098
0.0134098
0.0134098
0.0134098
0.0134098
0.0134098
0.0134098
0.0134098
0.0134098
0.0134098
0.0134098
0.0134098
0.0134098
0.0134098
0.0134098
0.0134098
0.0134098
0.0134098
0.0134098
0.0134098
0.0134098
0.0134098
0.0134098
0.0134098
0.0134098
0.0134098
0.0134098
0.0134098
0.0134098
0.0134098
0.0134098
0.0134098
0.0134098
0.0133842
0.0126962
0.0126962
0.0133842
0.0133842
0.0126962
0.0126962
0.0133842
0.0134098
0.0134098
0.0134098
0.0134098
0.0133842
0.0126962
0.0126962
0.0133842
0.0133842
0.0126962
0.0133842
0.0126962
0.0134098
0.0134098
0.0134098
0.0134098
0.0133842
0.0126962
0.0126962
0.0133842
0.0133842
0.0126962
0.0126962
0.0133842
0.0134098
0.0134098
0.0134098
0.0134098
0.0133842
0.0126962
0.0133842
0.0126962
0.0134098
0.0134098
0.0134098
0.0134098
0.0133842
0.0126962
0.0126962
0.0133842
0.0134098
0.0134098
0.0134098
0.0134098
0.0134098
0.0134098
0.0134098
0.0134098
0.0134098
0.0134098
0.0134098
0.0134098
0.0134098
0.0134098
0.0134098
0.0134098
0.0134098
0.0134098
0.0134098
0.0134098
0.0134098
0.0134098
0.0134098
0.0134098
0.0134098
0.0134098
0.0134098
0.0134098
0.0134098
0.0134098
0.0134098
0.0134098
0.0134098
0.0134098
0.0134098
0.0134098
0.0133615
0.0119868
0.0126626
0.0126626
0.0133842
0.0126909
0.0133842
0.0126847
0.0133842
0.0126909
0.0126847
0.0133842
0.0133842
0.0126962
0.0126962
0.0133842
0.0133842
0.0126962
0.0126962
0.0133842
0.0134098
0.0134098
0.0134098
0.0134098
0.0133842
0.0126962
0.0133842
0.0126962
0.0134098
0.0134098
0.0134098
0.0134098
0.0133842
0.0126962
0.0133842
0.0126962
0.0134098
0.0134098
0.0134098
0.0134098
0.0134098
0.0134098
0.0134098
0.0134098
0.0134098
0.0134098
0.0134098
0.0134098
0.0134098
0.0134098
0.0134098
0.0134098
0.0134098
0.0134098
0.0134098
0.0134098
0.0134098
0.0134098
0.0134098
0.0134098
0.0134098
0.0134098
0.0134098
0.0134098
0.0134098
0.0134098
0.0134098
0.0134098
0.0134098
0.0134098
0.0134098
0.0134098
0.0134098
0.0134098
0.0134098
0.0134098
0.0134098
0.0134098
0.0134098
0.0134098
0.0134098
0.0134098
0.0134098
0.0134098
0.0134098
0.0134098
0.0134098
0.0134098
0.0134098
0.0134098
0.0134098
0.0134098
0.0134098
0.0134098
0.0134098
0.0134098
0.0134098
0.0134098
0.0134098
0.0134098
0.0134098
0.0134098
0.0134098
0.0134098
0.0134098
0.0134098
0.0134098
0.0134098
0.0133842
0.0126962
0.0126962
0.0133842
0.0133842
0.0126962
0.0126962
0.0133842
0.0134098
0.0134098
0.0134098
0.0134098
0.0133842
0.0126962
0.0133842
0.0126962
0.0134098
0.0134098
0.0134098
0.0134098
0.0133842
0.0126962
0.0126962
0.0133842
0.0133842
0.0126962
0.0126962
0.0133842
0.0133842
0.0126962
0.0126962
0.0133842
0.0134098
0.0134098
0.0134098
0.0134098
0.0133842
0.0126962
0.0133842
0.0126962
0.0134098
0.0134098
0.0134098
0.0134098
0.0133842
0.0126962
0.0133842
0.0126962
0.0134098
0.0134098
0.0134098
0.0134098
0.0134098
0.0134098
0.0134098
0.0134098
0.0134098
0.0134098
0.0134098
0.0134098
0.0134098
0.0134098
0.0134098
0.0134098
0.0134098
0.0134098
0.0134098
0.0134098
0.0134098
0.0134098
0.0134098
0.0134098
0.0134098
0.0134098
0.0134098
0.0134098
0.0134098
0.0134098
0.0134098
0.0134098
0.0134098
0.0134098
0.0134098
0.0134098
0.0133842
0.0126962
0.0126962
0.0133842
0.0133842
0.0126962
0.0126962
0.0133842
0.0134098
0.0134098
0.0134098
0.0134098
0.0133842
0.0126962
0.0133842
0.0126962
0.0134098
0.0134098
0.0134098
0.0134098
0.0133842
0.0126962
0.0126962
0.0133842
0.0133842
0.0126962
0.0126962
0.0133842
0.0133842
0.0126962
0.0126962
0.0133842
0.0134098
0.0134098
0.0134098
0.0134098
0.0133842
0.0126962
0.0133842
0.0126962
0.0134098
0.0134098
0.0134098
0.0134098
0.0133842
0.0126962
0.0126962
0.0133842
0.0133615
0.0119868
0.0126626
0.0126626
0.0133842
0.0126909
0.0133842
0.0126847
0.0133842
0.0126909
0.0133842
0.0126847
)
;
        source          uniform 0;
        logInterval     -1;
        thicknessLayers List<scalar> 1(0.0001);
        kappaLayers     List<scalar> 1(33.33);
        writePrecision  6;
        updateHeader    1;
        writeToFile     0;
        useUserTime     1;
        kappaMethod     solidThermo;
        value           nonuniform List<scalar> 
1600
(
308.015
308.154
308.084
308.084
308.196
308.215
308.144
308.268
308.196
308.215
308.144
308.268
308.015
308.154
308.084
308.084
308.196
308.215
308.144
308.268
308.196
308.215
308.268
308.144
308.384
308.277
308.33
308.33
308.384
308.277
308.33
308.33
308.384
308.277
308.33
308.33
308.384
308.277
308.33
308.33
308.196
308.215
308.144
308.268
308.196
308.215
308.268
308.144
308.015
308.154
308.084
308.084
308.196
308.215
308.268
308.144
308.196
308.215
308.268
308.144
308.015
308.154
308.084
308.084
306.47
306.69
306.576
306.576
307.181
307.364
307.304
307.239
306.778
306.794
306.679
306.895
307.181
307.364
307.304
307.239
306.779
306.794
306.679
306.895
307.54
307.485
307.424
307.602
307.54
307.485
307.424
307.603
307.111
306.902
307.005
307.005
307.333
307.416
307.29
307.461
307.456
307.592
307.462
307.586
307.333
307.416
307.461
307.29
307.456
307.592
307.462
307.586
307.704
307.539
307.657
307.585
308.342
308.423
308.349
308.416
307.836
307.719
307.713
307.842
307.704
307.539
307.585
307.657
308.342
308.423
308.349
308.416
307.836
307.719
307.713
307.842
307.181
307.364
307.239
307.304
306.778
306.794
306.679
306.895
306.47
306.69
306.576
306.576
307.54
307.485
307.602
307.424
307.54
307.485
307.424
307.603
307.111
306.902
307.005
307.005
307.181
307.364
307.304
307.239
306.779
306.794
306.679
306.895
307.333
307.416
307.29
307.461
307.456
307.592
307.586
307.462
307.704
307.539
307.657
307.585
308.342
308.423
308.349
308.416
307.836
307.719
307.713
307.842
307.333
307.416
307.461
307.29
307.456
307.592
307.462
307.586
308.342
308.423
308.349
308.416
307.704
307.539
307.585
307.657
307.836
307.719
307.842
307.713
308.536
308.487
308.48
308.543
308.536
308.487
308.48
308.543
308.692
308.708
308.7
308.7
308.536
308.487
308.48
308.543
308.536
308.487
308.543
308.48
308.692
308.708
308.7
308.7
308.536
308.487
308.48
308.543
308.536
308.487
308.543
308.48
308.692
308.708
308.7
308.7
308.536
308.487
308.543
308.48
308.536
308.487
308.543
308.48
308.692
308.708
308.7
308.7
307.704
307.539
307.657
307.585
308.342
308.423
308.416
308.349
307.836
307.719
307.713
307.842
307.333
307.416
307.29
307.461
307.456
307.592
307.586
307.462
308.342
308.423
308.416
308.349
307.704
307.539
307.585
307.657
307.836
307.719
307.842
307.713
307.333
307.416
307.461
307.29
307.456
307.592
307.462
307.586
307.181
307.364
307.239
307.304
306.778
306.794
306.895
306.679
307.54
307.485
307.603
307.424
307.54
307.485
307.424
307.603
307.111
306.902
307.005
307.005
306.47
306.69
306.576
306.576
307.181
307.364
307.304
307.239
306.778
306.794
306.895
306.679
308.342
308.423
308.416
308.349
307.704
307.539
307.657
307.585
307.836
307.719
307.842
307.713
308.342
308.423
308.416
308.349
307.704
307.539
307.585
307.657
307.836
307.719
307.842
307.713
307.333
307.416
307.29
307.461
307.456
307.592
307.586
307.462
307.333
307.416
307.461
307.29
307.456
307.592
307.586
307.462
307.54
307.485
307.603
307.424
307.54
307.485
307.602
307.424
307.111
306.902
307.005
307.005
307.181
307.364
307.239
307.304
306.779
306.794
306.895
306.679
307.181
307.364
307.239
307.304
306.778
306.794
306.895
306.679
306.47
306.69
306.576
306.576
307.86
307.69
307.774
307.774
307.937
307.916
308.005
307.85
307.937
307.916
308.005
307.85
308.159
308.102
308.067
308.195
308.115
307.974
308.064
308.024
308.241
308.35
308.313
308.277
308.159
308.102
308.067
308.195
308.115
307.974
308.064
308.024
308.241
308.35
308.313
308.277
307.86
307.69
307.774
307.774
307.937
307.916
308.005
307.85
307.937
307.916
308.005
307.85
308.159
308.102
308.067
308.195
308.115
307.974
308.064
308.024
308.241
308.35
308.313
308.277
308.159
308.102
308.195
308.067
308.241
308.35
308.313
308.277
308.115
307.974
308.064
308.024
308.477
308.554
308.516
308.516
308.431
308.413
308.376
308.469
308.431
308.413
308.376
308.469
308.477
308.554
308.516
308.516
308.431
308.413
308.376
308.469
308.431
308.413
308.376
308.469
308.477
308.554
308.516
308.516
308.431
308.413
308.376
308.469
308.431
308.413
308.376
308.469
308.477
308.554
308.516
308.516
308.431
308.413
308.376
308.469
308.431
308.413
308.376
308.469
308.159
308.102
308.067
308.195
308.115
307.974
308.064
308.024
308.241
308.35
308.313
308.277
308.159
308.102
308.195
308.067
308.241
308.35
308.313
308.277
308.115
307.974
308.064
308.024
307.86
307.69
307.774
307.774
307.937
307.916
308.005
307.85
307.937
307.916
308.005
307.85
308.159
308.102
308.195
308.067
308.241
308.35
308.313
308.277
308.115
307.974
308.064
308.024
308.159
308.102
308.195
308.067
308.241
308.35
308.313
308.277
308.115
307.974
308.064
308.024
307.86
307.69
307.774
307.774
307.937
307.916
308.005
307.85
307.937
307.916
308.005
307.85
306.267
306.009
306.17
306.17
306.357
306.376
306.276
306.457
306.357
306.376
306.276
306.457
306.993
306.838
306.908
306.921
307.057
307.028
306.972
307.114
307.115
307.162
307.042
307.238
306.755
306.759
306.672
306.842
306.658
306.477
306.559
306.576
306.873
307.08
306.961
306.99
306.993
306.838
306.909
306.922
307.057
307.028
306.972
307.114
307.115
307.163
307.043
307.238
306.755
306.76
306.673
306.843
306.658
306.478
306.559
306.576
306.874
307.08
306.961
306.99
307.577
307.596
307.679
307.497
307.65
307.819
307.753
307.714
307.47
307.279
307.356
307.391
307.577
307.596
307.679
307.497
307.65
307.819
307.753
307.714
307.47
307.279
307.356
307.391
307.312
307.506
307.408
307.408
307.209
307.193
307.102
307.303
307.209
307.193
307.102
307.303
307.243
307.185
307.155
307.273
307.207
307.077
307.119
307.164
307.371
307.53
307.401
307.498
307.315
307.208
307.226
307.297
307.327
307.244
307.238
307.333
307.444
307.555
307.426
307.574
307.243
307.185
307.155
307.273
307.207
307.077
307.119
307.164
307.371
307.53
307.401
307.498
307.315
307.208
307.226
307.297
307.327
307.244
307.333
307.238
307.444
307.555
307.426
307.574
307.859
308.001
307.966
307.892
307.817
307.875
307.924
307.769
307.744
307.656
307.623
307.777
308.244
308.13
308.223
308.151
308.327
308.379
308.306
308.401
308.258
308.172
308.165
308.265
307.939
308.028
307.919
308.048
307.823
307.681
307.7
307.803
307.952
308.069
308.062
307.959
307.859
308.001
307.966
307.892
307.817
307.875
307.924
307.769
307.744
307.656
307.623
307.777
308.244
308.13
308.223
308.151
308.327
308.379
308.306
308.401
308.258
308.172
308.265
308.165
307.939
308.028
307.919
308.048
307.823
307.681
307.7
307.803
307.952
308.069
307.959
308.062
306.993
306.838
306.908
306.921
307.057
307.028
306.972
307.114
307.115
307.162
307.042
307.238
306.755
306.759
306.672
306.842
306.658
306.477
306.576
306.559
306.873
307.08
306.961
306.99
306.267
306.009
306.17
306.17
306.357
306.376
306.457
306.276
306.357
306.376
306.276
306.457
307.577
307.596
307.679
307.497
307.65
307.819
307.753
307.714
307.47
307.279
307.356
307.391
307.577
307.596
307.679
307.497
307.65
307.819
307.753
307.714
307.47
307.279
307.391
307.356
307.312
307.506
307.408
307.408
307.209
307.193
307.102
307.303
307.209
307.193
307.303
307.102
306.993
306.838
306.909
306.922
307.057
307.028
306.972
307.114
307.115
307.163
307.238
307.043
306.755
306.76
306.673
306.843
306.658
306.478
306.559
306.576
306.874
307.08
306.99
306.961
307.243
307.185
307.155
307.273
307.207
307.077
307.119
307.164
307.371
307.53
307.401
307.498
307.315
307.208
307.297
307.226
307.444
307.555
307.426
307.574
307.327
307.244
307.238
307.333
307.859
308.001
307.966
307.892
307.817
307.875
307.924
307.769
307.744
307.656
307.624
307.777
308.244
308.13
308.223
308.151
308.327
308.379
308.306
308.401
308.258
308.172
308.165
308.265
307.939
308.028
307.919
308.048
307.823
307.681
307.7
307.803
307.952
308.069
308.062
307.959
307.243
307.185
307.155
307.273
307.207
307.077
307.119
307.164
307.371
307.53
307.401
307.498
307.315
307.208
307.226
307.297
307.327
307.244
307.333
307.238
307.444
307.555
307.426
307.574
308.244
308.13
308.223
308.151
308.327
308.379
308.306
308.401
308.258
308.172
308.265
308.165
307.859
308.001
307.966
307.892
307.817
307.875
307.924
307.769
307.744
307.656
307.624
307.777
307.939
308.028
308.048
307.919
307.952
308.069
307.959
308.062
307.823
307.681
307.7
307.803
308.568
308.585
308.546
308.608
308.521
308.443
308.498
308.465
308.584
308.631
308.623
308.591
308.568
308.585
308.546
308.608
308.521
308.443
308.498
308.465
308.584
308.631
308.623
308.591
308.661
308.615
308.638
308.638
308.677
308.661
308.654
308.685
308.677
308.661
308.654
308.685
308.568
308.585
308.546
308.608
308.521
308.443
308.498
308.465
308.584
308.631
308.591
308.623
308.568
308.585
308.546
308.608
308.521
308.443
308.498
308.465
308.584
308.631
308.623
308.591
308.661
308.615
308.638
308.638
308.677
308.661
308.685
308.654
308.677
308.661
308.654
308.685
308.568
308.585
308.546
308.608
308.521
308.443
308.498
308.465
308.584
308.631
308.591
308.623
308.568
308.585
308.546
308.608
308.521
308.443
308.498
308.465
308.584
308.631
308.623
308.591
308.661
308.615
308.638
308.638
308.677
308.661
308.685
308.654
308.677
308.661
308.654
308.685
308.568
308.585
308.546
308.608
308.521
308.443
308.498
308.465
308.584
308.631
308.591
308.623
308.568
308.585
308.546
308.608
308.521
308.443
308.498
308.465
308.584
308.631
308.591
308.623
308.661
308.615
308.638
308.638
308.677
308.661
308.685
308.654
308.677
308.661
308.685
308.654
307.859
308.001
307.966
307.892
307.817
307.875
307.924
307.769
307.744
307.656
307.777
307.624
308.244
308.13
308.223
308.151
308.327
308.379
308.306
308.401
308.258
308.172
308.165
308.265
307.939
308.028
307.919
308.048
307.823
307.681
307.803
307.7
307.952
308.069
308.062
307.959
307.243
307.185
307.155
307.273
307.207
307.077
307.119
307.164
307.371
307.53
307.498
307.401
307.315
307.208
307.297
307.226
307.444
307.555
307.574
307.426
307.327
307.244
307.238
307.333
308.244
308.13
308.223
308.151
308.327
308.379
308.306
308.401
308.258
308.172
308.265
308.165
307.859
308.001
307.966
307.892
307.817
307.875
307.924
307.769
307.744
307.656
307.777
307.624
307.939
308.028
308.048
307.919
307.952
308.069
307.959
308.062
307.823
307.681
307.803
307.7
307.243
307.185
307.155
307.273
307.207
307.077
307.119
307.164
307.371
307.53
307.498
307.401
307.315
307.208
307.226
307.297
307.327
307.244
307.333
307.238
307.444
307.555
307.574
307.426
306.993
306.838
306.908
306.922
307.057
307.028
306.972
307.114
307.115
307.162
307.043
307.238
306.755
306.76
306.842
306.673
306.873
307.08
306.961
306.99
306.658
306.477
306.576
306.559
307.577
307.596
307.679
307.497
307.65
307.819
307.753
307.714
307.47
307.279
307.356
307.391
307.577
307.596
307.679
307.497
307.65
307.819
307.753
307.714
307.47
307.279
307.391
307.356
307.312
307.506
307.408
307.408
307.209
307.193
307.102
307.303
307.209
307.193
307.303
307.102
306.267
306.009
306.17
306.17
306.357
306.376
306.457
306.276
306.357
306.376
306.276
306.457
306.993
306.838
306.908
306.922
307.057
307.028
306.972
307.114
307.115
307.162
307.238
307.043
306.755
306.76
306.842
306.673
306.873
307.08
306.99
306.961
306.658
306.478
306.559
306.576
308.244
308.13
308.223
308.151
308.327
308.379
308.306
308.401
308.258
308.172
308.165
308.265
307.859
308.001
307.966
307.892
307.817
307.875
307.924
307.769
307.744
307.656
307.777
307.624
307.939
308.028
308.048
307.919
307.952
308.069
308.062
307.959
307.823
307.681
307.803
307.7
308.244
308.13
308.223
308.151
308.327
308.379
308.306
308.401
308.258
308.172
308.265
308.165
307.859
308.001
307.966
307.892
307.817
307.875
307.924
307.769
307.744
307.656
307.777
307.623
307.939
308.028
308.048
307.919
307.952
308.069
307.959
308.062
307.823
307.681
307.803
307.7
307.243
307.185
307.155
307.273
307.207
307.077
307.119
307.164
307.371
307.53
307.498
307.401
307.315
307.208
307.297
307.226
307.444
307.555
307.574
307.426
307.327
307.244
307.238
307.333
307.243
307.185
307.155
307.273
307.207
307.077
307.119
307.164
307.371
307.53
307.498
307.401
307.315
307.208
307.297
307.226
307.444
307.555
307.574
307.426
307.327
307.244
307.333
307.238
307.577
307.596
307.679
307.497
307.65
307.819
307.753
307.714
307.47
307.279
307.391
307.356
307.577
307.596
307.679
307.497
307.65
307.819
307.753
307.714
307.47
307.279
307.391
307.356
307.312
307.506
307.408
307.408
307.209
307.193
307.303
307.102
307.209
307.193
307.303
307.102
306.993
306.838
306.909
306.922
307.057
307.028
306.972
307.114
307.115
307.163
307.238
307.043
306.755
306.76
306.843
306.673
306.874
307.08
306.99
306.961
306.658
306.478
306.576
306.559
306.993
306.838
306.908
306.921
307.057
307.028
306.972
307.114
307.115
307.162
307.238
307.042
306.755
306.759
306.842
306.672
306.873
307.08
306.99
306.961
306.658
306.477
306.576
306.559
306.267
306.009
306.17
306.17
306.357
306.376
306.457
306.276
306.357
306.376
306.457
306.276
)
;
    }
}


// ************************************************************************* //
