/*--------------------------------*- C++ -*----------------------------------*\
| =========                 |                                                 |
| \\      /  F ield         | OpenFOAM: The Open Source CFD Toolbox           |
|  \\    /   O peration     | Version:  2412                                  |
|   \\  /    A nd           | Website:  www.openfoam.com                      |
|    \\/     M anipulation  |                                                 |
\*---------------------------------------------------------------------------*/
FoamFile
{
    version     2.0;
    format      ascii;
    arch        "LSB;label=32;scalar=64";
    class       volScalarField;
    location    "1.8";
    object      gradTz;
}
// * * * * * * * * * * * * * * * * * * * * * * * * * * * * * * * * * * * * * //

dimensions      [0 -1 0 1 0 0 0];

internalField   nonuniform List<scalar> 
5712
(
7510.27
22804
5701.88
24933.1
3122.55
26383.6
5311.38
41719
8670.54
52371.7
8896.18
37200.1
9501.71
33082.1
9369.05
28439.4
4399.36
2415.1
13275
6308.18
4102.12
1894.56
14281.6
5762.34
5757.68
4266.35
16987.5
12470.7
3860.57
3057.56
17083.9
12987
8685.85
3167.44
6622.87
2428.29
3034.69
8089.05
40868.9
12477.4
12295.9
5659.26
49523.4
15505.2
11431.9
5342.3
27129.5
9038.26
13844
6299.31
22143.9
7033.59
5334.45
2886.86
9159.89
3720.87
4783.83
3001.09
9608.61
3645.16
6368.96
4040.5
6059.4
2562.01
10666.1
3866.15
4191.93
1553.95
13143.2
9975.19
7926
7157.77
14483.1
12723.4
7837.79
8371.3
7419.8
6439.45
9805
8464.33
5864.17
5074.69
3375.4
2914.04
5783.87
5776.19
3274.4
3284.53
5657.87
4488.17
3279.26
2338.86
6411.33
3618.16
6493.39
7107.68
8626.39
6554.53
9368.3
12228.3
4639.76
1996.82
4144.75
4248.06
2607.74
918.218
1893.33
1629.43
6232.7
12493.3
4509.29
14111.2
6743.78
12627.7
5368.2
14987.3
8812.02
12478.3
7409.55
15193.1
9507.83
11152.5
7556.57
7634.42
9187.78
7360.81
8327.29
11606.6
13640.9
19890.1
9982.34
8271.69
8025.44
10163.6
15999
15592.9
15133
18221.2
18421.1
15182.6
15230.3
18241.9
18222.4
13938.3
14497.6
17436.6
17674.1
9263.18
9856.21
9278.71
9839.39
11326
11447.9
13344.4
13095
16933.1
17225.9
8433.61
9315.27
9680.29
10486.8
10931.1
11983.1
12692.9
14100.1
16753.4
18398.4
9889.6
6759.07
7989.57
8003.17
10954.9
12367.4
8900.39
11678.9
7411.4
7483.62
9450.31
6803.83
3415.56
5769.52
1386.41
2144.01
5508.55
8638.56
2140.97
3221.66
2916.75
5112.52
1090.59
1865.01
7106.1
6052.13
7301.27
4602.29
10028.9
7189.11
11458.1
7712.61
3359.62
3855.56
4163.51
2392.06
2551.97
2757.65
2834
2149.43
13202
8720.65
2868.12
14297
9028.62
3127.48
12974.5
8518.44
2915.13
14242.7
8993.61
3057.99
12351.8
7991.39
2684.46
13950.8
8837.75
3045.21
7123.37
4118.48
1101.13
8617.38
5895.81
1922.74
10014
7048.11
2382.57
11155.4
7300.34
2403.23
13458.1
8516.45
3013.17
7792.24
4319.86
1430.51
7807.09
5089.95
1784.41
8885.36
5889.6
2033.03
10568.1
6813.05
2341.39
12783.6
7516.35
2615.84
-503.812
990.113
438.056
2651.26
1828.81
1836.13
4704.74
4105.16
606.146
966.247
642.164
1013.43
340.977
936.106
626.437
1372.02
1872.6
1130.43
3807.42
2706.45
1730.87
2837.45
2940.01
771.252
6006.64
1863.69
-4283.36
-720.546
601.579
621.416
-63.4446
69.6284
10230
4384.83
2707.34
1570.8
10072.1
4439.57
2951.17
1856.06
9708.04
4835.2
3944.89
2735.08
3032.66
1934.43
1643.89
1469.22
13200.3
11521.6
5761.15
7367.2
14995.7
13995.1
7290.66
8736.07
5162.37
6229.87
11070
9091.75
3642.47
4788.02
2062.91
2756.32
4853.96
5673.31
2767.39
3219.18
2901.72
4092.53
1590.99
2468.45
4545.38
3152.86
5138.61
3359.08
7860.84
4549.48
6921.27
4407.89
2672.55
2147.53
3556.02
2300.55
1464.56
1336.38
2239.39
1419.54
11844.1
7687.82
5664.51
5757.69
11735.2
7669.78
5585.37
5638.21
11848.6
7383.67
5665.25
5235.89
13298.4
13028
12246
9286.77
5193.04
7918.96
9376.64
9738.08
8983.77
6089.87
11279.5
9948.44
8115.91
6441.41
4064.19
6385.26
6175.64
6297.47
7462.86
6381.58
6010.33
6162.6
7319.04
6131.05
5740.28
5872.52
7029.61
8888.85
8412.69
8106.47
6945.4
5919.38
5878.12
5573.75
5735.8
5133.42
6651.41
6550.59
7422.05
5369.3
6086.73
4654.7
5290.7
4429.76
5261.71
3873.51
6109.96
4769.49
3826.93
3269.03
1789.3
7432.81
5644.25
6002.09
3825.13
2419.28
1397.6
3581.55
3218.35
4216.37
1858.09
1943.69
1073.51
5567.79
3208.3
2267.26
1564.44
3360.12
1432.09
1697.88
848.759
1955.56
2314.33
2354.83
3953.93
2960.62
3578.46
2814.72
5114.41
2395.11
1704.91
1742.08
2852.4
1058.06
403.903
336.533
687.858
4835.84
2222.58
642.072
5132.31
1375.19
365.381
4745.63
2336.13
731.774
5114.91
1422.56
396.949
4389
2185.77
570.294
4893.23
1328.73
304.45
5719.37
3159.52
846.69
4658.41
2530.4
713.704
4402.37
2241.48
647.537
4185.02
2008.9
477.866
4670.67
1187.12
208.353
6315.11
3349.86
1050.01
5301.76
2902.58
959.431
4645.47
2456.72
809.662
4312.83
1808.82
500.21
4904.38
1245.81
401.068
1659.12
628.715
309.735
34.6955
673.394
268.456
142.127
34.1533
1710.75
671.345
365.621
87.4796
812.197
357.487
232.134
107.44
1953.88
798.805
473.939
159.128
1386.9
696.918
384.13
173.057
1015.95
614.38
272.56
83.1243
1049.28
691.281
378.206
200.069
1618.44
756.237
390.507
53.4912
1531.6
695.231
414.963
-8.92731
2038.96
849.739
512.946
129.89
1818.22
747.697
478.497
-25.2285
1223.07
652.192
327.936
50.3335
1187.54
606.803
367.036
66.3571
904.036
559.456
336.15
186.329
825.182
500.136
331.98
181.564
2110.36
766.981
388.189
-26.0691
2181.65
745.585
442.917
-156.288
2100.52
776.636
419.495
-0.763511
2093.63
719.358
441.257
-144.778
2109.61
796.324
484.095
43.1752
1875.74
650.676
436.713
-96.2637
1959.37
765.349
525.543
152.161
2068.47
735.048
556.929
-84.0026
1516.54
592.811
413.732
59.9896
1784.16
545.889
335.084
-152.907
696.794
193.721
103.082
-32.3016
1765.64
554.293
342.844
-134.766
712.094
204.332
112.944
-21.276
1665.35
540.893
353.798
-100.633
689.793
206.924
124.566
-5.71325
1406.65
463.911
338.55
-61.8947
609.699
183.453
132.792
14.2656
1235.31
432.815
324.088
-9.45211
553.142
185.834
145.714
41.4956
960.77
411.861
250.038
23.9187
507.437
252.824
151.334
76.3213
1025.47
378.418
265.942
6.99004
504.607
206.236
145.619
61.7935
850.111
435.559
257.277
63.5876
509.095
294.165
169.445
100.392
660.451
414.258
266.95
152.886
468.185
312.869
199.068
141.461
16.5709
9.42518
5.43909
3.25746
2.31152
8.65718
4.79128
2.75575
1.66218
1.19081
32.4265
18.7218
10.6655
6.34047
4.47712
31.2546
17.9667
10.0696
5.93822
4.18112
70.7044
41.8211
23.76
14.1543
10.0194
133.851
76.4115
43.0825
25.5408
18.0199
136.093
80.0979
45.8483
27.3832
19.4107
145.166
83.5994
47.4685
28.279
20.058
91.2667
55.3875
32.0036
19.185
13.5525
71.4697
43.5206
25.2252
15.186
10.7523
95.4102
55.6241
31.5625
18.8605
13.346
72.5277
39.2655
21.9781
13.1175
9.24744
100.602
64.3475
37.6975
22.7145
16.128
96.0321
59.3482
34.4915
20.7563
14.7268
129.493
76.3186
43.5506
25.9854
18.4272
124.067
73.5312
42.0454
25.1008
17.7763
10.3811
7.65604
4.54283
2.7353
1.94571
2.29232
2.90563
1.79264
1.10022
0.796699
19.6493
12.7249
7.39793
4.4363
3.16078
4.15742
4.0488
2.45122
1.49358
1.0845
28.7411
19.1046
11.0936
6.6861
4.79417
15.8969
9.91943
5.53257
3.24631
2.32264
80.3477
46.1894
25.8872
15.4847
11.0353
40.2255
22.982
12.7315
7.57386
5.40954
99.0477
50.5147
27.5394
16.2504
11.4557
2666.98
4631.65
2522.28
4498.1
2360.24
4191.56
2310.42
4036.31
2506.58
4582.01
1484.79
2125.88
2037.48
3182.02
992.275
1279.88
396.671
518.062
7880.2
1901.49
437.043
97.0426
24.3715
2103.86
558.773
149.844
33.6351
7.52233
7806.34
1857.62
423.852
93.4345
23.3584
2174.92
633.592
156.007
36.2404
9.09988
7506.09
1755.71
396.308
86.6987
21.5545
2111.64
612.57
149.634
34.4009
8.55572
7008.79
1607.19
359.495
78.3517
19.4652
2028.83
574.929
137.615
31.1287
7.63368
6111.62
1380.14
308.392
67.4717
16.8749
1881.62
508.988
119.087
26.6027
6.46476
3402.96
820.636
189.937
42.5303
10.8252
962.275
244.974
53.4903
11.0922
2.54384
4765.62
1116.95
253.871
56.1367
14.1704
1337.08
349.706
80.1355
17.6818
4.27434
2129.51
526.742
123.71
27.9785
7.1635
618.098
161.173
34.7161
6.88386
1.51235
784.436
196.434
46.5311
10.6031
2.73109
300.926
72.0433
14.7541
3.95966
0.59961
-1359.36
588.551
4273.31
-3677.28
991.552
1057.73
2655.23
3240.77
2202.54
3552.2
2941.28
4442.78
2816.08
3676.72
1345.66
1959.9
1460.18
1700.75
1017.85
1054.71
2895.22
2257.27
-268.852
-814.32
-889.444
-1195.6
-589.751
12222.5
3371
4240.83
3457.18
433.4
65.9601
3380.45
-876.872
-333.943
-718.453
-236.048
6025.51
3159.37
1505.9
841.648
3335.78
1594.91
282.511
474.004
-1003.92
-971.058
925.644
805.616
9392.47
4598.44
4579.27
2638.54
3439.64
3289.67
91.7734
-945.785
399.654
2017.54
1763.96
1531.74
1406.82
1051.48
1801.79
1452.54
1171.76
858.861
338.335
-242.914
-203.31
-149.507
-89.2574
-29.3738
-726.499
-606.468
-454.181
-280.624
-94.8504
-793.981
-662.862
-495.784
-305.67
-103.207
-1068.05
-892.753
-668.95
-413.244
-139.682
-521.315
-429.443
-315.733
-191.419
-64.0374
9018.02
8182.51
6907.91
6356.13
5808.07
3071.51
2475.85
2205.84
1820.63
813.816
3447.19
2734.23
2263.58
1764.94
804.192
2670.61
2076.41
1691.87
1251.94
471.02
360.523
253.39
248.012
194.669
98.669
118.804
154.571
159.343
124.097
47.1434
2799.62
2228.65
1719.63
1180.7
445.24
-544.913
-282.777
-138.537
-60.4648
-19.5123
-264.114
-184.22
-106.739
-47.1428
-11.5142
-515.635
-329.114
-190.221
-95.2179
-29.2185
-222.646
-190.915
-139.982
-81.7186
-25.954
4135.49
4017.58
3460.1
3357.89
3302.13
2600.08
2037.74
1678.93
1266.68
493.875
1362.84
1174.04
944.65
643.239
232.897
737.032
616.33
486.613
327.842
117.82
2788.37
2217.44
1680.79
1110.08
401.036
1421.81
1188.15
919.948
594.698
196.751
243.048
201.543
161.581
111.336
39.7787
425.106
362.231
285.957
188.661
65.7647
-870.574
-702.901
-508.8
-305.653
-101.751
-855.539
-702.085
-514.338
-310.833
-103.697
815.459
682.056
527.691
344.373
121.553
709.008
592.135
457.837
298.351
104.789
6195.74
4968.02
4347.94
4137.31
3378.14
3590.32
2832.83
2257.32
1656.03
681.593
3620.78
3037.36
2533.55
2057.32
863.861
2103.33
1727.21
1377.6
991.344
437.927
2943.25
2389.73
1820.82
1187.21
416.755
2742.13
1972.98
1595.36
1161.77
226.688
82.7111
75.5071
71.7192
56.9788
21.1813
-840.032
-695.593
-513.748
-312.325
-104.543
364.276
316.52
261.577
181.033
62.8078
-29770.3
-46510.1
-22543.5
-39523.4
-23927.4
-55424.6
-31462.4
-67398
-16866
-11338.1
-18697.9
-10087.2
-15713.5
-10337.7
-18826.9
-8973.66
-24554
-17299.5
-33961.7
-24531.2
-19344.2
-14195.3
-29234.3
-21933.1
-14822.9
-15096.2
-10393.9
-10067.9
-12648.8
-13336.5
-44374.7
-13638.5
-14209.8
-6764.94
-52139.9
-16564.2
-12892.5
-6221.32
-31082
-10241.1
-15788.8
-7369.14
-26138.2
-7968.78
-11813.7
-5029.11
-16159.4
-6081.2
-10289.3
-4604.02
-14944.2
-5338.17
-10719
-5189.38
-9142.73
-3499.98
-12903.5
-4591.7
-5051.49
-1872.65
-10628.2
-7699.95
-8670.72
-6485.91
-9194.47
-7859.44
-7691.86
-6738.43
-8678.51
-6376.59
-10052
-7937.16
-6501.26
-4786.26
-3850.36
-2737.98
-5876.17
-4939.21
-3370.89
-2703.07
-6561.58
-4529.31
-3917.86
-2399.89
-7754.53
-4110.59
-6650.39
-7138.07
-10091
-7089.29
-9450.79
-12149.7
-5513.48
-2320.29
-4288.06
-4297.24
-3199.11
-1145.14
-2019.02
-1678.19
-10394.5
-13265.3
-5958.29
-15004.2
-10308.2
-12940.8
-6515.13
-15521.4
-11414.9
-12499
-8106.67
-15204.6
-6386.51
-3953.11
-8198.05
-9525.42
-9778.59
-5807.49
-8094.23
-12137.1
-13928.1
-19742.1
-5257.19
-6029.26
-7351.56
-9989.04
-15770.7
-14030.7
-11548.1
-17450.4
-14477.2
-13619.1
-11845.1
-17466.1
-14591.5
-12451.3
-11030.7
-16508.8
-14493.4
-8469.81
-7927.28
-8526.15
-7701.5
-9810.83
-8745.11
-11317.7
-10033.4
-15835
-14539.3
-6976.5
-7638.72
-7831.08
-7682.9
-9018.72
-8818.97
-10981
-10940
-15752.2
-15520.1
-8265.63
-5630.23
-6933.55
-7038.48
-8600.68
-10728.9
-7259.39
-10181.8
-6825.67
-6853.57
-8474.38
-5981.31
-2698.29
-5039.17
-776.086
-1540.69
-4324.93
-7547.22
-1176.51
-2341.22
-2522.76
-4644.33
-739.843
-1469.61
-6804.47
-5666.53
-7126.85
-4370.3
-9452.3
-6570.12
-11113.9
-7197.96
-3152.49
-3579.88
-4030.34
-2231.42
-2348.52
-2507.98
-2705.34
-1996.7
-8417.5
-3250.51
-9011.59
-3136.78
-8617.34
-3231.94
-9452.74
-3483.33
-8259.74
-3046.31
-10218.1
-4036.86
-4480.05
-1073.59
-5379.18
-1930.89
-6263.02
-2440.77
-7599.38
-2878.7
-10180.8
-3948.5
-5423.29
-915.481
-4769.63
-1612.6
-5522.49
-2039.48
-7169.56
-2659.53
-9254.36
-3039.21
-6380.51
-6188.38
-4169.7
-4006.03
-10199.2
-8092.81
-7916.72
-6251.05
-5455.32
-5009.56
-2101.85
-1712.12
-5109.31
-4915.89
-1807.86
-1708.2
-2560.23
-5798.49
-3796.61
-7010.65
-4772.06
-2084.78
-3218.75
-768.69
-6816.98
-2368.37
4074.68
1211.5
-223.51
-44.2211
1013.33
1192.75
-2612.07
-1365.23
-1041.28
-398.284
-2615.42
-1516.36
-1144.19
-388.337
-2869.28
-1814.86
-1271.19
-240.88
-1108.78
270.132
260.228
944.548
-5164.17
-5074.37
-3817.09
-4329.05
-7510.72
-7243.14
-6120.64
-6115.33
-2550.15
-3228.71
-4109.49
-3911.65
-2595.75
-2927.98
-1244.56
-1293.02
-4347.48
-4223.03
-2419.3
-2154.11
-1314.98
-2039.9
-305.221
-745.29
-1606.5
-918.395
-2516.12
-1404.78
-2685
-1897.81
-3095.23
-2141.43
-666.886
-195.744
-1550.08
-559.974
224.036
511.979
-437.09
240.735
-2902.83
-2882.7
-2368.84
-3727.58
-2996.72
-3046.06
-2497.11
-3823.35
-3552.87
-3183.29
-2834.7
-3752.5
-2273.33
-2762
-2804.88
-2677.18
-2362.86
-4507.39
-3564.37
-3277.05
-3963.38
-4110.59
-4621.94
-3487.03
-2914.44
-2648.67
-1953.84
-3828.51
-4833.44
-6454.73
-11176
-3667.33
-4091.66
-6052.05
-10372.1
-3739.1
-4520.48
-5553.05
-9261.05
-7662.54
-6602.73
-6076.29
-5305.9
-4188.81
-4598.58
-4321.3
-5211.77
-4765.31
-8276.71
-5186.99
-6000.16
-3724.32
-4780.27
-3005.98
-4184.3
-3133.17
-4644.54
-2770.34
-6516.87
-2329.47
-2472.62
-1283.92
-346.781
-4799.9
-4215.28
-4021.17
-2358.32
-597.116
-82.7197
-1548.33
-2053.76
-2568.42
-666.948
-508.769
-23.1185
-4015.61
-2006.92
-992.816
-534.211
-1777.42
-347.902
-233.496
143.822
-482.997
-1354.02
-1302.77
-3519.89
-1438.86
-2829.34
-1906.64
-5099.54
-1023.35
-824.061
-545.992
-2211.07
321.162
492.023
898.602
63.0324
-4052.82
-1331.83
-8169.47
-1127.09
-3499.86
-1462.7
-7702.47
-1115.68
-3155.11
-943.407
-6357.31
-542.326
-3585.9
-791.093
-3071.96
-735.736
-3395.57
-1020.85
-3127.7
-514.233
-5703.97
-465.434
-4353.77
-572.677
-3788.54
-574.29
-3714.27
-728.631
-3702.25
-370.372
-5691.44
-568.664
-623.791
-193.76
-93.0774
109.492
-194.737
-52.7821
-33.6232
27.9024
-601.258
-161.147
-91.8421
103.521
-81.4793
21.632
-15.5702
31.1457
-649.49
-137.655
-78.0398
159.238
166.574
226.143
250.883
322.315
632.793
453.86
458.525
430.1
921.074
638.343
504.967
349.549
-265.717
61.1561
162.402
365.404
-252.53
102.367
103.436
401.906
-741.236
-135.328
-52.4388
282.258
-575.472
-33.5932
-43.5605
401.071
173.301
259.767
288.96
385.556
84.9429
240.203
212.055
359.384
544.689
425.681
352.439
293.17
443.696
373.539
283.954
273.263
-1017.91
-320.297
-185.057
198.672
-1383.45
-388.886
-326.092
339.729
-992.675
-293.277
-190.515
195.518
-1342.94
-368.857
-321.101
328.384
-988.152
-261.241
-222.113
180.557
-1213.66
-321.195
-312.945
283.854
-674.001
-103.116
-155.775
205.705
-1139.36
-250.414
-341.089
357.867
-492.221
-37.0186
-63.7617
342.887
-1359.99
-301.286
-265.4
296.841
-595.456
-110.858
-71.8357
79.317
-1218.31
-257.701
-247.972
285.581
-550.987
-97.5262
-69.5188
75.4288
-988.471
-179.536
-228.881
251.757
-458.924
-68.7074
-63.5856
70.879
-771.287
-119.215
-202.336
212.707
-387.234
-52.1752
-64.4541
61.4431
-511.994
-42.1032
-125.417
206.645
-212.029
-0.190851
-35.4006
66.0514
-180.009
91.414
91.1153
278.379
139.838
161.061
122.812
152.792
-429.06
-24.1421
-39.2311
226.573
-17.6421
76.3717
36.087
101.455
113.657
226.412
191.946
295.34
250.563
236.48
188.211
185.143
389.158
335.939
241.861
238.232
349.391
288.906
207.107
175.793
34.2229
12.6131
5.78758
3.18469
2.20833
14.8722
5.87145
2.76377
1.52065
1.04517
50.5059
21.5281
10.8159
6.1808
4.34893
39.1112
18.7313
10.0115
5.85733
4.15151
96.1367
44.0052
23.0419
13.3171
9.38489
147.248
76.9085
42.0038
24.6641
17.495
154.512
82.2703
44.9987
26.3607
18.6348
153.336
84.461
47.1029
27.829
19.7044
124.393
59.6664
31.5585
18.2927
12.9622
102.362
47.0321
24.6023
14.1758
10.0236
120.744
56.177
29.6726
17.1444
12.1019
78.1301
37.647
20.0794
11.6056
8.22868
142.271
70.5117
37.6489
21.8576
15.4356
128.031
63.7213
34.1601
19.8611
14.0558
142.969
77.9468
43.3094
25.5442
18.0764
138.356
75.539
41.905
24.6906
17.4805
36.9378
11.2785
4.88741
2.64228
1.82087
17.3012
4.41386
1.79855
0.940359
0.631095
43.7309
15.7368
7.45081
4.16216
2.88861
19.015
5.48599
2.41554
1.30821
0.883312
56.4166
21.4683
10.5458
5.93424
4.10329
26.463
10.5934
5.46531
3.17593
2.20547
98.6111
43.8308
23.0031
13.181
9.20402
47.0489
21.0632
11.1957
6.45116
4.49015
86.906
45.1892
24.7346
14.4469
10.2285
-2974.69
-4509.45
-2843.83
-4416.85
-2628.25
-4115.84
-2492.21
-3927.47
-2504.76
-4280.59
-1425.9
-2016.37
-1994.68
-3011.28
-906.403
-1183.2
-295.498
-421.397
-8392.26
-1999.25
-455.196
-100.321
-25.0285
-2215.61
-586.525
-156.36
-34.8477
-7.73373
-8232.93
-1939.22
-439.144
-96.214
-23.9189
-2298.37
-665.948
-162.695
-37.5246
-9.3614
-7776.07
-1809.19
-406.666
-88.6286
-21.9507
-2223.51
-640.336
-155.296
-35.4794
-8.77497
-7118.32
-1631.37
-364.609
-79.3632
-19.6815
-2102.94
-593.498
-141.475
-31.8734
-7.78727
-6106.71
-1383
-309.489
-67.7434
-16.9398
-1903
-516.681
-120.909
-26.9773
-6.54561
-3366.74
-813.585
-188.652
-42.3028
-10.7795
-938.981
-241.268
-52.9575
-11.0172
-2.53236
-4725.17
-1110.7
-252.986
-56.015
-14.1513
-1324.93
-349.733
-80.4383
-17.7717
-4.29787
-2100.5
-520.568
-122.461
-27.7364
-7.11098
-588.438
-154.802
-33.4685
-6.6503
-1.46356
-759.888
-190.99
-45.3588
-10.3635
-2.67652
-267.904
-64.2432
-13.0687
-3.61889
-0.52425
623.439
-1645.61
-5666.24
1744.44
-6801.39
-2993.41
-6668.75
-3046.22
-11372.3
-6197.28
-13317.9
-7275.5
-112.265
-438.871
-679.921
-785.972
-689.334
-354.687
-178.963
-672.505
-1022.32
-1136.7
-930.159
-335.962
-87.9682
-85.1045
-316.906
-296.213
-407.09
-392.411
-283.501
-295.056
-177.655
-218.731
-308.049
-241.295
492.76
1726.86
3366.19
2689.99
2441.74
1170.56
723.625
2150.99
3590.99
3987.53
3404.09
1559.18
-101.191
-85.485
-64.7344
-40.3161
-13.6851
-396.125
-335.233
-254.338
-158.646
-53.8974
-613.607
-519.183
-393.834
-245.636
-83.4505
-708.958
-599.516
-454.518
-283.366
-96.2465
-621.455
-525.146
-397.797
-247.809
-84.1279
-320.527
-271.274
-205.389
-127.66
-43.2439
-161.213
-136.093
-102.99
-64.1126
-21.7582
-606.651
-513.045
-389
-242.541
-82.3833
-921.925
-779.411
-590.816
-368.333
-125.111
-1024.29
-865.249
-655.445
-408.466
-138.723
-837.405
-706.682
-534.891
-333.18
-113.134
-303.268
-256.491
-194.292
-120.944
-41.0293
-79.3455
-67.0924
-50.8538
-31.6934
-10.7614
-76.813
-65.0002
-49.3065
-30.7488
-10.4446
-286.152
-242.289
-183.912
-114.756
-38.9913
-267.532
-226.58
-172.032
-107.365
-36.4839
-367.52
-311.123
-236.116
-147.308
-50.0474
-354.28
-299.916
-227.613
-142.006
-48.2476
-255.978
-216.735
-164.489
-102.608
-34.8529
-266.23
-225.227
-170.812
-106.509
-36.1741
-160.392
-135.725
-102.853
-64.0296
-21.7146
-196.978
-166.243
-125.759
-78.2502
-26.5439
-277.288
-233.675
-176.231
-109.235
-36.9505
-216.856
-182.494
-137.568
-85.3161
-28.8835
437.188
364.509
274.817
171.946
58.7261
1526.64
1269.1
956.214
599.317
205.065
2941.29
2426.61
1833.61
1163.44
402.629
2336.65
1947.59
1490.49
964.305
350.205
2133.15
1780.1
1362.96
877.142
306.163
1053.31
895.103
690.342
440.551
150.444
643.464
537.063
404.335
252.135
85.875
1907.42
1588.94
1196.42
747.626
255.188
3165.96
2627.66
1980.36
1244.04
427.025
3500.58
2903.08
2194.46
1387.87
480.939
2984.06
2474.69
1875.59
1191.13
412.917
1379.8
1154.94
881.944
562.203
194.822
243.449
569.713
809.192
911.707
810.316
489.226
362.29
853.285
1194.3
1287.93
1047.16
415.931
186.497
163.642
410.696
372.161
488.045
459.401
339.243
339.44
224.948
210.612
433.573
275.46
-336.696
-1504.81
-2967.69
-2167.99
-1802.89
-460.048
-665.221
-2058.57
-3372.49
-3591.65
-2819.61
-851.859
220.137
186.721
141.999
88.7433
30.1806
514.854
436.352
331.57
207.086
70.4067
731.003
619.288
470.392
293.704
99.8406
823.333
697.245
529.422
330.481
112.329
731.771
619.678
470.474
293.643
99.7967
443.364
376.694
286.57
178.929
60.7885
327.51
277.7
211.122
131.914
44.8581
770.761
652.894
495.878
309.607
105.247
1078.2
912.766
692.882
432.458
146.985
1161.94
982.948
745.727
465.294
158.128
944.117
798.156
605.241
377.56
128.308
376.227
319.042
242.406
151.301
51.4111
168.664
143.086
108.831
68.0204
23.1334
147.998
125.553
95.4943
59.6833
20.2973
371.227
314.719
239.21
149.427
50.8043
336.418
285.226
216.804
135.435
46.048
441.017
373.772
284.01
177.369
60.2956
415.115
351.79
267.284
166.914
56.7405
306.658
260.015
197.64
123.449
41.9645
306.624
259.766
197.304
123.182
41.867
203.656
172.954
131.602
82.2249
27.9469
190.209
161.098
122.317
76.3374
25.9381
392.19
332.626
252.72
157.702
53.5676
248.742
210.589
159.79
99.6553
33.8494
-295.034
-242.779
-181.296
-113.013
-38.5954
-1324.91
-1096.95
-824.519
-516.699
-176.911
-2577.48
-2114.18
-1593.27
-1012.24
-351.012
-1848.65
-1517.8
-1150.49
-744.771
-275.17
-1528.87
-1242.46
-931.739
-593.009
-205.853
-378.373
-291.178
-202.412
-116.122
-35.2756
-590.672
-492.339
-370.386
-230.965
-78.6824
-1824.47
-1519.28
-1144.09
-715.341
-244.295
-2967.7
-2458.78
-1851.52
-1163.49
-399.663
-3136.06
-2587.19
-1948.74
-1231.43
-427.33
-2441.34
-1999.91
-1502.13
-950.415
-329.444
-720.46
-575.378
-423.502
-264.979
-91.3495
-1992.62
-1434.49
666.024
1148.54
1215.65
1686.91
1088.47
-10194.4
-1667.87
-3124.06
-1372.3
616.697
-4042.43
930.147
2331.38
795.152
-5023.91
-2076.78
-610.929
-320.267
-2952.1
-801.525
150.66
103.151
1769.86
1692.08
-500.304
-321.029
-8438.25
-3862.76
-3631.43
-1869.93
-2910.49
-2281.34
588.704
1699.98
256.719
-1076.73
-881.256
-764.11
-838.497
-816.967
-999.017
-719.337
-564.155
-441.014
-185.527
607.77
518.888
394.545
245.092
82.9155
1033.24
871.539
659.867
411.394
139.762
1094.65
923.92
699.301
435.559
147.934
1517.93
1280.44
969.022
603.71
205.069
981.713
829.897
628.55
391.458
133.02
-7275.74
-6867.24
-6075.29
-6140.81
-6394.01
-1152.8
-719.565
-778.996
-858.841
-410.472
-2354.13
-1761.06
-1493.97
-1277.03
-641.63
-924.965
-635.989
-599.057
-535.41
-178.92
548.147
454.103
336.007
204.606
69.4779
-3337.53
-2658.36
-2056.4
-1416.81
-534.572
831.41
695.016
519.728
319.93
107.628
2020.23
1648.23
1234.51
780.757
272.41
716.911
604.333
454.179
279.661
93.7646
-3205.94
-3208.57
-2852.69
-3062.45
-3444.6
-1534.83
-1060.94
-885.743
-745.157
-309.627
-486.803
-377.848
-301.025
-220.18
-83.6347
-242.867
-176.672
-137.448
-102.286
-39.5347
-2454.9
-1944.88
-1486.32
-1000.93
-368.265
-667.965
-513.434
-378.85
-240.134
-71.0721
159.054
150.464
114.838
65.966
21.5376
113.021
110.529
86.5312
51.1236
17.3532
1578.99
1320.71
993.979
618.419
210.39
1520.38
1279.97
966.138
600.442
203.804
-417.325
-331.421
-251.256
-166.44
-59.9397
-257.748
-196.648
-147.425
-99.4353
-36.1195
-5307.36
-4192.92
-3744.31
-3797.21
-3372.01
-2897.59
-2216.86
-1765.96
-1338.03
-573.17
-2681.46
-2206.34
-1853.46
-1611.05
-691.472
-1378.34
-1082.45
-863.503
-659.228
-328.465
-2451.71
-1960.39
-1484.82
-972.693
-341.901
-1788.92
-1098.43
-892.426
-703.316
-45.5717
550.561
480.09
365.594
224.255
76.2288
1531.42
1292.57
977.178
607.483
206.133
257.936
239.079
182.674
108.509
38.6027
-87.0391
-186.385
-231.176
-291.597
-428.699
-599.185
-20958.8
-17267.8
-16178.6
-19371.4
-14780.2
-11360
-13536
-10300.7
-18538.2
-14773
-15610.8
-13301.8
-13435.2
-10254.9
-12719.1
-17686.4
-15506.3
-13743.3
-15608.1
-13156.1
-10219.4
-11670.3
-8770.8
-17166.3
-14499.3
-15473.2
-13572.7
-13379.9
-11168.8
-12989.8
-13805.5
-12652
-11038.1
-12019.5
-11016.5
-9117.31
-9807.69
-8394.03
-14260
-13075
-13532.7
-12619.2
-12339.5
-10695.6
-12072.7
-9500.69
-9111.32
-7860.95
-8181.47
-8434
-7898.97
-7486.09
-7444.28
-10305.5
-11417.9
-9978.35
-10963.6
-9526.87
-8687.03
-10411.4
-6115.44
-6018.84
-5060.67
-5147.01
-5934.06
-6006
-4989.35
-5149.47
-7201.35
-8795.83
-7078.71
-8211.55
-6973.34
-6766.19
-7825.22
-2233.42
-2218.33
-1821.62
-1840.73
-2232
-2341.98
-1792.29
-1782.93
-2939.13
-3695.31
-2871.68
-3263.54
-2857.81
-2835.01
-3112.33
-7745.84
-7783.21
-11006.3
-12133.9
-7790.75
-7360.18
-10225.2
-8508.92
-7206.4
-4568.37
-7333.27
-4493.67
-7408.42
-7454.01
-4585.69
-7358.31
-7181.85
-10148.4
-10973.7
-6925.19
-6080.87
-9218.28
-7544.43
-5055.89
-1791.65
-4995.27
-2031.33
-4234.27
-4046.69
-2380.44
-6181.3
-6058.28
-8546.31
-9023.84
-6068.78
-5567.73
-7990.66
-7143.3
-2656.02
-1692.28
-2614.78
-2292.43
-2531.99
-2805.08
-2971
-4547.08
-4548.88
-6268.48
-6423.29
-4666.63
-4578.7
-6148.07
-6021.39
-2738.62
-1568.46
-2933.69
-2505.84
-3187.72
-3742.8
-3416.79
-2826.9
-2834.84
-3995.53
-4039.81
-2768.29
-2759.88
-3959.41
-3896.73
-1535.21
-1159.5
-1725.15
-1981.46
-2180.55
-2668.26
-2675.15
-955.927
-961.797
-1414.57
-1425.03
-955.649
-997.167
-1396.44
-1351.37
-276.091
-485.055
-437.361
-902.361
-746.524
-970.301
-1123.59
7422.26
22335.2
5691.61
24945.5
3118.18
26388.5
5309.19
41717.5
8666.89
52367.2
8888.2
37197.4
9487.81
33078.1
9244.67
27776.9
4397.4
2414.72
13276.3
6308.47
4100.79
1894.14
14280.7
5761.99
5687.33
4213.87
16670.8
12239.2
3851.49
3053.63
17098.7
13004.8
8691.24
3165.75
6624.11
2428.08
3034.61
8096.76
40872
12477.7
12296.6
5659.16
49523
15504.7
11431.9
5341.98
27136.6
9039.6
13845.8
6299.68
22154.1
7035.31
5293.01
2850.61
8977.65
3640.88
4787.62
3001.11
9624.89
3648.94
6371.38
4040.93
6064.67
2563.65
10672.1
3868.13
4193.4
1554.49
13143.1
9975.23
7926.11
7157.83
14483.3
12723.5
7837.69
8371.3
7420.34
6439.63
9805.06
8464.45
5864.39
5074.75
3375.26
2913.96
5783.81
5776.18
3274.23
3284.47
5658.51
4488.35
3279.3
2338.83
6412.51
3618.65
6493.66
7107.81
8627.14
6554.76
9368.54
12228.3
4640.85
1997.27
4144.99
4248.19
2608.01
918.349
1893.36
1629.46
6239.88
12523.4
4491.33
14139.4
6749.37
12619.3
5370.48
14978.9
8812.79
12475.2
7409.31
15190
9507.88
11152.8
7556.69
7635.33
9187.61
7360.87
8327.19
11606.1
13639.9
19888.6
9982.48
8271.73
8025.47
10163.7
15998.8
15619.5
15145.6
18254
18401.2
15175.7
15227.4
18235
18225.6
13935.5
14496
17434.3
17674.5
9263.15
9856.07
9278.46
9839.1
11325.3
11447.4
13342.7
13094.1
16932.1
17225.9
8433.55
9315.16
9680.08
10486.6
10930.7
11982.8
12692.4
14099.8
16753.3
18398.3
9889.49
6759.02
7989.54
8003.14
10954.8
12367.3
8900.37
11678.9
7411.4
7483.64
9450.18
6803.81
3415.58
5769.51
1386.4
2144.01
5508.55
8638.52
2140.96
3221.66
2916.79
5112.54
1090.57
1865
7106.15
6052.17
7301.33
4602.31
10028.9
7189.14
11458.1
7712.62
3359.67
3855.6
4163.55
2392.07
2551.99
2757.66
2834.01
2149.43
13200.3
8712.52
2870.57
14283.3
9015.27
3121.74
12970.9
8516.16
2913.81
14243.4
8992.85
3057.23
12350.4
7990.42
2684.02
13951
8837.39
3044.91
7123.22
4118.37
1101.09
8617.11
5895.61
1922.66
10013.6
7047.78
2382.44
11154.8
7299.91
2403.06
13458.1
8516.23
3013.02
7792.11
4319.77
1430.47
7806.89
5089.79
1784.34
8885.1
5889.4
2032.94
10567.8
6812.85
2341.3
12783.5
7516.15
2615.71
-505.741
989.461
433.318
2650.35
1827.39
1835.53
4701.9
4104.36
596.016
962.8
630.1
1005.94
343.503
938.113
629.201
1373.79
1875.66
1132.01
3807.84
2706.69
1732.68
2840.62
2939.6
771.499
6006.24
1863.55
-4282.05
-719.197
601.91
622.188
-61.2558
71.2914
10215.2
4381.45
2702.04
1565.96
10070.6
4441.01
2950.8
1857.87
9707.15
4835.48
3945.5
2736.39
3033.84
1935.59
1645.29
1470.16
13200.5
11521.7
5760.99
7367.2
14996
13995.3
7290.46
8736.04
5162.45
6229.87
11069.8
9091.57
3642.45
4788.08
2063.18
2756.5
4853.81
5673.29
2767.39
3219.22
2902.02
4092.68
1591.51
2468.73
4545.53
3153.19
5138.6
3359.11
7860.33
4549.25
6920.95
4407.59
2673.03
2148.03
3556.2
2300.74
1465.22
1336.89
2239.7
1419.81
11844.3
7700.48
5669.75
5766.47
11732.9
7666.22
5583.8
5631.72
11846.6
7381.61
5663.85
5233.05
13298.7
13028.5
12245.5
9285.66
5192.22
7919.09
9376.63
9737.45
8982.34
6088.21
11279.7
9948.48
8115.64
6440.9
4063.68
6393.34
6177.11
6301.75
7456.82
6378.75
6007.67
6156.03
7316.03
6129.4
5739.18
5869.76
7028.32
8888.89
8412.62
8106.39
6945.26
5919.02
5877.81
5572.97
5735.24
5132.11
6650.76
6550.62
7422
5369.3
6086.64
4654.54
5290.54
4429.42
5261.45
3872.91
6109.61
4769.54
3826.93
3269.05
1789.31
7432.9
5644.24
6002.11
3825.12
2419.26
1397.58
3581.46
3218.3
4216.41
1858.12
1943.78
1073.56
5567.8
3208.31
2267.3
1564.47
3360.17
1432.12
1698
848.815
1955.5
2314.29
2354.77
3953.89
2960.43
3578.35
2814.48
5114.28
2395.16
1704.93
1742.15
2852.43
1058.19
403.967
336.669
687.934
4832.81
2220.21
642.757
5131.16
1377.49
365.794
4743.82
2337.59
732.465
5113.91
1424
397.66
4388.46
2186.16
570.536
4892.79
1328.99
304.63
5719.28
3159.46
846.665
4658.31
2530.36
713.688
4402.22
2241.49
647.553
4184.7
2008.9
477.861
4670.45
1187.19
208.391
6315.04
3349.8
1049.98
5301.68
2902.52
959.406
4645.37
2456.66
809.641
4312.67
1808.73
500.161
4904.27
1245.81
401.086
1653.84
625.277
306.321
32.2868
667.533
265.241
139.611
32.6658
1711.51
671.638
365.858
87.6252
812.982
357.806
232.398
107.596
1954.02
798.868
474.025
159.205
1387.25
697.067
384.281
173.124
1016.29
614.53
272.683
83.1774
1049.7
691.489
378.326
200.117
1618.59
756.315
390.577
53.5401
1531.64
695.272
415.009
-8.87919
2038.87
849.722
512.986
129.956
1818.08
747.663
478.518
-25.1735
1223.3
652.31
328.014
50.3779
1187.67
606.89
367.1
66.4042
904.308
559.605
336.239
186.374
825.368
500.255
332.057
181.612
2112.27
766.961
386.802
-27.8484
2186.21
746.829
442.852
-157.443
2099.84
776.375
419.407
-0.776505
2090.76
718.389
440.8
-144.678
2108.99
796.109
484.044
43.2372
1874.45
650.224
436.548
-96.1853
1958.98
765.217
525.547
152.242
2067.74
734.79
556.868
-83.9275
1516.3
592.737
413.747
60.0629
1791.12
548.325
336.315
-153.824
701.139
195.133
103.679
-32.5731
1762.47
553.275
342.41
-134.625
711.747
204.279
112.978
-21.2323
1663.91
540.429
353.674
-100.53
689.334
206.795
124.557
-5.65576
1406.01
463.694
338.503
-61.8418
609.425
183.365
132.779
14.3007
1235.01
432.716
324.078
-9.4102
552.998
185.787
145.711
41.5226
960.757
411.874
250.064
23.9572
507.422
252.834
151.355
76.3508
1025.36
378.386
265.948
7.02624
504.533
206.217
145.627
61.8205
850.177
435.616
257.324
63.6291
509.138
294.208
169.481
100.426
660.579
414.351
267.011
152.929
468.278
312.943
199.116
141.497
15.8547
9.01602
5.18868
3.0928
2.18362
8.22309
4.53171
2.58841
1.54574
1.09696
32.4796
18.7535
10.6781
6.34356
4.47468
31.3045
17.9956
10.0858
5.94846
4.1834
70.7272
41.825
23.7544
14.1454
10.0085
133.866
76.4019
43.0682
25.5273
18.0074
136.118
80.1034
45.849
27.3832
19.4138
145.185
83.6081
47.4733
28.2822
20.0615
91.2717
55.3777
31.9896
19.1709
13.5384
71.4812
43.5199
25.2202
15.1799
10.746
95.4263
55.6202
31.5518
18.8486
13.335
72.5379
39.2622
21.9706
13.1095
9.24027
100.615
64.3477
37.6932
22.709
16.1224
96.0479
59.3512
34.4898
20.7531
14.7234
129.513
76.3273
43.555
25.9879
18.4294
124.088
73.5409
42.0503
25.1035
17.7782
9.96705
7.44617
4.43149
2.67371
1.91472
2.16351
2.84812
1.76582
1.08755
0.800164
19.7244
12.7946
7.44912
4.47517
3.20622
4.22235
4.11272
2.50315
1.53654
1.13183
28.8113
19.1613
11.1361
6.71972
4.83029
15.9443
9.9592
5.56364
3.27175
2.3504
80.4001
46.2199
25.9053
15.4972
11.0512
40.2712
23.0146
12.7548
7.5921
5.43065
99.0684
50.5155
27.533
16.2427
11.4507
2644.4
4625.98
2520.95
4497.03
2359.2
4190.63
2309.71
4035.63
2506.24
4581.67
1484.72
2125.82
2037.35
3181.9
992.235
1279.85
396.643
518.044
7895.82
1903.74
437.521
97.1566
24.4021
2118.04
562.826
150.703
33.8332
7.57602
7793.35
1853.32
422.687
93.1438
23.2778
2172.87
632.709
155.729
36.1617
9.07669
7500.45
1753.54
395.657
86.5251
21.5039
2109.41
611.638
149.344
34.3212
8.5325
7006.51
1606.2
359.168
78.2585
19.4365
2027.5
574.339
137.422
31.0742
7.61743
6110.81
1379.75
308.249
67.428
16.8607
1881
508.69
118.984
26.5721
6.45529
3402.88
820.579
189.912
42.5213
10.8219
962.169
244.912
53.4657
11.0841
2.54108
4765.37
1116.81
253.813
56.1176
14.1638
1336.85
349.583
80.0895
17.6674
4.26968
2129.48
526.72
123.699
27.9743
7.16191
618.051
161.144
34.7035
6.87947
1.51078
784.428
196.427
46.5276
10.6018
2.73057
300.908
72.0329
14.7497
3.95812
0.599056
-1359.51
587.967
4271.42
-3680.54
952.765
1015.22
2657.59
3241.98
2200.42
3548.28
2939.58
4440.55
2814.47
3674.82
1344.3
1958.35
1459.5
1700.01
977.813
1012.39
2895.22
2257.28
-268.856
-814.321
-889.446
-1195.6
-589.757
12222.3
3370.93
4240.77
3457.12
433.376
65.9392
3380.42
-876.895
-333.961
-718.474
-236.054
6025.46
3159.33
1505.86
841.631
3335.76
1594.89
282.505
473.992
-1003.93
-971.068
925.628
805.602
9392.42
4598.43
4579.25
2638.53
3439.62
3289.64
91.7618
-945.793
399.638
2017.56
1763.99
1531.77
1406.86
1051.51
1801.8
1452.56
1171.78
858.881
338.344
-242.918
-203.314
-149.51
-89.26
-29.3748
-726.5
-606.47
-454.184
-280.626
-94.8511
-793.984
-662.866
-495.787
-305.673
-103.208
-1068.05
-892.756
-668.953
-413.246
-139.683
-521.321
-429.45
-315.739
-191.424
-64.0392
9017.94
8182.42
6907.83
6356.06
5808.06
3071.44
2475.76
2205.73
1820.51
813.736
3447.13
2734.18
2263.52
1764.88
804.163
2670.56
2076.38
1691.84
1251.93
471.023
360.503
253.369
247.991
194.652
98.6663
118.78
154.545
159.317
124.076
47.1349
2799.59
2228.63
1719.62
1180.69
445.237
-544.944
-282.817
-138.58
-60.5039
-19.5306
-264.134
-184.24
-106.759
-47.1578
-11.5199
-515.661
-329.145
-190.253
-95.2444
-29.2296
-222.651
-190.919
-139.986
-81.7208
-25.9546
4135.46
4017.55
3460.07
3357.86
3302.12
2600.04
2037.7
1678.89
1266.65
493.857
1362.81
1174.01
944.613
643.209
232.885
737.015
616.313
486.598
327.83
117.816
2788.35
2217.43
1680.78
1110.08
401.036
1421.79
1188.13
919.929
594.683
196.746
243.042
201.537
161.576
111.332
39.7773
425.093
362.218
285.945
188.653
65.7615
-870.586
-702.914
-508.814
-305.663
-101.755
-855.55
-702.097
-514.349
-310.842
-103.7
815.444
682.041
527.678
344.363
121.549
708.994
592.122
457.825
298.343
104.786
6195.74
4968.03
4347.96
4137.34
3378.16
3590.32
2832.84
2257.33
1656.04
681.599
3620.76
3037.34
2533.54
2057.31
863.858
2103.32
1727.21
1377.59
991.342
437.927
2943.24
2389.72
1820.82
1187.21
416.753
2742.11
1972.95
1595.33
1161.75
226.679
82.6989
75.4946
71.7077
56.9704
21.1782
-840.041
-695.603
-513.757
-312.332
-104.545
364.259
316.502
261.56
181.02
62.8029
-29835
-46277.9
-22520
-39550.9
-23904.1
-55445.4
-31580.4
-67223.5
-16858.7
-11335.8
-18707
-10088.6
-15707
-10336
-18832
-8973.95
-24580.4
-17302.7
-33779.3
-24366.6
-19328.8
-14190.3
-29256.5
-21953.8
-14830.6
-15091.5
-10395.7
-10065.9
-12647.3
-13345.5
-44389.1
-13641.8
-14212.7
-6766.5
-52148
-16566.2
-12893.8
-6222.22
-31094.4
-10244
-15792.3
-7370.84
-26151.8
-7971.38
-11787.8
-4994.19
-16000.5
-6005.41
-10290
-4601.21
-14961.6
-5340.89
-10719.9
-5188.89
-9148.3
-3501.37
-12910.5
-4593.82
-5053.46
-1873.3
-10627
-7699.34
-8670.94
-6485.81
-9193.65
-7858.96
-7691.75
-6738.25
-8679.13
-6376.67
-10051.3
-7936.83
-6502.27
-4786.51
-3850.98
-2738.21
-5876.62
-4939.3
-3371.24
-2703.19
-6562.82
-4529.64
-3918.52
-2400.12
-7755.67
-4111.01
-6650.61
-7138.23
-10091.1
-7089.34
-9450.8
-12149.8
-5514.88
-2320.79
-4288.39
-4297.42
-3199.72
-1145.36
-2019.21
-1678.28
-10418.1
-13311.6
-5946.05
-15061
-10310.3
-12933.4
-6515.68
-15517.3
-11414
-12495.9
-8106.18
-15203.3
-6385.37
-3952.48
-8197.1
-9525.42
-9778.46
-5806.94
-8092.81
-12135.4
-13926.8
-19741.5
-5256.74
-6028.58
-7351.07
-9988.9
-15770.8
-14068.2
-11570.1
-17515.9
-14464.1
-13615.3
-11843.6
-17466.4
-14601.9
-12449
-11028.9
-16509.2
-14496.8
-8469.42
-7927.04
-8524.97
-7700.73
-9809.41
-8744.08
-11316.2
-10032.6
-15835.2
-14540.6
-6976.26
-7638.54
-7830.48
-7682.46
-9018.05
-8818.5
-10980.5
-10939.8
-15752.5
-15520.6
-8265.18
-5630.02
-6933.36
-7038.36
-8600.4
-10728.7
-7259.21
-10181.7
-6825.58
-6853.54
-8474.03
-5981.15
-2698.3
-5039.14
-776.139
-1540.69
-4324.89
-7547.13
-1176.52
-2341.19
-2522.82
-4644.36
-739.913
-1469.64
-6804.51
-5666.57
-7126.98
-4370.39
-9452.17
-6570.12
-11114
-7198.11
-3152.59
-3579.94
-4030.44
-2231.48
-2348.61
-2508.04
-2705.42
-1996.75
-8413.31
-3243.41
-8986.41
-3121.42
-8614.48
-3230.69
-9457.87
-3485.57
-8257.94
-3045.61
-10220.1
-4037.6
-4479.89
-1073.53
-5378.74
-1930.72
-6262.38
-2440.54
-7598.81
-2878.45
-10181.7
-3948.8
-5423.14
-915.395
-4769.3
-1612.41
-5522.21
-2039.34
-7169.5
-2659.49
-9254.82
-3039.43
-6382.55
-6188.92
-4163.26
-4004.63
-10197.7
-8092.27
-7912.51
-6250.09
-5452.77
-5003.41
-2095.13
-1708.4
-5117.14
-4918.87
-1809.54
-1708.12
-2557.78
-5800.83
-3795.63
-7011.73
-4772.88
-2081.89
-3217.39
-767.739
-6816.62
-2368.25
4078.13
1213.8
-222.095
-42.9402
1016.57
1195.02
-2611.53
-1369.84
-1043.43
-402.153
-2615.77
-1518.57
-1143.32
-389.665
-2869.25
-1815.25
-1269.42
-241.287
-1106.85
270.231
261.927
945.178
-5164.62
-5074.55
-3816.68
-4328.91
-7510.62
-7243.06
-6120.28
-6115.14
-2549.72
-3228.53
-4109.81
-3911.71
-2595.1
-2927.73
-1244.1
-1292.79
-4347.27
-4222.91
-2419.23
-2154.05
-1314.23
-2039.59
-304.563
-744.979
-1605.93
-918.153
-2515.85
-1404.46
-2684.89
-1897.4
-3095.01
-2140.91
-666.091
-195.405
-1549.75
-559.676
224.79
512.435
-436.747
241.035
-2901.27
-2881.87
-2369.93
-3721.52
-2997.76
-3044.73
-2496.99
-3814.4
-3553.52
-3183.12
-2833.55
-3748.76
-2273.98
-2762.04
-2805.5
-2676.95
-2361.79
-4507.72
-3565.39
-3277.96
-3963.11
-4108.49
-4621.97
-3487.34
-2914.6
-2648.42
-1953.12
-3818.7
-4806.29
-6436.41
-11153.9
-3662.3
-4085.15
-6038.1
-10360.4
-3738.24
-4519.98
-5548.02
-9257.85
-7663.06
-6603.05
-6077.28
-5306.51
-4189.5
-4599.09
-4321.23
-5211.7
-4763.4
-8275.79
-5187.18
-6000.27
-3724.72
-4780.53
-3006.31
-4184.54
-3133.25
-4644.67
-2769.67
-6516.72
-2329.73
-2472.77
-1283.97
-346.819
-4799.98
-4215.32
-4021.14
-2358.3
-597.113
-82.7443
-1548.52
-2053.91
-2568.33
-666.925
-508.66
-23.07
-4015.54
-2006.89
-992.76
-534.174
-1777.3
-347.869
-233.352
143.884
-482.91
-1354.01
-1302.6
-3519.86
-1438.89
-2829.43
-1906.42
-5099.55
-1023.2
-824.008
-545.81
-2211.01
321.324
492.099
898.78
63.114
-4029.77
-1321.86
-8160.35
-1123.7
-3494.82
-1462.92
-7694.96
-1114.73
-3154.96
-943.478
-6355.36
-541.933
-3586.02
-791.124
-3072.22
-735.809
-3395.81
-1020.91
-3127.65
-514.186
-5703.54
-465.347
-4353.84
-572.709
-3788.71
-574.378
-3714.4
-728.662
-3702.27
-370.264
-5691.35
-568.502
-625.82
-195.684
-93.143
109.726
-195.345
-53.6514
-33.5458
28.0565
-601.725
-161.249
-91.9265
103.621
-81.7413
21.6218
-15.6563
31.1391
-649.353
-137.545
-78.0166
159.288
166.752
226.3
250.882
322.308
633.073
454.04
458.557
430.09
921.455
638.56
505.056
349.575
-265.462
61.3217
162.473
365.444
-252.231
102.544
103.514
401.942
-740.864
-135.139
-52.3791
282.278
-575.053
-33.3875
-43.4926
401.085
173.56
259.929
289.037
385.598
85.1924
240.361
212.136
359.426
544.967
425.844
352.525
293.208
443.917
373.68
284.035
273.307
-1020.78
-322.237
-185.252
199.285
-1386.5
-390.402
-326.754
340.475
-992.266
-293.23
-190.558
195.57
-1339.96
-368.152
-320.813
328.144
-987.443
-261.029
-222.084
180.523
-1212.17
-320.792
-312.846
283.741
-673.327
-102.868
-155.743
205.669
-1138.38
-250.097
-341.041
357.804
-491.752
-36.82
-63.7178
342.871
-1363.87
-302.965
-266.915
297.893
-598.762
-111.859
-72.3984
79.7404
-1214.4
-256.862
-247.648
285.317
-549.936
-97.4103
-69.5683
75.375
-986.554
-179.103
-228.825
251.606
-458.12
-68.5603
-63.5994
70.802
-770.359
-118.951
-202.305
212.648
-386.792
-52.0641
-64.4496
61.4001
-511.492
-41.9225
-125.388
206.621
-211.769
-0.101342
-35.387
66.0299
-179.809
91.5324
91.1681
278.4
140.016
161.161
122.854
152.806
-428.82
-24.0272
-39.1943
226.574
-17.4418
76.4623
36.1137
101.451
113.85
226.538
192.011
295.375
250.719
236.582
188.263
185.171
389.329
336.057
241.929
238.273
349.521
289
207.162
175.828
33.7518
12.3667
5.67137
3.13266
2.18302
14.6492
5.77204
2.73103
1.51905
1.05569
50.6514
21.6126
10.8695
6.21736
4.37965
39.1678
18.765
10.0316
5.86893
4.16495
96.2186
44.0677
23.0879
13.351
9.41402
147.266
76.9479
42.0401
24.6926
17.5188
154.502
82.2792
45.0105
26.3702
18.6392
153.346
84.4722
47.1127
27.8367
19.7096
124.441
59.7113
31.5953
18.3218
12.9877
102.394
47.0599
24.6248
14.1935
10.0387
120.795
56.2263
29.7127
17.1752
12.1269
78.1586
37.6769
20.1045
11.6252
8.24444
142.305
70.5407
37.6725
21.8763
15.4514
128.06
63.7451
34.1795
19.8764
14.0686
142.989
77.9619
43.3213
25.5533
18.0835
138.38
75.5559
41.9177
24.7002
17.4882
36.5662
11.0424
4.74724
2.55467
1.74585
17.1913
4.32972
1.74452
0.904894
0.593194
43.7491
15.7259
7.4334
4.14344
2.85711
18.9645
5.43301
2.36991
1.26891
0.838239
56.3999
21.4467
10.5243
5.91349
4.07624
26.4339
10.567
5.44249
3.15556
2.18118
98.621
43.8443
23.0131
13.1864
9.201
47.0351
21.0542
11.1874
6.44234
4.47571
86.9366
45.2264
24.7662
14.4709
10.2455
-2958.76
-4509.19
-2843.58
-4418.21
-2627.82
-4116.09
-2491.87
-3927.42
-2504.62
-4280.56
-1425.91
-2016.39
-1994.66
-3011.29
-906.431
-1183.23
-295.53
-421.422
-8414.85
-2002.48
-455.828
-100.46
-25.0636
-2231.82
-590.998
-157.299
-35.0599
-7.79001
-8220.38
-1934.91
-437.965
-95.9188
-23.837
-2296.72
-665.107
-162.419
-37.4455
-9.33791
-7770.94
-1807.08
-406.019
-88.4544
-21.8997
-2221.56
-639.438
-155.008
-35.3993
-8.75151
-7116.41
-1630.45
-364.292
-79.2712
-19.6529
-2101.82
-592.942
-141.287
-31.8193
-7.77098
-6106.11
-1382.65
-309.354
-67.7012
-16.9258
-1902.51
-516.41
-120.81
-26.9474
-6.53622
-3366.71
-813.542
-188.63
-42.2945
-10.7764
-938.917
-241.219
-52.9355
-11.0097
-2.52972
-4725.02
-1110.58
-252.933
-55.9971
-14.1449
-1324.76
-349.626
-80.3957
-17.758
-4.29332
-2100.5
-520.553
-122.452
-27.7328
-7.10952
-588.42
-154.781
-33.4581
-6.64644
-1.46213
-759.897
-190.989
-45.3568
-10.3625
-2.67611
-267.908
-64.2399
-13.0663
-3.61787
-0.523832
625.671
-1645.13
-5664.57
1749.86
-6809.95
-2986.47
-6679.92
-3048.26
-11373.6
-6193.46
-13360.1
-7269.26
-112.261
-438.867
-679.917
-785.969
-689.332
-354.686
-178.958
-672.499
-1022.31
-1136.7
-930.155
-335.961
-87.9652
-85.102
-316.903
-296.211
-407.087
-392.408
-283.499
-295.054
-177.655
-218.73
-308.049
-241.295
492.758
1726.85
3366.18
2689.99
2441.74
1170.57
723.623
2150.98
3590.99
3987.53
3404.09
1559.19
-101.188
-85.4821
-64.7322
-40.3147
-13.6846
-396.121
-335.229
-254.335
-158.644
-53.8969
-613.603
-519.179
-393.832
-245.635
-83.45
-708.955
-599.513
-454.516
-283.365
-96.2461
-621.453
-525.145
-397.796
-247.809
-84.1277
-320.526
-271.274
-205.389
-127.659
-43.2439
-161.208
-136.089
-102.987
-64.1107
-21.7575
-606.646
-513.04
-388.996
-242.539
-82.3827
-921.92
-779.406
-590.812
-368.331
-125.11
-1024.29
-865.246
-655.443
-408.465
-138.722
-837.402
-706.68
-534.889
-333.18
-113.134
-303.267
-256.491
-194.292
-120.944
-41.0293
-79.3428
-67.0901
-50.852
-31.6924
-10.761
-76.8108
-64.9983
-49.3051
-30.7479
-10.4443
-286.149
-242.287
-183.911
-114.755
-38.991
-267.53
-226.578
-172.03
-107.364
-36.4835
-367.517
-311.121
-236.114
-147.308
-50.047
-354.278
-299.914
-227.611
-142.006
-48.2474
-255.977
-216.734
-164.488
-102.607
-34.8527
-266.228
-225.226
-170.812
-106.508
-36.174
-160.392
-135.724
-102.853
-64.0294
-21.7146
-196.977
-166.243
-125.759
-78.2501
-26.5438
-277.288
-233.676
-176.231
-109.235
-36.9506
-216.856
-182.494
-137.568
-85.3164
-28.8836
437.186
364.508
274.816
171.945
58.7259
1526.63
1269.1
956.213
599.317
205.065
2941.29
2426.6
1833.61
1163.45
402.63
2336.65
1947.59
1490.49
964.307
350.206
2133.15
1780.11
1362.96
877.149
306.166
1053.32
895.117
690.356
440.562
150.448
643.463
537.062
404.335
252.135
85.8751
1907.42
1588.94
1196.42
747.627
255.188
3165.96
2627.66
1980.37
1244.04
427.026
3500.58
2903.09
2194.47
1387.88
480.941
2984.07
2474.7
1875.6
1191.14
412.92
1379.81
1154.96
881.957
562.212
194.826
243.452
569.715
809.194
911.709
810.318
489.229
362.294
853.288
1194.31
1287.93
1047.17
415.932
186.5
163.644
410.697
372.162
488.047
459.401
339.244
339.441
224.949
210.612
433.576
275.462
-336.691
-1504.8
-2967.67
-2167.96
-1802.86
-460.029
-665.219
-2058.56
-3372.47
-3591.63
-2819.59
-851.839
220.14
186.723
142.001
88.7445
30.181
514.856
436.354
331.571
207.087
70.4071
731.005
619.29
470.393
293.705
99.8409
823.335
697.247
529.423
330.482
112.33
731.773
619.68
470.476
293.644
99.7971
443.367
376.697
286.572
178.931
60.789
327.514
277.703
211.125
131.916
44.8587
770.764
652.897
495.88
309.609
105.248
1078.2
912.768
692.883
432.459
146.986
1161.94
982.95
745.729
465.295
158.128
944.118
798.157
605.242
377.561
128.308
376.229
319.044
242.407
151.302
51.4113
168.666
143.087
108.832
68.0213
23.1337
147.999
125.554
95.4954
59.684
20.2976
371.228
314.72
239.211
149.427
50.8045
336.42
285.227
216.805
135.435
46.0482
441.018
373.773
284.011
177.37
60.2958
415.116
351.791
267.285
166.914
56.7406
306.659
260.015
197.641
123.45
41.9646
306.625
259.767
197.305
123.182
41.8671
203.658
172.955
131.603
82.2256
27.9471
190.209
161.099
122.318
76.3378
25.9382
392.194
332.629
252.723
157.703
53.5682
248.744
210.59
159.792
99.6562
33.8497
-295.029
-242.776
-181.293
-113.011
-38.5949
-1324.91
-1096.95
-824.517
-516.698
-176.911
-2577.46
-2114.17
-1593.26
-1012.24
-351.012
-1848.63
-1517.79
-1150.48
-744.764
-275.168
-1528.85
-1242.44
-931.723
-592.997
-205.849
-378.354
-291.158
-202.395
-116.109
-35.2703
-590.67
-492.338
-370.385
-230.964
-78.6824
-1824.46
-1519.28
-1144.09
-715.342
-244.295
-2967.69
-2458.77
-1851.52
-1163.49
-399.664
-3136.04
-2587.18
-1948.73
-1231.43
-427.329
-2441.33
-1999.9
-1502.12
-950.41
-329.442
-720.442
-575.362
-423.489
-264.97
-91.3463
-1992.59
-1434.46
666.035
1148.54
1215.66
1686.92
1088.48
-10194.3
-1667.79
-3124
-1372.28
616.715
-4042.43
930.161
2331.4
795.16
-5023.83
-2076.73
-610.895
-320.247
-2952.08
-801.494
150.675
103.17
1769.87
1692.1
-500.291
-321.013
-8438.16
-3862.72
-3631.38
-1869.9
-2910.46
-2281.29
588.727
1700
256.743
-1076.69
-881.218
-764.072
-838.465
-816.954
-998.991
-719.312
-564.132
-440.996
-185.52
607.781
518.898
394.553
245.098
82.9174
1033.25
871.547
659.874
411.398
139.763
1094.66
923.927
699.308
435.564
147.936
1517.94
1280.45
969.03
603.716
205.071
981.727
829.91
628.561
391.466
133.023
-7275.71
-6867.28
-6075.36
-6140.92
-6394.2
-1152.78
-719.57
-778.983
-858.79
-410.39
-2354.11
-1761.07
-1493.98
-1277.03
-641.62
-924.963
-635.998
-599.069
-535.422
-178.927
548.164
454.119
336.023
204.619
69.4841
-3337.54
-2658.39
-2056.44
-1416.85
-534.589
831.423
695.03
519.741
319.94
107.632
2020.25
1648.25
1234.54
780.783
272.422
716.919
604.341
454.185
279.666
93.7661
-3205.9
-3208.56
-2852.69
-3062.47
-3444.66
-1534.79
-1060.92
-885.72
-745.134
-309.614
-486.777
-377.827
-301.006
-220.164
-83.6267
-242.851
-176.659
-137.438
-102.279
-39.5319
-2454.89
-1944.89
-1486.33
-1000.95
-368.272
-667.938
-513.41
-378.829
-240.118
-71.0653
159.068
150.477
114.848
65.9728
21.54
113.038
110.544
86.5439
51.1326
17.3566
1579.01
1320.72
993.994
618.431
210.395
1520.4
1279.98
966.152
600.452
203.808
-417.315
-331.414
-251.251
-166.437
-59.9385
-257.735
-196.638
-147.417
-99.4302
-36.1176
-5307.32
-4192.91
-3744.31
-3797.23
-3372.05
-2897.57
-2216.84
-1765.95
-1338.03
-573.171
-2681.42
-2206.3
-1853.43
-1611.03
-691.462
-1378.31
-1082.43
-863.485
-659.216
-328.462
-2451.69
-1960.38
-1484.81
-972.69
-341.9
-1788.88
-1098.41
-892.405
-703.3
-45.5629
550.582
480.109
365.61
224.266
76.2329
1531.44
1292.58
977.192
607.493
206.136
257.957
239.099
182.691
108.522
38.6078
-87.0514
-186.401
-231.185
-291.6
-428.698
-599.182
-21062.2
-17257.7
-16176.9
-19479.9
-14774.9
-11357.3
-13533.9
-10299.5
-18620.8
-14837.9
-15602.7
-13300.3
-13430.8
-10252.2
-12716.5
-17766.5
-15499.1
-13742.3
-15685.1
-13152
-10217.1
-11669.2
-8770.01
-17211.6
-14544.2
-15463.9
-13566
-13375.2
-11166.1
-12985.7
-13852.6
-12648.1
-11038.4
-12064.4
-11013.9
-9115.68
-9807.27
-8393.55
-14277.6
-13088.5
-13525.3
-12611.8
-12335.7
-10693.3
-12068.7
-9518.8
-9109.95
-7861.67
-8198.13
-8432.61
-7897.91
-7486.07
-7444.05
-10318.4
-11416.3
-9973.85
-10953.8
-9523.89
-8685.29
-10407.2
-6121.13
-6018.21
-5061.05
-5152.19
-5933.21
-6005.29
-4989.32
-5149.31
-7209.82
-8784.1
-7075.59
-8199.83
-6970.98
-6764.86
-7820.78
-2234.73
-2218.24
-1821.71
-1841.85
-2231.75
-2341.74
-1792.26
-1782.87
-2950.09
-3699.49
-2871.13
-3259.2
-2857.05
-2834.55
-3110.66
-7769.73
-7796.72
-11015.2
-12187.2
-7796.02
-7362.34
-10227.8
-8509.67
-7221.88
-4565.28
-7344.27
-4497.64
-7412.63
-7456.26
-4588.16
-7376.69
-7190.76
-10154.1
-11015.7
-6929.55
-6082.88
-9220.63
-7545.25
-5075.2
-1784.93
-5003.8
-2034.44
-4237.77
-4048.67
-2382.21
-6191.76
-6063.7
-8550.05
-9049.75
-6071.83
-5569.28
-7992.46
-7144.07
-2659.68
-1689.48
-2619.89
-2298.16
-2534.58
-2806.59
-2972.95
-4549
-4551.41
-6270.42
-6432.97
-4668.34
-4579.73
-6149.13
-6021.9
-2730.95
-1557.96
-2937.28
-2512.15
-3189.87
-3744.03
-3419.02
-2825.63
-2835.46
-3996.23
-4042.61
-2769.02
-2760.41
-3959.86
-3896.97
-1522.52
-1150.75
-1726.13
-1987.59
-2181.8
-2669.03
-2677.3
-954.917
-961.716
-1414.67
-1425.54
-955.781
-997.299
-1396.53
-1351.42
-267.676
-479.467
-436.978
-904.429
-746.783
-970.496
-1124.3
)
;

boundaryField
{
    patch1
    {
        type            calculated;
        value           nonuniform List<scalar> 
2440
(
0
0
3289.67
91.7734
-945.785
399.654
-2281.34
588.704
1699.98
256.719
0
0
3289.64
91.7618
-945.793
399.638
-2281.29
588.727
1700
256.743
0
0
0
0
0
0
0
0
-786.912
0
0
0
0
0
0
0
0
2895.22
2257.27
-268.852
-814.32
-889.444
-1195.6
-589.751
12222.5
3371
4240.83
3457.18
433.4
65.9601
3380.45
-876.872
-333.943
-718.453
-236.048
6025.51
3159.37
1505.9
841.648
3335.78
1594.91
282.511
474.004
-1003.92
-971.058
925.644
805.616
9392.47
4598.44
4579.27
2638.54
3439.64
-254.626
-87.9682
-85.1045
-316.906
-296.213
-407.09
-392.411
-283.501
-295.056
-177.655
-218.731
-308.049
-241.295
186.497
163.642
410.696
372.161
488.045
459.401
339.243
339.44
224.948
210.612
433.573
275.46
-1992.62
-1434.49
666.024
1148.54
1215.65
1686.91
1088.47
-10194.4
-1667.87
-3124.06
-1372.3
616.697
-4042.43
930.147
2331.38
795.152
-5023.91
-2076.78
-610.929
-320.267
-2952.1
-801.525
150.66
103.151
1769.86
1692.08
-500.304
-321.029
-8438.25
-3862.76
-3631.43
-1869.93
-2910.49
0
0
0
0
0
0
0
0
-787.547
0
0
0
0
0
0
0
0
2895.22
2257.28
-268.856
-814.321
-889.446
-1195.6
-589.757
12222.3
3370.93
4240.77
3457.12
433.376
65.9392
3380.42
-876.895
-333.961
-718.474
-236.054
6025.46
3159.33
1505.86
841.631
3335.76
1594.89
282.505
473.992
-1003.93
-971.068
925.628
805.602
9392.42
4598.43
4579.25
2638.53
3439.62
-254.078
-87.9652
-85.102
-316.903
-296.211
-407.087
-392.408
-283.499
-295.054
-177.655
-218.73
-308.049
-241.295
186.5
163.644
410.697
372.162
488.047
459.401
339.244
339.441
224.949
210.612
433.576
275.462
-1992.59
-1434.46
666.035
1148.54
1215.66
1686.92
1088.48
-10194.3
-1667.79
-3124
-1372.28
616.715
-4042.43
930.161
2331.4
795.16
-5023.83
-2076.73
-610.895
-320.247
-2952.08
-801.494
150.675
103.17
1769.87
1692.1
-500.291
-321.013
-8438.16
-3862.72
-3631.38
-1869.9
-2910.46
0
0
5.40954
11.4557
4.49015
10.2285
-599.185
0
0
0
0
0
0
5.43065
11.4507
4.47571
10.2455
-599.182
0
0
0
0
0
326.347
1615.36
1843.71
1203.84
469.925
368.879
420.085
270.857
1137.79
770.634
2079.07
2900.2
109.223
-19.0903
1377.5
1161.05
0
0
0
0
0
0
0
0
0
0
0
0
0
0
0
0
0
0
0
0
0
0
0
0
0
0
0
0
0
0
0
0
0
-152.907
-32.3016
-134.766
-21.276
-100.633
-5.71325
-61.8947
14.2656
-9.45211
41.4956
23.9187
76.3213
6.99004
61.7935
63.5876
100.392
152.886
141.461
2.31152
1.19081
4.47712
4.18112
10.0194
18.0199
19.4107
20.058
13.5525
10.7523
13.346
9.24744
16.128
14.7268
18.4272
17.7763
1.94571
0.796699
3.16078
1.0845
4.79417
2.32264
11.0353
24.6955
6.53322
23.6591
8.16124
21.827
7.68419
19.7037
6.83547
17.0804
5.747
10.9408
2.39749
14.3676
3.82076
7.21761
1.51343
2.7443
0.614744
-1362.11
-213.582
-4176.03
150.666
6504.25
7049.05
5180.52
4566.27
5671.01
5039.07
702.174
467.075
-843.112
-1406.92
-769.889
186.615
226.61
-29.3377
116.832
-890.915
-602.543
-1733.77
-2505.03
111.651
157.367
-1133.82
-1011.72
-0.318307
0.0268619
0
0
0
0
0
0
0
0
0
0
0
0
0
0
0.454421
-0.188523
0
0
0
0
0
0
0
0
0
0
0
0
0
0
296.841
79.317
285.581
75.4288
251.757
70.879
212.707
61.4431
206.645
66.0514
278.379
152.792
226.573
101.455
295.34
185.143
238.232
175.793
2.20833
1.04517
4.34893
4.15151
9.38489
17.495
18.6348
19.7044
12.9622
10.0236
12.1019
8.22868
15.4356
14.0558
18.0764
17.4805
1.82087
0.631095
2.88861
0.883312
4.10329
2.20547
9.20402
-25.3641
-6.70921
-24.229
-8.3943
-22.2291
-7.88527
-19.9226
-6.9809
-17.1455
-5.82682
-10.8945
-2.3868
-14.3478
-3.84609
-7.16488
-1.46464
-2.68971
-0.539361
634.127
-955.299
2519.14
228.595
58.0366
743.213
611.58
-0.572013
-0.159674
-0.140669
-0.631669
0
0
0
0
0
0
0
0
0
0.57739
0.216902
0.366836
0.710512
0
0
0
0
0
0
0
0
0
0
326.42
1615.41
1843.8
1203.95
469.964
368.886
420.14
270.863
1137.86
770.62
2079.17
2900.12
109.267
-19.0923
1377.51
1161.05
0
0
0
0
0
0
0
0
0
0
0
0
0
0
0
0
0
0
0
0
0
0
0
0
0
0
0
0
0
0
0
0
0
-153.824
-32.5731
-134.625
-21.2323
-100.53
-5.65576
-61.8418
14.3007
-9.4102
41.5226
23.9572
76.3508
7.02624
61.8205
63.6291
100.426
152.929
141.497
2.18362
1.09696
4.47468
4.1834
10.0085
18.0074
19.4138
20.0615
13.5384
10.746
13.335
9.24027
16.1224
14.7234
18.4294
17.7782
1.91472
0.800164
3.20622
1.13183
4.83029
2.3504
11.0512
24.7244
6.58809
23.5774
8.14026
21.7759
7.66231
19.6748
6.81991
17.0661
5.73784
10.9375
2.39474
14.361
3.81619
7.21602
1.51186
2.74378
0.61419
-1362.33
-215.262
-4178.79
-82.1832
6479.47
7033.1
5174
4561
5662.38
5030.91
377.357
467.163
-843.107
-1406.98
-769.89
186.582
226.587
-29.4056
116.791
-891.009
-602.611
-1733.89
-2505.18
111.574
157.317
-1133.88
-1011.76
-0.314747
0.0290841
0
0
0
0
0
0
0
0
0
0
0
0
0
0
0.458303
-0.187612
0
0
0
0
0
0
0
0
0
0
0
0
0
0
297.893
79.7404
285.317
75.375
251.606
70.802
212.648
61.4001
206.621
66.0299
278.4
152.806
226.574
101.451
295.375
185.171
238.273
175.828
2.18302
1.05569
4.37965
4.16495
9.41402
17.5188
18.6392
19.7096
12.9877
10.0387
12.1269
8.24444
15.4514
14.0686
18.0835
17.4882
1.74585
0.593194
2.85711
0.838239
4.07624
2.18118
9.201
-25.3977
-6.76647
-24.146
-8.37304
-22.1776
-7.86314
-19.8938
-6.96529
-17.1315
-5.81773
-10.8914
-2.38417
-14.3414
-3.84162
-7.16341
-1.4632
-2.6893
-0.538944
636.415
-953.728
2523.88
229.466
80.0513
760.206
583.545
-0.573458
-0.159764
-0.140803
-0.637346
0
0
0
0
0
0
0
0
0
0.574269
0.216984
0.366927
0.702936
0
0
0
0
0
0
0
0
0
11598.5
9741.19
0
11598
9740.56
0
0
0
0
0
0
0
0
0
6232.7
12513
6743.78
12658.3
8816.47
12451
9507.83
11152.5
7560.33
15592.8
15102.9
15182.6
15230.4
13938.4
14483.7
13202
8720.65
2871.97
12974.5
8518.44
2919.06
12349.2
7989.38
2682.84
0
0
0
0
0
0
0
0
11844.1
7682.57
11735.2
7651.03
11852.9
7372.33
13298.4
13028
12250.7
6385.31
6188.18
6381.6
6012.6
6131.06
5739.84
4835.84
2222.58
636.322
4745.63
2336.13
735.54
4388.62
2185.67
570.358
-22.6333
-179.604
-414.857
-513.088
-75.6982
396.233
409.608
300.288
163.547
-2.04461
-5.30247
52.6139
104.758
-177.918
-352.166
-450.754
-216.306
-62.4336
0
0
0
0
0
0
0
0
6239.88
12541.6
6749.37
12650.4
8817.23
12448
9507.88
11152.8
7560.44
15619.4
15113
15175.8
15227.3
13935.6
14482.1
13200.3
8712.52
2874.92
12970.9
8516.16
2917.71
12347.9
7988.41
2682.41
0
0
0
0
0
0
0
0
11844.3
7695.67
11732.9
7647.42
11850.9
7370.26
13298.7
13028.5
12250.2
6393.39
6190.19
6378.76
6009.95
6129.41
5738.73
4832.81
2220.21
636.485
4743.82
2337.59
736.248
4388.08
2186.07
570.598
-17.8251
-181.669
-416.943
-514.503
-76.4501
396.1
409.288
300.232
163.517
-2.53427
-3.56118
54.28
105.785
-177.451
-352.138
-450.605
-216.324
-62.4624
7918.96
9376.64
34.4504
17.7521
9.48236
5.47339
3.86731
76.0819
38.4927
20.8859
12.2772
8.64677
3715.07
1935.1
7360.87
8327.19
-3216.83
-725.143
30.7772
16.2711
9.11174
5.43717
3.82894
65.3145
34.4861
18.996
11.1478
7.8995
0
0
0
0
0
9263.2
9845.25
9278.76
9855.55
11326.1
11445.4
7123.36
4118.48
1101.12
8617.38
5895.81
1922.74
10012.8
7048.44
2383.89
-4769.63
-1612.6
-5522.49
-2039.48
-7169.56
-2659.53
-9254.36
-3039.21
3352.36
1741.86
2235.1
1590.99
737.489
467.856
417.193
334.315
972.522
654.836
503.484
333.426
121.982
66.0778
36.4065
21.393
15.1409
150.527
83.178
46.4553
27.4626
19.4527
179.623
441.133
641.306
731.911
873.477
1236.89
162.446
137.801
104.802
65.4975
22.2747
398.753
338.049
256.936
160.496
54.5696
579.402
490.907
372.905
232.841
79.1502
660.691
559.238
424.439
264.861
90.0095
787.434
665.571
504.547
314.634
106.895
1112.75
938.582
710.436
442.743
150.402
1186.56
1050.88
873.785
657.001
410.467
140.325
7806.89
5089.79
1784.34
8885.1
5889.4
2032.94
10567.8
6812.85
2341.3
12783.5
7516.15
2615.71
-2054.65
120.08
-402.299
788.809
8888.89
8410.61
8106.37
6945.09
5919.05
5875.03
5719.28
3159.46
846.665
4658.31
2530.36
713.688
4400.59
2240.29
646.366
721.85
477.425
221.462
94.4288
980.458
662.581
370.944
209.741
114.408
65.6847
37.2962
22.208
15.7285
144.255
82.7196
46.8924
27.9201
19.799
-1021.56
-881.134
-710.063
-517.155
-314.785
-106.009
-100.47
-359.439
-556.991
-649.73
-825.597
-1117.34
-90.7027
-76.7715
-58.2499
-36.3338
-12.3436
-324.644
-274.947
-208.752
-130.283
-44.2741
-502.796
-425.548
-322.89
-201.423
-68.434
-585.784
-495.073
-375.129
-233.776
-79.3857
-742.796
-626.303
-473.547
-294.668
-99.9894
-1001.84
-841.534
-634.206
-393.826
-133.518
7360.81
8327.29
-3218.52
-726.741
30.7888
16.2781
9.11813
5.44428
3.84082
65.2923
34.4584
18.9724
11.1299
7.88721
0
0
0
0
0
7919.09
9376.63
34.488
17.779
9.5014
5.48837
3.8847
76.0988
38.4941
20.8817
12.2718
8.64365
3717.83
1937.35
8670.48
52450.9
8896.07
37188.4
9501.78
33075.8
9369.26
28441.1
14297
9028.62
3127.48
14242.7
8993.61
3057.99
13950.8
8837.75
3045.21
13458.1
8516.45
3013.17
12783.6
7516.35
2615.84
127.147
-122.485
-842.203
-1455.91
-2593.57
446.863
-143.676
-92.2169
-59.027
455.336
49.4971
30.8493
28.6021
22.7197
367.024
215.586
185.192
143.695
12.9801
5.07758
2.82396
2.11427
100.036
40.1565
21.5005
16.4259
230.95
95.5259
53.8781
40.9848
337.143
146.637
85.4748
65.2112
340.436
175.91
99.8078
79.4167
268.253
221.631
120.757
95.3408
256.458
188.794
107.013
89.4329
344.652
265.37
148.488
112.903
409.882
299.712
191.124
146.05
7.40831
3.78931
2.00992
1.14821
0.797115
52.4156
28.1186
15.2253
8.82096
6.16916
61.9404
35.8362
20.4757
12.2572
8.66113
61.3525
31.3826
17.2275
10.1852
7.15302
90.9366
54.8633
31.6853
19.0266
13.4903
123.663
72.809
41.5633
24.7995
17.5584
1.85092
0.819602
0.399697
0.216393
0.146675
12.3071
5.38311
2.64654
1.44367
0.983238
25.8315
11.748
5.94421
3.29205
2.27673
330.913
190.167
-58.0413
-462.552
151.853
417.358
728.624
195.555
162.039
212.701
57.329
14.8848
3.34676
0.551254
200.851
64.4886
16.7728
4.00053
0.807716
157.674
58.4432
15.7609
3.72375
0.732017
103.744
38.6446
9.51002
1.98287
0.214979
36.2016
-17.42
-9.07113
-3.05881
-1.2281
-102.406
-76.5784
-27.6158
-8.10205
-2.60364
-142.908
-92.6724
-30.5956
-8.43708
-2.62869
-16.4677
-29.3339
-13.2391
-4.43483
-1.54593
98.5458
10.442
-0.920254
0.501286
-0.404117
2816.08
3685.78
1345.57
1958.1
1459.95
1689.35
1017.56
1049.5
-1136.4
-3327.9
-2143.23
-1238.83
-1008.73
-837.963
-625.397
-385.924
-130.489
-1661.49
-1150.98
-742.493
-597.108
-352.885
-1490.57
-969.016
-643.8
-398.453
-149.625
-1039.06
-814.743
-583.281
-353.406
-119.466
-9011.59
-3136.78
-9452.74
-3483.33
-10218.1
-4036.86
-10180.8
-3948.5
-9254.36
-3039.21
165.227
191.32
1444.71
1548.46
2420.42
49.6885
263.874
244.482
832.277
585.59
54.6755
28.4032
5.70405
-2.49866
303.785
171.086
49.2126
10.506
5.80025
2.85329
0.737645
0.195731
46.057
23.7941
8.40413
2.87643
98.3931
60.422
20.8708
7.4646
163.1
105.64
37.816
14.9441
311.649
156.31
74.8643
40.9875
528.643
270.345
185.622
137.023
500.513
222.514
130.237
84.5585
470.142
296.044
221.082
171.936
413.272
305.302
216.252
170.989
4.7287
3.18247
1.92416
1.18365
0.853966
42.4095
25.2123
14.6538
8.85256
6.33872
78.2883
37.4297
19.8698
11.5204
8.16356
55.1041
28.7958
15.7539
9.21036
6.55719
114.832
58.0265
31.2754
18.2222
12.9053
135.719
74.5031
41.3956
24.4052
17.285
0.388449
0.543598
0.380514
0.247526
0.181927
3.43497
3.87988
2.59415
1.66099
1.21359
13.4141
9.99153
6.11638
3.8135
2.74408
-376.369
-367.172
-255.013
119.103
-301.607
-333.702
-661.201
-106.066
-65.9888
-235.153
-61.8299
-15.8281
-3.51216
-0.575436
-253.838
-74.7447
-18.6394
-4.32959
-0.865979
-243.068
-74.6917
-18.6597
-4.22965
-0.825353
-191.766
-55.8798
-12.7038
-2.55814
-0.327671
-90.7204
4.61211
6.46838
2.56835
1.12684
117.409
77.9189
27.614
8.06544
2.58972
133.236
87.5804
29.2751
8.15545
2.56478
43.5509
34.9259
14.3033
4.62928
1.58563
-65.7697
-2.71473
2.58788
-0.163909
0.478582
-207.827
-757.072
-1154.48
-1295.16
-1086.77
-470.904
583.344
2082.93
3828.82
4919.22
4371.93
2016.16
-187.278
-158.168
-119.752
-74.574
-25.3131
-682.964
-577.618
-437.988
-273.098
-92.7645
-1040.99
-879.968
-666.976
-415.786
-141.223
-1166.59
-985.027
-745.913
-464.745
-157.82
-977.18
-823.617
-622.842
-387.812
-131.672
-422.265
-354.965
-267.971
-166.769
-56.6284
520.958
436.31
328.761
204.65
69.5532
1849.24
1541.21
1159.58
723.298
246.461
3371.92
2793.72
2101.71
1318.22
451.809
4291.55
3536.41
2667.18
1689.84
585.693
3781.52
3105.52
2354.2
1510.63
530.393
1749.53
1445.63
1105.26
715.562
252.625
391.397
939.741
1329.67
1446.01
1189.76
505.632
-611.563
-2122.78
-3771.34
-4648.3
-3847.31
-1316.65
353.8
299.968
228.033
142.471
48.4458
848.806
718.962
546.024
340.899
115.88
1200.22
1015.9
771.06
481.201
163.541
1303.99
1102.62
836.207
521.626
177.252
1071.27
904.461
685.171
427.213
145.159
454.165
382.553
289.389
180.387
61.3056
-547.179
-459.298
-346.866
-216.302
-73.5829
-1887.85
-1576.7
-1188.87
-742.897
-253.388
-3323.74
-2756.73
-2076.98
-1304.83
-447.693
-4046.97
-3329.14
-2510.04
-1592.36
-552.803
-3297.83
-2685.43
-2026.59
-1301.52
-458.448
-1098.07
-873.501
-653.205
-422.88
-150.84
1320.73
0
1539.11
1182.99
993.678
750.305
467.495
158.944
0
0
0
0
0
1346.47
1107.91
831.36
523.004
180.661
8666.84
52446.5
8888.08
37185.7
9487.88
33071.8
9244.88
27779
14283.3
9015.27
3121.74
14243.4
8992.85
3057.23
13951
8837.39
3044.91
13458.1
8516.23
3013.02
12783.5
7516.15
2615.71
111.166
-94.2042
-822.367
-1450.59
-2592.33
448.182
-118.896
-77.8434
-60.6739
456.931
41.594
26.0111
24.1179
19.1441
366.668
215.437
185.16
143.608
11.5046
4.47393
2.45831
1.80055
99.7257
40.0697
21.4625
16.4296
230.582
95.4249
53.8783
41.0504
336.865
146.547
85.4729
65.2583
340.265
175.855
99.8121
79.4523
268.242
221.645
120.782
95.3716
256.376
188.776
107.027
89.4638
344.698
265.416
148.525
112.937
409.975
299.785
191.173
146.086
6.20387
3.18636
1.69699
0.974336
0.678955
52.4505
28.1358
15.2476
8.84679
6.19251
61.9494
35.835
20.471
12.2519
8.65609
61.3574
31.3769
17.2188
10.1767
7.14559
90.9513
54.8659
31.6835
19.0235
13.4873
123.684
72.8186
41.5681
24.8022
17.5603
1.53511
0.68015
0.334219
0.183306
0.124661
12.342
5.40771
2.66449
1.4581
0.995808
25.8852
11.7897
5.97596
3.31811
2.30361
334.241
187.701
-59.8499
-463.733
151.187
417.25
728.336
195.514
162.018
214.247
58.0179
14.9433
3.36758
0.562004
199.269
64.0071
16.6549
3.97287
0.801147
156.08
57.8659
15.6015
3.68426
0.72173
102.682
38.2077
9.37655
1.94753
0.205159
35.5884
-17.6917
-9.15965
-3.08326
-1.23514
-102.532
-76.6447
-27.641
-8.10995
-2.60619
-143.189
-92.8064
-30.6423
-8.45072
-2.63282
-16.5221
-29.3652
-13.2519
-4.4391
-1.5474
98.5259
10.431
-0.924722
0.499792
-0.404639
2814.47
3683.89
1344.21
1956.55
1459.27
1688.61
977.522
1006.18
-1136.4
-3327.9
-2143.24
-1238.84
-1008.73
-837.967
-625.401
-385.927
-130.49
-1661.52
-1151.05
-742.6
-597.253
-352.998
-1490.6
-969.06
-643.853
-398.504
-149.651
-1039.07
-814.757
-583.297
-353.419
-119.471
-8986.41
-3121.42
-9457.87
-3485.57
-10220.1
-4037.6
-10181.7
-3948.8
-9254.82
-3039.43
126.402
148.568
1444.3
1552.86
2423.56
52.0168
218.726
206.211
835.927
584.154
46.2067
23.9514
4.83006
-2.07292
304.227
171.31
49.1893
10.4034
4.54423
2.34688
0.61222
0.198752
46.4602
23.836
8.41543
2.85185
99.013
60.5114
20.8414
7.36884
163.66
105.776
37.8121
14.8801
312.076
156.448
74.8801
40.9525
528.867
270.464
185.667
137.035
500.821
222.642
130.269
84.5489
470.313
296.154
221.136
171.963
413.405
305.397
216.307
171.024
4.02634
2.6826
1.61204
0.986134
0.708872
42.2243
25.1242
14.5944
8.80491
6.29984
78.3108
37.4512
19.8877
11.5345
8.17534
55.126
28.8212
15.7757
9.22756
6.5711
114.856
58.0478
31.293
18.2361
12.9168
135.742
74.5197
41.4081
24.4147
17.2926
0.320588
0.44713
0.309908
0.199289
0.146218
3.42729
3.87492
2.5876
1.65306
1.20542
13.3843
9.96819
6.09598
3.79419
2.72176
-376.888
-365.49
-253.917
119.784
-301.279
-333.685
-661.098
-106.08
-66.0111
-236.196
-62.4595
-15.8726
-3.53107
-0.586024
-252.31
-74.2538
-18.5179
-4.30111
-0.859217
-241.583
-74.1153
-18.4975
-4.18927
-0.814818
-190.827
-55.4564
-12.5705
-2.52242
-0.317688
-90.212
4.86685
6.55503
2.59274
1.13393
117.493
77.9745
27.6369
8.07291
2.5922
133.452
87.7012
29.3197
8.16883
2.56889
43.5779
34.9488
14.3139
4.63306
1.58698
-65.7715
-2.71094
2.59034
-0.162923
0.478969
-207.822
-757.066
-1154.47
-1295.16
-1086.77
-470.902
583.343
2082.93
3828.81
4919.21
4371.93
2016.18
-187.273
-158.164
-119.749
-74.5721
-25.3125
-682.959
-577.613
-437.985
-273.096
-92.7638
-1040.98
-879.963
-666.973
-415.784
-141.222
-1166.59
-985.023
-745.911
-464.743
-157.819
-977.177
-823.615
-622.84
-387.811
-131.672
-422.264
-354.965
-267.971
-166.769
-56.6283
520.957
436.309
328.761
204.65
69.5533
1849.23
1541.21
1159.58
723.299
246.462
3371.92
2793.72
2101.71
1318.22
451.81
4291.55
3536.41
2667.19
1689.85
585.695
3781.53
3105.53
2354.21
1510.64
530.397
1749.55
1445.65
1105.28
715.573
252.629
391.401
939.744
1329.67
1446.02
1189.76
505.632
-611.563
-2122.77
-3771.33
-4648.28
-3847.29
-1316.63
353.804
299.972
228.036
142.472
48.4464
848.809
718.965
546.026
340.9
115.88
1200.22
1015.9
771.061
481.202
163.542
1303.99
1102.63
836.208
521.627
177.252
1071.27
904.462
685.173
427.214
145.159
454.165
382.553
289.389
180.388
61.3058
-547.179
-459.298
-346.867
-216.302
-73.5831
-1887.85
-1576.7
-1188.87
-742.899
-253.389
-3323.74
-2756.73
-2076.98
-1304.83
-447.695
-4046.96
-3329.14
-2510.05
-1592.36
-552.805
-3297.81
-2685.42
-2026.58
-1301.51
-458.448
-1098.05
-873.486
-653.193
-422.872
-150.838
1320.74
0
1539.12
1183
993.685
750.312
467.5
158.946
0
0
0
0
0
1346.48
1107.93
831.374
523.017
180.666
7807.09
5089.95
1784.41
8885.36
5889.6
2033.03
10568.1
6813.05
2341.39
12783.6
7516.35
2615.84
-2055.67
119.03
-403.62
787.873
8888.85
8410.68
8106.45
6945.22
5919.42
5875.33
5719.37
3159.53
846.691
4658.41
2530.4
713.704
4400.75
2240.28
646.35
721.537
477.288
221.348
94.3828
980.042
662.374
370.824
209.693
114.387
65.6798
37.2953
22.2075
15.7248
144.236
82.711
46.8878
27.917
19.7954
-1021.55
-881.126
-710.054
-517.145
-314.778
-106.006
-100.473
-359.442
-556.994
-649.733
-825.599
-1117.34
-90.705
-76.7734
-58.2514
-36.3347
-12.3439
-324.647
-274.949
-208.754
-130.284
-44.2744
-502.799
-425.55
-322.892
-201.424
-68.4344
-585.786
-495.075
-375.13
-233.776
-79.3859
-742.797
-626.304
-473.548
-294.668
-99.9895
-1001.85
-841.534
-634.206
-393.826
-133.518
9263.16
9845.12
9278.51
9855.25
11325.3
11444.8
7123.22
4118.37
1101.08
8617.11
5895.61
1922.66
10012.3
7048.12
2383.76
-4769.3
-1612.41
-5522.21
-2039.34
-7169.5
-2659.49
-9254.82
-3039.43
3354.53
1742.07
2236.89
1591.64
737.732
468.012
417.211
334.297
972.897
655.05
503.569
333.45
121.966
66.0818
36.4142
21.3993
15.1427
150.537
83.1887
46.465
27.4701
19.4577
179.625
441.135
641.307
731.912
873.478
1236.89
162.448
137.802
104.803
65.4982
22.2749
398.755
338.05
256.936
160.497
54.5698
579.403
490.908
372.906
232.841
79.1504
660.692
559.239
424.44
264.861
90.0098
787.435
665.573
504.549
314.635
106.895
1112.76
938.585
710.439
442.745
150.403
1186.57
1050.88
873.794
657.01
410.474
140.328
)
;
    }
    patch2
    {
        type            calculated;
        value           nonuniform List<scalar> 
348
(
-87.0391
-87.0514
226.688
21.1813
-104.543
62.8078
-45.5717
76.2288
206.133
38.6027
226.679
21.1782
-104.545
62.8029
-45.5629
76.2329
206.136
38.6078
1051.48
338.335
-29.3738
-94.8504
-103.207
-139.682
-64.0374
5808.07
813.816
804.192
471.02
98.669
47.1434
445.24
-19.5123
-11.5142
-29.2185
-25.954
3302.13
493.875
232.897
117.82
401.036
196.751
39.7787
65.7647
-101.751
-103.697
121.553
104.789
3378.14
681.593
863.861
437.927
416.755
-13.6851
-53.8974
-83.4505
-96.2465
-84.1279
-43.2439
-21.7582
-82.3833
-125.111
-138.723
-113.134
-41.0293
-10.7614
-10.4446
-38.9913
-36.4839
-50.0474
-48.2476
-34.8529
-36.1741
-21.7146
-26.5439
-36.9505
-28.8835
58.7261
205.065
402.629
350.205
306.163
150.444
85.875
255.188
427.025
480.939
412.917
194.822
30.1806
70.4067
99.8406
112.329
99.7967
60.7885
44.8581
105.247
146.985
158.128
128.308
51.4111
23.1334
20.2973
50.8043
46.048
60.2956
56.7405
41.9645
41.867
27.9469
25.9381
53.5676
33.8494
-38.5954
-176.911
-351.012
-275.17
-205.853
-35.2756
-78.6824
-244.295
-399.663
-427.33
-329.444
-91.3495
-816.967
-185.527
82.9155
139.762
147.934
205.069
133.02
-6394.01
-410.472
-641.63
-178.92
69.4779
-534.572
107.628
272.41
93.7646
-3444.6
-309.627
-83.6347
-39.5347
-368.265
-71.0721
21.5376
17.3532
210.39
203.804
-59.9397
-36.1195
-3372.01
-573.17
-691.472
-328.465
-341.901
1051.51
338.344
-29.3748
-94.8511
-103.208
-139.683
-64.0392
5808.06
813.736
804.163
471.023
98.6663
47.1349
445.237
-19.5306
-11.5199
-29.2296
-25.9546
3302.12
493.857
232.885
117.816
401.036
196.746
39.7773
65.7615
-101.755
-103.7
121.549
104.786
3378.16
681.599
863.858
437.927
416.753
-13.6846
-53.8969
-83.45
-96.2461
-84.1277
-43.2439
-21.7575
-82.3827
-125.11
-138.722
-113.134
-41.0293
-10.761
-10.4443
-38.991
-36.4835
-50.047
-48.2474
-34.8527
-36.174
-21.7146
-26.5438
-36.9506
-28.8836
58.7259
205.065
402.63
350.206
306.166
150.448
85.8751
255.188
427.026
480.941
412.92
194.826
30.181
70.4071
99.8409
112.33
99.7971
60.789
44.8587
105.248
146.986
158.128
128.308
51.4113
23.1337
20.2976
50.8045
46.0482
60.2958
56.7406
41.9646
41.8671
27.9471
25.9382
53.5682
33.8497
-38.5949
-176.911
-351.012
-275.168
-205.849
-35.2703
-78.6824
-244.295
-399.664
-427.329
-329.442
-91.3463
-816.954
-185.52
82.9174
139.763
147.936
205.071
133.023
-6394.2
-410.39
-641.62
-178.927
69.4841
-534.589
107.632
272.422
93.7661
-3444.66
-309.614
-83.6267
-39.5319
-368.272
-71.0653
21.54
17.3566
210.395
203.808
-59.9385
-36.1176
-3372.05
-573.171
-691.462
-328.462
-341.9
5132.31
1375.19
365.381
5114.91
1422.56
396.949
4893.23
1328.73
304.45
4670.67
1187.12
208.353
4904.38
1245.81
401.068
-8169.47
-1127.09
-7702.47
-1115.68
-6357.31
-542.326
-5703.97
-465.434
-5691.44
-568.664
5131.16
1377.49
365.794
5113.91
1424
397.66
4892.79
1328.99
304.63
4670.45
1187.19
208.391
4904.27
1245.81
401.086
-8160.35
-1123.7
-7694.96
-1114.73
-6355.36
-541.933
-5703.54
-465.347
-5691.35
-568.502
)
;
    }
    patch3
    {
        type            calculated;
        value           nonuniform List<scalar> 
96
(
-112.265
-438.871
-679.921
-785.972
-689.334
-354.687
-178.963
-672.505
-1022.32
-1136.7
-930.159
-335.962
492.76
1726.86
3366.19
2689.99
2441.74
1170.56
723.625
2150.99
3590.99
3987.53
3404.09
1559.18
243.449
569.713
809.192
911.707
810.316
489.226
362.29
853.285
1194.3
1287.93
1047.16
415.931
-336.696
-1504.81
-2967.69
-2167.99
-1802.89
-460.048
-665.221
-2058.57
-3372.49
-3591.65
-2819.61
-851.859
-112.261
-438.867
-679.917
-785.969
-689.332
-354.686
-178.958
-672.499
-1022.31
-1136.7
-930.155
-335.961
492.758
1726.85
3366.18
2689.99
2441.74
1170.57
723.623
2150.98
3590.99
3987.53
3404.09
1559.19
243.452
569.715
809.194
911.709
810.318
489.229
362.294
853.288
1194.31
1287.93
1047.17
415.932
-336.691
-1504.8
-2967.67
-2167.96
-1802.86
-460.029
-665.219
-2058.56
-3372.47
-3591.63
-2819.59
-851.839
)
;
    }
    patch4
    {
        type            calculated;
        value           nonuniform List<scalar> 
384
(
29823.2
33136
36165.1
71272.5
85956.8
50358.2
43641.9
37507.4
-55083
-51683
-81638
-92720.4
29242.3
33204.1
36188.5
71273.8
85955.5
50369.4
43666
36660.9
-54734
-51818.4
-81758.6
-92413.9
47271
14612.5
66390.6
21547.9
-51135.5
-15814.5
-69365.9
-22653.8
47274.7
14612.9
66390.1
21547.4
-51151.4
-15818
-69374.7
-22656
25337.6
7783.13
-29421.2
-8739.39
12715.1
5581.39
4618.03
2142.99
-15404.9
-6528.16
-5526.7
-2487.8
-29407.4
-8736.67
25347.8
7784.94
21608.1
15763.8
22703.4
17360.9
27599.7
8935.87
11155.7
4290.52
12571
4387.19
-38725.4
-27937.2
-36567.3
-27480.9
-31869.3
-10178.2
-18436.1
-6720.2
-18732
-6307.29
21208.1
15469.7
22769
17421.4
27607.8
8937.39
10922.3
4188.89
12619.7
4399.44
-38425.7
-27676.4
-36656.5
-27549.6
-31883.1
-10181.4
-18203.7
-6613.06
-18785.6
-6319.24
-15396.3
-6525.29
-5524.48
-2487.01
12722.3
5584.01
4619.72
2143.66
19890.1
15999
-19742.1
-15770.7
19888.6
15998.8
-19741.5
-15770.8
2886.86
3720.87
3001.09
3645.16
4040.5
2562.01
3866.15
1553.95
3618.16
7107.68
6554.53
12228.3
1996.82
4248.06
918.218
1629.43
-5029.11
-6081.2
-4604.02
-5338.17
-5189.38
-3499.98
-4591.7
-1872.65
-4110.59
-7138.07
-7089.29
-12149.7
-2320.29
-4297.24
-1145.14
-1678.19
2850.61
3640.88
3001.11
3648.94
4040.93
2563.65
3868.13
1554.49
3618.65
7107.81
6554.76
12228.3
1997.27
4248.19
918.349
1629.46
-4994.19
-6005.41
-4601.21
-5340.89
-5188.89
-3501.37
-4593.82
-1873.3
-4111.01
-7138.23
-7089.34
-12149.8
-2320.79
-4297.42
-1145.36
-1678.28
4509.29
14111.2
5368.2
14987.3
7409.55
15193.1
9187.78
-5958.29
-15004.2
-6515.13
-15521.4
-8106.67
-15204.6
-9778.59
4491.33
14139.4
5370.48
14978.9
7409.31
15190
9187.61
-5946.05
-15061
-6515.68
-15517.3
-8106.18
-15203.3
-9778.46
11578.4
11252
10694.1
9816.43
8391.05
5134.91
6938.11
3244.59
1143.71
-12421.1
-11939.1
-11132.5
-10011.7
-8410.83
-5086.88
-6891.7
-3209.56
-1118.38
11560.6
11228.9
10685.5
9813.19
8389.93
5134.81
6937.75
3244.57
1143.7
-12410.2
-11916.1
-11124.5
-10008.9
-8409.98
-5086.85
-6891.48
-3209.57
-1118.39
2555.61
2445.32
2274.95
2039.01
1707.99
1135.47
1469.39
744.19
267.203
-2691.26
-2556.45
-2347.67
-2073.27
-1714.16
-1126.49
-1462.47
-736.898
-261.606
2550.35
2438.03
2271.8
2037.67
1707.46
1135.4
1469.19
744.165
267.196
-2686.81
-2549.05
-2344.59
-2072
-1713.69
-1126.44
-1462.3
-736.882
-261.604
579.455
550.206
505.937
448.642
374.5
260.035
328.393
173.975
63.0952
-603.525
-570.113
-519.342
-455.407
-376.213
-258.405
-327.446
-172.503
-61.8909
578.257
548.292
505.016
448.207
374.312
260.002
328.314
173.962
63.0915
-602.441
-568.163
-518.421
-454.982
-376.036
-258.376
-327.373
-172.493
-61.8887
129.286
122.072
111.446
98.3849
82.3084
58.8229
73.0722
39.9185
14.5853
-133.612
-125.677
-113.928
-99.703
-82.7038
-58.5317
-72.9478
-39.632
-14.339
129.029
121.605
111.203
98.2612
82.2512
58.811
73.046
39.9135
14.5839
-133.372
-125.201
-113.684
-99.5805
-82.6483
-58.5208
-72.923
-39.6276
-14.3379
32.7251
30.7852
27.9764
24.6689
20.7452
15.2259
18.6462
10.4544
3.84311
-33.5962
-31.516
-28.4878
-24.9502
-20.8375
-15.1665
-18.6274
-10.3918
-3.78695
32.662
30.6585
27.9062
24.6309
20.7266
15.2215
18.637
10.4524
3.84253
-33.5362
-31.387
-28.417
-24.9123
-20.8191
-15.1623
-18.6186
-10.39
-3.78646
)
;
    }
}


// ************************************************************************* //
