/*--------------------------------*- C++ -*----------------------------------*\
| =========                 |                                                 |
| \\      /  F ield         | OpenFOAM: The Open Source CFD Toolbox           |
|  \\    /   O peration     | Version:  2412                                  |
|   \\  /    A nd           | Website:  www.openfoam.com                      |
|    \\/     M anipulation  |                                                 |
\*---------------------------------------------------------------------------*/
FoamFile
{
    version     2.0;
    format      ascii;
    arch        "LSB;label=32;scalar=64";
    class       volScalarField;
    location    "2.1";
    object      gradTz;
}
// * * * * * * * * * * * * * * * * * * * * * * * * * * * * * * * * * * * * * //

dimensions      [0 -1 0 1 0 0 0];

internalField   nonuniform List<scalar> 
5712
(
7328.55
22264.5
5559.45
24356
3047.03
25797.6
5195.63
40859.7
8488.73
51308.9
8700.81
36403.2
9286.78
32354.2
9153
27796
4302.68
2342.1
12972.1
6132.47
4013.87
1845.28
13981.5
5629.35
5607.25
4135.01
16552.6
12103.8
3759.02
2959.14
16649.2
12608
8446.31
3072.41
6406.38
2329.85
2926.07
7838.74
39966
12211.5
12003.1
5542.86
48508.6
15204.6
11193.1
5255.44
26470.5
8823.68
13495.1
6150.02
21554.9
6852.5
5040.83
2732.15
8829.92
3574.2
4491
2834.16
9268.93
3500.89
6009.2
3816.78
5824.71
2448.12
10339.7
3736.82
4069.21
1504.33
12663.8
9553.75
7669.89
6892.06
14107
12370.6
7648.76
8161.85
7128.5
6138.3
9329.22
8004.75
5701.74
4913.64
3304.09
2843.82
5666.74
5654.15
3233.39
3239.01
5471.04
4305.83
3190.13
2259.01
6130.67
3453.21
6170.49
6793.08
8176.41
6222.2
8849.62
11637.3
4467.4
1914.84
3957.6
4076.71
2525.18
884.443
1814.34
1565.53
5799.74
11704.7
4222.89
13239.4
6272.48
11849.8
5032.35
14085.3
8250.07
11752.4
6970.53
14322.1
9079.97
10837.5
7061.66
7104.12
8645.39
7149.28
7936.32
10974.6
12836.6
18792.4
9673.48
7871.15
7544.71
9563.09
15177.7
14605.4
14161.1
17073.7
17227.1
14246.1
14284.9
17117.1
17068.1
13121.6
13640
16399.9
16596.2
9001.29
9565.29
8858.91
9373.25
10777.6
10831.6
12638.6
12344.8
15987.1
16215.1
8208.44
9031.29
9321.36
10004
10443
11340.2
12064.5
13301.6
15897.1
17350
9609.99
6560.59
7775.47
7827.91
10733.5
12192.3
8727.08
11521.4
7157.62
7266.28
9110.11
6544.82
3294.4
5649.92
1346.65
2104.26
5404.67
8537.6
2115.5
3195.54
2778.34
4969.84
1039.53
1812.85
6825.34
5824.91
6986.54
4383.23
9615.77
6870.76
10953.5
7335.58
3199.3
3713.34
3979.17
2270.02
2457.2
2673.23
2735.24
2076.26
12318.9
8116.85
2658.49
13342.9
8403.29
2906.54
12123.8
7934.52
2702.65
13315.6
8376.71
2840.91
11569.8
7458.34
2501.23
13074.4
8242.84
2835.81
6862.55
3930.44
1032.11
8188.57
5593.67
1820.03
9439.1
6646.65
2243.48
10465.1
6824.03
2239.28
12645
7965.35
2817.16
7552.91
4154.08
1364.84
7385.59
4789.23
1667.5
8335.65
5503.62
1887.47
9906.16
6367.59
2178.73
12000.1
7015.56
2432.48
-496.628
991.539
447.997
2647.29
1793.91
1809.64
4622.58
4044.07
603.824
972.382
639.826
1020.05
341.165
942.845
628.234
1381.92
1893.36
1136.19
3821.62
2707.69
1746.78
2873.43
2935.77
818.461
5915.97
1868.47
-4172.48
-629.26
655.054
685.657
6.86769
159.447
10301
4495.45
2732.06
1612.35
10146.8
4558.59
2980.67
1907.26
9805.67
4987.39
4010.57
2833.09
3083.3
2005.93
1718.49
1550.33
13138.6
11481.1
5753.41
7353.94
14774.8
13795.1
7191.9
8622.75
5217.64
6294.67
11124.6
9167.43
3657.28
4794.81
2100.66
2783.84
4804.64
5615.2
2767.13
3210.75
2960.85
4149.63
1655.38
2521.75
4642.55
3288.72
5262.54
3527.66
7988.69
4741.6
7078.51
4631.76
2756.61
2249.47
3651.63
2422.83
1542.66
1416.52
2311.03
1498.97
11996
7953.98
5850.52
6062.75
11889.2
7925.04
5781.44
5943.36
12011.1
7607.77
5883.27
5522.66
13243
12839.5
12317
9444.68
5418.1
7815.54
9374.64
9864.01
9221.28
6425.15
11111.8
9917
8190.39
6598.21
4284.66
6768.44
6684.07
6772.17
8176.48
6738.63
6472.06
6617.13
8000.67
6427.25
6119.37
6289.04
7657.34
8777.74
8300.85
8129.09
6986.4
6044.59
6046.76
5804.97
6042.44
5492.91
7220.58
6446.98
7305.68
5360.22
6093.08
4739.34
5415.13
4617.83
5536.46
4167.47
6627.68
4741.57
3801.66
3247.34
1741.76
7315.06
5558.21
5910.97
3741.57
2456.37
1408.89
3636.06
3276.73
4223.89
1839.88
1965.99
1083.27
5516.89
3160.47
2265.8
1561.86
3414.16
1454.61
1739.17
871.771
2056.08
2452.92
2537.01
4284.24
3104.56
3783.17
3051.34
5560.08
2486.72
1800.49
1867.66
3076.16
1120.29
442.161
398.808
769.592
5273.62
2420.37
697.56
5663.02
1512.1
400.234
5139.77
2524.44
788.924
5626.75
1557.74
432.516
4695.87
2326.45
602.422
5359.25
1444.93
327.784
5619.03
3079.34
815.022
4677.03
2518.29
703.779
4531.65
2285.37
654.365
4417.18
2101.33
491.315
5089.13
1279.09
219.138
6227.26
3282.34
1019.85
5325.04
2906.2
957.914
4765.9
2507.38
824.383
4535.41
1875.27
511.408
5309.06
1328.71
424.694
1729.48
662.26
321.778
21.8728
701.783
283.389
148.841
32.2223
1787.22
709.332
382.046
81.6263
850.096
380.326
246.636
115.065
2048.5
847.299
498.104
160.931
1462.84
749.02
422.278
194.117
1082.18
668.997
315.253
100.501
1127.07
759.66
434.388
237.758
1711.04
811.049
422.559
50.0674
1626.86
747.521
443.884
-25.8892
2150.04
904.572
539.644
127.556
1925.85
798.116
500.936
-48.4439
1300.64
706.893
364.857
51.3115
1266.9
658.684
402.449
68.423
969.307
613.629
381.045
217.538
885.374
549.237
373.533
210.442
2209.39
807.47
397.878
-56.7153
2303.4
786.137
446.197
-213.341
2202.12
818.947
431.319
-27.1989
2211.27
758.927
444.953
-198.048
2216.31
841.803
498.772
21.7167
1981.81
687.285
441.473
-139.278
2060.74
811.721
546.935
149.133
2186.05
778.446
566.71
-131.351
1602.37
630.517
431.367
52.4294
1900.38
576.898
334.315
-203.179
746.097
204.942
102.332
-46.5936
1877.63
585.901
343.961
-180.816
760.983
216.165
113.104
-33.8575
1765.91
572.036
357.693
-138.952
734.347
218.888
126.16
-15.6021
1489.1
491.135
343.701
-92.1545
647.883
194.196
135.207
7.94247
1307.17
459.451
333.047
-28.852
585.163
197.149
151.03
41.0276
1024.93
443.443
268.767
20.3472
538.307
272.891
167.6
87.3871
1091.93
403.958
276.785
-4.22294
533.405
220.212
155.537
67.1694
910.671
474.116
285.168
70.0682
544.884
321.55
192.835
117.936
710.906
456.159
302.564
178.561
504.652
345.574
228.416
167.258
16.058
10.9724
6.84755
4.32641
3.18946
8.85411
5.63624
3.47639
2.20721
1.64037
35.3076
22.4996
13.5416
8.44008
6.18345
36.0211
21.9069
12.8381
7.91758
5.78143
81.0673
50.933
30.2589
18.8413
13.8233
157.991
93.8242
55.0374
34.0594
24.9031
161.769
98.7071
58.6981
36.5641
26.8429
174.573
103.622
60.9935
37.8645
27.801
106.414
67.883
40.8719
25.5727
18.7179
83.6916
53.3731
32.2073
20.2285
14.8359
110.824
67.9508
40.1994
25.0808
18.388
85.3377
48.0562
27.9817
17.4257
12.7276
118.443
79.213
48.2715
30.3335
22.3027
114.137
73.1927
44.1757
27.7134
20.3592
155.669
94.6228
55.9707
34.7969
25.543
149.347
91.2148
54.051
33.6187
24.6467
8.2937
8.77599
5.69763
3.6267
2.68149
0.887245
3.29713
2.24114
1.45444
1.0933
19.6639
15.0843
9.35461
5.89308
4.35618
3.26628
4.7358
3.08778
1.97944
1.49006
31.0838
23.0097
14.071
8.87725
6.59451
17.6403
12.0126
7.03657
4.32505
3.20801
93.0002
56.2522
32.8851
20.5427
15.161
46.4667
27.974
16.1673
10.0475
7.4317
117.098
61.8155
35.0433
21.5866
15.7688
2497.54
4334.78
2355.74
4206.3
2194.97
3914.37
2140.7
3764.07
2335.66
4296.83
1370.81
1998.58
1901.01
2997.81
908.275
1198.02
356.067
480.752
7385.27
1778.82
408.046
90.4132
22.65
1968.36
521.991
139.793
31.3179
6.98374
7326.97
1740.21
396.241
87.1552
21.733
2033.98
592.062
145.555
33.75
8.45459
7065.51
1649.24
371.445
81.0683
20.1008
1974.68
572.738
139.711
32.063
7.95554
6623.7
1515.56
338.187
73.5232
18.2142
1899.56
538.435
128.703
29.0607
7.10902
5803.29
1307.4
291.395
63.5857
15.8565
1767.72
478.208
111.713
24.9079
6.03718
3253.96
782.51
180.579
40.3137
10.2271
901.59
229.206
49.8819
10.3075
2.35413
4544.52
1062.32
240.792
53.0952
13.3611
1256.1
328.476
75.1389
16.5471
3.98947
2039.25
502.963
117.754
26.5461
6.77288
577.415
150.216
32.1795
6.33905
1.38234
749.892
187.168
44.1736
10.0293
2.57323
280.89
66.6361
13.4752
3.63562
0.531677
-1271.46
619.365
4202.56
-3593.52
979.765
1045.06
2620.44
3196.71
2167.72
3497.5
2889.56
4365.21
2758.16
3602.76
1318.87
1922.33
1435.85
1672.16
1002.62
1038.89
2881.78
2266.03
-334.085
-888.803
-967.62
-1296.19
-671.137
12022.3
3190.43
4110.33
3350.14
376.304
-11.3901
3325.4
-968.156
-413.146
-800.872
-272.444
5934.35
3069.23
1399.97
780.965
3304.15
1535.98
236.699
412.639
-1093.76
-1076.15
875.422
751.442
9330.35
4595.34
4520.8
2608.31
3438.83
3209.82
8.91624
-1052.19
324.055
2023.33
1789.13
1574.88
1472.88
1126.27
1818.92
1477.83
1204.36
893.095
355.797
-300.669
-250.906
-184.455
-110.363
-36.3956
-793.679
-663.297
-497.316
-307.564
-104.012
-864.274
-722.103
-540.551
-333.508
-112.649
-1158.78
-969.514
-727.205
-449.61
-152.046
-593.6
-489.365
-360.168
-218.593
-73.1717
8955.5
8248.83
7086.23
6673.24
6260.56
2967.81
2437.07
2223.98
1880.44
859.977
3365.71
2700.93
2278.66
1816.3
847.168
2603.87
2051.88
1702.53
1284.01
489.979
318.891
226.557
235.424
191.483
100.759
57.0272
110.266
131.831
110.3
43.1844
2767.78
2221.65
1735.01
1207.83
460.833
-611.962
-325.794
-164.817
-74.5682
-24.157
-330.329
-234.898
-141.01
-66.2076
-17.4528
-581.097
-376.309
-221.186
-112.544
-34.8178
-254.868
-217.318
-159.01
-92.8664
-29.535
4111.37
4055.22
3550.78
3524.29
3558.63
2542.51
2010.97
1685.32
1296.34
514.737
1282
1120.96
918.004
635.551
232.646
688.762
582.512
467.573
320.381
116.42
2770.54
2215.18
1693.92
1130.38
411.904
1377.1
1159.45
906.608
591.287
195.859
204.212
171.542
141.605
100.705
36.5506
373.687
323.053
260.09
174.784
61.4772
-949.454
-767.538
-556.326
-334.569
-111.437
-948.467
-778.765
-570.943
-345.296
-115.234
775.75
654.633
512.525
338.483
120.428
664.984
560.277
438.627
289.467
102.487
6190.08
5018.49
4462.57
4337.21
3630.78
3604.52
2865.25
2308.61
1716.59
716.335
3601.44
3058.61
2589.54
2140.2
914.225
2087.1
1727.16
1393.24
1016.69
456.725
2952.88
2410.11
1849.55
1215.17
428.838
2689.9
1945.04
1599.02
1184.96
226.118
11.5024
19.1849
32.5524
34.671
13.9907
-934.585
-774.053
-571.973
-347.919
-116.489
301.608
269.42
231.141
165.177
57.9047
-28914.9
-45254.7
-21877.5
-38467.9
-23273.7
-54062.8
-30621.7
-65730.7
-16352.9
-10958.5
-18172.6
-9767.09
-15260.8
-10017.8
-18318.9
-8695.38
-23789.5
-16723
-32972.3
-23774
-18726.1
-13708.8
-28393.8
-21267
-14376.1
-14597.5
-10056.2
-9691.61
-12211.1
-12924.4
-43280.5
-13303.5
-13820.4
-6576.82
-50922.7
-16168.4
-12545.2
-6039.32
-30267.5
-9975.73
-15361.1
-7168.99
-25416.6
-7755.56
-11411.3
-4853.24
-15643.2
-5882.16
-9930.7
-4438.51
-14472
-5163.27
-10342.9
-4996.63
-8845.01
-3379.64
-12520.8
-4450.13
-4906.23
-1817.19
-10276.3
-7403.36
-8389.11
-6249.91
-8913.05
-7601.1
-7455.74
-6527.2
-8384.38
-6129.35
-9688.47
-7612.27
-6298.1
-4620.06
-3736.98
-2648.3
-5698.06
-4785.89
-3266.32
-2613.43
-6352.83
-4363.7
-3804.48
-2321.45
-7485.07
-3964.34
-6393.14
-6880.71
-9721.37
-6825.72
-9073.06
-11696.3
-5333.99
-2241.63
-4129.73
-4150.2
-3106.04
-1110.62
-1953.85
-1626.13
-10016
-12767
-5731.29
-14406.9
-9928.15
-12456
-6262.42
-14903.5
-10992.5
-12034.8
-7788.49
-14603
-6136.15
-3784.38
-7871.62
-9142.32
-9387.95
-5622.68
-7804.79
-11699.4
-13392
-18967.8
-5057.15
-5775.58
-7039.95
-9581.86
-15169
-13498
-11116.3
-16750.5
-13894.8
-13107.3
-11410.2
-16767.4
-14006.3
-11985.6
-10616.4
-15851.4
-13915.9
-8256.14
-7739.52
-8243.07
-7447.33
-9470.13
-8425.9
-10896.3
-9645.08
-15217
-13966.5
-6814.03
-7468.35
-7596.49
-7424.1
-8710.57
-8480.65
-10579.5
-10508.7
-15165.9
-14917.1
-8051.85
-5484.37
-6749.71
-6885.35
-8423.95
-10578.4
-7097.39
-10026.8
-6619.66
-6675.79
-8218.81
-5799.01
-2589.01
-4927.82
-733.212
-1500.31
-4210.06
-7433.93
-1125.64
-2294.68
-2413.54
-4524.22
-703.853
-1430.75
-6582.77
-5492.85
-6879.46
-4212.61
-9141.03
-6349.83
-10727.1
-6939.75
-3031.65
-3470.45
-3890.22
-2147.17
-2282.06
-2446.88
-2638.05
-1950.32
-8104.73
-3131.02
-8646.65
-3009.47
-8298.94
-3110.1
-9072.04
-3342.7
-7945.63
-2929.27
-9817.41
-3879.99
-4356.17
-1031.12
-5196.28
-1863.5
-6023.51
-2348.41
-7299.88
-2767.06
-9781.76
-3793.34
-5303.09
-870.886
-4585.39
-1540.63
-5285.16
-1948.31
-6868.98
-2547.51
-8874.63
-2906.4
-6223.07
-6051.87
-4008.83
-3880.14
-9912.18
-7867.33
-7659.06
-6057.02
-5392.02
-4999.29
-2068.44
-1700.75
-5044.29
-4896.22
-1765.95
-1682.8
-2457.42
-5724.58
-3703.09
-6923.5
-4738.87
-2000.08
-3096.04
-681.367
-6613.77
-2254.2
4105.67
1291.03
-160.885
30.1001
1085.51
1276.18
-2638.14
-1431.91
-1044.66
-417.779
-2631.36
-1581.54
-1133.93
-398.111
-2883.26
-1894.8
-1226.74
-232.393
-1027.83
325.805
348.509
1021.53
-5073.83
-4997.37
-3727.46
-4254.53
-7321.43
-7067.18
-5954.95
-5964.67
-2514.58
-3219.19
-4093.69
-3919.51
-2514.76
-2860.82
-1181.17
-1237.06
-4217.88
-4108.08
-2334.26
-2078.04
-1270.37
-2013.84
-259.269
-706.366
-1607.8
-962.839
-2561.92
-1496.17
-2728.52
-2017.44
-3177.5
-2301.09
-641.773
-190.267
-1559.05
-593.939
263.031
548.773
-412.551
257.55
-2977.09
-3025.14
-2508.23
-3998.31
-3068.07
-3182.03
-2644.67
-4099.66
-3629.19
-3311.33
-3002
-4019.42
-2204.85
-2645.5
-2799.11
-2740.5
-2525.45
-4390.82
-3511.97
-3317.77
-4111.12
-4415.93
-4490.53
-3429.3
-2930.57
-2740.76
-2126.14
-4058.39
-5160.51
-6944.5
-12029.2
-3876.19
-4366.93
-6519.05
-11175.6
-3928.44
-4781.27
-5982.51
-9990.51
-7539.8
-6507.95
-6053.76
-5313.89
-4264.91
-4714.68
-4512.73
-5483.53
-5139.9
-8937.84
-5104.45
-5924.79
-3716.41
-4796.27
-3080.02
-4306.5
-3310.57
-4925.45
-3058.7
-7087.27
-2302.47
-2455.72
-1238.71
-287.636
-4703.63
-4147.83
-3921.7
-2272.24
-600.137
-75.4715
-1588.84
-2111.92
-2529.76
-620.03
-473.704
6.23364
-3931.9
-1937.41
-946.391
-498.554
-1778.93
-338.711
-211.131
161.961
-547.033
-1475.96
-1450.2
-3844.77
-1565.15
-3037.32
-2130.86
-5569.03
-1062.13
-889.184
-615.043
-2407.3
324.016
494.666
904.102
21.8267
-4337.68
-1423.64
-8825.79
-1237.66
-3738.54
-1551.26
-8329.39
-1226.25
-3350.2
-997.781
-6906.55
-625.566
-3525.49
-768.176
-3079.11
-732.687
-3489.56
-1049.08
-3308.87
-546.253
-6194.57
-533.848
-4306.96
-550.228
-3817.08
-574.045
-3831.39
-754.422
-3922.99
-400.173
-6152.79
-624.155
-658.643
-196.941
-78.66
146.998
-204.374
-51.6758
-26.984
40.4667
-633.247
-160.358
-73.5166
142.412
-82.6684
30.639
-2.22608
47.3888
-682.746
-131.477
-50.3239
212.519
188.165
260.4
295.124
384.798
686.09
505.657
511.7
499.32
995.475
706.505
566.822
405.375
-272.689
84.3464
203.606
440.259
-265.858
127.618
146.095
487.282
-784.035
-127.126
-17.2368
355.517
-614.892
-19.2251
-5.29506
489.388
197.089
297.302
334.957
459.588
97.2408
275.233
257.346
431.812
591.684
474.005
401.138
344.542
480.692
416.692
329.069
324.407
-1082.92
-331.374
-168.284
259.755
-1480.83
-406.405
-308.608
430.551
-1055.74
-301.599
-171.634
256.395
-1436.32
-384.683
-303.286
415.409
-1049.92
-265.815
-200.006
242.134
-1296.24
-333.76
-295.353
361.363
-715.772
-95.5592
-126.352
271.067
-1217.97
-255.404
-315.481
455
-527.164
-26.9288
-32.7543
419.219
-1462.44
-315.987
-249.229
374.229
-641.26
-116.393
-65.1094
102.655
-1311.11
-268.796
-230.909
359.733
-593.99
-101.86
-62.2213
98.2289
-1062.75
-184.295
-211.145
318.08
-494.281
-70.5431
-55.5856
92.7644
-827.038
-119.654
-184.706
270.901
-416.268
-52.8096
-56.1384
81.5502
-550.485
-36.4312
-104.482
261.533
-228.442
3.71634
-24.6657
85.5689
-194.411
109.221
121.326
335.477
149.725
181.155
145.677
182.504
-463.793
-17.5275
-16.911
279.174
-20.2635
87.5933
51.6962
124.776
122.576
256.681
229.332
353.08
269.534
264.411
217.432
219.35
419.6
374.622
281.244
283.134
376.592
321.502
238.856
208.269
44.7369
16.226
7.54914
4.29811
3.08029
19.3251
7.53545
3.60608
2.05547
1.4622
64.1845
27.3036
14.0479
8.33422
6.06226
48.4928
23.5622
12.9717
7.889
5.78058
119.327
55.4053
29.8993
17.976
13.1045
180.155
96.353
54.3923
33.2407
24.3853
188.336
102.895
58.21
35.5062
25.9718
185.217
105.156
60.7426
37.3823
27.3936
153.087
74.8458
40.885
24.6716
18.0819
125.398
58.9523
31.8862
19.1381
14.0007
148.828
70.6118
38.5284
23.1796
16.9291
95.4936
47.2475
26.0887
15.7136
11.5263
174.377
88.2801
48.7033
29.4423
21.5149
155.943
79.637
44.1739
26.7529
19.5912
172.993
97.0793
55.8602
34.3204
25.1368
167.469
94.0876
54.0527
33.177
24.3103
48.3002
14.5667
6.38831
3.57091
2.54294
22.5368
5.72196
2.36098
1.2772
0.88772
56.3041
20.0922
9.7051
5.62369
4.03713
24.4844
7.0379
3.15689
1.77319
1.2407
71.0794
27.2013
13.7291
8.03444
5.75382
33.1525
13.3656
7.08822
4.27825
3.07461
121.676
55.2309
29.9517
17.8782
12.9301
58.2116
26.5622
14.5813
8.74889
6.30836
105.883
56.7025
32.1367
19.551
14.3215
-2867.49
-4337.31
-2738.83
-4246.07
-2525.94
-3952.18
-2389.21
-3766.01
-2400.75
-4107.76
-1358.07
-1933.28
-1909.69
-2892.09
-862.465
-1133.64
-288.895
-409.695
-8030.96
-1908.22
-433.329
-95.2406
-23.6859
-2118.19
-559.296
-148.804
-33.0781
-7.31435
-7880.94
-1851.59
-418.205
-91.3754
-22.6445
-2197.11
-635.289
-154.843
-35.6243
-8.86069
-7448.6
-1728.73
-387.575
-84.2368
-20.7972
-2125.2
-610.907
-147.828
-33.6905
-8.30786
-6826.07
-1560.64
-347.901
-75.5188
-18.6689
-2010.1
-566.427
-134.733
-30.2816
-7.37656
-5864.96
-1325.03
-295.744
-64.5562
-16.0914
-1820.46
-493.559
-115.254
-25.6547
-6.20648
-3241.48
-781.342
-180.689
-40.4014
-10.2612
-896.507
-230.085
-50.3988
-10.4613
-2.39816
-4544.6
-1065.59
-242.071
-53.4479
-13.4591
-1266.73
-333.954
-76.6564
-16.8987
-4.07544
-2024.43
-500.478
-117.421
-26.5195
-6.77666
-562.112
-147.816
-31.9092
-6.33017
-1.39062
-734.908
-184.312
-43.6733
-9.95329
-2.56279
-259.754
-62.3824
-12.7203
-3.51961
-0.515382
708.351
-1529.56
-5454.33
1819.87
-6644.24
-2918.62
-6512.35
-2959.2
-11058.4
-6021.18
-12958.8
-7080.87
-119.635
-480.457
-745.225
-860.366
-755.789
-401.58
-190.612
-731.765
-1111.91
-1231.96
-1005.32
-371.319
-94.2766
-91.9697
-348.855
-326.976
-448.909
-432.491
-315.191
-324.683
-202.274
-240.391
-347.955
-266.504
485.229
1750.69
3409.42
2721.69
2473.14
1195.27
739.597
2212.32
3679.37
4075.64
3475.26
1600.02
-107.871
-91.1691
-69.0722
-43.0351
-14.6113
-433.83
-367.323
-278.832
-174.001
-59.1286
-672.824
-569.592
-432.321
-269.768
-91.6725
-776.423
-656.95
-498.372
-310.866
-105.617
-681.669
-576.347
-436.84
-272.265
-92.4558
-362.759
-306.888
-232.284
-144.357
-48.8996
-171.781
-145.097
-109.871
-68.4303
-23.2301
-660.422
-558.858
-424.01
-264.511
-89.8732
-1003.25
-848.743
-643.837
-401.627
-136.465
-1110.83
-939.095
-711.983
-444.006
-150.85
-905.712
-765.01
-579.585
-361.299
-122.734
-335.224
-283.576
-214.866
-133.784
-45.3908
-85.0616
-71.9528
-54.56
-34.0149
-11.5519
-83.0327
-70.288
-53.3379
-33.2734
-11.3042
-315.109
-266.919
-202.699
-126.527
-43.0001
-295.409
-250.289
-190.113
-118.691
-40.3413
-405.424
-343.363
-260.709
-162.717
-55.2955
-390.61
-330.823
-251.192
-156.781
-53.2804
-284.673
-241.107
-183.048
-114.22
-38.8052
-293.083
-248.068
-188.236
-117.425
-39.8926
-182.599
-154.487
-117.056
-72.8696
-24.7147
-216.586
-182.895
-138.439
-86.1841
-29.2446
-313.202
-263.934
-199.065
-123.408
-41.7526
-239.601
-201.728
-152.147
-94.4014
-31.969
431.435
360.85
273.15
171.568
58.7421
1551.22
1293.51
978.184
615.202
210.964
2987.33
2474
1878.19
1197.25
415.663
2371.94
1985.61
1527.58
993.723
362.821
2168.03
1817.83
1399.63
905.523
316.999
1078.99
920.945
713.714
457.231
156.226
658.912
551.34
416.283
260.26
88.7829
1965.85
1642.03
1240.16
777.074
265.689
3251.68
2707.33
2047.82
1290.74
444.033
3587.58
2985.72
2266.18
1438.81
499.97
3055.33
2543.52
1936.37
1234.92
429.307
1420.13
1193.19
914.993
585.49
203.374
273.497
632.071
891.751
998.883
884.766
541.384
403.562
939.336
1305.52
1398.34
1131.05
455.562
210.871
185.341
458.256
415.583
541.135
508.289
377.081
373.322
251.513
230.233
475.413
298.646
-324.471
-1520.82
-2995.89
-2178.5
-1803.61
-447.967
-677.946
-2112.97
-3445.57
-3653.77
-2853.63
-848.475
247.383
209.911
159.7
99.8389
33.9605
571.404
484.495
368.327
230.133
78.259
805.901
683.082
519.125
324.274
110.259
902.456
764.674
580.964
362.832
123.358
799.344
677.263
514.488
321.266
109.213
490.535
416.695
316.961
197.895
67.231
364.953
309.591
235.484
147.196
50.0665
848.853
719.439
546.738
341.526
116.128
1179.2
998.902
758.78
473.85
161.103
1262.3
1068.65
811.392
506.594
172.225
1020.43
863.407
655.307
409.09
139.079
412.138
349.581
265.689
165.875
56.3703
190.756
161.879
123.168
77.0038
26.193
167.662
142.278
108.251
67.6745
23.0188
414.342
351.405
267.203
166.97
56.78
375.778
318.711
242.35
151.442
51.5003
489.16
414.748
315.287
196.977
66.9758
459.451
389.531
296.096
184.978
62.8952
340.957
289.186
219.888
137.386
46.7114
337.364
285.945
217.299
135.724
46.1417
227.698
193.352
147.114
91.9172
31.2434
208.014
176.263
133.9
83.6027
28.4147
430.081
364.805
277.215
173.016
58.7774
269.78
228.505
173.473
108.236
36.7735
-284.795
-235.069
-176.349
-110.481
-37.8573
-1342.12
-1114.8
-841.258
-529.197
-181.637
-2609.28
-2148.82
-1627.62
-1039.43
-361.757
-1863.29
-1536.78
-1171.85
-763.696
-284.121
-1533.87
-1252.65
-945.602
-605.961
-211.125
-368.201
-283.979
-198.342
-114.149
-34.3179
-603.15
-504.054
-380.351
-237.835
-81.1619
-1876.64
-1567.03
-1183.76
-742.249
-253.936
-3039.41
-2526.36
-1909.63
-1204.29
-414.654
-3198.87
-2648.59
-2003.73
-1271.61
-442.648
-2477.72
-2037.79
-1538.23
-978.134
-340.223
-719.041
-576.37
-426.645
-268.653
-93.0181
-1951.73
-1409.61
734.925
1227.4
1293.99
1793.97
1168.62
-10053
-1588.05
-3054.5
-1344.2
658.906
-4048.44
975.015
2387.16
833.156
-4944.67
-2013.41
-549
-275.869
-2931.69
-750.832
199.049
157.982
1851.18
1789.83
-472.267
-280.569
-8354.23
-3833.29
-3568.08
-1824.51
-2904.56
-2212.17
668.549
1806.72
320.409
-1049.78
-871.819
-774.44
-878.323
-879.88
-981.39
-710.969
-567.374
-454.155
-194.947
669.76
571.041
433.739
269.257
91.0566
1105.11
933.101
707.22
441.297
149.996
1165.98
984.961
746.185
465.108
158.032
1615.55
1364.14
1033.47
644.422
219.003
1054.34
891.64
675.605
420.913
143.056
-7243.63
-6943.47
-6259.45
-6472.22
-6881.62
-1100.49
-698.136
-794.406
-910.329
-451.328
-2312.84
-1749.52
-1518
-1331.4
-685.758
-907.72
-631.505
-610.454
-559.711
-191.789
585.184
484.185
357.636
217.251
73.5723
-3355.93
-2690.17
-2100.57
-1463.04
-557.467
871.994
729.489
545.926
336.198
113.087
2073.27
1696.43
1274.99
809.024
282.94
751.601
634.106
477.019
293.941
98.5742
-3184.72
-3242.38
-2938.57
-3229.3
-3714.16
-1491.61
-1037.51
-888.618
-769.946
-328.451
-437.171
-343.363
-282.971
-215.233
-83.8258
-206.079
-149.444
-121.119
-95.4406
-38.1568
-2446.52
-1949.79
-1504.51
-1024.59
-380.499
-626.571
-483.495
-361.463
-232.557
-68.3617
201.564
184.972
139.344
79.9888
26.0302
160.845
149.009
113.698
66.7446
22.4181
1653.5
1385.07
1044.05
650.393
221.418
1609.27
1355.94
1024.4
637.093
216.317
-394.785
-315.658
-242.779
-163.657
-59.6706
-223.77
-170.941
-131.091
-91.4666
-33.9665
-5279.23
-4220.78
-3839.58
-3986.27
-3626.99
-2885.52
-2224.41
-1796.26
-1384.44
-602.981
-2651.32
-2213.35
-1894.94
-1683.23
-737.258
-1345.55
-1065.44
-863.977
-674.025
-343.719
-2454.98
-1973.64
-1506.84
-995.869
-352.229
-1740.29
-1067.53
-889.51
-720.418
-41.7637
621.449
538.62
408.394
249.833
84.7287
1628.4
1375.32
1040.49
647.221
219.679
313.324
283.463
213.685
126.065
44.3609
-90.3382
-190.003
-229.81
-284.066
-416.952
-583.72
-20318.3
-16727.8
-15714.3
-18820.6
-14314.3
-10978.9
-13147.3
-9994.26
-17912.2
-14253
-15066.6
-12826.8
-12955
-9858.62
-12265.2
-17130.8
-15012.8
-13340.2
-15151.5
-12734.5
-9882.49
-11330.3
-8513.13
-16589.5
-13996.6
-14946.6
-13100.8
-12922.7
-10787.4
-12538.3
-13363.6
-12244.8
-10710.7
-11660.8
-10660.4
-8817.43
-9523.07
-8160.07
-13792.5
-12622.9
-13089.8
-12178.4
-11939.3
-10350.7
-11646.9
-9191.97
-8815.87
-7626.72
-7933.46
-8162.27
-7646.65
-7272.17
-7249.23
-9960.9
-11034.6
-9643.14
-10586.6
-9205.04
-8389.85
-10041.7
-5918.08
-5826.09
-4909.77
-4990.19
-5748.67
-5821.36
-4847.25
-5013.41
-6969.67
-8507.21
-6850.14
-7930.88
-6742.23
-6537.83
-7547.03
-2162.4
-2148.4
-1767.1
-1784.5
-2163.12
-2270.19
-1740.47
-1732.79
-2850.76
-3575.81
-2784.11
-3151.57
-2766.74
-2741.78
-3001.88
-7584.59
-7632.44
-10715.9
-11808.5
-7650.94
-7241.81
-9964.71
-8298.9
-7153.97
-4601.08
-7287.85
-4524.22
-7376.03
-7410.7
-4617.48
-7209.83
-7047.65
-9882.79
-10680.1
-6806.97
-5993.22
-8986.98
-7369.06
-5029.29
-1863.47
-4978.68
-2103.14
-4235.45
-4041.47
-2453.66
-6061.14
-5952.81
-8326.56
-8783.8
-5981.55
-5511.28
-7799.16
-6994.78
-2652.36
-1779.75
-2623.28
-2387.82
-2558.7
-2827.3
-3077.41
-4463.88
-4478.08
-6110.96
-6253.88
-4611.61
-4548.52
-6007.79
-5904.72
-2740.43
-1651.85
-2950.31
-2614.1
-3227.29
-3788.33
-3552.61
-2772.1
-2788.33
-3894.08
-3931.96
-2730.54
-2737.59
-3867.06
-3816.68
-1528.13
-1218.46
-1730.32
-2067.69
-2208.1
-2703.92
-2787.63
-934.804
-943.611
-1377.65
-1386.03
-940.144
-986.713
-1362.5
-1321.34
-265.612
-505.369
-433.7
-937.537
-753.789
-981.039
-1167.88
7242.53
21806
5549.44
24368.2
3042.79
25802.5
5193.5
40858.2
8485.16
51304.5
8693.03
36400.7
9273.23
32350.5
9031.11
27147
4300.79
2341.72
12973.4
6132.74
4012.57
1844.87
13980.6
5629
5538.63
4084.02
16243.6
11878.6
3750.14
2955.28
16663.6
12625.2
8451.55
3070.76
6407.58
2329.64
2925.97
7846.22
39969
12211.8
12003.7
5542.75
48508.1
15204.1
11193
5255.11
26477.4
8824.97
13496.7
6150.38
21564.7
6854.16
5001.43
2697.57
8653.27
3496.92
4494.54
2834.13
9284.69
3504.54
6011.49
3817.18
5829.81
2449.7
10345.5
3738.73
4070.63
1504.85
12663.7
9553.77
7669.98
6892.1
14107.1
12370.7
7648.64
8161.83
7129.01
6138.46
9329.25
8004.84
5701.94
4913.68
3303.94
2843.73
5666.66
5654.12
3233.22
3238.93
5471.65
4305.98
3190.15
2258.97
6131.79
3453.68
6170.74
6793.2
8177.1
6222.41
8849.84
11637.3
4468.45
1915.27
3957.82
4076.83
2525.43
884.566
1814.36
1565.56
5807.01
11732.2
4205.91
13265
6277.75
11841.9
5034.48
14077.3
8250.78
11749.4
6970.29
14319.2
9080.01
10837.7
7061.75
7104.97
8645.22
7149.33
7936.2
10974.1
12835.6
18790.9
9673.6
7871.17
7544.71
9563.13
15177.6
14629.2
14172
17103.2
17207.1
14239.6
14281.9
17110.4
17070.9
13118.9
13638.4
16397.6
16596.5
9001.24
9565.14
8858.64
9372.95
10776.9
10831
12637
12343.9
15986.1
16214.9
8208.38
9031.16
9321.13
10003.8
10442.6
11339.8
12064
13301.2
15896.9
17349.9
9609.87
6560.53
7775.43
7827.87
10733.5
12192.2
8727.05
11521.3
7157.61
7266.29
9109.98
6544.79
3294.4
5649.91
1346.63
2104.24
5404.66
8537.56
2115.48
3195.53
2778.36
4969.85
1039.51
1812.84
6825.38
5824.94
6986.59
4383.24
9615.69
6870.77
10953.5
7335.58
3199.34
3713.37
3979.21
2270.02
2457.21
2673.23
2735.25
2076.26
12316.7
8108.73
2660.52
13329.2
8390.34
2901.02
12120.3
7932.23
2701.35
13316
8375.8
2840.09
11568.4
7457.34
2500.78
13074.5
8242.39
2835.49
6862.39
3930.32
1032.07
8188.28
5593.45
1819.95
9438.63
6646.3
2243.34
10464.5
6823.57
2239.1
12644.9
7965.06
2816.98
7552.77
4153.97
1364.79
7385.38
4789.05
1667.42
8335.37
5503.39
1887.37
9905.88
6367.36
2178.62
11999.9
7015.32
2432.34
-498.544
990.888
443.293
2646.38
1792.51
1809.04
4619.76
4043.26
593.731
968.802
627.798
1012.38
343.675
944.876
630.972
1383.71
1896.37
1137.75
3822.03
2707.92
1748.59
2876.54
2935.35
818.685
5915.56
1868.31
-4171.19
-627.952
655.367
686.402
9.0057
161.07
10285.9
4491.42
2726.43
1607.01
10145.4
4560.12
2980.34
1909.12
9804.8
4987.69
4011.16
2834.38
3084.44
2007.06
1719.86
1551.27
13138.8
11481.2
5753.24
7353.92
14775.1
13795.3
7191.69
8622.7
5217.71
6294.66
11124.3
9167.23
3657.25
4794.85
2100.91
2784.01
4804.48
5615.18
2767.11
3210.79
2961.13
4149.77
1655.88
2522.02
4642.7
3289.05
5262.52
3527.68
7988.18
4741.36
7078.17
4631.44
2757.07
2249.97
3651.81
2423.01
1543.31
1417.03
2311.34
1499.24
11996.6
7967.73
5855.72
6072.26
11887
7921.29
5779.89
5936.6
12009.1
7605.62
5881.83
5519.7
13243.3
12839.9
12316.5
9443.54
5417.24
7815.65
9374.6
9863.35
9219.79
6423.43
11112
9917.02
8190.09
6597.67
4284.11
6777.86
6687.08
6777.09
8170.4
6735.57
6469.01
6610.22
7997.43
6425.48
6118.13
6286.14
7655.98
8777.77
8300.77
8128.99
6986.25
6044.19
6046.43
5804.15
6041.82
5491.54
7219.91
6447.01
7305.61
5360.2
6092.99
4739.16
5414.95
4617.47
5536.19
4166.84
6627.33
4741.61
3801.65
3247.36
1741.76
7315.13
5558.19
5910.98
3741.55
2456.34
1408.86
3635.96
3276.67
4223.92
1839.9
1966.06
1083.31
5516.89
3160.47
2265.83
1561.88
3414.2
1454.63
1739.28
871.823
2056.02
2452.88
2536.94
4284.2
3104.36
3783.07
3051.09
5559.96
2486.77
1800.51
1867.72
3076.19
1120.42
442.222
398.944
769.669
5271.52
2418.48
698.521
5662.27
1514.87
400.766
5137.65
2525.96
789.659
5625.62
1559.31
433.29
4695.24
2326.86
602.677
5358.77
1445.21
327.979
5618.92
3079.26
814.992
4676.92
2518.24
703.76
4531.48
2285.38
654.379
4416.81
2101.33
491.304
5088.9
1279.16
219.178
6227.17
3282.27
1019.82
5324.94
2906.14
957.886
4765.79
2507.32
824.358
4535.24
1875.17
511.352
5308.94
1328.72
424.715
1723.81
658.533
318.105
19.2007
695.605
279.956
146.159
30.5923
1788.02
709.646
382.296
81.7886
850.922
380.673
246.921
115.239
2048.64
847.371
498.202
161.025
1463.2
749.187
422.452
194.204
1082.52
669.16
315.393
100.566
1127.49
759.883
434.521
237.813
1711.2
811.134
422.641
50.129
1626.89
747.566
443.939
-25.8325
2149.94
904.556
539.693
127.638
1925.69
798.08
500.964
-48.3779
1300.87
707.02
364.945
51.364
1267.03
658.777
402.521
68.4778
969.587
613.788
381.142
217.59
885.566
549.363
373.617
210.495
2211.27
807.363
396.35
-58.7435
2308.17
787.411
446.067
-214.714
2201.4
818.662
431.22
-27.2119
2208.22
757.892
444.484
-197.922
2215.65
841.571
498.718
21.7877
1980.44
686.8
441.303
-139.188
2060.33
811.581
546.946
149.232
2185.27
778.169
566.65
-131.264
1602.12
630.439
431.388
52.5205
1907.73
579.451
335.52
-204.341
750.718
206.421
102.912
-46.9653
1874.25
584.826
343.526
-180.647
760.602
216.105
113.137
-33.8184
1764.37
571.539
357.568
-138.837
733.851
218.747
126.151
-15.5419
1488.42
490.902
343.655
-92.095
647.589
194.101
135.195
7.98148
1306.86
459.344
333.04
-28.8033
585.008
197.098
151.029
41.0592
1024.91
443.458
268.798
20.3921
538.287
272.901
167.625
87.4221
1091.8
403.923
276.794
-4.18045
533.324
220.191
155.548
67.2016
910.737
474.177
285.22
70.1159
544.926
321.596
192.876
117.974
711.038
456.259
302.632
178.61
504.748
345.652
228.47
167.299
15.2186
10.4767
6.53373
4.11201
3.01799
8.35126
5.3237
3.2671
2.05566
1.5149
35.3779
22.5441
13.5618
8.44722
6.18284
36.084
21.946
12.8615
7.93306
5.78623
81.1048
50.946
30.2576
18.834
13.8123
158.023
93.824
55.0275
34.0479
24.8913
161.804
98.7192
58.703
36.5672
26.8495
174.598
103.634
61.0008
37.8696
27.8065
106.429
67.8784
40.8596
25.5583
18.7024
83.7101
53.3765
32.2041
20.2229
14.8295
110.854
67.955
40.1923
25.0701
18.3772
85.3572
48.0581
27.9765
17.4183
12.7206
118.463
79.2174
48.2692
30.3287
22.2972
114.159
73.1997
44.1761
27.7112
20.3563
155.693
94.6346
55.9773
34.801
25.5465
149.372
91.2278
54.0581
33.623
24.6499
7.79279
8.51455
5.5544
3.54442
2.63774
0.726147
3.22227
2.20435
1.436
1.09617
19.7495
15.1647
9.41579
5.94179
4.4153
3.3355
4.80635
3.14807
2.03208
1.55055
31.1629
23.0755
14.1225
8.91992
6.64177
17.693
12.0582
7.07382
4.35707
3.24409
93.0678
56.2936
32.9111
20.5616
15.1843
46.5216
28.0143
16.1971
10.0719
7.46026
117.134
61.8252
35.0415
21.5811
15.7658
2476
4328.91
2354.47
4205.24
2193.98
3913.46
2140.03
3763.42
2335.33
4296.49
1370.73
1998.52
1900.88
2997.68
908.234
1197.99
356.037
480.733
7399.39
1780.81
408.469
90.5146
22.6773
1981.5
525.75
140.586
31.5006
7.0333
7314.76
1736.18
395.151
86.8842
21.658
2032.04
591.233
145.295
33.6765
8.43299
7060.21
1647.21
370.837
80.9067
20.0538
1972.58
571.865
139.44
31.9887
7.93396
6621.56
1514.63
337.883
73.4365
18.1876
1898.32
537.882
128.523
29.01
7.09394
5802.52
1307.02
291.262
63.5452
15.8433
1767.14
477.93
111.616
24.8794
6.02841
3253.88
782.456
180.556
40.3054
10.2241
901.489
229.148
49.8589
10.3
2.35158
4544.29
1062.18
240.738
53.0775
13.355
1255.88
328.361
75.0961
16.5338
3.98516
2039.22
502.942
117.744
26.5423
6.77141
577.371
150.189
32.1677
6.33498
1.3809
749.883
187.161
44.1704
10.028
2.57276
280.873
66.6261
13.471
3.6342
0.53117
-1271.65
618.768
4200.68
-3596.76
941.473
1003.09
2622.74
3197.88
2165.59
3493.61
2887.88
4363.01
2756.58
3600.89
1317.5
1920.79
1435.15
1671.4
963.285
997.305
2881.77
2266.04
-334.093
-888.809
-967.627
-1296.2
-671.149
12022.2
3190.35
4110.26
3350.07
376.274
-11.4186
3325.36
-968.188
-413.171
-800.901
-272.452
5934.3
3069.18
1399.92
780.943
3304.12
1535.95
236.689
412.621
-1093.78
-1076.17
875.402
751.423
9330.3
4595.33
4520.77
2608.3
3438.81
3209.78
8.89764
-1052.21
324.032
2023.35
1789.15
1574.91
1472.92
1126.3
1818.93
1477.85
1204.38
893.114
355.806
-300.676
-250.913
-184.462
-110.368
-36.3971
-793.685
-663.303
-497.321
-307.568
-104.013
-864.281
-722.11
-540.557
-333.512
-112.651
-1158.79
-969.522
-727.213
-449.616
-152.048
-593.612
-489.376
-360.178
-218.6
-73.1743
8955.41
8248.74
7086.14
6673.18
6260.58
2967.73
2436.96
2223.85
1880.31
859.889
3365.64
2700.86
2278.6
1816.25
847.138
2603.82
2051.84
1702.5
1284
489.982
318.867
226.532
235.4
191.463
100.756
56.9961
110.233
131.799
110.275
43.1744
2767.75
2221.63
1735
1207.82
460.829
-612.002
-325.842
-164.868
-74.6134
-24.1781
-330.355
-234.925
-141.035
-66.2261
-17.4598
-581.131
-376.347
-221.225
-112.575
-34.8308
-254.875
-217.325
-159.015
-92.8696
-29.536
4111.33
4055.18
3550.74
3524.27
3558.64
2542.46
2010.92
1685.27
1296.3
514.717
1281.95
1120.91
917.959
635.517
232.632
688.739
582.491
467.553
320.367
116.414
2770.52
2215.17
1693.92
1130.38
411.903
1377.07
1159.42
906.584
591.27
195.852
204.202
171.533
141.597
100.699
36.5486
373.669
323.036
260.075
174.774
61.4732
-949.473
-767.558
-556.344
-334.583
-111.443
-948.485
-778.783
-570.959
-345.308
-115.238
775.731
654.614
512.509
338.472
120.424
664.966
560.26
438.612
289.457
102.484
6190.07
5018.5
4462.59
4337.23
3630.81
3604.52
2865.25
2308.62
1716.6
716.342
3601.41
3058.58
2589.53
2140.19
914.222
2087.08
1727.15
1393.23
1016.69
456.725
2952.86
2410.1
1849.54
1215.16
428.837
2689.86
1945
1598.99
1184.93
226.107
11.4836
19.1666
32.5363
34.6597
13.9866
-934.601
-774.068
-571.987
-347.929
-116.493
301.584
269.396
231.119
165.161
57.8987
-28977.7
-45027.8
-21854.6
-38494.8
-23250.9
-54083.2
-30736.5
-65559.5
-16345.8
-10956.3
-18181.5
-9768.45
-15254.5
-10016.1
-18323.9
-8695.67
-23815.1
-16726
-32794.2
-23613.6
-18711
-13703.8
-28415.4
-21287.1
-14383.7
-14593
-10058
-9689.65
-12209.7
-12933.1
-43294.5
-13306.7
-13823.3
-6578.35
-50930.6
-16170.4
-12546.5
-6040.2
-30279.6
-9978.62
-15364.6
-7170.66
-25429.8
-7758.08
-11386.3
-4819.52
-15488.8
-5808.66
-9931.37
-4435.76
-14489
-5165.9
-10343.7
-4996.15
-8850.42
-3380.98
-12527.6
-4452.19
-4908.15
-1817.82
-10275.2
-7402.78
-8389.33
-6249.82
-8912.25
-7600.63
-7455.63
-6527.02
-8384.98
-6129.43
-9687.79
-7611.95
-6299.09
-4620.31
-3737.59
-2648.52
-5698.51
-4785.97
-3266.67
-2613.55
-6354.04
-4364.02
-3805.12
-2321.68
-7486.18
-3964.75
-6393.36
-6880.86
-9721.47
-6825.76
-9073.07
-11696.4
-5335.36
-2242.12
-4130.05
-4150.37
-3106.63
-1110.84
-1954.03
-1626.22
-10038.8
-12811.5
-5719.57
-14461.7
-9930.14
-12448.9
-6262.93
-14899.5
-10991.6
-12031.8
-7788.01
-14601.7
-6135.04
-3783.77
-7870.69
-9142.32
-9387.83
-5622.14
-7803.41
-11697.8
-13390.7
-18967.3
-5056.72
-5774.92
-7039.47
-9581.73
-15169.1
-13534.1
-11137.9
-16813.5
-13882.3
-13103.7
-11408.7
-16767.8
-14016.4
-11983.4
-10614.6
-15851.8
-13919.1
-8255.77
-7739.29
-8241.92
-7446.58
-9468.74
-8424.9
-10894.8
-9644.28
-15217.2
-13967.8
-6813.79
-7468.17
-7595.9
-7423.67
-8709.92
-8480.2
-10579.1
-10508.5
-15166.1
-14917.6
-8051.42
-5484.16
-6749.52
-6885.23
-8423.68
-10578.2
-7097.22
-10026.6
-6619.57
-6675.76
-8218.47
-5798.86
-2589.03
-4927.79
-733.269
-1500.32
-4210.02
-7433.85
-1125.66
-2294.66
-2413.59
-4524.24
-703.926
-1430.78
-6582.82
-5492.9
-6879.58
-4212.69
-9140.91
-6349.83
-10727.2
-6939.9
-3031.75
-3470.51
-3890.33
-2147.23
-2282.14
-2446.93
-2638.13
-1950.37
-8100.96
-3124.29
-8622.47
-2994.7
-8296.14
-3108.85
-9076.96
-3344.85
-7943.85
-2928.58
-9819.36
-3880.68
-4356.02
-1031.06
-5195.85
-1863.34
-6022.89
-2348.18
-7299.32
-2766.81
-9782.57
-3793.62
-5302.94
-870.804
-4585.08
-1540.45
-5284.88
-1948.17
-6868.91
-2547.47
-8875.07
-2906.61
-6225.1
-6052.42
-4002.54
-3878.78
-9910.78
-7866.81
-7654.96
-6056.09
-5389.68
-4993.41
-2062.01
-1697.25
-5052.07
-4899.17
-1767.58
-1682.7
-2455.04
-5726.88
-3702.14
-6924.57
-4739.67
-1997.23
-3094.72
-680.451
-6613.42
-2254.1
4109.03
1293.27
-159.512
31.3429
1088.67
1278.4
-2637.83
-1436.48
-1046.93
-421.622
-2631.72
-1583.79
-1133.06
-399.435
-2883.22
-1895.17
-1224.98
-232.762
-1025.92
325.938
350.181
1022.17
-5074.28
-4997.55
-3727.06
-4254.39
-7321.34
-7067.12
-5954.61
-5964.49
-2514.16
-3219.01
-4094.01
-3919.56
-2514.13
-2860.58
-1180.73
-1236.85
-4217.68
-4107.96
-2334.2
-2077.99
-1269.63
-2013.54
-258.63
-706.064
-1607.23
-962.579
-2561.64
-1495.83
-2728.39
-2017
-3177.26
-2300.55
-640.987
-189.916
-1558.72
-593.633
263.772
549.232
-412.214
257.853
-2975.85
-3024.81
-2509.39
-3992.66
-3069.1
-3180.51
-2644.54
-4090.35
-3629.8
-3311.07
-3000.78
-4015.52
-2205.51
-2645.55
-2799.72
-2740.23
-2524.3
-4391.16
-3512.98
-3318.65
-4110.79
-4413.72
-4490.57
-3429.6
-2930.72
-2740.49
-2125.38
-4048.89
-5133.14
-6925.97
-12005.8
-3870.84
-4359.94
-6504.52
-11163.4
-3927.47
-4780.66
-5977.25
-9987.17
-7540.32
-6508.27
-6054.74
-5314.49
-4265.58
-4715.18
-4512.6
-5483.42
-5137.89
-8936.89
-5104.63
-5924.9
-3716.8
-4796.52
-3080.34
-4306.73
-3310.63
-4925.58
-3058
-7087.13
-2302.73
-2455.87
-1238.76
-287.677
-4703.72
-4147.87
-3921.68
-2272.23
-600.135
-75.499
-1589.03
-2112.08
-2529.68
-620.011
-473.602
6.27772
-3931.83
-1937.38
-946.342
-498.523
-1778.82
-338.681
-210.992
162.019
-546.945
-1475.95
-1450.03
-3844.75
-1565.18
-3037.42
-2130.64
-5569.06
-1061.99
-889.135
-614.858
-2407.24
324.174
494.739
904.281
21.9064
-4313.92
-1413.31
-8816.05
-1234.17
-3733.1
-1551.43
-8321.44
-1225.29
-3349.98
-997.835
-6904.49
-625.153
-3525.61
-768.208
-3079.36
-732.76
-3489.79
-1049.14
-3308.79
-546.194
-6194.13
-533.757
-4307.03
-550.264
-3817.25
-574.134
-3831.52
-754.45
-3923
-400.055
-6152.7
-623.982
-660.889
-199.126
-78.953
147.103
-205.116
-52.7272
-27.0756
40.5223
-633.734
-160.465
-73.5924
142.537
-82.9391
30.6271
-2.30882
47.3909
-682.598
-131.363
-50.2999
212.571
188.367
260.566
295.119
384.778
686.4
505.851
511.732
499.302
995.878
706.738
566.917
405.402
-272.417
84.5216
203.679
440.298
-265.539
127.807
146.178
487.32
-783.637
-126.925
-17.1758
355.533
-614.444
-19.0049
-5.22438
489.4
197.365
297.475
335.039
459.632
97.5043
275.401
257.433
431.856
591.974
474.179
401.23
344.584
480.922
416.842
329.157
324.456
-1085.99
-333.474
-168.572
260.401
-1484.12
-408.033
-309.3
431.439
-1055.3
-301.546
-171.678
256.455
-1433.14
-383.934
-303.013
415.122
-1049.16
-265.587
-199.977
242.097
-1294.66
-333.329
-295.258
361.234
-715.048
-95.2938
-126.322
271.02
-1216.93
-255.065
-315.434
454.928
-526.662
-26.7159
-32.7105
419.193
-1466.59
-317.76
-250.723
375.557
-644.793
-117.436
-65.6374
103.212
-1306.96
-267.917
-230.606
359.424
-592.877
-101.734
-62.2693
98.1817
-1060.7
-183.831
-211.096
317.912
-493.423
-70.3822
-55.5998
92.6845
-826.048
-119.371
-184.678
270.835
-415.797
-52.69
-56.135
81.5033
-549.949
-36.2374
-104.453
261.506
-228.165
3.81248
-24.6526
85.5441
-194.197
109.347
121.382
335.499
149.915
181.263
145.721
182.519
-463.537
-17.4042
-16.8726
279.174
-20.0489
87.6908
51.7238
124.769
122.78
256.816
229.402
353.118
269.699
264.521
217.489
219.38
419.779
374.749
281.318
283.18
376.728
321.603
238.915
208.308
44.143
15.9058
7.38979
4.22092
3.03824
19.0338
7.40058
3.55668
2.04784
1.47122
64.3522
27.4024
14.1124
8.3798
6.10176
48.5577
23.6004
12.9946
7.90257
5.79734
119.414
55.4736
29.9515
18.0163
13.1402
180.161
96.3885
54.4292
33.2713
24.4121
188.316
102.9
58.2202
35.5151
25.975
185.226
105.167
60.7532
37.391
27.3995
153.134
74.8924
40.9256
24.7055
18.1126
125.43
58.9816
31.9112
19.1587
14.0189
148.875
70.6627
38.5723
23.215
16.9587
95.5194
47.2779
26.1159
15.736
11.5449
174.411
88.3105
48.7295
29.464
21.534
155.971
79.6621
44.1954
26.7706
19.6066
173.014
97.0956
55.8737
34.3312
25.1454
167.494
94.1062
54.0672
33.1885
24.3198
47.8548
14.275
6.2083
3.45341
2.43989
22.4107
5.62171
2.29431
1.23149
0.837477
56.3328
20.0862
9.6883
5.60258
3.99795
24.435
6.98274
3.1059
1.72626
1.1841
71.0663
27.1801
13.7052
8.00942
5.71953
33.1232
13.3375
7.06217
4.2534
3.04371
121.683
55.2441
29.9617
17.8831
12.9246
58.196
26.5517
14.5711
8.7373
6.2892
105.908
56.7393
32.1703
19.5779
14.3407
-2852.18
-4337.04
-2738.59
-4247.4
-2525.52
-3952.44
-2388.89
-3765.97
-2400.62
-4107.73
-1358.08
-1933.3
-1909.67
-2892.1
-862.495
-1133.67
-288.928
-409.722
-8052.5
-1911.28
-433.923
-95.3712
-23.7188
-2133.67
-563.557
-149.695
-33.279
-7.3675
-7868.94
-1847.48
-417.082
-91.0953
-22.567
-2195.53
-634.487
-154.581
-35.5491
-8.83845
-7443.71
-1726.73
-386.96
-84.0717
-20.749
-2123.34
-610.051
-147.555
-33.6146
-8.28567
-6824.26
-1559.76
-347.6
-75.4317
-18.6419
-2009.03
-565.898
-134.554
-30.2303
-7.36117
-5864.39
-1324.69
-295.617
-64.5162
-16.0783
-1820
-493.302
-115.16
-25.6264
-6.19762
-3241.45
-781.302
-180.668
-40.3937
-10.2583
-896.447
-230.038
-50.3781
-10.4542
-2.39567
-4544.46
-1065.48
-242.022
-53.4309
-13.4531
-1266.57
-333.853
-76.616
-16.8858
-4.07115
-2024.44
-500.465
-117.413
-26.5161
-6.77529
-562.095
-147.797
-31.8995
-6.32654
-1.38926
-734.917
-184.31
-43.6715
-9.95239
-2.5624
-259.758
-62.3795
-12.718
-3.51864
-0.514985
710.511
-1529.11
-5452.71
1825.16
-6652.74
-2911.96
-6523.35
-2961.19
-11059.6
-6017.45
-13000
-7074.83
-119.632
-480.455
-745.223
-860.365
-755.789
-401.581
-190.608
-731.761
-1111.9
-1231.96
-1005.32
-371.319
-94.2743
-91.9678
-348.854
-326.974
-448.908
-432.491
-315.19
-324.682
-202.275
-240.392
-347.957
-266.505
485.227
1750.69
3409.41
2721.69
2473.14
1195.28
739.596
2212.32
3679.37
4075.64
3475.27
1600.03
-107.869
-91.1668
-69.0705
-43.034
-14.611
-433.828
-367.321
-278.83
-174
-59.1283
-672.822
-569.591
-432.32
-269.768
-91.6723
-776.422
-656.95
-498.371
-310.866
-105.617
-681.669
-576.347
-436.841
-272.265
-92.4559
-362.76
-306.89
-232.285
-144.358
-48.8998
-171.777
-145.094
-109.868
-68.4289
-23.2296
-660.419
-558.855
-424.008
-264.51
-89.8728
-1003.25
-848.741
-643.836
-401.626
-136.465
-1110.83
-939.094
-711.982
-444.006
-150.85
-905.711
-765.01
-579.585
-361.299
-122.734
-335.225
-283.577
-214.866
-133.784
-45.3909
-85.0595
-71.951
-54.5586
-34.0141
-11.5517
-83.031
-70.2865
-53.3368
-33.2727
-11.304
-315.107
-266.917
-202.698
-126.526
-42.9999
-295.408
-250.288
-190.112
-118.691
-40.3411
-405.422
-343.362
-260.708
-162.717
-55.2954
-390.61
-330.822
-251.191
-156.781
-53.2803
-284.673
-241.106
-183.048
-114.219
-38.8051
-293.083
-248.068
-188.235
-117.425
-39.8926
-182.599
-154.487
-117.056
-72.8698
-24.7148
-216.587
-182.895
-138.439
-86.1844
-29.2447
-313.204
-263.936
-199.067
-123.409
-41.753
-239.603
-201.729
-152.148
-94.4021
-31.9692
431.433
360.848
273.149
171.568
58.7419
1551.21
1293.51
978.184
615.203
210.964
2987.33
2474
1878.19
1197.26
415.664
2371.94
1985.61
1527.58
993.725
362.822
2168.04
1817.83
1399.64
905.529
317.002
1079
920.958
713.727
457.241
156.231
658.912
551.34
416.284
260.26
88.783
1965.85
1642.03
1240.16
777.076
265.69
3251.69
2707.33
2047.83
1290.74
444.034
3587.58
2985.72
2266.19
1438.82
499.972
3055.34
2543.53
1936.38
1234.93
429.311
1420.14
1193.2
915.005
585.499
203.377
273.501
632.074
891.755
998.886
884.77
541.388
403.567
939.341
1305.53
1398.35
1131.05
455.564
210.873
185.343
458.258
415.585
541.137
508.29
377.082
373.323
251.515
230.235
475.417
298.648
-324.466
-1520.81
-2995.87
-2178.48
-1803.6
-447.952
-677.944
-2112.97
-3445.56
-3653.75
-2853.61
-848.46
247.386
209.913
159.702
99.8401
33.9609
571.407
484.498
368.329
230.134
78.2595
805.905
683.085
519.127
324.276
110.26
902.459
764.677
580.967
362.833
123.358
799.347
677.266
514.491
321.267
109.214
490.539
416.698
316.964
197.897
67.2316
364.957
309.595
235.487
147.198
50.0671
848.858
719.443
546.741
341.528
116.129
1179.2
998.906
758.783
473.852
161.103
1262.3
1068.66
811.395
506.596
172.226
1020.44
863.41
655.31
409.092
139.079
412.14
349.584
265.691
165.877
56.3707
190.758
161.881
123.17
77.0047
26.1933
167.664
142.28
108.252
67.6753
23.0191
414.344
351.407
267.205
166.971
56.7803
375.78
318.713
242.352
151.443
51.5006
489.162
414.75
315.289
196.978
66.9762
459.453
389.533
296.097
184.978
62.8955
340.958
289.188
219.889
137.387
46.7116
337.365
285.947
217.3
135.724
46.1419
227.7
193.354
147.115
91.918
31.2437
208.016
176.264
133.901
83.6033
28.4149
430.085
364.809
277.218
173.018
58.7781
269.782
228.507
173.475
108.237
36.7739
-284.791
-235.066
-176.347
-110.48
-37.8569
-1342.12
-1114.8
-841.257
-529.197
-181.637
-2609.27
-2148.81
-1627.62
-1039.43
-361.757
-1863.28
-1536.77
-1171.84
-763.69
-284.119
-1533.85
-1252.63
-945.588
-605.951
-211.121
-368.184
-283.963
-198.327
-114.137
-34.313
-603.149
-504.053
-380.351
-237.835
-81.162
-1876.63
-1567.03
-1183.76
-742.251
-253.936
-3039.4
-2526.36
-1909.63
-1204.29
-414.656
-3198.87
-2648.59
-2003.73
-1271.61
-442.649
-2477.71
-2037.78
-1538.23
-978.13
-340.222
-719.027
-576.357
-426.635
-268.645
-93.0155
-1951.7
-1409.59
734.938
1227.41
1294
1793.98
1168.64
-10052.9
-1587.98
-3054.45
-1344.17
658.924
-4048.43
975.03
2387.18
833.165
-4944.6
-2013.36
-548.967
-275.851
-2931.67
-750.802
199.064
158.001
1851.19
1789.85
-472.254
-280.553
-8354.15
-3833.25
-3568.03
-1824.48
-2904.54
-2212.13
668.572
1806.74
320.433
-1049.75
-871.786
-774.406
-878.294
-879.87
-981.368
-710.947
-567.354
-454.139
-194.941
669.771
571.051
433.747
269.263
91.0587
1105.12
933.11
707.228
441.302
149.998
1165.99
984.97
746.193
465.113
158.034
1615.56
1364.15
1033.48
644.429
219.005
1054.35
891.654
675.617
420.921
143.059
-7243.6
-6943.51
-6259.53
-6472.34
-6881.83
-1100.48
-698.142
-794.391
-910.273
-451.242
-2312.82
-1749.52
-1518
-1331.39
-685.748
-907.72
-631.515
-610.467
-559.724
-191.796
585.201
484.201
357.653
217.266
73.5789
-3355.94
-2690.2
-2100.61
-1463.09
-557.486
872.009
729.504
545.94
336.208
113.091
2073.29
1696.45
1275.02
809.052
282.953
751.61
634.115
477.027
293.946
98.5758
-3184.68
-3242.37
-2938.57
-3229.32
-3714.23
-1491.57
-1037.49
-888.595
-769.922
-328.438
-437.146
-343.343
-282.952
-215.216
-83.8174
-206.064
-149.432
-121.109
-95.4333
-38.1539
-2446.51
-1949.79
-1504.52
-1024.6
-380.506
-626.545
-483.472
-361.442
-232.54
-68.3547
201.578
184.985
139.354
79.9957
26.0327
160.863
149.025
113.711
66.7539
22.4216
1653.51
1385.09
1044.06
650.406
221.424
1609.29
1355.96
1024.41
637.105
216.321
-394.776
-315.651
-242.774
-163.653
-59.6694
-223.757
-170.93
-131.083
-91.4614
-33.9646
-5279.2
-4220.77
-3839.59
-3986.3
-3627.05
-2885.49
-2224.39
-1796.26
-1384.44
-602.983
-2651.28
-2213.32
-1894.91
-1683.21
-737.25
-1345.52
-1065.42
-863.96
-674.015
-343.717
-2454.97
-1973.63
-1506.84
-995.867
-352.229
-1740.25
-1067.51
-889.49
-720.402
-41.7547
621.47
538.639
408.411
249.844
84.733
1628.42
1375.34
1040.51
647.231
219.683
313.346
283.483
213.703
126.078
44.3662
-90.3514
-190.02
-229.82
-284.069
-416.951
-583.716
-20418.9
-16717.9
-15712.7
-18926.3
-14309.1
-10976.3
-13145.3
-9993.08
-17992.4
-14315.9
-15058.7
-12825.2
-12950.6
-9855.99
-12262.6
-17208.6
-15005.7
-13339.3
-15226.4
-12730.4
-9880.29
-11329.2
-8512.37
-16633.1
-14039.9
-14937.5
-13094.3
-12918.2
-10784.7
-12534.2
-13409.3
-12241
-10711
-11704.3
-10657.9
-8815.83
-9522.68
-8159.61
-13809.4
-12635.8
-13082.5
-12171.1
-11935.5
-10348.5
-11643
-9209.45
-8814.51
-7627.42
-7949.45
-8160.91
-7645.62
-7272.16
-7249.01
-9973.36
-11033
-9638.7
-10576.9
-9202.11
-8388.15
-10037.6
-5923.54
-5825.47
-4910.13
-4995.07
-5747.83
-5820.67
-4847.22
-5013.26
-6977.96
-8495.78
-6847.08
-7919.36
-6739.91
-6536.52
-7542.67
-2163.65
-2148.3
-1767.19
-1785.54
-2162.86
-2269.96
-1740.44
-1732.74
-2861.48
-3579.87
-2783.57
-3147.29
-2765.99
-2741.33
-3000.22
-7607.94
-7645.8
-10724.7
-11860.5
-7656.16
-7243.96
-9967.31
-8299.65
-7169.3
-4598.21
-7298.83
-4528.19
-7380.2
-7412.91
-4619.92
-7227.62
-7056.49
-9888.43
-10720.9
-6811.28
-5995.21
-8989.31
-7369.89
-5048.39
-1856.87
-4987.21
-2106.22
-4238.93
-4043.43
-2455.38
-6071.01
-5958.2
-8330.25
-8808.73
-5984.58
-5512.83
-7800.94
-6995.54
-2655.8
-1776.97
-2628.46
-2393.56
-2561.3
-2828.8
-3079.32
-4465.31
-4480.64
-6112.89
-6262.97
-4613.33
-4549.55
-6008.85
-5905.24
-2732.43
-1641.06
-2954
-2620.48
-3229.47
-3789.56
-3554.84
-2770.48
-2788.96
-3894.77
-3934.44
-2731.29
-2738.14
-3867.51
-3816.93
-1515.03
-1209.48
-1731.37
-2073.96
-2209.38
-2704.7
-2789.79
-933.662
-943.532
-1377.75
-1386.42
-940.28
-986.848
-1362.59
-1321.39
-256.931
-499.663
-433.33
-939.672
-754.056
-981.239
-1168.6
)
;

boundaryField
{
    patch1
    {
        type            calculated;
        value           nonuniform List<scalar> 
2440
(
0
0
3209.82
8.91624
-1052.19
324.055
-2212.17
668.549
1806.72
320.409
0
0
3209.78
8.89764
-1052.21
324.032
-2212.13
668.572
1806.74
320.433
0
0
0
0
0
0
0
0
-730.101
0
0
0
0
0
0
0
0
2881.78
2266.03
-334.085
-888.803
-967.62
-1296.19
-671.137
12022.3
3190.43
4110.33
3350.14
376.304
-11.3901
3325.4
-968.156
-413.146
-800.872
-272.444
5934.35
3069.23
1399.97
780.965
3304.15
1535.98
236.699
412.639
-1093.76
-1076.15
875.422
751.442
9330.35
4595.34
4520.8
2608.31
3438.83
-168.55
-94.2766
-91.9697
-348.855
-326.976
-448.909
-432.491
-315.191
-324.683
-202.274
-240.391
-347.955
-266.504
210.871
185.341
458.256
415.583
541.135
508.289
377.081
373.322
251.513
230.233
475.413
298.646
-1951.73
-1409.61
734.925
1227.4
1293.99
1793.97
1168.62
-10053
-1588.05
-3054.5
-1344.2
658.906
-4048.44
975.015
2387.16
833.156
-4944.67
-2013.41
-549
-275.869
-2931.69
-750.832
199.049
157.982
1851.18
1789.83
-472.267
-280.569
-8354.23
-3833.29
-3568.08
-1824.51
-2904.56
0
0
0
0
0
0
0
0
-730.746
0
0
0
0
0
0
0
0
2881.77
2266.04
-334.093
-888.809
-967.627
-1296.2
-671.149
12022.2
3190.35
4110.26
3350.07
376.274
-11.4186
3325.36
-968.188
-413.171
-800.901
-272.452
5934.3
3069.18
1399.92
780.943
3304.12
1535.95
236.689
412.621
-1093.78
-1076.17
875.402
751.423
9330.3
4595.33
4520.77
2608.3
3438.81
-168.035
-94.2743
-91.9678
-348.854
-326.974
-448.908
-432.491
-315.19
-324.682
-202.275
-240.392
-347.957
-266.505
210.873
185.343
458.258
415.585
541.137
508.29
377.082
373.323
251.515
230.235
475.417
298.648
-1951.7
-1409.59
734.938
1227.41
1294
1793.98
1168.64
-10052.9
-1587.98
-3054.45
-1344.17
658.924
-4048.43
975.03
2387.18
833.165
-4944.6
-2013.36
-548.967
-275.851
-2931.67
-750.802
199.064
158.001
1851.19
1789.85
-472.254
-280.553
-8354.15
-3833.25
-3568.03
-1824.48
-2904.54
0
0
7.4317
15.7688
6.30836
14.3215
-583.72
0
0
0
0
0
0
7.46026
15.7658
6.2892
14.3407
-583.716
0
0
0
0
0
158.319
1486.39
1688.63
985.978
394.034
345.65
335.524
240.026
989.244
633.385
1823.84
2615.63
30.262
-87.2453
1317.49
1110.07
0
0
0
0
0
0
0
0
0
0
0
0
0
0
0
0
0
0
0
0
0
0
0
0
0
0
0
0
0
0
0
0
0
-203.179
-46.5936
-180.816
-33.8575
-138.952
-15.6021
-92.1545
7.94247
-28.852
41.0276
20.3472
87.3871
-4.22294
67.1694
70.0682
117.936
178.561
167.258
3.18946
1.64037
6.18345
5.78143
13.8233
24.9031
26.8429
27.801
18.7179
14.8359
18.388
12.7276
22.3027
20.3592
25.543
24.6467
2.68149
1.0933
4.35618
1.49006
6.59451
3.20801
15.161
22.9522
6.06139
22.0139
7.57797
20.3561
7.13921
18.4385
6.35829
16.0507
5.35897
10.3373
2.21469
13.5484
3.55897
6.82459
1.38338
2.58588
0.546165
-1277.14
-200.958
-4094.23
146.546
6409.64
6943.55
5117.94
4499.7
5575
4958.96
690.681
556.005
-749.33
-1305.66
-658.972
248.778
249.929
27.2228
133.836
-807.662
-534.143
-1604.62
-2359.3
153.846
185.769
-1097.52
-987.64
-0.312404
0.0266864
0
0
0
0
0
0
0
0
0
0
0
0
0
0
0.473162
-0.198408
0
0
0
0
0
0
0
0
0
0
0
0
0
0
374.229
102.655
359.733
98.2289
318.08
92.7644
270.901
81.5502
261.533
85.5689
335.477
182.504
279.174
124.776
353.08
219.35
283.134
208.269
3.08029
1.4622
6.06226
5.78058
13.1045
24.3853
25.9718
27.3936
18.0819
14.0007
16.9291
11.5263
21.5149
19.5912
25.1368
24.3103
2.54294
0.88772
4.03713
1.2407
5.75382
3.07461
12.9301
-24.005
-6.34068
-22.9394
-7.94119
-21.0623
-7.46116
-18.8988
-6.60812
-16.2879
-5.5204
-10.3713
-2.25882
-13.647
-3.64355
-6.8283
-1.39165
-2.57543
-0.52986
717.701
-859.151
2563.6
230.677
96.2023
759.495
602.831
-0.568391
-0.15849
-0.139915
-0.631456
0
0
0
0
0
0
0
0
0
0.58593
0.220636
0.370582
0.715892
0
0
0
0
0
0
0
0
0
0
158.377
1486.43
1688.72
986.078
394.064
345.65
335.57
240.026
989.308
633.366
1823.94
2615.54
30.2992
-87.2508
1317.5
1110.06
0
0
0
0
0
0
0
0
0
0
0
0
0
0
0
0
0
0
0
0
0
0
0
0
0
0
0
0
0
0
0
0
0
-204.341
-46.9653
-180.647
-33.8184
-138.837
-15.5419
-92.095
7.98148
-28.8033
41.0592
20.3921
87.4221
-4.18045
67.2016
70.1159
117.974
178.61
167.299
3.01799
1.5149
6.18284
5.78623
13.8123
24.8913
26.8495
27.8065
18.7024
14.8295
18.3772
12.7206
22.2972
20.3563
25.5465
24.6499
2.63774
1.09617
4.4153
1.55055
6.64177
3.24409
15.1843
22.9779
6.1121
21.938
7.55844
20.3086
7.11887
18.4117
6.34386
16.0375
5.35048
10.3342
2.21215
13.5422
3.55474
6.82312
1.38193
2.5854
0.545659
-1277.38
-202.63
-4096.97
-82.9106
6385.1
6927.73
5111.48
4494.47
5566.44
4950.87
370.879
556.089
-749.327
-1305.72
-658.975
248.743
249.902
27.1538
133.792
-807.756
-534.212
-1604.74
-2359.45
153.768
185.718
-1097.58
-987.681
-0.308948
0.0288259
0
0
0
0
0
0
0
0
0
0
0
0
0
0
0.47717
-0.197455
0
0
0
0
0
0
0
0
0
0
0
0
0
0
375.557
103.212
359.424
98.1817
317.912
92.6845
270.835
81.5033
261.506
85.5441
335.499
182.519
279.174
124.769
353.118
219.38
283.18
208.308
3.03824
1.47122
6.10176
5.79734
13.1402
24.4121
25.975
27.3995
18.1126
14.0189
16.9587
11.5449
21.534
19.6066
25.1454
24.3198
2.43989
0.837477
3.99795
1.1841
5.71953
3.04371
12.9246
-24.0364
-6.39479
-22.8609
-7.92106
-21.0136
-7.44023
-18.8716
-6.59338
-16.2747
-5.51183
-10.3684
-2.25635
-13.6409
-3.63934
-6.82692
-1.3903
-2.57504
-0.529464
719.918
-857.631
2568.22
230.627
117.791
776.071
574.753
-0.569826
-0.158579
-0.140047
-0.63717
0
0
0
0
0
0
0
0
0
0.582716
0.220719
0.370677
0.708171
0
0
0
0
0
0
0
0
0
10966.7
9867.15
0
10966.2
9866.48
0
0
0
0
0
0
0
0
0
5799.74
11723.4
6272.48
11878.4
8254.4
11725.9
9079.97
10837.5
7065.34
14605.3
14132.3
14246.2
14285.2
13121.7
13626.4
12318.9
8116.85
2662.33
12123.8
7934.52
2706.62
11567.2
7456.33
2499.6
0
0
0
0
0
0
0
0
11996
7948.79
11889.2
7906.21
12015.5
7596.11
13243
12839.5
12321.7
6768.49
6696.7
6738.65
6474.33
6427.26
6118.84
5273.62
2420.37
691.259
5139.77
2524.44
793.077
4695.44
2326.34
602.484
-23.5767
-188.013
-438.127
-564.384
-173.978
292.25
288.714
227.531
127.775
-1.57078
-1.40111
61.9468
124.545
-135.705
-304.09
-395.07
-186.703
-60.9434
0
0
0
0
0
0
0
0
5807.01
11749.5
6277.75
11870.9
8255.09
11723
9080.01
10837.7
7065.43
14629.1
14140.7
14239.6
14282.2
13119
13624.8
12316.7
8108.73
2664.86
12120.3
7932.23
2705.29
11565.9
7455.33
2499.16
0
0
0
0
0
0
0
0
11996.6
7962.99
11887
7902.42
12013.5
7593.95
13243.3
12839.9
12321.2
6777.91
6700.23
6735.58
6471.28
6425.49
6117.6
5271.52
2418.48
691.646
5137.65
2525.96
793.83
4694.81
2326.74
602.738
-18.6723
-189.964
-440.102
-565.721
-174.689
292.121
288.409
227.476
127.743
-2.10277
0.270801
63.5472
125.524
-135.263
-304.067
-394.933
-186.724
-60.9744
7815.54
9374.64
40.3089
21.7034
12.089
7.29973
5.34875
90.07
47.1276
26.5891
16.3191
11.9119
3740.26
2009.31
7149.33
7936.2
-3132.38
-630.809
37.9222
20.4155
11.7975
7.31615
5.32882
79.4597
43.2363
24.6575
15.0672
11.0445
0
0
0
0
0
9001.31
9554.43
8858.95
9389.17
10777.6
10829.2
6862.55
3930.44
1032.11
8188.57
5593.67
1820.03
9437.97
6647.05
2244.86
-4585.39
-1540.63
-5285.16
-1948.31
-6868.98
-2547.51
-8874.63
-2906.4
3396.79
1796.18
2307.78
1667.27
794.799
517.346
462.797
385.386
1049.68
723.652
564.439
386.029
148.23
82.5821
47.0885
28.8124
21.0991
181.629
103.533
59.9065
36.8908
27.0438
203.094
491.597
706.614
796.199
938.642
1314.46
183.716
155.892
118.601
74.1416
25.2185
444.498
376.971
286.633
179.106
60.9084
638.642
541.354
411.433
257.005
87.3846
719.083
609.049
462.555
288.807
98.1778
846.754
716.32
543.51
339.183
115.284
1183.62
999.488
757.453
472.516
160.607
1227.82
1089.35
907.808
684.275
428.436
146.664
7385.38
4789.05
1667.42
8335.37
5503.39
1887.37
9905.88
6367.36
2178.62
11999.9
7015.32
2432.34
-1985.2
177.323
-314.168
868.921
8777.77
8298.86
8128.97
6985.99
6044.22
6043.57
5618.92
3079.26
814.993
4676.92
2518.24
703.76
4529.79
2284.11
653.118
770.546
521.87
259.186
115.333
1054.09
728.984
426.786
249.507
136.465
81.0006
47.7532
29.6555
21.7533
173.662
102.554
60.2539
37.3831
27.4418
-1078.84
-931.959
-752.461
-549.196
-334.916
-112.919
-109.043
-396.7
-612.224
-707.975
-891.264
-1195.55
-98.4695
-83.3751
-63.2849
-39.4872
-13.4173
-358.411
-303.667
-230.658
-144.007
-48.9478
-552.87
-468.161
-355.412
-221.808
-75.3787
-638.629
-540.091
-409.527
-255.36
-86.7435
-802.438
-677.182
-512.492
-319.147
-108.343
-1072.95
-902.299
-680.833
-423.209
-143.561
7149.28
7936.32
-3134.03
-632.368
37.9359
20.424
11.8057
7.32568
5.34471
79.4421
43.209
24.6324
15.0473
11.0308
0
0
0
0
0
7815.65
9374.6
40.3548
21.7369
12.1137
7.31991
5.37241
90.0987
47.1359
26.5884
16.3156
11.9105
3742.95
2011.51
8488.67
51386.5
8700.7
36391.8
9286.85
32348.1
9153.2
27797.7
13342.9
8403.29
2906.54
13315.6
8376.71
2840.91
13074.4
8242.84
2835.81
12645
7965.35
2817.16
12000.1
7015.56
2432.48
123.738
-122.194
-837.892
-1441.17
-2523.98
517.201
-141.207
-88.4988
-43.1629
477.107
52.3488
33.3785
31.1433
25.8737
387.867
232.981
201.788
163.833
13.7157
5.39554
3.07043
2.39202
105.282
42.6162
23.5365
18.6667
240.682
101.097
58.9271
46.713
346.053
154.791
93.6636
74.788
343.739
185.839
110.92
92.002
276.162
239.782
140.157
113.693
256.314
201.259
121.814
105.117
365.92
291.029
173.413
135.173
441.464
331.569
220.848
173.535
8.86941
4.6751
2.57199
1.53458
1.10553
62.7707
34.6637
19.4727
11.7784
8.54286
73.1673
44.0137
26.1506
16.3307
11.9547
72.8305
38.4831
21.9469
13.5391
9.85431
108.511
67.7048
40.5845
25.4042
18.6506
149.031
90.3391
53.4335
33.2156
24.3451
2.22242
1.01111
0.511973
0.290302
0.204745
14.7257
6.63363
3.38998
1.93714
1.3724
30.6774
14.4444
7.61215
4.41765
3.17549
308.408
159.661
-100.779
-515.217
40.2298
320.907
592.832
136.142
132.628
198.967
53.5769
13.8935
3.11863
0.512311
182.986
59.2143
15.4332
3.68243
0.739992
134.288
51.7606
14.1092
3.34601
0.650677
75.0223
31.2766
7.83362
1.62748
0.145355
3.71949
-23.3029
-10.035
-3.18958
-1.22722
-125.483
-79.709
-27.7699
-8.00764
-2.53957
-167.54
-95.2366
-30.5702
-8.30812
-2.55706
-35.339
-33.072
-13.8045
-4.47761
-1.52934
85.4502
7.3368
-1.56635
0.329044
-0.424677
2758.16
3611.57
1318.78
1920.56
1435.62
1660.93
1002.34
1033.74
-1210.23
-3435.75
-2227.08
-1294.94
-1075.55
-894.799
-668.875
-413.302
-139.853
-1720.38
-1198.23
-779.106
-636.468
-381.22
-1550.52
-1007.65
-671.619
-418.147
-158.114
-1087.8
-854.679
-613.406
-372.589
-126.174
-8646.65
-3009.47
-9072.04
-3342.7
-9817.41
-3879.99
-9781.76
-3793.34
-8874.63
-2906.4
169.55
195.282
1465.39
1568.75
2467.58
147.001
267.499
247.815
857.669
609.438
58.0586
31.1878
7.60219
-2.2068
323.77
188.775
63.0449
16.5229
5.80228
3.06147
0.90168
0.282142
46.7693
25.6893
9.80014
3.66881
103.204
65.9833
24.628
9.43446
178.121
116.476
44.601
18.2845
340.936
172.912
85.6001
48.1972
570.541
299.235
208.848
159.426
541.838
245.803
146.578
98.37
507.218
328.564
250.099
201.049
445.74
339.055
247.758
201.709
5.73052
3.97224
2.48621
1.59001
1.1849
51.2573
31.4782
18.9465
11.9067
8.81131
95.4374
46.8559
25.742
15.5469
11.3966
66.8969
36.0734
20.4497
12.4561
9.17135
139.459
72.4721
40.4383
24.5437
17.9861
164.102
92.7747
53.392
32.7922
24.037
0.468791
0.678869
0.490572
0.330934
0.250837
4.1758
4.84332
3.34252
2.22012
1.67341
16.402
12.4706
7.87729
5.09676
3.78631
-361.732
-349.639
-234.358
137.991
-254.336
-288.562
-598.268
-81.2032
-62.401
-225.538
-59.1348
-15.1001
-3.34212
-0.546118
-242.169
-71.1575
-17.7045
-4.10284
-0.817478
-229.317
-70.5212
-17.5956
-3.98058
-0.772322
-176.92
-51.8508
-11.7693
-2.35971
-0.292702
-76.8323
6.69847
6.67014
2.54915
1.0945
123.662
77.1915
26.9356
7.79788
2.48567
139.608
86.552
28.5467
7.89032
2.46414
48.4975
34.9184
13.9599
4.46502
1.51698
-64.5068
-3.132
2.31069
-0.214834
0.440579
-222.434
-824.322
-1254.29
-1398.44
-1163.54
-499.179
611.861
2162.43
3939.26
5028.89
4454.04
2059.93
-200.529
-169.456
-128.376
-79.9852
-27.1576
-743.988
-629.611
-477.722
-298.034
-101.265
-1131.62
-957.253
-726.098
-452.921
-153.889
-1260.49
-1065.23
-807.392
-503.431
-171.029
-1047.13
-883.557
-668.954
-416.927
-141.634
-448.138
-377.26
-285.24
-177.743
-60.3985
547.248
459.195
346.709
216.193
73.5503
1923.5
1607.02
1212.34
757.985
258.65
3477.44
2890.03
2181.79
1372.85
471.515
4399.67
3639.03
2756.63
1753.9
609.715
3865.1
3187.86
2429.11
1566.73
552.23
1793.86
1488.95
1144.33
744.634
263.909
435.597
1033.51
1450.37
1563.07
1273.27
535.354
-640.424
-2199.45
-3870.35
-4734.44
-3893.62
-1316.38
393.899
334.122
254.122
158.836
54.0234
933.905
791.482
601.455
375.689
127.74
1309.86
1109.44
842.645
526.18
178.885
1410.48
1193.66
906.035
565.59
192.268
1147.45
969.811
735.505
459.022
156.048
481.402
406.065
307.632
191.997
65.297
-573.85
-482.582
-365.179
-228.107
-77.6757
-1959.79
-1640.77
-1240.51
-776.995
-265.4
-3419.18
-2844.76
-2150.99
-1355.81
-466.19
-4133.69
-3413.49
-2585.49
-1647.65
-573.855
-3348.11
-2738.53
-2078.44
-1342.78
-475.153
-1100.87
-879.821
-662.609
-432.532
-155.318
1386.95
0
1577.57
1243.84
1046.41
791.421
493.794
168.02
0
0
0
0
0
1383.15
1141.35
859.304
542.269
187.707
8485.11
51382.1
8692.92
36389.3
9273.3
32344.3
9031.31
27149.1
13329.2
8390.34
2901.02
13316
8375.8
2840.09
13074.5
8242.39
2835.49
12644.9
7965.06
2816.98
11999.9
7015.32
2432.34
108.299
-93.9916
-818.338
-1435.95
-2522.78
518.48
-116.797
-74.6767
-44.8496
478.654
44.0234
28.1582
26.2682
21.805
387.513
232.848
201.774
163.746
12.1715
4.75811
2.67212
2.03691
104.948
42.5305
23.5033
18.6776
240.28
100.989
58.9304
46.7867
345.75
154.695
93.6656
74.8433
343.549
185.78
110.928
92.0452
276.144
239.796
140.186
113.73
256.219
201.239
121.832
105.155
365.963
291.077
173.455
135.212
441.56
331.647
220.901
173.576
7.42985
3.93137
2.17121
1.30163
0.940937
62.8109
34.6845
19.5006
11.8118
8.57366
73.1824
44.0159
26.1475
16.3259
11.9496
72.8434
38.4815
21.94
13.5309
9.84668
108.532
67.7112
40.5847
25.4021
18.648
149.056
90.352
53.4405
33.2198
24.3483
1.84362
0.838925
0.427828
0.245534
0.173621
14.7682
6.66392
3.41257
1.95589
1.38918
30.7401
14.4943
7.65171
4.45147
3.21118
311.827
157.315
-102.497
-516.335
39.5974
320.802
592.555
136.101
132.606
200.495
54.2398
13.9517
3.13876
0.522512
181.496
58.7625
15.3227
3.65655
0.733864
132.787
51.2191
13.9601
3.30915
0.641098
74.0235
30.8673
7.70895
1.59455
0.136229
3.14274
-23.5573
-10.1176
-3.21233
-1.23374
-125.601
-79.7711
-27.7934
-8.01497
-2.54194
-167.805
-95.362
-30.6137
-8.3208
-2.56089
-35.3909
-33.1014
-13.8164
-4.48157
-1.5307
85.4306
7.32641
-1.57052
0.327666
-0.425154
2756.58
3609.71
1317.41
1919.01
1434.93
1660.16
962.997
991.179
-1210.23
-3435.77
-2227.1
-1294.95
-1075.55
-894.806
-668.882
-413.307
-139.855
-1720.43
-1198.31
-779.228
-636.631
-381.348
-1550.56
-1007.7
-671.681
-418.207
-158.144
-1087.82
-854.698
-613.425
-372.605
-126.18
-8622.47
-2994.7
-9076.96
-3344.85
-9819.36
-3880.68
-9782.57
-3793.62
-8875.07
-2906.61
130.249
152.032
1464.92
1573.08
2470.64
149.268
221.799
209.012
861.29
608.07
49.0356
26.2862
6.42673
-1.82418
324.224
188.992
62.9974
16.3891
4.50456
2.51496
0.752776
0.277559
47.2005
25.7255
9.8025
3.63323
103.874
66.0807
24.5938
9.32852
178.723
116.621
44.5932
18.2112
341.397
173.06
85.6142
48.1553
570.783
299.364
208.897
159.437
542.17
245.941
146.611
98.3564
507.401
328.682
250.157
201.078
445.878
339.157
247.818
201.747
4.87619
3.34814
2.08346
1.32545
0.984419
51.0388
31.3708
18.8715
11.8446
8.75925
95.4588
46.8779
25.7615
15.5632
11.4106
66.9154
36.0985
20.4731
12.4756
9.18759
139.483
72.4942
40.4577
24.5598
17.9998
164.127
92.7929
53.4064
32.8035
24.0464
0.386492
0.55861
0.399911
0.266867
0.201985
4.16687
4.83783
3.33483
2.21023
1.66288
16.3695
12.4443
7.85284
5.07232
3.75727
-362.278
-348.023
-233.31
138.637
-254.029
-288.549
-598.174
-81.22
-62.4249
-226.555
-59.7421
-15.1436
-3.36034
-0.556241
-240.706
-70.6885
-17.5887
-4.07574
-0.81106
-227.896
-69.9708
-17.4411
-3.94219
-0.762335
-176.024
-51.4473
-11.6426
-2.32582
-0.283255
-76.3487
6.94073
6.75241
2.57226
1.10121
123.741
77.2441
26.9573
7.80493
2.488
139.812
86.6665
28.5889
7.90297
2.46803
48.522
34.9398
13.9699
4.46858
1.51825
-64.5094
-3.1286
2.31299
-0.213899
0.440947
-222.43
-824.319
-1254.29
-1398.44
-1163.54
-499.179
611.861
2162.43
3939.26
5028.89
4454.04
2059.94
-200.526
-169.453
-128.373
-79.9838
-27.1571
-743.985
-629.608
-477.72
-298.033
-101.265
-1131.61
-957.251
-726.098
-452.921
-153.889
-1260.49
-1065.23
-807.392
-503.431
-171.029
-1047.13
-883.557
-668.955
-416.927
-141.634
-448.139
-377.261
-285.24
-177.743
-60.3986
547.248
459.196
346.71
216.194
73.5505
1923.5
1607.03
1212.34
757.987
258.651
3477.45
2890.04
2181.8
1372.85
471.517
4399.67
3639.04
2756.64
1753.9
609.719
3865.11
3187.87
2429.12
1566.74
552.234
1793.87
1488.97
1144.34
744.645
263.913
435.602
1033.51
1450.38
1563.08
1273.28
535.355
-640.425
-2199.45
-3870.35
-4734.43
-3893.61
-1316.37
393.903
334.125
254.125
158.838
54.024
933.909
791.486
601.458
375.691
127.74
1309.87
1109.44
842.648
526.182
178.886
1410.49
1193.66
906.038
565.593
192.269
1147.46
969.814
735.507
459.023
156.049
481.403
406.066
307.633
191.997
65.2973
-573.851
-482.583
-365.18
-228.108
-77.6761
-1959.79
-1640.77
-1240.51
-776.998
-265.401
-3419.18
-2844.77
-2151
-1355.82
-466.192
-4133.69
-3413.49
-2585.5
-1647.66
-573.858
-3348.1
-2738.53
-2078.44
-1342.78
-475.155
-1100.86
-879.81
-662.6
-432.526
-155.316
1386.96
0
1577.58
1243.85
1046.42
791.429
493.8
168.022
0
0
0
0
0
1383.16
1141.36
859.32
542.282
187.713
7385.59
4789.23
1667.5
8335.65
5503.62
1887.47
9906.16
6367.59
2178.73
12000.1
7015.56
2432.48
-1986.18
176.294
-315.459
867.994
8777.74
8298.94
8129.07
6986.15
6044.62
6043.9
5619.03
3079.34
815.022
4677.03
2518.29
703.779
4529.97
2284.11
653.104
770.233
521.721
259.057
115.276
1053.67
728.761
426.653
249.451
136.435
80.99
47.7485
29.6521
21.7463
173.637
102.542
60.2467
37.378
27.4362
-1078.83
-931.947
-752.447
-549.183
-334.906
-112.916
-109.045
-396.701
-612.225
-707.976
-891.264
-1195.54
-98.4712
-83.3766
-63.286
-39.4879
-13.4176
-358.413
-303.668
-230.659
-144.007
-48.948
-552.871
-468.162
-355.413
-221.809
-75.3788
-638.629
-540.091
-409.527
-255.36
-86.7435
-802.437
-677.181
-512.491
-319.146
-108.343
-1072.95
-902.297
-680.83
-423.207
-143.561
9001.26
9554.28
8858.69
9388.86
10776.9
10828.6
6862.39
3930.31
1032.06
8188.28
5593.45
1819.95
9437.5
6646.7
2244.72
-4585.08
-1540.45
-5284.88
-1948.17
-6868.91
-2547.47
-8875.07
-2906.61
3398.93
1796.42
2309.54
1667.93
795.069
517.514
462.814
385.359
1050.07
723.882
564.531
386.053
148.205
82.5815
47.0942
28.8176
21.0992
181.637
103.544
59.9169
36.8993
27.0494
203.096
491.6
706.616
796.201
938.645
1314.47
183.718
155.894
118.602
74.1424
25.2187
444.5
376.972
286.634
179.107
60.9087
638.644
541.356
411.435
257.006
87.3849
719.085
609.051
462.557
288.808
98.1783
846.757
716.323
543.512
339.185
115.284
1183.62
999.493
757.457
472.52
160.608
1227.83
1089.35
907.818
684.285
428.445
146.668
)
;
    }
    patch2
    {
        type            calculated;
        value           nonuniform List<scalar> 
348
(
-90.3382
-90.3514
226.118
13.9907
-116.489
57.9047
-41.7637
84.7287
219.679
44.3609
226.107
13.9866
-116.493
57.8987
-41.7547
84.733
219.683
44.3662
1126.27
355.797
-36.3956
-104.012
-112.649
-152.046
-73.1717
6260.56
859.977
847.168
489.979
100.759
43.1844
460.833
-24.157
-17.4528
-34.8178
-29.535
3558.63
514.737
232.646
116.42
411.904
195.859
36.5506
61.4772
-111.437
-115.234
120.428
102.487
3630.78
716.335
914.225
456.725
428.838
-14.6113
-59.1286
-91.6725
-105.617
-92.4558
-48.8996
-23.2301
-89.8732
-136.465
-150.85
-122.734
-45.3908
-11.5519
-11.3042
-43.0001
-40.3413
-55.2955
-53.2804
-38.8052
-39.8926
-24.7147
-29.2446
-41.7526
-31.969
58.7421
210.964
415.663
362.821
316.999
156.226
88.7829
265.689
444.033
499.97
429.307
203.374
33.9605
78.259
110.259
123.358
109.213
67.231
50.0665
116.128
161.103
172.225
139.079
56.3703
26.193
23.0188
56.78
51.5003
66.9758
62.8952
46.7114
46.1417
31.2434
28.4147
58.7774
36.7735
-37.8573
-181.637
-361.757
-284.121
-211.125
-34.3179
-81.1619
-253.936
-414.654
-442.648
-340.223
-93.0181
-879.88
-194.947
91.0566
149.996
158.032
219.003
143.056
-6881.62
-451.328
-685.758
-191.789
73.5723
-557.467
113.087
282.94
98.5742
-3714.16
-328.451
-83.8258
-38.1568
-380.499
-68.3617
26.0302
22.4181
221.418
216.317
-59.6706
-33.9665
-3626.99
-602.981
-737.258
-343.719
-352.229
1126.3
355.806
-36.3971
-104.013
-112.651
-152.048
-73.1743
6260.58
859.889
847.138
489.982
100.756
43.1744
460.829
-24.1781
-17.4598
-34.8308
-29.536
3558.64
514.717
232.632
116.414
411.903
195.852
36.5486
61.4732
-111.443
-115.238
120.424
102.484
3630.81
716.342
914.222
456.725
428.837
-14.611
-59.1283
-91.6723
-105.617
-92.4559
-48.8998
-23.2296
-89.8728
-136.465
-150.85
-122.734
-45.3909
-11.5517
-11.304
-42.9999
-40.3411
-55.2954
-53.2803
-38.8051
-39.8926
-24.7148
-29.2447
-41.753
-31.9692
58.7419
210.964
415.664
362.822
317.002
156.231
88.783
265.69
444.034
499.972
429.311
203.377
33.9609
78.2595
110.26
123.358
109.214
67.2316
50.0671
116.129
161.103
172.226
139.079
56.3707
26.1933
23.0191
56.7803
51.5006
66.9762
62.8955
46.7116
46.1419
31.2437
28.4149
58.7781
36.7739
-37.8569
-181.637
-361.757
-284.119
-211.121
-34.313
-81.162
-253.936
-414.656
-442.649
-340.222
-93.0155
-879.87
-194.941
91.0587
149.998
158.034
219.005
143.059
-6881.83
-451.242
-685.748
-191.796
73.5789
-557.486
113.091
282.953
98.5758
-3714.23
-328.438
-83.8174
-38.1539
-380.506
-68.3547
26.0327
22.4216
221.424
216.321
-59.6694
-33.9646
-3627.05
-602.983
-737.25
-343.717
-352.229
5663.02
1512.1
400.234
5626.75
1557.74
432.516
5359.25
1444.93
327.784
5089.13
1279.09
219.138
5309.06
1328.71
424.694
-8825.79
-1237.66
-8329.39
-1226.25
-6906.55
-625.566
-6194.57
-533.848
-6152.79
-624.155
5662.27
1514.87
400.766
5625.62
1559.31
433.29
5358.77
1445.21
327.979
5088.9
1279.16
219.178
5308.94
1328.72
424.715
-8816.05
-1234.17
-8321.44
-1225.29
-6904.49
-625.153
-6194.13
-533.757
-6152.7
-623.982
)
;
    }
    patch3
    {
        type            calculated;
        value           nonuniform List<scalar> 
96
(
-119.635
-480.457
-745.225
-860.366
-755.789
-401.58
-190.612
-731.765
-1111.91
-1231.96
-1005.32
-371.319
485.229
1750.69
3409.42
2721.69
2473.14
1195.27
739.597
2212.32
3679.37
4075.64
3475.26
1600.02
273.497
632.071
891.751
998.883
884.766
541.384
403.562
939.336
1305.52
1398.34
1131.05
455.562
-324.471
-1520.82
-2995.89
-2178.5
-1803.61
-447.967
-677.946
-2112.97
-3445.57
-3653.77
-2853.63
-848.475
-119.632
-480.455
-745.223
-860.365
-755.789
-401.581
-190.608
-731.761
-1111.9
-1231.96
-1005.32
-371.319
485.227
1750.69
3409.41
2721.69
2473.14
1195.28
739.596
2212.32
3679.37
4075.64
3475.27
1600.03
273.501
632.074
891.755
998.886
884.77
541.388
403.567
939.341
1305.53
1398.35
1131.05
455.564
-324.466
-1520.81
-2995.87
-2178.48
-1803.6
-447.952
-677.944
-2112.97
-3445.56
-3653.75
-2853.61
-848.46
)
;
    }
    patch4
    {
        type            calculated;
        value           nonuniform List<scalar> 
384
(
29124.6
32371.9
35366.1
69817.2
84226
49281.9
42683.5
36665.4
-53623.3
-50329
-79672.9
-90475.5
28556.6
32438.7
35389.1
69818.4
84224.7
49293.1
42707.4
35836.4
-53282.5
-50461.1
-79790.9
-90175.3
46228.9
14299.7
65033.5
21123.2
-49883.2
-15430.5
-67776.4
-22130
46232.4
14300.1
65032.9
21122.7
-49898.7
-15433.9
-67784.9
-22132.1
24673.6
7583.86
-28619.1
-8507.13
12335.2
5402.35
4483.67
2076.63
-14952.6
-6330.79
-5368.17
-2414.93
-28605.7
-8504.49
24683.5
7585.61
21060.2
15310.7
22135.5
16873.1
26925.5
8722.33
10783.3
4134.99
12162
4228.71
-37617.6
-27091.1
-35537
-26664.8
-31029
-9912.62
-17857.9
-6504.59
-18153.8
-6105.97
20669.7
15024.4
22199.5
16931.9
26933.3
8723.8
10556.9
4036.66
12209.3
4240.59
-37325.4
-26837.3
-35624
-26731.8
-31042.3
-9915.75
-17632.1
-6400.66
-18205.9
-6117.57
-14944.2
-6328.01
-5366.01
-2414.17
12342.1
5404.89
4485.29
2077.28
18792.4
15177.7
-18967.8
-15169
18790.9
15177.6
-18967.3
-15169.1
2732.15
3574.2
2834.16
3500.89
3816.78
2448.12
3736.82
1504.33
3453.21
6793.08
6222.2
11637.3
1914.84
4076.71
884.443
1565.53
-4853.24
-5882.16
-4438.51
-5163.27
-4996.63
-3379.64
-4450.13
-1817.19
-3964.34
-6880.71
-6825.72
-11696.3
-2241.63
-4150.2
-1110.62
-1626.13
2697.57
3496.92
2834.13
3504.54
3817.18
2449.7
3738.73
1504.85
3453.68
6793.2
6222.41
11637.3
1915.27
4076.83
884.566
1565.56
-4819.52
-5808.66
-4435.76
-5165.9
-4996.15
-3380.98
-4452.19
-1817.82
-3964.75
-6880.86
-6825.76
-11696.4
-2242.12
-4150.37
-1110.84
-1626.22
4222.89
13239.4
5032.35
14085.3
6970.53
14322.1
8645.39
-5731.29
-14406.9
-6262.42
-14903.5
-7788.49
-14603
-9387.95
4205.91
13265
5034.48
14077.3
6970.29
14319.2
8645.22
-5719.57
-14461.7
-6262.93
-14899.5
-7788.01
-14601.7
-9387.83
10856.8
10566.9
10072
9280.65
7968.7
4915.12
6618.26
3112.97
1096.69
-11890
-11432.3
-10667.1
-9603.13
-8079.16
-4899.94
-6629.87
-3095.24
-1081.23
10839.4
10545.3
10063.9
9277.6
7967.64
4915.02
6617.92
3112.95
1096.68
-11879.5
-11410.3
-10659.4
-9600.51
-8078.36
-4899.91
-6629.67
-3095.25
-1081.24
2391.55
2291.5
2137.54
1922.83
1617.57
1083.39
1397.5
711.604
255.243
-2569.26
-2441.43
-2243.68
-1983.6
-1642.32
-1082.13
-1403.19
-708.696
-252.307
2386.48
2284.67
2134.59
1921.58
1617.07
1083.32
1397.31
711.58
255.237
-2564.98
-2434.37
-2240.74
-1982.39
-1641.87
-1082.08
-1403.03
-708.681
-252.305
541.136
514.473
474.261
422.016
353.726
247.351
311.435
165.818
60.0519
-574.602
-542.993
-495.008
-434.547
-359.475
-247.535
-313.315
-165.432
-59.5377
539.988
512.686
473.401
421.609
353.551
247.32
311.361
165.806
60.0485
-573.564
-541.136
-494.133
-434.144
-359.307
-247.508
-313.247
-165.422
-59.5357
120.476
113.888
104.219
92.312
77.5364
55.7861
69.1036
37.9261
13.8337
-126.856
-119.366
-108.289
-94.8721
-78.8035
-55.907
-69.6018
-37.8956
-13.7554
120.231
113.453
103.993
92.1969
77.4833
55.775
69.0793
37.9215
13.8323
-126.627
-118.915
-108.058
-94.7561
-78.751
-55.8967
-69.5784
-37.8915
-13.7544
30.4186
28.6473
26.092
23.0811
19.4852
14.3926
17.579
9.89833
3.63168
-31.7964
-29.8387
-26.9921
-23.666
-19.7913
-14.4384
-17.7153
-9.903
-3.62087
30.3585
28.5296
26.0268
23.0458
19.468
14.3885
17.5706
9.89651
3.63114
-31.7391
-29.7167
-26.9251
-23.6302
-19.7741
-14.4344
-17.707
-9.90129
-3.62041
)
;
    }
}


// ************************************************************************* //
