/*--------------------------------*- C++ -*----------------------------------*\
| =========                 |                                                 |
| \\      /  F ield         | OpenFOAM: The Open Source CFD Toolbox           |
|  \\    /   O peration     | Version:  2412                                  |
|   \\  /    A nd           | Website:  www.openfoam.com                      |
|    \\/     M anipulation  |                                                 |
\*---------------------------------------------------------------------------*/
FoamFile
{
    version     2.0;
    format      ascii;
    arch        "LSB;label=32;scalar=64";
    class       volScalarField;
    location    "0.4";
    object      gradTy;
}
// * * * * * * * * * * * * * * * * * * * * * * * * * * * * * * * * * * * * * //

dimensions      [0 -1 0 1 0 0 0];

internalField   nonuniform List<scalar> 
5712
(
17280.7
9493.3
29283.2
19514.6
28270.1
24603.9
39482.1
51033.7
60996
80050.7
33280.4
29941
20418.8
14394.7
13873.1
7924.7
26099.1
20267.7
24366.3
21807.2
29192
25424.7
35499.2
27779.3
9762.58
6432.09
5166.88
3641.07
13536.8
8355.2
7576.55
5068.81
30730.3
30862.4
24807.2
17160.9
19619.5
16516.4
16682.2
16134.2
20767.6
21012.9
47518.6
53011.9
30854.9
33559.7
27679.7
21887.2
25266.9
16969.3
10997.8
9859.58
9742.53
17709.4
4924.09
7695.2
12693.3
23075.9
8259.82
12735.3
12281
27136.8
9689.94
18564.5
2694.62
12264.4
182.343
8728.57
18671.6
22533.9
21430.5
23219.8
22302.3
21293.8
24610.7
21851.8
21759.2
26381.6
20391.6
25346.7
22266.6
23631.6
22149.4
23799.8
25860.2
22213.3
26456.9
22394
20892.8
26818.8
19089.6
26942.9
27897.4
33999.8
34878
57220
29313
40471.6
34671
63992.6
26381.4
29607.3
34701.1
53734.1
25420.4
26985.6
34768
52231.3
9610.34
12772
26778.5
46351.5
11036
12862.5
31990.3
50168.2
12344.5
12900.8
37770
53643.3
27813
24695.1
28883.8
30883.9
50841.9
24628.6
25477
28187.5
27328.7
59771.3
22221.3
23801
24058.4
31653.2
74696.6
2763.35
3584.16
8131.16
18804.3
3821.09
5331.13
10206.3
20521.7
5405.44
4930.26
13027.5
22590
21984.1
18606.5
21452.3
17229.6
22433.5
16567.1
18396.6
14040
17237.1
27263.5
19469.7
15008.3
20654.5
16510.7
20752.4
16374.8
21801.4
16811.3
19758.4
28024.1
21995.1
21693.2
22929.6
23571.1
19509.4
16628.2
20177.5
18041
23284.1
22207.5
23141.4
21393.1
23328.5
24168.6
23368.5
24208.3
20657.6
18981.8
20656.5
19075.7
22746.3
21771.4
23204.8
22074.2
23720.1
22256.3
17806
21894.9
24278.6
22065.2
18666.1
23312.3
22680.9
21593.9
17426.1
21519.7
22671.1
21197.8
17042.2
20813.4
2474.16
1513.17
851.558
1158.21
694.456
594.9
3897.7
1891.68
1070.53
2799.99
1904.04
1163.83
3525.12
2199.76
1693.6
5050.09
3146.37
2095.46
13423.7
7826.47
4928.15
12797.7
8006.95
5319.13
10064.1
6467.82
4565.38
8972.52
5788
4024.77
8280.17
4059.75
2201
10581.6
6392.96
4121.17
11997.1
7267.2
4803.98
10387.4
5868.08
3797.87
9111.53
5213.97
3408.68
7847.95
3696.9
1960.16
30278.2
29452.1
33719.2
29014
31998.5
29516.8
40306.4
31792.3
17426.4
17102.5
17802.2
15823.5
23601.7
18658.7
23894.4
17030.4
25931.3
25970.3
21727.6
23388
25901.9
23875.6
31198
33194.8
35364.7
38990
25311.9
26617.5
21795.6
21995.3
23532.8
23025.8
13117.8
6585.85
12582
7365.49
12999.7
6457.43
12340.7
7098.26
12106.2
5886.81
11791.7
6731.78
11747.4
6993.42
11329.3
6909.98
20427.1
14029.2
21018.2
14839.2
24028.3
19405.9
25579.7
20049.1
18251.9
10518.5
18138.6
9706.12
22167.5
15320.6
23219.8
15487.2
27260.8
20542.1
28366.6
20767.5
18225.9
10905.5
18329.7
10996.4
9459.37
5471.48
7138.31
4041.41
8326.78
4768.93
6400.5
3612.5
9864.56
5839.88
7473.08
4260.76
9985.57
6028.08
7543.92
4335.82
1832.54
844.547
3128.41
1652.92
1866.34
950.982
3138.03
1796.58
1963.36
1241.88
3047.11
2032.21
8981.88
17233.4
5531.47
4893.14
3295.1
17210.2
9602.96
4667.92
4073.26
2435
16885.9
10955.8
7365.86
4969.08
2952.02
446.111
287.269
1013.55
737.68
560.739
317.721
1204.9
873.384
807.498
491.168
1458.93
1081.46
16340.5
12925.4
8882.42
6465.37
4768.68
3475.15
3408.15
2392.04
2035.26
1524.57
14242.9
10163.2
9106.13
6206.38
6049.14
4147.03
3891.79
2682.66
2474.48
2020.19
8998.12
5492.59
9461.72
5357.44
13060
8129.2
13835.8
8435.51
6774.83
4006.24
6521.35
4135.8
10107.2
5228.36
10347
5383.47
14950.5
8948.2
15128.9
9157.38
6953.3
3852.08
7131.47
4054.97
4347.13
2790.48
2744.43
2529.44
4317.21
2847
2789.23
2436.33
4359.32
2742.08
2669.83
2623
4593.84
2823.95
2784.57
2597.58
283.106
149.89
79.8099
973.472
335.872
179.324
264.835
165.52
94.3814
1081.44
403.176
222.828
381.991
257.103
167.71
1237.83
520.144
303.827
8244.25
4764.76
3030.84
4106.19
2359.59
1515.4
2331.67
1330
860.81
1572.97
865.817
546.938
1564.57
718.582
421.233
6178.68
3476.23
2124.6
3636.12
1990.74
1206.48
2495.41
1321.56
771.412
1796.27
931.11
541.322
2143.19
905.37
521.946
2536.67
872.558
301.468
101.844
2893.59
970.38
324.965
109.384
2427.49
848.262
297.384
101.674
2828.93
961.74
330.767
114.071
2238.82
808.885
304.86
106.574
2681.73
948.812
350.424
123.547
2774.3
974.639
331.764
113.92
2782.77
986.101
325.916
109.41
2310.36
844.195
320.383
112.291
1817.43
698.723
277.3
94.2257
1993.91
746.58
300.435
107.071
1645.3
643.683
262.803
89.7785
2474.85
900.338
324.825
111.685
1914.36
733.774
283.24
95.0241
2538.2
927.172
327.349
111.612
1951.03
751.654
288.486
96.9884
1804.96
707.32
268.181
92.3739
1192.2
535.144
226.971
77.6858
1733.63
688.475
266.331
92.0902
1185.81
531.673
226.127
77.434
1632.49
660.107
267.342
92.6728
1213.26
538.134
228.121
77.1992
1529.76
618.393
257.963
89.9626
1227.59
538.18
233.761
78.9954
1423.54
581.861
242.442
83.1128
733.859
401.259
165.589
39.3591
401.144
338.598
141.769
33.0445
779.506
415.91
170.786
41.4296
450.097
354.34
146.199
34.0624
858.768
439.701
175.321
41.6159
535.047
381.714
151.699
34.9551
990.56
472.841
186.195
45.2421
663.254
420.851
161.597
37.3295
1198.06
521.645
203.787
51.6152
851.063
465.292
171.636
39.4448
1396.53
583.592
215.082
51.0662
992.041
525.565
190.438
42.5451
1349.72
559.002
208.762
50.6164
966.776
504.533
181.586
41.0185
1406.2
595.562
214.109
48.6558
997.914
537.527
193.289
42.3678
1385.56
603.81
217.527
49.0853
1024.99
546.478
196.582
42.8482
32.4763
10.9398
3.53521
1.06752
0.230488
34.4029
11.2823
3.59253
1.07719
0.2319
32.7817
10.9743
3.54998
1.07339
0.231899
35.071
11.37
3.62008
1.08636
0.233959
32.4602
10.9345
3.56064
1.07972
0.23349
35.0256
11.4901
3.67172
1.10279
0.237469
36.298
11.8985
3.78636
1.13269
0.243313
36.3839
12.1594
3.87648
1.15784
0.248361
33.8154
11.3083
3.66314
1.10676
0.238828
30.4395
10.9096
3.61338
1.10059
0.238188
31.4682
10.9174
3.58059
1.088
0.235389
29.2483
10.7054
3.56787
1.0898
0.236165
34.865
11.6375
3.74619
1.12701
0.242651
31.0542
11.1771
3.6873
1.11938
0.241797
35.2527
11.9196
3.84165
1.1539
0.248082
31.4528
11.4387
3.77806
1.14534
0.247071
29.4241
10.432
3.45514
1.05462
0.228666
26.0709
10.0215
3.39752
1.04581
0.227456
29.3464
10.4351
3.46345
1.05852
0.229643
26.1602
10.0508
3.4087
1.04973
0.228362
29.0039
10.4198
3.47609
1.06447
0.231074
26.3326
10.1069
3.42953
1.05642
0.229824
28.515
10.4608
3.5042
1.0736
0.233023
26.9258
10.2949
3.47484
1.06752
0.231954
28.0344
10.5619
3.53518
1.08184
0.234647
20151.7
30866
20666.3
30918.1
21511.5
31000.7
22505.2
31873.7
23293.4
33742.5
20226.7
24437.2
21174.8
26866.6
19946.9
23803.4
19801.9
23613.1
17333.6
3237.17
785.242
211.847
46.4491
20160.2
5957.41
1610.57
442.399
97.8593
17439.1
3150.91
752.547
202.092
44.4012
20190
5905.96
1580.21
431.14
96.3454
17624.2
3080.9
721.695
192.677
42.4366
20313.2
5852.58
1546.74
420.285
94.2756
17825.7
2985.05
687.123
183.378
40.6265
20498.7
5795.17
1520.45
414.15
93.5273
17843.5
2892.45
668.393
181.269
40.7326
20533.6
5736
1518.1
420.143
96.1825
16703.8
3269.7
853.182
249.896
58.6604
18102.8
5823.41
1693.87
504.066
120.706
17206.1
3116.65
768.701
216.687
49.7537
19062.4
5789.27
1606.15
459.945
107.532
16465.5
3380.07
912.582
274.243
65.4443
17755.6
5861.94
1752.99
535.223
130.601
16386.9
3337.03
907.033
275.405
66.3109
17618.2
5825.38
1759.18
542.42
133.702
41840.1
63820.5
56276.1
38504.2
19651.3
21051.3
31689.7
32762.7
22745.1
25301.6
38217.8
53691.5
57977.8
82187.2
28590.3
32537.9
22047.1
22148.5
14822.7
15565.5
2575.08
1449.67
57.0002
26.9351
30.8928
23.3264
43.6946
2119.23
1582.64
855.506
861.205
509.168
200.802
402.529
208.711
113.142
133.949
86.0489
1945.45
658.736
188.53
173.695
315.521
236.971
135.017
112.832
57.1191
50.2173
100.247
99.4411
2172.57
996.162
1112.45
529.397
339.957
689.806
133.76
59.0789
164.409
4829.74
3938.48
3003.58
2669.5
3600.45
2858.72
2509.27
1995.27
1748.9
1709.62
134.897
159.092
157.133
146.017
137.765
64.7347
78.4429
79.6061
75.4137
71.8159
74.2947
90.1
91.4034
86.4189
82.1377
56.2971
68.6975
70.1639
66.731
63.6462
104.169
124.417
124.333
116.345
110.063
4207.35
3656.29
2718.78
2261.09
3011.69
3027.51
2509
1869.34
1514.74
1545.4
1751.16
1610.05
1282.6
1075.16
1010.64
1625.72
1371.42
1026.87
812.607
757.614
953.594
815.487
611.308
478.018
432.552
443.984
468.013
417.287
362.269
332.722
847.358
822.297
684.652
574.66
526.544
449.056
452.985
389.138
329.039
298.102
257.946
286.082
266.492
237.018
218.896
300.099
323.545
293.957
257.034
235.551
198.552
224.634
212.914
191.21
177.024
3891.48
3432.64
2603.97
2228.43
3011.74
1396.56
1360.77
1136.02
975.756
915.519
424.403
460.003
419.859
370.631
342.962
394.48
433.718
401.011
357.224
331.816
695.947
727.669
644.477
563.707
523.953
536.437
584.433
535.01
475.173
441.193
312.362
353.628
335.632
304.28
284.232
262.095
299.112
285.853
259.533
242.322
134.802
158.321
155.501
143.351
134.441
119.165
141.23
139.993
130.062
122.526
231.595
262.359
249.114
224.672
208.911
230.98
263.882
252.529
229.209
213.87
4188.81
3538.94
2697.46
2380.32
3229.24
2031.93
1881.01
1543.64
1350.77
1303.1
2475.91
2405.92
1881.79
1637.74
1624.8
1158.7
1183.61
1025.41
900.419
840.876
762.477
813.229
729.025
643.649
597.157
1500.7
1487.46
1236.04
1070.79
990.367
309.279
349.949
331.842
300.271
280.17
139.529
163.971
161.264
149.197
140.389
376.087
417.998
389.911
349.223
324.77
24934.4
16990
26079
20710.5
29750.3
46951.5
32637.2
49746.3
26733.2
24150.5
24475.5
23460.4
25849.8
23985.1
35003.1
27260.5
20858.2
20736.5
9317.62
8213.13
24057.2
21192.5
12820.5
9204.29
32646.2
34844.5
27347.7
22633
31410.7
20680.8
17031
16358.3
21661.7
21333.2
48554.2
53567
30976.5
33722.7
29268.2
22325.5
27130.6
17407.2
12215.7
10130.8
24281.5
30741.8
9661.36
12377.3
25475.9
34124
12777.1
17205.6
21317.1
34447.5
13081.1
22174.2
3313.01
13615.3
234.003
9006.81
21540.6
22338.1
22310.7
23260.9
21963.8
20463.3
24306.6
21427.9
23807.4
26942.2
25583.6
25925.2
22710.5
23698.4
22268.1
23826
25793.1
22022.7
26460.2
22335.2
21776.3
27173.7
19303.6
27064
29670.1
36490.4
35990
58792.4
32001.6
44630.3
36240.7
66411.7
27303.8
30850.4
35347.7
54631.5
25686.9
27338.8
34987.3
52534.7
33160.2
37188.5
46243.8
67134
30994.5
32569.9
47570.2
66432.8
26024.3
25887.2
47886.5
63519.4
21455.2
19673.9
26448.9
32372.9
56052.9
19173.5
19034.9
26965.1
28674.3
65402.6
18792.8
20667.2
23074.2
33328.7
78024.8
18221.3
15438.1
16824.8
23256.4
17624.2
15306.7
17246.1
23987.8
15992.8
12978.4
17315.5
24246
17279
14605.4
17249.7
14429.8
22366.8
17811.4
19959.9
15772.7
19236.1
27355.9
16976.3
13781.2
18550.8
15764.3
20164.4
16512
22843.4
17667.6
20525.2
27378
21190
21067.8
22609.7
23208.3
18424.9
15943.8
19638.9
17633.8
23356.9
22137.5
23014.8
21233
23209.8
23990.9
23339
24155.1
20414.1
18772.6
20586.1
19011.6
22818.6
21745.8
23227.2
22064.5
24082.9
22413.3
18170.7
22126.5
24807.6
22300.8
19261.6
23539.5
22888.8
21693.3
17630.6
21675.5
22750.6
21236.8
17121.2
20872.1
13294.5
14165.9
5379.52
5341.06
13009.3
12333.2
6478.15
6513.91
9979.71
8758.18
7502.43
6779.65
12039.4
9666.97
12527.5
10648.3
12975.8
10825.7
11672.8
9336.26
9936.09
6607.13
11220.3
9058.19
13421.5
10802
12211.8
9319.88
11132
8342.69
8249.9
5059.89
23639.4
22171.6
31082.1
25671.9
27924.3
25024.6
40768.1
30328.8
18096.3
12482.3
20983.6
14299.5
18588.4
12569
21697.6
14401.9
21882.4
18417.9
18520.1
16559.8
17260
19924
29555.2
32706.8
34784.5
38850.4
23428.7
26084.3
20101.3
21513
21431.1
22381.3
9026.53
5962.27
10345.6
6463.84
8853.37
5821.6
10206.1
6295.46
8529.71
5365.87
9958.04
6081.31
10682.3
6520.09
10973.9
6739.37
16065.7
12843.4
18936.6
13972.3
20915.9
17795.8
24176.7
19125.8
15932.8
9888.91
13695.5
9077.11
21107.2
14827.8
22907.1
15325.6
26624.3
20074.4
28192.4
20623.1
17008.1
10501.9
17954
10856.8
8611.9
5177.01
6810.71
3966.08
7456.45
4686.6
6250.36
3705.48
9334.63
5597.35
7219.44
4169.27
9815.35
5939.22
7449.52
4296.79
7015.14
6461.17
5067.86
4475.03
6703.98
6323.93
4863.11
4306.73
6275.43
5904.09
4360.98
3856.31
12511.2
17509.5
10046.6
6151.88
4084.19
16815.8
13220.6
10439.4
5889.92
3651.33
16431.8
11888.3
8405.92
5822.14
3487.67
6212.27
5678.88
4180.25
3806.22
5973.09
5233.44
3968.15
3557.31
5420.03
4552.56
3435.8
2931.65
14931
11633.5
10622.4
7990.67
8377.93
6767.29
5292.29
4286.66
3305.97
2768.39
13450.9
9655.69
9585.54
6545.1
6991.62
4950.18
4838.01
3546.62
3066.9
2615.05
8759.93
5479.06
9175.18
5278.02
12397.8
7840.06
13389.1
8238.32
6622.25
3994.34
6554.49
4295.54
9903.49
5159.01
10275.5
5357.63
14699
8832.72
15048.9
9120.22
6810.7
3805.66
7076.77
4034.37
4306.35
2821.3
2769.18
2595.4
4497.53
3076.43
2988.55
2697.4
4285.47
2719.48
2650.46
2623.56
4561.32
2811.29
2771.7
2591.59
5458.83
4913.27
4809.41
3930.96
4862.62
4316.13
4446.76
3607.15
4038.12
3476.04
3708.15
2963.88
8634.31
6833.68
6064.66
4799.5
5395.28
4392.54
3416.26
2622.74
3434.53
2634.03
6413.23
5056.39
4262.21
3368.93
3403.7
2668.73
2728.11
2064.8
3405.72
2384.24
2659
962.857
337.501
115.564
2821.44
1011.74
350.324
120.743
2534.35
931.296
329.912
114.194
2752.04
992.834
351.405
123.907
2330.84
881.754
333.802
117.91
2612.39
969.202
366.192
131.57
2699.09
978.743
340.07
118.423
2751.01
985.708
328.276
110.84
2297.6
866.763
333.882
118.755
1845.21
725.41
290.273
99.6701
2095.08
806.65
325.378
117.059
1758.99
701.29
285.177
97.8143
2436.72
905.608
331.11
115.189
1910.4
743.662
289.788
98.1399
2520.85
927.523
329.164
112.712
1946.14
753.881
290.442
97.9687
2375.57
880.496
322.199
109.921
2061.59
780.301
299.406
98.0559
2235.98
848.564
316.73
108.561
1941.98
755.47
293.343
96.5307
2039.23
800.163
313.243
107.729
1779.06
720.324
285.136
93.6232
1841.55
732.022
296.277
102.429
1667.3
687.881
281.66
92.7336
1676.17
677.112
275.623
93.1937
1697.84
680.499
238.638
53.0355
1226.37
622.301
218.769
47.4991
1612.45
667.53
238.47
54.6276
1173.77
610.111
217.127
47.578
1489.87
644.896
231.686
52.7145
1094.1
591.199
211.059
46.4258
1466.29
631.642
232.805
54.9374
1104.27
582.24
208.749
46.7508
1493.06
626.99
238.266
59.5631
1166.71
577.848
205.965
46.6416
1442.11
613.511
229.196
54.7446
1033.05
555.605
202.999
45.5329
1486.1
620.696
232.404
56.2862
1096.67
567.794
203.614
45.8954
1414.04
607.265
220.991
50.5436
1003.38
548.867
199.136
43.8479
1384.88
606.585
219.488
49.6495
1024.05
549.116
198.208
43.2809
37.3774
12.5555
4.0286
1.20784
0.259525
38.7766
12.7964
4.06476
1.21277
0.260065
37.3475
12.4511
3.99936
1.20127
0.25839
38.9254
12.7001
4.03472
1.20562
0.258773
36.5494
12.2477
3.96009
1.19366
0.257142
38.0159
12.5246
3.99648
1.19682
0.257118
38.0543
12.5009
3.98034
1.18992
0.25539
37.0067
12.3848
3.9505
1.17994
0.253054
36.2741
12.164
3.93507
1.18621
0.25552
32.7037
11.7346
3.87841
1.17845
0.25459
34.8796
12.0358
3.9244
1.18682
0.255995
32.2585
11.695
3.87634
1.17928
0.254916
36.4187
12.222
3.93794
1.18395
0.254704
32.42
11.7359
3.87507
1.17565
0.253752
35.7424
12.1083
3.90514
1.17304
0.252163
31.8867
11.6261
3.84317
1.1652
0.251325
35.0728
12.1829
3.97493
1.20058
0.258714
32.3993
11.87
3.9347
1.19534
0.258128
34.6995
12.078
3.94975
1.19512
0.257787
32.1593
11.7953
3.91529
1.19088
0.257348
33.907
11.908
3.9166
1.18855
0.256699
31.7636
11.6929
3.89167
1.18568
0.25644
32.8055
11.7505
3.88959
1.18308
0.255741
31.6804
11.6795
3.88345
1.1829
0.255834
31.6729
11.6899
3.8789
1.1805
0.255224
22902.2
31149
22845
31004.6
22885.8
30785.7
23344
31471.2
23689.5
33065.8
20504.9
24666.4
21545.9
27012.1
20115.3
23961.6
19851.9
23663
18366.7
3374.43
811.017
217.056
47.2872
20835.6
6166.99
1660.78
453.039
99.5714
18320.9
3269.13
775.053
206.682
45.1421
20742.9
6088.29
1624.8
440.644
97.8839
18265.8
3170.76
739.49
196.386
43.041
20673.6
5991.89
1582.58
428.105
95.5514
18248.7
3046.59
699.95
186.136
41.0826
20686.8
5891.01
1547
420.131
94.5184
18099.3
2932.25
677.19
183.218
41.0592
20599.5
5800.28
1537.22
424.562
96.9273
16862
3295.94
858.863
251.141
58.8699
18258
5868.02
1704.99
506.541
121.119
17411.1
3149.66
775.998
218.309
50.0268
19217.6
5844.42
1621.04
463.339
108.107
16565
3397.18
916.256
275.04
65.579
17859.3
5890.63
1759.89
536.743
130.857
16419.6
3342.6
908.217
275.659
66.3538
17652.4
5834.84
1761.42
542.909
133.784
41449.9
64151
57072.2
37251.1
25607.9
33400.2
24734
32958.2
31066.2
54754.6
34557.2
60543.3
0.289835
0.532342
1.20486
2.79769
6.35452
13.9644
0.484213
0.845361
1.79941
3.91982
8.37093
17.3688
0.171038
0.121817
0.337575
0.251916
0.836473
0.660981
2.15345
1.83239
5.34043
4.89624
12.507
11.7927
29.7458
63.301
138.276
307.974
526.528
726.814
34.9767
68.1814
127.494
221.029
327.435
407.101
0.72583
0.946306
1.03982
1.0532
1.04214
1.32736
1.71699
1.86976
1.87846
1.84957
2.98881
3.83061
4.12817
4.10892
4.02301
6.90015
8.753
9.32545
9.18935
8.94386
15.5632
19.4986
20.4949
19.9654
19.3036
33.8985
41.8146
43.2345
41.5591
39.8859
1.20816
1.56459
1.70599
1.71598
1.69087
2.09926
2.69559
2.91126
2.90354
2.84645
4.44349
5.64924
6.03416
5.96013
5.80937
9.62084
12.1004
12.774
12.4913
12.1046
20.3999
25.3401
26.3985
25.5335
24.5911
41.9667
51.3623
52.6936
50.3532
48.1801
0.430123
0.564744
0.625392
0.637931
0.633993
0.307188
0.405321
0.451393
0.462826
0.461415
0.845272
1.10125
1.2087
1.22293
1.2093
0.632545
0.828181
0.914076
0.929506
0.921952
2.08368
2.68962
2.92096
2.92709
2.87753
1.65102
2.14135
2.33791
2.35387
2.32053
5.33157
6.80704
7.30192
7.23738
7.06796
4.5475
5.83006
6.28197
6.25037
6.11768
13.122
16.5285
17.4675
17.0912
16.565
12.0531
15.2303
16.1479
15.8403
15.3736
30.4395
37.7026
39.1335
37.7241
36.2568
28.7633
35.7541
37.2354
35.9747
34.6097
71.3682
86.2717
87.388
82.7001
78.733
149.52
175.969
173.682
161.453
152.461
319.571
362.389
345.702
314.961
295.329
690.054
742.51
677.364
604.951
565.94
1137.45
1159.5
1019.95
902.024
850.787
1533.29
1506.63
1293.07
1138.36
1079.97
83.635
100.547
101.327
95.5474
90.817
160.987
189.441
187.028
173.893
164.247
296.471
340.079
328.016
300.672
282.534
504.849
562.376
529.047
478.749
448.615
734.476
795.764
733.073
657.752
616.728
902.321
959.878
872.632
779.513
731.721
0.291101
0.537996
1.22119
2.84129
6.45963
14.1828
0.485802
0.851641
1.81453
3.95208
8.4308
17.46
0.172087
0.122681
0.342503
0.256236
0.853567
0.677447
2.21015
1.89499
5.50981
5.12405
12.9591
12.6555
30.093
63.6508
138.19
306.221
523.577
725.165
35.0677
68.1633
127.152
220.124
326.272
406.527
0.729281
0.951328
1.04594
1.05999
1.04927
1.34218
1.738
1.89519
1.90659
1.87893
3.03154
3.89092
4.20076
4.18881
4.10619
7.01397
8.91292
9.51698
9.39928
9.16193
15.8375
19.8839
20.9562
20.4708
19.8287
34.472
42.6276
44.2166
42.6429
41.0162
1.21252
1.57105
1.71403
1.72508
1.70049
2.11604
2.72009
2.94178
2.93807
2.88295
4.48413
5.70895
6.10884
6.04483
5.89905
9.70828
12.2303
12.9378
12.6782
12.3031
20.5653
25.592
26.7226
25.9084
24.9923
42.23
51.7858
53.2615
51.0285
48.9129
0.432867
0.568595
0.629995
0.642971
0.639221
0.309437
0.40846
0.455121
0.466886
0.465618
0.858071
1.11908
1.22988
1.24598
1.23314
0.643719
0.843636
0.932284
0.949192
0.942238
2.12783
2.75055
2.99255
3.00434
2.95704
1.69335
2.19928
2.40538
2.42609
2.39453
5.47714
7.00591
7.53323
7.48479
7.3214
4.70733
6.04618
6.53047
6.51358
6.38577
13.5547
17.115
18.1444
17.8105
17.2993
12.6299
15.9996
17.0201
16.7538
16.2984
31.592
39.2567
40.9163
39.6103
38.1779
30.9203
38.5674
40.3494
39.1722
37.8112
72.3058
87.655
89.1178
84.6589
80.8054
150.572
177.747
176.144
164.433
155.722
319.828
363.752
348.403
318.81
299.846
686.818
740.645
677.838
607.651
570.009
1131.6
1154.8
1017.65
902.096
852.453
1529.95
1503.74
1291.26
1137.64
1080.01
83.9387
101.115
102.165
96.6032
91.994
161.1
189.941
188.005
175.285
165.882
295.924
340.031
328.741
302.122
284.421
503.089
561.141
528.869
479.62
450.138
732.115
793.798
732.087
657.771
617.395
901.14
958.845
872.012
779.322
731.816
2565.44
1444.99
58.2545
27.7957
35.4361
25.7225
46.646
2066.47
1630.41
885.848
1034.87
238.128
465.356
145.657
198.755
118.769
1904.34
663.657
206.923
183.356
324.122
240.674
136.239
117.906
74.7852
60.4446
117.235
108.976
2147.99
987.729
1096.16
525.101
339.429
686.374
136.95
64.2689
170.602
4810.93
3922.65
2993.03
2664.15
3601.41
2849.54
2501.69
1990.49
1746.81
1709.66
138.244
163.906
162.982
152.5
144.555
66.9527
81.4757
83.1248
79.1751
75.6739
85.4931
104.33
106.717
101.802
97.3693
62.2361
76.3194
78.4512
75.1219
71.9874
111.609
134.239
135.338
127.787
121.625
4178
3751.51
2902.81
2522.25
3424.85
3273.75
2919.68
2327.69
2043.32
2224.44
1851.74
1769.03
1473.06
1294.68
1259.1
2187.79
2055.29
1654.5
1443.46
1472.88
537.196
585.727
541.992
489.391
462.932
1009.51
1028.56
900.464
798.551
764.413
336.884
383.045
367.232
336.864
318.347
453.505
503.964
473.604
430.233
406.42
277.385
320.549
311.67
287.968
272.418
3832.81
3426.55
2649.24
2318.81
3178.48
1420.18
1409.48
1204.89
1061.38
1013.63
471.321
521.931
488.693
442.884
417.484
419.891
468.989
442.147
401.796
378.359
721.193
766.964
693.925
620.492
585.534
547.601
602.646
558.992
503.406
471.942
316.152
360.096
344.503
314.956
295.914
275.334
317.461
307.355
282.799
266.456
177.503
210.736
209.969
196.785
186.865
144.107
172.34
172.859
162.677
154.675
273.654
315.881
306.754
283.16
267.64
255.053
295.568
287.85
265.969
251.215
4143.89
3505.93
2680.62
2379.41
3251.76
2015.95
1869.15
1538.23
1351.43
1308.26
2450.62
2399.64
1896.83
1672.55
1675.79
1151.5
1181.01
1029.26
910.149
854.208
763.783
820.021
741.817
661.524
618.102
1501.3
1503.66
1267.62
1115.82
1044.22
318.011
362.872
347.848
318.315
299.306
152.517
180.892
179.968
168.467
159.791
392.699
441.775
418.447
380.744
357.945
517.481
546.762
607.52
661.272
611.35
272.232
23462.3
24743.5
24426.1
25846.6
24107
22517.8
22459.9
21418.2
22870.3
32961.5
25522.2
32049.9
34999.7
21525.9
42936.2
20549.1
21871.7
21629.3
22421.7
21668.4
21710.5
20303.5
20286.7
23448.4
43556.9
26231
41345.5
36330.6
27489
49829.3
17491
18578.9
17694.5
17907.5
18977.1
20135.5
17167.1
18135.9
25668.8
38860.9
28684.1
37819.7
35978.7
30762.2
44521.9
14645.3
15480.2
13815.4
13782.5
16273.6
18038.5
13698.6
15216.3
21652.6
32799.2
23843.4
30615.4
28766.1
24650.5
36037.4
12184.2
12905.6
10966.9
10895.8
13863
15592.9
10863.1
12131.8
17536.2
23767.6
19404.5
21252.9
21931.4
17216.8
24399.2
10324.5
10915.5
8981.46
8929.84
11201.5
11830.6
8843.66
9513.71
13355.7
16367.8
14752
14681.9
16414.8
11427.6
17265.8
21289.2
20662.2
23907.3
25864.7
20346
19985.7
21832.2
21366.4
16158.8
8589.67
16755
8456.2
15990.7
12872
12277.5
19039.2
18788.5
20776.3
21981
18555.6
18329.9
19366.3
19189
12773.7
7249.24
13059.8
7092.76
12072.6
10623.9
9703.97
14699.7
14588.1
16430.8
16936.3
14552.7
14376
15776.9
16120.7
9777.93
6169.59
10034.3
5922.97
9709.09
7849.75
8508
10272.1
10314.7
12186.2
12332.1
10327.6
10113.2
12091.6
12391.5
6363.91
4546.29
6587.27
4424.51
6411.73
5219.85
6591.94
7366.55
7466.69
9218.82
9272.78
7449.78
7427.24
9177.51
9253.61
4384.16
3826.74
4695.89
4075.6
4963.7
4740.42
5844.59
5390.2
5517.31
7234.56
7263.64
5832.13
6161.56
7198.83
7478.58
3635.43
3863.14
4074.91
4240.53
4510.41
4508.03
5668.96
16927.1
9107.81
29257.7
19450.9
28267.3
24584.3
39479
51022.4
61000.1
80036.2
33297
29931.8
20433.5
14367.9
13432.1
7485.54
26092.4
20264.2
24358.4
21804
29189
25422.5
35494.3
27777.1
9542.23
6319.81
5008.62
3571.29
13519.2
8343.05
7573.25
5074.17
30721.8
30851.9
24803.1
17157.8
19613.1
16517.2
16680.1
16133.6
20766.2
21012.2
47517.1
53011.3
30853.6
33558.8
27679.3
21887.8
25266.6
16969.2
10997.7
9859.68
9579.47
17393.2
4818.82
7501.64
12700.5
23096
8275.37
12758.6
12285.5
27146.6
9696.21
18573.2
2695.51
12267.6
182.333
8729.66
18669.9
22533.1
21429.3
23219.3
22300.9
21293
24609.5
21851.1
21759.1
26381.7
20390.3
25346.5
22265.8
23631.2
22148.8
23799.5
25859.3
22212.8
26456.1
22393.5
20892.7
26819
19089.5
26943.2
27898.6
34003.6
34879.2
57222
29314.1
40476.4
34672.4
63995.1
26382.4
29609.7
34702.1
53735.7
25421.3
26987.3
34768.9
52232.7
9509.46
12703.6
26452.1
46080.5
11053.5
12881.2
32019.2
50206.5
12351.7
12908.1
37782.6
53654.2
27811.2
24694.1
28881.1
30885
50847.4
24627.5
25475.2
28184.1
27329.7
59776.4
22220.4
23800
24057.8
31655
74699.7
2731.26
3544.52
8048.68
18679
3838.39
5339.78
10229.2
20542.6
5411.72
4934.58
13038.1
22599.2
21983.2
18605.9
21451.2
17228.9
22432
16566.2
18398.8
14041.8
17242.6
27268.4
19469.1
15007.9
20653.9
16510.5
20752.4
16375
21803.1
16812.6
19761.1
28026.4
21994.8
21693
22929.4
23570.9
19509
16627.8
20177.1
18040.7
23284.3
22207.6
23141.5
21393.3
23328.3
24168.4
23368.3
24208.1
20657.3
18981.5
20656.2
19075.3
22746.4
21771.5
23205
22074.2
23720.8
22256.9
17806.9
21895.6
24279.5
22066
18667.5
23313.5
22681.4
21594.2
17426.7
21520.2
22671.5
21198.1
17042.6
20813.8
2423.79
1481.96
837.524
1139.95
682.551
589.575
3900.36
1892.75
1071.6
2805.46
1907
1165.54
3526.84
2200.62
1694.1
5052.6
3147.54
2096.24
13423.4
7826.29
4928.04
12797.4
8006.75
5319.02
10063.8
6467.61
4565.28
8973.34
5788.22
4024.9
8281.66
4060.34
2201.32
10581.4
6392.84
4121.09
11997
7267.14
4803.93
10387.6
5868.14
3797.88
9112.22
5214.22
3408.78
7848.68
3697.17
1960.31
30283.3
29454.2
33723.7
29015.6
31997.3
29516.3
40303.9
31791.5
17257.7
17047.1
17585.3
15756.6
23622
18651.1
23920.9
17022.7
25937.1
25976.5
21730
23390.4
25900.5
23874.5
31198.5
33194.6
35364
38989.3
25313.7
26618
21796.3
21995.4
23533
23026.1
13091.1
6567.98
12550.7
7350.08
12994.8
6456.5
12336.3
7096.64
12103.9
5885.87
11789.9
6730.78
11746.9
6992.85
11329.3
6909.85
20427.7
14029.2
21018.5
14839.1
24027.8
19405.5
25579.2
20048.6
18252
10518.5
18138.5
9706.14
22167.5
15320.4
23219.5
15486.8
27260.3
20541.6
28365.9
20766.9
18225.9
10905.4
18329.7
10996.2
9459.38
5471.07
7138.19
4041.22
8326.81
4768.5
6400.4
3612.28
9864.57
5839.62
7472.97
4260.62
9985.6
6028
7543.84
4335.74
1824.2
837.283
3118.37
1643.51
1867.45
952.166
3138.12
1797.14
1963.58
1242.17
3046.81
2032.17
8981.95
17232.9
5531.7
4893.23
3294.87
17209.7
9602.9
4667.99
4073.28
2434.89
16885.4
10955.7
7365.86
4969.02
2951.82
439.235
281.697
1003.98
731.254
561.434
317.879
1205.45
873.548
807.733
491.269
1458.98
1081.41
16340.1
12925.1
8882.24
6465.18
4768.55
3474.96
3408.09
2391.95
2035.19
1524.5
14242.5
10162.9
9105.98
6206.22
6049.05
4146.91
3891.74
2682.6
2474.36
2020.08
8997.99
5492.46
9461.55
5357.32
13059.7
8129.01
13835.5
8435.33
6774.72
4006.15
6521.27
4135.7
10107
5228.23
10346.8
5383.32
14950.1
8948.02
15128.5
9157.17
6953.16
3851.98
7131.31
4054.86
4347.05
2790.4
2744.31
2529.3
4317.14
2846.93
2789.09
2436.2
4359.23
2742.01
2669.73
2622.88
4593.75
2823.87
2784.5
2597.49
278.625
147.582
78.5785
966.134
332.593
177.438
264.672
165.475
94.4028
1082.06
403.53
223.05
382.011
257.103
167.706
1237.88
520.21
303.882
8244.03
4764.64
3030.76
4106.03
2359.49
1515.33
2331.49
1329.89
860.744
1572.85
865.733
546.884
1564.49
718.574
421.24
6178.52
3476.14
2124.54
3636
1990.67
1206.43
2495.3
1321.49
771.372
1796.18
931.051
541.286
2143.01
905.323
521.93
2536.59
873.262
301.525
101.792
2893.46
970.937
325
109.278
2426.06
847.955
297.33
101.655
2827.65
961.545
330.746
114.067
2238.04
808.633
304.792
106.552
2680.99
948.598
350.369
123.531
2773.84
974.469
331.711
113.904
2782.56
985.996
325.879
109.397
2309.97
844.032
320.325
112.271
1817.22
698.614
277.251
94.2081
1993.47
746.399
300.367
107.048
1645.06
643.558
262.748
89.7592
2474.58
900.21
324.776
111.667
1914.21
733.689
283.201
95.0092
2538.06
927.089
327.313
111.598
1950.94
751.597
288.457
96.9772
1804.6
707.87
268.295
92.3718
1190.17
535.021
226.975
77.7072
1732.5
688.197
266.267
92.066
1185.15
531.509
226.071
77.4143
1631.85
659.883
267.273
92.65
1212.88
537.984
228.066
77.1816
1529.41
618.233
257.9
89.9412
1227.31
538.047
233.706
78.9771
1423.31
581.735
242.387
83.0935
731.761
401.164
165.642
39.3985
399.233
338.218
141.691
33.0278
779.537
415.969
170.789
41.4313
450.285
354.414
146.226
34.0689
858.646
439.637
175.291
41.6089
535.055
381.685
151.686
34.9525
990.402
472.743
186.154
45.232
663.201
420.778
161.566
37.3223
1197.9
521.541
203.741
51.6032
850.986
465.207
171.599
39.4357
1396.41
583.51
215.044
51.0563
991.973
525.494
190.405
42.5369
1349.56
558.905
208.718
50.6052
966.696
504.45
181.549
41.0093
1406.1
595.5
214.078
48.6481
997.862
537.472
193.263
42.3613
1385.5
603.768
217.505
49.0797
1024.95
546.441
196.564
42.8436
32.4611
10.9368
3.53426
1.06718
0.230409
34.3657
11.2775
3.59128
1.07677
0.231803
32.7755
10.9724
3.54946
1.07325
0.231869
35.0693
11.3686
3.61971
1.08627
0.233938
32.4537
10.9324
3.56001
1.07954
0.233452
35.021
11.4884
3.6712
1.10264
0.237438
36.2928
11.8967
3.78579
1.13252
0.243277
36.3796
12.1579
3.87596
1.15768
0.248327
33.8093
11.3063
3.66251
1.10657
0.238789
30.4334
10.9075
3.61271
1.10039
0.238146
31.4618
10.9153
3.57994
1.08781
0.23535
29.242
10.7032
3.56719
1.0896
0.236123
34.8594
11.6357
3.74559
1.12683
0.242613
31.0488
11.1751
3.68667
1.11919
0.241757
35.2483
11.918
3.84113
1.15374
0.248048
31.4488
11.4371
3.77753
1.14518
0.247036
29.4207
10.43
3.45431
1.05432
0.228594
26.0626
10.0189
3.39666
1.04553
0.22739
29.3401
10.433
3.46284
1.05835
0.229607
26.1574
10.0491
3.40818
1.04958
0.22833
28.9979
10.4177
3.47541
1.06427
0.231033
26.3283
10.1049
3.42889
1.05623
0.229784
28.509
10.4586
3.50352
1.07341
0.232982
26.9204
10.2928
3.47417
1.06732
0.231914
28.0283
10.5598
3.5345
1.08164
0.234606
20105.4
30817.9
20669.3
30926.3
21513.9
31004.9
22506.6
31875.9
23294.2
33743.8
20227.1
24437.7
21175.4
26867.4
19947.3
23803.8
19802.2
23613.4
17323.4
3223.5
781.387
210.772
46.204
20146.1
5949.51
1608.13
441.647
97.6669
17434.7
3145.64
750.565
201.456
44.251
20187
5900.32
1577.66
430.241
96.1217
17621.7
3079.03
720.849
192.363
42.3564
20312
5849.84
1545.29
419.707
94.12
17824.4
2984.35
686.753
183.22
40.5826
20498.2
5793.94
1519.71
413.815
93.4296
17843
2892.19
668.235
181.191
40.7091
20533.5
5735.47
1517.73
419.958
96.1245
16703.8
3269.67
853.146
249.872
58.6517
18103
5823.36
1693.8
504.016
120.687
17206
3116.55
768.624
216.643
49.7391
19062.5
5789.08
1605.97
459.845
107.498
16465.6
3380.08
912.568
274.23
65.4394
17755.8
5861.96
1752.96
535.198
130.591
16387.1
3337.05
907.028
275.398
66.3078
17618.4
5825.42
1759.17
542.406
133.695
41840.2
63820
56275.5
38505.7
19284.8
20611.8
31707.3
32769.6
22741.3
25291.4
38214.1
53682.4
57969.5
82169
28578.3
32522.7
22039.6
22135
14257.5
14980.4
2575.02
1449.63
56.9976
26.9337
30.8911
23.3251
43.6924
2119.18
1582.6
855.481
861.182
509.154
200.794
402.516
208.703
113.137
133.943
86.0449
1945.4
658.716
188.523
173.688
315.51
236.962
135.011
112.827
57.1162
50.2148
100.243
99.4367
2172.53
996.135
1112.42
529.38
339.945
689.786
133.755
59.0761
164.402
4829.62
3938.36
3003.48
2669.4
3600.29
2858.64
2509.19
1995.19
1748.83
1709.54
134.89
159.084
157.124
146.008
137.756
64.7313
78.4385
79.6012
75.4087
71.811
74.2906
90.0946
91.3976
86.413
82.1317
56.294
68.6935
70.1594
66.7265
63.6416
104.164
124.41
124.326
116.337
110.055
4207.24
3656.18
2718.69
2260.97
3011.43
3027.42
2508.91
1869.26
1514.65
1545.29
1751.11
1609.99
1282.54
1075.09
1010.57
1625.67
1371.37
1026.83
812.56
757.568
953.564
815.455
611.277
477.991
432.528
443.966
467.992
417.264
362.246
332.698
847.328
822.263
684.618
574.624
526.507
449.039
452.964
389.117
329.018
298.081
257.934
286.067
266.476
237.002
218.88
300.085
323.529
293.94
257.017
235.534
198.543
224.622
212.901
191.197
177.011
3891.38
3432.54
2603.87
2228.32
3011.51
1396.51
1360.72
1135.97
975.701
915.456
424.385
459.982
419.837
370.608
342.937
394.464
433.697
400.99
357.202
331.793
695.921
727.638
644.445
563.673
523.917
536.415
584.407
534.983
475.144
441.164
312.348
353.611
335.614
304.262
284.214
262.084
299.097
285.837
259.517
242.305
134.795
158.312
155.491
143.341
134.431
119.159
141.222
139.984
130.053
122.517
231.585
262.346
249.099
224.657
208.896
230.97
263.869
252.514
229.195
213.854
4188.71
3538.84
2697.37
2380.21
3229.05
2031.87
1880.94
1543.58
1350.7
1303.03
2475.84
2405.84
1881.71
1637.66
1624.69
1158.66
1183.56
1025.37
900.371
840.826
762.449
813.195
728.99
643.613
597.119
1500.65
1487.41
1235.99
1070.73
990.302
309.265
349.932
331.824
300.252
280.151
139.522
163.962
161.254
149.187
140.379
376.071
417.979
389.89
349.202
324.748
24877
16895.6
26065
20701.4
29728.1
46894.4
32726.1
49798.6
26724.9
24146.5
24472
23458.5
25838.6
23979.2
34985.3
27254.5
20805.5
20733.1
9263.88
8189.92
24050.1
21184.9
12840.3
9217.9
32647
34837.7
27345.3
22631
31408.8
20688.5
17029.7
16357.8
21660.6
21332.5
48548.8
53565.5
30973
33721.1
29270.6
22326.6
27131.6
17407.4
12217.7
10131.3
24183.2
30452.1
9577.33
12187.5
25486.5
34142.9
12796
17230.8
21323.8
34457.4
13089.9
22184
3314.58
13619
234.079
9008.02
21539.2
22337.1
22310.2
23260.2
21960.7
20461.5
24303.8
21426.4
23809.3
26942.5
25583.9
25925.2
22709.9
23697.9
22267.6
23825.6
25791.2
22021.6
26459
22334.5
21777.1
27174
19303.7
27064.3
29672.2
36494.7
35991.5
58794.6
32003.5
44635.4
36242.4
66414.3
27305.3
30853.2
35348.8
54633.3
25688
27340.6
34988.2
52536.2
33130.8
37228.2
45969.6
66940.6
31006.7
32578.1
47589.7
66459.8
26031
25893.1
47896.3
63527.6
21453.2
19671.5
26447.6
32374.5
56057.8
19171.2
19032.8
26962.7
28675.7
65406.8
18791
20665.8
23073.8
33330.6
78027.8
18227.8
15443.3
16777.2
23191.9
17636.9
15301.7
17266.2
24005.2
15997.3
12979.1
17324.7
24253.1
17277.5
14604.9
17248.1
14428.6
22364.8
17809.3
19961.6
15773.2
19240.8
27359.7
16975.2
13780.6
18549.9
15763.8
20164.2
16511.8
22844.9
17668.4
20527.5
27379.9
21189.4
21067.4
22609.3
23207.9
18424
15943.3
19638.2
17633.4
23357.1
22137.6
23014.9
21233.1
23209.5
23990.6
23338.7
24154.9
20413.5
18772.2
20585.6
19011.3
22818.7
21745.9
23227.3
22064.6
24083.6
22413.8
18171.6
22127.2
24808.6
22301.5
19262.9
23540.6
22889.3
21693.7
17631.2
21676
22751
21237.1
17121.7
20872.6
13293
14200.8
5419.94
5390.39
12986.4
12301.2
6479.68
6510.25
9975.54
8751.52
7501.88
6776.77
12039.4
9667.25
12526.6
10647.6
12973.6
10823.3
11672.1
9334.8
9936.05
6605.99
11220.1
9058.2
13421.2
10801.7
12211.4
9319.23
11131.9
8342.01
8249.89
5059.31
23639.7
22171.3
31080
25670.8
27916.3
25020.4
40750.4
30322.8
18167.6
12521.5
21048.7
14332.6
18597.8
12572.8
21713.6
14409.1
21885.5
18420.5
18519.8
16560.7
17263.6
19928.9
29554
32706
34780.9
38848.7
23429.4
26084.3
20101.2
21512.9
21433.1
22382
9028.65
5952.87
10341.3
6454.51
8858.9
5824.6
10213.2
6298.45
8533.01
5367.5
9961.68
6082.95
10684
6521.06
10974.6
6739.73
16065.8
12843
18936.3
13971.7
20913.5
17794.4
24174
19124.4
15934
9888.9
13696.9
9077.25
21106.6
14827.2
22906.7
15325.2
26622.4
20073.3
28191.3
20622.4
17008.6
10501.8
17954.1
10856.6
8612.62
5177.65
6810.99
3966.32
7457.3
4687.33
6250.77
3705.79
9335.03
5597.75
7219.57
4169.4
9815.5
5939.36
7449.53
4296.81
7017.31
6460.54
5059.82
4466.73
6706.85
6325.71
4864.93
4307.99
6277.18
5905
4361.96
3856.91
12511.3
17508.1
10047.2
6152.52
4084.77
16814.5
13220.9
10439.7
5890.4
3651.78
16430.6
11888.1
8406.14
5822.6
3487.99
6214.34
5686.58
4177.77
3817.33
5972
5227.73
3968.65
3556.81
5419.85
4551.17
3436.03
2931.28
14930.4
11633.4
10622.5
7990.75
8377.8
6766.88
5292.48
4286.51
3306.21
2768.32
13450.2
9655.38
9585.33
6544.98
6991.68
4950.13
4838.21
3546.63
3067.09
2615.08
8759.57
5478.86
9174.78
5277.8
12397.1
7839.71
13388.4
8237.98
6622.13
3994.23
6554.42
4295.45
9903.12
5158.81
10275.1
5357.45
14698.4
8832.43
15048.4
9119.98
6810.54
3805.53
7076.59
4034.25
4306.37
2821.26
2769.26
2595.43
4497.64
3076.43
2988.69
2697.47
4285.44
2719.42
2650.47
2623.54
4561.25
2811.21
2771.67
2591.54
5474.46
4929.24
4822.88
3949.85
4851.76
4306.49
4449.12
3608.63
4036.09
3474.2
3708.43
2963.82
8634.64
6834.12
6064.8
4799.7
5394.85
4392.22
3416.01
2622.47
3434.65
2634.05
6413.16
5056.48
4262.18
3368.98
3403.65
2668.69
2728.07
2064.72
3405.83
2384.29
2660.55
964.105
337.733
115.569
2822.51
1012.87
350.596
120.716
2533.87
931.228
329.927
114.194
2751.86
992.87
351.446
123.922
2330.83
881.73
333.807
117.911
2612.5
969.218
366.208
131.576
2699.21
978.745
340.07
118.422
2751.01
985.668
328.258
110.833
2297.71
866.774
333.885
118.755
1845.28
725.419
290.273
99.6692
2095.17
806.658
325.381
117.059
1759.07
701.308
285.18
97.8148
2436.79
905.603
331.103
115.186
1910.43
743.656
289.78
98.1365
2520.83
927.485
329.144
112.703
1946.12
753.852
290.425
97.9616
2377.54
881.777
322.493
109.972
2063.26
781.271
299.673
98.1527
2235.19
848.459
316.731
108.556
1941.32
755.43
293.342
96.5267
2039.06
800.124
313.244
107.728
1778.98
720.329
285.144
93.6253
1841.6
732.031
296.282
102.43
1667.34
687.905
281.67
92.7364
1676.25
677.134
275.63
93.1954
1700.28
681.574
238.929
53.1237
1229.27
623.159
218.954
47.5247
1612.72
667.715
238.514
54.6387
1174.73
610.364
217.199
47.5937
1490.02
644.977
231.709
52.7191
1094.43
591.323
211.098
46.4341
1466.4
631.688
232.821
54.9405
1104.43
582.303
208.77
46.7555
1493.15
627.021
238.275
59.5652
1166.8
577.886
205.977
46.6443
1442.16
613.521
229.198
54.7448
1033.07
555.614
203.001
45.5331
1486.17
620.717
232.41
56.2875
1096.71
567.815
203.621
45.8967
1414.05
607.26
220.986
50.5423
1003.37
548.862
199.132
43.8467
1384.85
606.563
219.475
49.6461
1024.03
549.095
198.197
43.278
37.3826
12.5602
4.03008
1.2082
0.259588
38.7643
12.8006
4.06638
1.21318
0.260139
37.3467
12.4507
3.99927
1.20125
0.258386
38.9282
12.6998
4.03466
1.20561
0.258771
36.5492
12.2474
3.95996
1.19362
0.257133
38.0166
12.5243
3.99634
1.19678
0.257109
38.0534
12.5002
3.98009
1.18984
0.255373
37.0041
12.3838
3.95013
1.17982
0.253028
36.2738
12.1637
3.93491
1.18616
0.255508
32.7034
11.7343
3.87826
1.17839
0.254578
34.8797
12.0356
3.92429
1.18678
0.255986
32.2589
11.6949
3.87623
1.17924
0.254906
36.4174
12.2214
3.9377
1.18388
0.254687
32.4187
11.7353
3.87484
1.17557
0.253735
35.7395
12.1072
3.90476
1.17292
0.252137
31.8841
11.6251
3.84279
1.16508
0.251299
35.0878
12.1874
3.97615
1.20086
0.258761
32.4103
11.8738
3.93574
1.19558
0.258169
34.6989
12.0777
3.94966
1.19509
0.25778
32.1619
11.7954
3.9153
1.19088
0.257348
33.9076
11.9078
3.9165
1.18851
0.256691
31.7659
11.6929
3.89163
1.18566
0.256435
32.8066
11.7504
3.88951
1.18305
0.255734
31.6823
11.6796
3.88339
1.18287
0.255827
31.6738
11.6898
3.8788
1.18046
0.255215
22877.4
31119.3
22848.3
31016
22888.3
30791.1
23345.4
31473.9
23690.4
33067.3
20505.4
24667
21546.6
27013
20115.7
23962
19852.2
23663.4
18364.7
3361.12
807.155
215.974
47.0404
20829.5
6160.21
1658.49
452.308
99.3814
18317.6
3263.84
773.037
206.035
44.9897
20741.7
6082.84
1622.23
439.734
97.6575
18263.8
3168.94
738.641
196.07
42.9601
20673.2
5989.3
1581.13
427.523
95.3945
18247.7
3045.93
699.583
185.978
41.0384
20686.7
5889.86
1546.26
419.795
94.4202
18099
2932.01
677.035
183.14
41.0356
20599.6
5799.8
1536.86
424.377
96.8692
16862.1
3295.92
858.829
251.117
58.8613
18258.2
5867.99
1704.92
506.491
121.1
17411.1
3149.57
775.923
218.265
50.0122
19217.8
5844.25
1620.87
463.24
108.073
16565.1
3397.19
916.243
275.027
65.574
17859.5
5890.65
1759.86
536.718
130.847
16419.8
3342.62
908.212
275.652
66.3508
17652.6
5834.88
1761.41
542.895
133.778
41449
64149
57066
37249.3
25724.7
33537.8
24740
32956.9
31054.4
54699.4
34714.9
60720.7
0.289814
0.532307
1.20479
2.79752
6.35416
13.9636
0.484178
0.845307
1.7993
3.91959
8.37048
17.3679
0.171025
0.121808
0.337552
0.251899
0.836419
0.660937
2.15332
1.83227
5.34011
4.89594
12.5063
11.792
29.7443
63.2981
138.271
307.963
526.511
726.791
34.975
68.1783
127.488
221.02
327.423
407.086
0.725776
0.946234
1.03974
1.05311
1.04206
1.32727
1.71687
1.86962
1.87832
1.84943
2.98862
3.83036
4.12789
4.10863
4.02272
6.89973
8.75245
9.32483
9.18871
8.94322
15.5623
19.4974
20.4935
19.964
19.3023
33.8966
41.8121
43.2318
41.5564
39.8832
1.20807
1.56447
1.70586
1.71585
1.69073
2.09913
2.69541
2.91106
2.90333
2.84624
4.44322
5.64888
6.03376
5.95971
5.80896
9.62028
12.0997
12.7731
12.4904
12.1037
20.3988
25.3386
26.3969
25.5318
24.5894
41.9645
51.3594
52.6904
50.35
48.1769
0.43009
0.5647
0.625342
0.637879
0.633941
0.307164
0.405289
0.451356
0.462788
0.461376
0.845214
1.10118
1.20862
1.22284
1.20921
0.6325
0.828122
0.914009
0.929436
0.921881
2.08354
2.68944
2.92075
2.92688
2.87732
1.6509
2.1412
2.33774
2.3537
2.32036
5.33124
6.8066
7.30142
7.23686
7.06745
4.54721
5.82968
6.28154
6.24992
6.11722
13.1212
16.5274
17.4664
17.09
16.5638
12.0523
15.2293
16.1468
15.8392
15.3724
30.4378
37.7003
39.131
37.7216
36.2543
28.7616
35.7519
37.2329
35.9721
34.6072
71.3645
86.267
87.3828
82.6948
78.7278
149.513
175.96
173.672
161.443
152.451
319.557
362.372
345.684
314.942
295.31
690.028
742.478
677.332
604.918
565.907
1137.41
1159.46
1019.91
901.979
850.74
1533.24
1506.57
1293.02
1138.31
1079.92
83.6308
100.542
101.321
95.5415
90.8111
160.979
189.431
187.018
173.883
164.237
296.458
340.063
327.999
300.655
282.517
504.828
562.35
529.021
478.723
448.588
734.447
795.73
733.038
657.717
616.693
902.286
959.837
872.592
779.474
731.682
0.291077
0.53795
1.22108
2.84106
6.45914
14.1818
0.485763
0.851572
1.81438
3.95178
8.4302
17.4588
0.172072
0.12267
0.342472
0.256212
0.853491
0.677385
2.20996
1.89482
5.50937
5.12363
12.9582
12.6545
30.0911
63.6471
138.183
306.208
523.557
725.14
35.0655
68.1595
127.145
220.113
326.258
406.511
0.72922
0.951247
1.04584
1.05989
1.04917
1.34206
1.73784
1.89502
1.90642
1.87876
3.03128
3.89058
4.20039
4.18844
4.10582
7.0134
8.91218
9.51618
9.39848
9.16115
15.8363
19.8823
20.9545
20.4692
19.8271
34.4696
42.6245
44.2133
42.6397
41.0131
1.21242
1.57092
1.71389
1.72493
1.70035
2.11587
2.71986
2.94153
2.93781
2.88269
4.48377
5.70849
6.10833
6.04432
5.89854
9.70754
12.2294
12.9368
12.6772
12.3021
20.5639
25.5901
26.7206
25.9065
24.9904
42.2272
51.7822
53.2577
51.0249
48.9094
0.432829
0.568545
0.629938
0.642911
0.639161
0.309409
0.408423
0.455078
0.466841
0.465573
0.857992
1.11898
1.22976
1.24586
1.23302
0.643658
0.843555
0.932193
0.949098
0.942144
2.12764
2.7503
2.99228
3.00406
2.95677
1.69319
2.19908
2.40515
2.42586
2.3943
5.47667
7.00531
7.53256
7.48413
7.32075
4.70691
6.04564
6.52988
6.51298
6.38518
13.5536
17.1136
18.1429
17.809
17.2979
12.6288
15.9983
17.0186
16.7523
16.297
31.5896
39.2537
40.9131
39.6072
38.1749
30.9179
38.5644
40.3462
39.1691
37.8082
72.301
87.6492
89.1117
84.6531
80.7999
150.563
177.736
176.133
164.423
155.712
319.811
363.732
348.383
318.792
299.83
686.786
740.609
677.805
607.621
569.983
1131.55
1154.75
1017.6
902.056
852.416
1529.89
1503.68
1291.21
1137.59
1079.97
83.9335
101.108
102.159
96.5968
91.9879
161.091
189.93
187.993
175.275
165.871
295.908
340.012
328.722
302.105
284.405
503.065
561.113
528.841
479.595
450.115
732.083
793.761
732.051
657.738
617.364
901.103
958.803
871.971
779.284
731.779
2565.37
1444.94
58.2509
27.7938
35.4336
25.7207
46.6429
2066.38
1630.37
885.815
1034.86
238.119
465.343
145.65
198.747
118.763
1904.26
663.628
206.913
183.347
324.106
240.662
136.232
117.9
74.7807
60.4407
117.229
108.97
2147.92
987.693
1096.11
525.078
339.412
686.343
136.942
64.2649
170.593
4810.79
3922.52
2992.92
2664.06
3601.3
2849.45
2501.59
1990.42
1746.74
1709.59
138.235
163.896
162.971
152.491
144.546
66.9481
81.47
83.119
79.1696
75.6687
85.4871
104.323
106.709
101.795
97.3627
62.2316
76.3138
78.4454
75.1165
71.9823
111.602
134.23
135.329
127.779
121.617
4177.83
3751.39
2902.74
2522.23
3424.92
3273.69
2919.64
2327.65
2043.31
2224.5
1851.67
1768.97
1473.02
1294.66
1259.1
2187.78
2055.28
1654.48
1443.45
1472.91
537.175
585.704
541.972
489.375
462.921
1009.48
1028.53
900.441
798.536
764.408
336.868
383.027
367.216
336.851
318.336
453.487
503.943
473.586
430.219
406.41
277.371
320.533
311.655
287.956
272.407
3832.66
3426.42
2649.16
2318.78
3178.5
1420.12
1409.42
1204.84
1061.35
1013.61
471.298
521.906
488.671
442.867
417.471
419.869
468.964
442.125
401.778
378.344
721.158
766.928
693.895
620.47
585.517
547.573
602.615
558.964
503.383
471.923
316.135
360.075
344.484
314.939
295.899
275.318
317.442
307.338
282.785
266.443
177.493
210.723
209.956
196.774
186.855
144.098
172.329
172.848
162.667
154.666
273.639
315.864
306.738
283.146
267.628
255.038
295.551
287.834
265.955
251.203
4143.75
3505.81
2680.52
2379.34
3251.71
2015.88
1869.08
1538.17
1351.38
1308.21
2450.52
2399.54
1896.76
1672.5
1675.76
1151.44
1180.95
1029.21
910.112
854.177
763.745
819.981
741.781
661.495
618.078
1501.23
1503.6
1267.57
1115.78
1044.19
317.993
362.851
347.829
318.298
299.291
152.507
180.88
179.956
168.457
159.781
392.678
441.751
418.426
380.726
357.93
517.471
546.748
607.5
661.249
611.329
272.223
23446.3
24733.8
24416.1
25896.8
24100
22513.8
22453.3
21414.1
22854.8
33051.8
25507.6
32035.3
34989.2
21523.3
42927.6
20520.7
21863.7
21623.9
22453.8
21662.5
21707
20299.1
20283.5
23422.8
43677
26209
41315.9
36317.9
27484.9
49815.6
17486.7
18578.1
17694.5
17920.9
18973.8
20133
17165.6
18134.2
25670.1
38894.3
28669.2
37797.8
35969.1
30757.8
44510.6
14647.8
15482.2
13817.9
13786.5
16272.2
18037
13699.1
15215.9
21650.2
32790.7
23831.1
30588.8
28758.5
24647.5
36025.6
12192.8
12912.1
10970.8
10898.2
13864
15592.5
10864.8
12132.4
17563.2
23777.6
19403.6
21217
21928.5
17215.2
24387.1
10335.4
10923.7
8985.87
8932.37
11203.8
11831
8846
9514.81
13398.1
16431.6
14759.5
14649.3
16415.7
11427
17255.6
21358.4
20668
23903.6
25947.5
20347.2
19986
21828.6
21363.8
16211.7
8614.64
16759.2
8455.16
15992.2
12872.7
12278
19096.2
18795
20775.7
22038.1
18557.2
18330.4
19364.4
19187.4
12808.1
7272.94
13059.1
7087.63
12072.5
10623.9
9702.27
14736.5
14593.8
16433.2
16964.4
14554.4
14376.4
15777.1
16120.2
9799.5
6187.09
10033.6
5915.09
9708.55
7849.45
8505.28
10292.8
10319.8
12189.4
12343.6
10329.2
10113.7
12092.9
12391.8
6381
4558.59
6588.72
4414.76
6411.86
5219.76
6588.73
7377.46
7470.86
9221.91
9278.28
7451.46
7427.98
9179.26
9254.45
4391.69
3841.79
4699.02
4065.05
4964.63
4740.68
5841.61
5394.63
5520.33
7237.28
7266.75
5833.66
6162.38
7200.67
7479.64
3638.03
3875.1
4078.27
4232.47
4511.57
4508.41
5666.88
)
;

boundaryField
{
    patch1
    {
        type            calculated;
        value           nonuniform List<scalar> 
2440
(
19619.5
25901.9
0
0
0
0
0
0
0
0
19613.1
25900.5
0
0
0
0
0
0
0
0
17280.7
29283.2
28270.1
39482.1
60996
33280.4
20418.8
13873.1
63808.2
19651.3
31689.7
22745.1
38217.8
57977.8
28590.3
22047.1
14822.7
0
0
0
0
0
0
0
0
0
0
0
0
0
0
0
0
0
0
0
0
0
0
0
0
0
0
0
0
0
0
0
0
0
0
0
64137.9
0
0
0
0
0
0
0
0
0
0
0
0
0
0
0
0
0
0
0
0
0
0
0
0
0
0
0
0
0
0
0
0
0
0
0
0
0
0
0
0
0
0
0
0
0
0
0
0
0
0
0
0
0
0
0
0
0
16927.1
29257.7
28267.3
39479
61000.1
33297
20433.5
13432.1
63807.6
19284.8
31707.3
22741.3
38214.1
57969.5
28578.3
22039.6
14257.5
0
0
0
0
0
0
0
0
0
0
0
0
0
0
0
0
0
0
0
0
0
0
0
0
0
0
0
0
0
0
0
0
0
0
0
64135.9
0
0
0
0
0
0
0
0
0
0
0
0
0
0
0
0
0
0
0
0
0
0
0
0
0
0
0
0
0
0
0
0
0
0
0
0
0
0
0
0
0
0
0
0
0
0
0
0
0
0
0
0
0
0
0
0
0
17160.9
23388
0
0
0
0
0
11427.6
17265.8
4508.03
5668.96
17157.8
23390.4
0
0
0
0
0
11427
17255.6
4508.41
5666.88
30862.4
21905.4
23870
22516.1
21609.1
24569.5
24624.1
22182.5
22504.6
22617.7
22156
22333.3
23541.7
21998.2
21813.4
21633.7
21184.6
851.558
594.9
1070.53
1163.83
1693.6
2095.46
4928.15
5319.13
4565.38
4024.77
2201
4121.17
4803.98
3797.87
3408.68
1960.16
25970.3
79.8099
179.324
94.3814
222.828
167.71
303.827
3030.84
1515.4
860.81
546.938
421.233
2124.6
1206.48
771.412
541.322
521.946
0
0
0
0
0
0
0
0
0
0
0
0
0
0
0
0
0
0
0
0
0
0
0
0
0
0
0
0
0
0
0
0
0
0
0
0
0
0
0
0
0
16.7429
-7.49905
16.1935
-7.78783
15.6591
-7.68386
15.758
-8.02203
17.649
-9.63776
7.98904
-5.29688
14.2759
-9.47371
3.24181
-1.99356
0.691245
-0.353286
41839.6
56286.9
38505.5
21008.6
32802
25318.1
53691
82187.6
32595.8
22136.5
15553.5
21270.9
23497.8
22438.8
21440.4
24385.6
24568.8
22152.5
22493.6
22771
22388.1
22564.4
23771.4
22096
21969.4
21672.2
21243.7
14166.1
5341.01
12333.2
6513.91
8758.18
6779.65
9666.97
10648.3
10825.7
9336.26
6607.13
9058.19
10802
9319.88
8342.69
5059.89
4913.26
3930.96
4316.13
3607.15
3476.04
2963.88
6833.68
4799.5
4392.54
2622.74
2634.03
5056.39
3368.93
2668.73
2064.8
2384.24
0
0
0
0
0
0
0
0
0
0
0
0
0
0
0
0
0
0
0
0
0
0
0
0
0
0
0
0
0
0
0
0
0
0
0
0
0
0
0
0
0
16.7856
-7.51409
16.2328
-7.80601
15.6927
-7.69837
15.7839
-8.03281
17.6687
-9.64612
7.99321
-5.29769
14.2869
-9.47725
3.24304
-1.99346
0.691426
-0.35319
41448.7
57084.9
37254.2
33367.8
32988.5
54821.6
60457
10324.7
10915.6
8981.51
8929.99
11201.5
11830.6
8843.66
9513.71
13355.7
16367.8
14752
14681.9
16414.8
5390.12
5517.29
7234.52
7263.52
5832.13
6161.56
7198.83
7478.58
3635.43
3863.14
4074.91
4240.53
4510.41
30851.9
21905.2
23869.7
22516.3
21609.3
24569.3
24623.9
22182.6
22504.7
22618.2
22156.7
22334.1
23542.9
21998.5
21813.9
21634
21185
837.524
589.575
1071.6
1165.54
1694.1
2096.24
4928.04
5319.02
4565.28
4024.9
2201.32
4121.09
4803.93
3797.88
3408.78
1960.31
25976.5
78.5785
177.438
94.4028
223.05
167.706
303.882
3030.76
1515.33
860.744
546.884
421.24
2124.54
1206.43
771.372
541.286
521.93
0
0
0
0
0
0
0
0
0
0
0
0
0
0
0
0
0
0
0
0
0
0
0
0
0
0
0
0
0
0
0
0
0
0
0
0
0
0
0
0
0
16.7585
-7.54085
16.1366
-7.76832
15.6187
-7.6664
15.7316
-8.01123
17.6327
-9.63215
7.98651
-5.2966
14.2681
-9.47254
3.24115
-1.9935
0.69115
-0.353267
41839.7
56286.2
38507
20554.5
32808.7
25307.9
53681.9
82169.5
32580.5
22123
14955.8
21270.5
23497.5
22438.9
21440.4
24385.3
24568.6
22152.6
22493.6
22771.5
22388.8
22565.1
23772.5
22096.3
21969.9
21672.5
21244.1
14201
5390.33
12301.2
6510.25
8751.52
6776.77
9667.25
10647.6
10823.3
9334.8
6605.99
9058.2
10801.7
9319.23
8342.01
5059.31
4929.23
3949.85
4306.49
3608.63
3474.2
2963.82
6834.12
4799.7
4392.22
2622.47
2634.05
5056.48
3368.98
2668.69
2064.72
2384.29
0
0
0
0
0
0
0
0
0
0
0
0
0
0
0
0
0
0
0
0
0
0
0
0
0
0
0
0
0
0
0
0
0
0
0
0
0
0
0
0
0
16.8013
-7.55605
16.1758
-7.78647
15.6523
-7.68089
15.7574
-8.022
17.6523
-9.64052
7.99068
-5.29741
14.2791
-9.47608
3.24239
-1.9934
0.691331
-0.353171
41447.8
57078.6
37252.4
33502.6
32987.4
54766.5
60627.7
10335.6
10923.8
8985.92
8932.52
11203.8
11831
8846
9514.81
13398.1
16431.6
14759.5
14649.3
16415.7
5394.56
5520.31
7237.24
7266.64
5833.66
6162.38
7200.67
7479.64
3638.03
3875.1
4078.27
4232.47
4511.57
25864.1
4316.37
272.232
25860.9
4316.42
272.223
26099.1
20267.7
29192
25424.7
9762.58
6432.09
13536.8
8355.2
817.89
1097.79
6869
8365.44
16268.7
18512.2
30747.8
25451
30302.3
757.352
148.985
5829.19
4685.33
12891.2
10461.5
396.715
299.422
231.718
3575.02
2256.54
1393.89
7034.7
4276.82
2948.3
30278.2
29452.1
31998.5
29516.8
17426.4
17102.5
23601.7
18658.7
37.5959
23.6363
411.585
328.636
246.936
304.392
9331.88
17254.4
4655.41
37.5956
43.4258
290.828
224.466
526.441
450.46
11.6408
6.63438
5.12533
132.688
82.5588
61.4518
332.787
244.409
176.996
20151.7
20666.3
21511.5
22505.2
23293.4
20226.7
21174.8
19946.9
19801.9
22902.2
22845
22885.8
23344
23689.5
20504.9
21545.9
20115.3
19851.9
26092.4
20264.2
29189
25422.5
9542.23
6319.81
13519.2
8343.05
703.844
946.589
6852.9
8337.36
16260.1
18500.4
30745.8
25449.9
30299.1
639.797
19.0381
5827.58
4672.79
12888.4
10457.3
324.521
244.898
198.457
3571.65
2253.69
1393.38
7032.96
4275.85
2948.2
30283.3
29454.2
31997.3
29516.3
17257.7
17047.1
23622
18651.1
31.997
19.0531
410.781
327.749
247.099
304.289
9331.97
17253.9
4655.69
32.349
41.1565
289.429
223.87
525.933
450.038
9.76123
5.54601
4.20076
131.964
82.2169
61.2915
332.395
244.196
176.886
20105.4
20669.3
21513.9
22506.6
23294.2
20227.1
21175.4
19947.3
19802.2
22877.4
22848.3
22888.3
23345.4
23690.4
20505.4
21546.6
20115.7
19852.2
17636.2
10789.3
26.9258
10.2949
3.47484
1.06752
0.231954
28.0344
10.5619
3.53518
1.08184
0.234647
21423.6
22377.2
24925.3
25182.3
23526.1
23022.2
31.6823
11.6796
3.88339
1.18287
0.255827
31.6738
11.6898
3.8788
1.18046
0.255215
517.471
546.748
607.5
661.249
611.329
22762.9
19455.5
23627.7
19978.4
24916.5
19782
14031
8103.89
5097.3
15114.2
8790.55
5536.71
12835.1
7204
4382.46
13421.5
10802
12211.8
9319.88
11132
8342.69
8249.9
5059.89
10692.5
6522.68
11000.7
6743.86
2699.09
978.743
340.07
118.423
2751.01
985.708
328.276
110.84
38.0543
12.5009
3.98034
1.18992
0.25539
37.0067
12.3848
3.9505
1.17994
0.253054
0.122681
0.256236
0.677447
1.89499
5.12405
12.6555
0.309437
0.40846
0.455121
0.466886
0.465618
0.643719
0.843636
0.932284
0.949192
0.942238
1.69335
2.19928
2.40538
2.42609
2.39453
4.70733
6.04618
6.53047
6.51358
6.38577
12.6299
15.9996
17.0201
16.7538
16.2984
30.9203
38.5674
40.3494
39.1722
37.8112
74.7852
177.503
210.736
209.969
196.785
186.865
11997
7267.14
4803.93
10387.6
5868.14
3797.88
9112.22
5214.22
3408.78
7848.68
3697.17
1960.31
11757.7
6995.65
11356.7
6914.44
16240.2
12677.6
9186.35
6288.44
3908.08
2580.23
8013.7
4675.62
2979.73
3727.44
2233.34
1458.71
1659.82
1022.97
693.774
2773.84
974.469
331.711
113.904
2782.56
985.996
325.879
109.397
36.2928
11.8967
3.78579
1.13252
0.243277
36.3796
12.1579
3.87596
1.15768
0.248327
57.1162
134.795
158.312
155.491
143.341
134.431
0.121808
0.251899
0.660937
1.83227
4.89594
11.792
0.307164
0.405289
0.451356
0.462788
0.461376
0.6325
0.828122
0.914009
0.929436
0.921881
1.6509
2.1412
2.33774
2.3537
2.32036
4.54721
5.82968
6.28154
6.24992
6.11722
12.0523
15.2293
16.1468
15.8392
15.3724
28.7616
35.7519
37.2329
35.9721
34.6072
24926.4
25184
23525.9
23021.9
31.6804
11.6795
3.88345
1.1829
0.255834
31.6729
11.6899
3.8789
1.1805
0.255224
517.481
546.762
607.52
661.272
611.35
17635.7
10789.3
26.9204
10.2928
3.47417
1.06732
0.231914
28.0283
10.5598
3.5345
1.08164
0.234606
21425.6
22377.8
63853
89369.5
38421.8
46431.9
17943.2
20229.8
3142.31
3026.25
0
0
0
0
0
0
0
0
0
0
0
0
0
0
0
17803.3
15825.5
23894.4
17031.3
25317.1
26624.6
12582
7365.53
12326.4
7095.69
2893.59
970.38
324.965
109.384
2828.93
961.74
330.767
114.071
401.144
338.598
141.769
33.0445
450.097
354.34
146.199
34.0624
535.047
381.714
151.699
34.9551
663.254
420.851
161.597
37.3295
851.063
465.292
171.636
39.4448
992.041
525.565
190.438
42.5451
966.776
504.533
181.586
41.0185
997.914
537.527
193.289
42.3678
1024.99
546.478
196.582
42.8482
34.4029
11.2823
3.59253
1.07719
0.2319
35.071
11.37
3.62008
1.08636
0.233959
30.4395
10.9096
3.61338
1.10059
0.238188
29.2483
10.7054
3.56787
1.0898
0.236165
31.0542
11.1771
3.6873
1.11938
0.241797
31.4528
11.4387
3.77806
1.14534
0.247071
26.0709
10.0215
3.39752
1.04581
0.227456
26.1602
10.0508
3.4087
1.04973
0.228362
26.3326
10.1069
3.42953
1.05642
0.229824
31090.4
31141.1
31219.2
31990.6
33862.1
24571.1
27009.2
23943.3
23751.5
20282.6
5996.99
1625.68
449.361
102.355
20317.6
5949.71
1595.72
438.303
100.998
20442.1
5896.26
1562.18
427.403
98.876
20636.4
5841.71
1537.01
421.872
98.5407
20679.3
5787.27
1537.04
429.28
102.225
18231
5872.35
1713.29
513.988
127.543
19193.4
5838.27
1625.1
469.425
113.95
17880.1
5909.61
1772.06
545.06
137.438
17742.1
5873.46
1778.55
552.275
140.684
56845.7
80886.9
25449.5
30383.7
13569.3
14606.4
2153.45
2418.23
30.8928
509.168
208.711
86.0489
74.2947
90.1
91.4034
86.4189
82.1377
953.594
815.487
611.308
478.018
432.552
449.056
452.985
389.138
329.039
298.102
198.552
224.634
212.914
191.21
177.024
0
0
0
0
0
0
0
0
0
0
20990.6
14304.6
21697.7
14402.9
23432
26090.9
10345.6
6463.88
10196.1
6293.8
2821.44
1011.74
350.324
120.743
2752.04
992.834
351.405
123.907
1226.37
622.301
218.769
47.4991
1173.77
610.111
217.127
47.578
1094.1
591.199
211.059
46.4258
1104.27
582.24
208.749
46.7508
1166.71
577.848
205.965
46.6416
1033.05
555.605
202.999
45.5329
1096.67
567.794
203.614
45.8954
1003.38
548.867
199.136
43.8479
1024.05
549.116
198.208
43.2809
38.7766
12.7964
4.06476
1.21277
0.260065
38.9254
12.7001
4.03472
1.20562
0.258773
32.7037
11.7346
3.87841
1.17845
0.25459
32.2585
11.695
3.87634
1.17928
0.254916
32.42
11.7359
3.87507
1.17565
0.253752
31.8867
11.6261
3.84317
1.1652
0.251325
32.3993
11.87
3.9347
1.19534
0.258128
32.1593
11.7953
3.91529
1.19088
0.257348
31.7636
11.6929
3.89167
1.18568
0.25644
31352.6
31207.7
30985.4
31579.3
33178.1
24800.6
27153.8
24101.6
23801.4
20961.2
6207.5
1676.17
460.052
104.078
20873.4
6133.07
1640.56
447.86
102.548
20804.5
6036.43
1598.21
435.263
100.158
20825.8
5938.17
1563.7
427.882
99.5376
20746
5851.94
1556.26
433.714
102.981
18386.8
5917.13
1724.44
516.473
127.957
19349.4
5893.65
1640.05
472.823
114.532
17984
5938.4
1778.97
546.587
137.694
17776.4
5882.96
1780.79
552.764
140.767
0.484213
0.845361
1.79941
3.91982
8.37093
17.3688
34.9767
68.1814
127.494
221.029
327.435
407.101
1.20816
1.56459
1.70599
1.71598
1.69087
2.09926
2.69559
2.91126
2.90354
2.84645
4.44349
5.64924
6.03416
5.96013
5.80937
9.62084
12.1004
12.774
12.4913
12.1046
20.3999
25.3401
26.3985
25.5335
24.5911
41.9667
51.3623
52.6936
50.3532
48.1801
83.635
100.547
101.327
95.5474
90.817
160.987
189.441
187.028
173.893
164.247
296.471
340.079
328.016
300.672
282.534
504.849
562.376
529.047
478.749
448.615
734.476
795.764
733.073
657.752
616.728
902.321
959.878
872.632
779.513
731.721
0.485802
0.851641
1.81453
3.95208
8.4308
17.46
35.0677
68.1633
127.152
220.124
326.272
406.527
1.21252
1.57105
1.71403
1.72508
1.70049
2.11604
2.72009
2.94178
2.93807
2.88295
4.48413
5.70895
6.10884
6.04483
5.89905
9.70828
12.2303
12.9378
12.6782
12.3031
20.5653
25.592
26.7226
25.9084
24.9923
42.23
51.7858
53.2615
51.0285
48.9129
83.9387
101.115
102.165
96.6032
91.994
161.1
189.941
188.005
175.285
165.882
295.924
340.031
328.741
302.122
284.421
503.089
561.141
528.869
479.62
450.138
732.115
793.798
732.087
657.771
617.395
901.14
958.845
872.012
779.322
731.816
35.4361
1034.87
118.769
85.4931
104.33
106.717
101.802
97.3693
2187.79
2055.29
1654.5
1443.46
1472.88
277.385
320.549
311.67
287.968
272.418
63858.6
89354.9
38445.8
46424.9
17974.8
20217.1
2145.04
2078.8
0
0
0
0
0
0
0
0
0
0
0
0
0
0
0
17586.5
15758.7
23920.9
17023.6
25319
26625
12550.7
7350.12
12322
7094.07
2893.46
970.937
325
109.278
2827.65
961.545
330.746
114.067
399.233
338.218
141.691
33.0278
450.285
354.414
146.226
34.0689
535.055
381.685
151.686
34.9525
663.201
420.778
161.566
37.3223
850.986
465.207
171.599
39.4357
991.973
525.494
190.405
42.5369
966.696
504.45
181.549
41.0093
997.862
537.472
193.263
42.3613
1024.95
546.441
196.564
42.8436
34.3657
11.2775
3.59128
1.07677
0.231803
35.0693
11.3686
3.61971
1.08627
0.233938
30.4334
10.9075
3.61271
1.10039
0.238146
29.242
10.7032
3.56719
1.0896
0.236123
31.0488
11.1751
3.68667
1.11919
0.241757
31.4488
11.4371
3.77753
1.14518
0.247036
26.0626
10.0189
3.39666
1.04553
0.22739
26.1574
10.0491
3.40818
1.04958
0.22833
26.3283
10.1049
3.42889
1.05623
0.229784
31042.2
31149.4
31223.4
31992.7
33863.4
24571.6
27010
23943.7
23751.9
20269.4
5989.36
1623.33
448.648
102.188
20314.5
5944.03
1593.14
437.389
100.763
20440.8
5893.48
1560.71
426.811
98.7099
20635.9
5840.46
1536.25
421.528
98.4362
20679.2
5786.73
1536.67
429.09
102.163
18231.2
5872.3
1713.21
513.936
127.523
19193.6
5838.07
1624.93
469.324
113.915
17880.3
5909.62
1772.03
545.034
137.427
17742.3
5873.5
1778.54
552.26
140.677
56836
80867.3
25432.4
30363.4
13554.2
14590.7
1473.26
1653.66
30.8911
509.154
208.703
86.0449
74.2906
90.0946
91.3976
86.413
82.1317
953.564
815.455
611.277
477.991
432.528
449.039
452.964
389.117
329.018
298.081
198.543
224.622
212.901
191.197
177.011
0
0
0
0
0
0
0
0
0
0
21056.1
14338
21713.6
14410
23432.7
26090.9
10341.2
6454.55
10203.2
6296.79
2822.51
1012.87
350.596
120.716
2751.86
992.87
351.446
123.922
1229.27
623.159
218.954
47.5247
1174.73
610.364
217.199
47.5937
1094.43
591.323
211.098
46.4341
1104.43
582.303
208.77
46.7555
1166.8
577.886
205.977
46.6443
1033.07
555.614
203.001
45.5331
1096.71
567.815
203.621
45.8967
1003.37
548.862
199.132
43.8467
1024.03
549.095
198.197
43.278
38.7643
12.8006
4.06638
1.21318
0.260139
38.9282
12.6998
4.03466
1.20561
0.258771
32.7034
11.7343
3.87826
1.17839
0.254578
32.2589
11.6949
3.87623
1.17924
0.254906
32.4187
11.7353
3.87484
1.17557
0.253735
31.8841
11.6251
3.84279
1.16508
0.251299
32.4103
11.8738
3.93574
1.19558
0.258169
32.1619
11.7954
3.9153
1.19088
0.257348
31.7659
11.6929
3.89163
1.18566
0.256435
31322.9
31219.2
30990.8
31582
33179.6
24801.2
27154.7
24102
23801.8
20956.1
6201.01
1673.97
459.36
103.914
20872.2
6127.58
1637.96
446.935
102.31
20804.1
6033.79
1596.74
434.667
99.9904
20825.7
5937
1562.95
427.537
99.4326
20746.1
5851.45
1555.89
433.525
102.919
18387
5917.09
1724.37
516.422
127.937
19349.5
5893.48
1639.88
472.723
114.496
17984.2
5938.42
1778.94
546.561
137.684
17776.7
5882.99
1780.79
552.749
140.76
0.484178
0.845307
1.7993
3.91959
8.37048
17.3679
34.975
68.1783
127.488
221.02
327.423
407.086
1.20807
1.56447
1.70586
1.71585
1.69073
2.09913
2.69541
2.91106
2.90333
2.84624
4.44322
5.64888
6.03376
5.95971
5.80896
9.62028
12.0997
12.7731
12.4904
12.1037
20.3988
25.3386
26.3969
25.5318
24.5894
41.9645
51.3594
52.6904
50.35
48.1769
83.6308
100.542
101.321
95.5415
90.8111
160.979
189.431
187.018
173.883
164.237
296.458
340.063
327.999
300.655
282.517
504.828
562.35
529.021
478.723
448.588
734.447
795.73
733.038
657.717
616.693
902.286
959.837
872.592
779.474
731.682
0.485763
0.851572
1.81438
3.95178
8.4302
17.4588
35.0655
68.1595
127.145
220.113
326.258
406.511
1.21242
1.57092
1.71389
1.72493
1.70035
2.11587
2.71986
2.94153
2.93781
2.88269
4.48377
5.70849
6.10833
6.04432
5.89854
9.70754
12.2294
12.9368
12.6772
12.3021
20.5639
25.5901
26.7206
25.9065
24.9904
42.2272
51.7822
53.2577
51.0249
48.9094
83.9335
101.108
102.159
96.5968
91.9879
161.091
189.93
187.993
175.275
165.871
295.908
340.012
328.722
302.105
284.405
503.065
561.113
528.841
479.595
450.115
732.083
793.761
732.051
657.738
617.364
901.103
958.803
871.971
779.284
731.779
35.4336
1034.86
118.763
85.4871
104.323
106.709
101.795
97.3627
2187.78
2055.28
1654.48
1443.45
1472.91
277.371
320.533
311.655
287.956
272.407
11997.1
7267.2
4803.98
10387.4
5868.08
3797.87
9111.53
5213.97
3408.68
7847.95
3696.9
1960.16
11758.2
6996.22
11356.6
6914.56
16240.6
12678
9186.52
6288.63
3908.15
2580.36
8013.91
4675.74
2979.81
3727.59
2233.44
1458.77
1659.96
1023.06
693.836
2774.3
974.639
331.764
113.92
2782.77
986.101
325.916
109.41
36.298
11.8985
3.78636
1.13269
0.243313
36.3839
12.1594
3.87648
1.15784
0.248361
57.1191
134.802
158.321
155.501
143.351
134.441
0.121817
0.251916
0.660981
1.83239
4.89624
11.7927
0.307188
0.405321
0.451393
0.462826
0.461415
0.632545
0.828181
0.914076
0.929506
0.921952
1.65102
2.14135
2.33791
2.35387
2.32053
4.5475
5.83006
6.28197
6.25037
6.11768
12.0531
15.2303
16.1479
15.8403
15.3736
28.7633
35.7541
37.2354
35.9747
34.6097
22762.1
19454.9
23626.4
19977.6
24914.5
19780.7
14030.6
8103.71
5097.19
15113.8
8790.32
5536.58
12834.5
7203.71
4382.35
13421.2
10801.7
12211.4
9319.23
11131.9
8342.01
8249.89
5059.31
10694.2
6523.65
11001.3
6744.21
2699.21
978.745
340.07
118.422
2751.01
985.668
328.258
110.833
38.0534
12.5002
3.98009
1.18984
0.255373
37.0041
12.3838
3.95013
1.17982
0.253028
0.12267
0.256212
0.677385
1.89482
5.12363
12.6545
0.309409
0.408423
0.455078
0.466841
0.465573
0.643658
0.843555
0.932193
0.949098
0.942144
1.69319
2.19908
2.40515
2.42586
2.3943
4.70691
6.04564
6.52988
6.51298
6.38518
12.6288
15.9983
17.0186
16.7523
16.297
30.9179
38.5644
40.3462
39.1691
37.8082
74.7807
177.493
210.723
209.956
196.774
186.855
)
;
    }
    patch2
    {
        type            calculated;
        value           nonuniform List<scalar> 
348
(
512.167
512.16
958.103
274.621
137.869
318.277
1014.59
294.058
157.294
351.941
958.036
274.602
137.859
318.255
1014.57
294.044
157.285
351.927
3297.59
1711.54
135.371
70.73
80.8482
62.7044
108.218
2669.66
1560.62
1007.37
767.75
429.463
325.819
518.136
291.125
214.183
230.157
173.195
2638.51
905.664
336.119
325.341
514.962
432.127
278.602
237.586
131.905
120.349
204.683
209.692
2857.22
1301.47
1541.7
823.141
583.651
1.03693
1.83779
3.9912
8.85882
19.0864
39.3616
1.68046
2.82497
5.7565
11.9757
24.2902
47.5122
0.63159
0.460061
1.20303
0.917938
2.85796
2.30651
7.00716
6.06866
16.389
15.2153
35.7924
34.174
77.5432
149.878
289.95
555.848
840.277
1069.06
89.4155
161.492
277.554
440.714
606.652
720.365
1.04414
1.86744
4.07515
9.07879
19.616
40.5029
1.69023
2.86194
5.8474
12.1771
24.6981
48.2601
0.636859
0.464298
1.22705
0.938354
2.93796
2.38087
7.26183
6.33765
17.1262
16.1418
37.7199
37.3715
79.644
153.213
294.649
560.297
842.449
1069.36
90.6248
163.193
279.562
442.423
607.512
720.55
3300.42
1712.43
142.238
74.6098
96.0224
71.0217
119.8
3078.47
2311.22
1268.69
1542.87
457.748
763.838
313.794
401.156
268.374
2805.9
1008.37
411.518
372.511
578.148
463.617
290.557
261.958
184.061
152.357
263.542
247.208
2881.41
1308.25
1594.8
837.416
605.455
3297.43
1711.46
135.361
70.7251
80.8422
62.6999
108.21
2669.41
1560.5
1007.29
767.704
429.44
325.795
518.098
291.104
214.167
230.14
173.182
2638.29
905.596
336.094
325.318
514.924
432.097
278.583
237.569
131.895
120.34
204.668
209.677
2857.04
1301.39
1541.6
823.089
583.613
1.03684
1.83765
3.99091
8.85818
19.085
39.3588
1.68033
2.82476
5.75608
11.9749
24.2885
47.509
0.631538
0.460023
1.20294
0.917867
2.85775
2.30634
7.00664
6.0682
16.3878
15.2142
35.7898
34.1714
77.5379
149.869
289.932
555.815
840.229
1069.01
89.4096
161.482
277.537
440.688
606.618
720.326
1.04404
1.86726
4.07478
9.07801
19.6144
40.4999
1.69008
2.86169
5.84691
12.1762
24.6962
48.2566
0.636799
0.464253
1.22693
0.93826
2.93768
2.38064
7.26118
6.33706
17.1247
16.1404
37.717
37.3686
79.6386
153.204
294.633
560.271
842.412
1069.31
90.6188
163.183
279.547
442.4
607.481
720.513
3300.31
1712.36
142.229
74.6046
96.0159
71.0167
119.793
3078.55
2311.33
1268.7
1542.93
457.739
763.839
313.784
401.147
268.364
2805.92
1008.35
411.506
372.497
578.133
463.6
290.542
261.945
184.052
152.348
263.532
247.196
2881.36
1308.21
1594.78
837.387
605.433
1003.15
391.662
205.273
1100.9
445.872
235.585
1271.86
547.63
306.136
1559.74
732.445
421.091
2190.78
1014.35
552.924
4286.9
3425.14
3984.85
3100.16
3544.99
2762.48
3460.24
2686.38
3787.56
2844.77
997.173
388.659
203.553
1102.21
446.573
235.969
1272.16
547.871
306.295
1559.74
732.509
421.147
2190.62
1014.33
552.927
4296.02
3436.38
3991.6
3106.46
3546.94
2764.45
3461.02
2687.13
3787.92
2845.14
)
;
    }
    patch3
    {
        type            calculated;
        value           uniform 0;
    }
    patch4
    {
        type            calculated;
        value           nonuniform List<scalar> 
384
(
9031.68
19382.6
24540.2
50975
79786.9
29687.6
14442.7
7570.97
16906.6
20840.5
47193.7
49493.2
8608.5
19318.1
24520.5
50963.6
79772.4
29678.2
14416
7075.04
16806.2
20832.5
47137.5
49526.4
16697.9
16115.1
47558.8
52959.6
17048.1
16338.7
48596.2
53513.8
16695.7
16114.5
47557.2
52959
17046.8
16338.2
48590.7
53512.3
10984.9
9852.71
12204
10124.2
2702.83
12276.7
192.753
8745.29
3325.13
13633.2
245.903
9025.6
12202
10123.7
10984.8
9852.81
5183.96
3653.83
7576.6
5071.24
27677.1
21888
4924.09
7695.16
8231.44
12729.2
9334.93
8226.65
12820.6
9207.25
29263.9
22325.9
9661.12
12377.3
12738.2
17196.8
5026.74
3584.8
7573.3
5076.62
27676.7
21888.6
4818.82
7501.6
8246.65
12752.4
9282.11
8204.04
12840.4
9220.88
29266.3
22327
9577.1
12187.5
12756.8
17222
3323.56
13629.4
245.82
9024.39
2703.73
12279.9
192.749
8746.39
92928.2
111455
99039.4
115184
92931.9
111457
99042.1
115187
21138
8650.46
26902.9
13834
33548.9
21029.5
14476.5
10533.4
37017.8
72964.4
48300.4
85939.9
31213.4
66661.4
28543.4
63945.9
33798
13213.1
37319.4
18104.3
40531.9
24585
15922
10851.6
39669.7
74809.6
52738.8
88749.8
32538.8
67698.9
28922.4
64284.6
20741.7
8424.61
26919.9
13855.9
33559.2
21038.8
14480.1
10534.8
37022.2
72966.7
48306
85942.6
31216.2
66663.3
28545.4
63947.6
33419.3
12987.7
37329.9
18126.6
40540.7
24594.7
15926
10853.1
39674.4
74812.1
52744.1
88752.6
32541.9
67701
28924.4
64286.3
34907.4
68426.8
41318.3
74499.2
50329
80526.2
69756.4
53609.6
88821.3
55716.6
89927.1
59713.5
89838.5
75446.4
34426.7
67930.9
41342.2
74535.3
50341
80535
69762
53169.9
88396
55723
89945.1
59720.9
89843.7
75450.9
17333.6
17439.1
17624.2
17825.7
17843.5
16703.8
17206.1
16465.5
16386.9
18366.8
18320.9
18265.8
18248.7
18099.3
16862
17411.1
16565
16419.6
17323.4
17434.7
17621.7
17824.4
17843
16703.8
17206
16465.6
16387.1
18364.7
18317.6
18263.8
18247.7
18099
16862
17411.1
16565.1
16419.8
3237.17
3150.91
3080.9
2985.05
2892.45
3269.7
3116.65
3380.07
3337.03
3374.43
3269.13
3170.76
3046.59
2932.25
3295.94
3149.66
3397.18
3342.6
3223.5
3145.64
3079.03
2984.35
2892.19
3269.67
3116.55
3380.08
3337.05
3361.12
3263.84
3168.94
3045.93
2932.01
3295.92
3149.57
3397.19
3342.62
785.242
752.547
721.695
687.123
668.393
853.182
768.701
912.582
907.033
811.017
775.053
739.49
699.95
677.19
858.863
775.998
916.256
908.217
781.387
750.565
720.849
686.753
668.235
853.146
768.624
912.568
907.028
807.155
773.037
738.641
699.583
677.035
858.829
775.923
916.243
908.212
211.847
202.092
192.677
183.378
181.269
249.896
216.687
274.243
275.405
217.056
206.682
196.386
186.136
183.218
251.141
218.309
275.04
275.659
210.772
201.456
192.363
183.22
181.191
249.872
216.643
274.23
275.398
215.974
206.035
196.07
185.978
183.14
251.117
218.265
275.027
275.652
46.4491
44.4012
42.4366
40.6265
40.7326
58.6604
49.7537
65.4443
66.3109
47.2872
45.1421
43.041
41.0826
41.0592
58.8699
50.0268
65.579
66.3538
46.204
44.251
42.3564
40.5826
40.7091
58.6517
49.7391
65.4394
66.3078
47.0404
44.9897
42.9601
41.0384
41.0356
58.8613
50.0122
65.574
66.3508
)
;
    }
}


// ************************************************************************* //
