/*--------------------------------*- C++ -*----------------------------------*\
| =========                 |                                                 |
| \\      /  F ield         | OpenFOAM: The Open Source CFD Toolbox           |
|  \\    /   O peration     | Version:  2412                                  |
|   \\  /    A nd           | Website:  www.openfoam.com                      |
|    \\/     M anipulation  |                                                 |
\*---------------------------------------------------------------------------*/
FoamFile
{
    version     2.0;
    format      ascii;
    arch        "LSB;label=32;scalar=64";
    class       volScalarField;
    location    "0.33/chip";
    object      T;
}
// * * * * * * * * * * * * * * * * * * * * * * * * * * * * * * * * * * * * * //

dimensions      [0 0 0 1 0 0 0];

internalField   nonuniform List<scalar> 
6620
(
308.992
308.865
308.865
308.742
309.648
309.392
309.392
309.147
308.725
308.786
308.786
308.725
308.786
308.786
308.849
308.849
308.849
308.849
308.786
308.786
308.725
308.786
308.786
308.725
308.742
309.087
308.865
308.865
309.331
309.331
308.742
309.087
308.865
308.865
309.331
309.331
308.992
308.992
308.992
309.587
309.587
309.587
309.587
308.865
309.331
309.331
308.742
309.087
308.865
309.331
309.331
309.087
309.147
309.392
309.392
309.147
309.392
309.392
309.648
309.648
309.648
309.392
309.147
309.392
307.544
307.231
308.481
308.034
308.187
308.327
307.739
307.929
307.438
308.221
308.481
308.034
308.187
308.327
309.591
309.176
309.176
309.34
309.368
309.464
309.464
308.795
308.277
309.045
309.083
308.437
308.686
309.2
307.739
307.929
307.438
308.222
308.795
309.045
308.277
309.083
308.437
309.2
308.686
308.11
308.166
308.166
308.838
307.654
308.46
308.46
307.834
308.617
308.772
308.509
308.024
308.617
308.772
309.773
309.773
309.9
309.002
309.51
309.111
308.509
308.024
309.51
309.002
309.111
308.775
308.775
308.429
307.246
307.928
307.35
307.928
307.351
308.049
308.049
307.459
307.981
308.161
307.981
308.161
308.104
308.998
308.289
308.104
308.998
308.289
307.928
307.35
307.246
308.049
308.049
307.459
307.928
307.351
307.981
308.161
308.104
308.998
308.289
307.981
308.161
308.998
308.104
308.289
309.064
309.064
309.288
309.064
309.064
309.288
309.064
309.064
309.288
309.064
309.064
309.288
308.104
308.998
308.289
307.981
308.161
308.998
308.104
308.289
307.981
308.161
307.928
307.351
308.049
308.049
307.459
307.246
307.928
307.351
308.998
308.104
308.289
308.998
308.104
308.289
307.981
308.161
307.981
308.161
308.049
308.049
307.459
307.928
307.351
307.928
307.35
307.246
307.739
307.929
307.438
308.221
307.739
307.929
307.438
308.222
308.11
308.166
308.166
308.838
307.654
308.46
308.46
307.625
307.798
307.818
308.47
308.3
307.987
307.818
308.47
308.3
307.987
308.259
308.984
308.714
308.714
308.607
308.607
308.364
308.481
308.034
308.187
308.327
308.795
308.277
309.045
309.083
308.437
308.686
309.2
308.795
308.277
309.045
309.083
308.437
308.686
309.2
308.561
308.576
308.406
308.731
308.561
308.576
308.406
308.731
308.942
309.228
308.941
309.449
308.833
309.346
309.05
308.942
309.228
308.941
309.449
308.833
309.346
309.05
307.544
307.231
308.11
308.166
308.166
308.838
307.654
308.46
308.46
307.739
307.929
307.438
308.222
307.818
308.47
308.3
307.987
307.625
307.798
308.259
308.984
308.714
308.714
308.607
308.607
308.364
307.818
308.47
308.3
307.987
308.795
308.277
309.045
309.083
308.437
308.686
309.2
308.481
308.034
308.187
308.327
308.795
309.045
308.277
309.083
308.437
309.2
308.686
308.561
308.576
308.406
308.731
308.942
309.228
308.941
309.449
308.833
309.346
309.05
308.561
308.576
308.406
308.731
308.942
309.228
309.449
308.941
309.346
308.833
309.05
309.591
309.176
309.176
309.34
309.368
309.464
309.464
309.591
309.176
309.176
309.34
309.368
309.464
309.464
309.591
309.176
309.176
309.34
309.368
309.464
309.464
308.481
308.035
308.187
308.327
308.795
309.045
308.277
309.083
308.437
309.2
308.686
308.481
308.034
308.187
308.327
308.942
309.228
308.941
309.449
308.833
309.346
309.05
308.561
308.576
308.406
308.731
308.942
309.228
309.449
308.941
309.346
308.833
309.05
308.561
308.576
308.406
308.731
308.11
308.166
308.166
308.838
307.654
308.46
308.46
307.544
307.231
307.739
307.929
307.438
308.222
307.818
308.47
308.3
307.987
308.259
308.984
308.714
308.714
308.607
308.607
308.364
307.625
307.798
307.818
308.47
308.3
307.987
308.795
309.045
308.277
309.083
308.437
309.2
308.686
308.481
308.034
308.187
308.327
308.481
308.034
308.187
308.327
308.942
309.228
309.449
308.941
309.346
308.833
309.05
308.942
309.228
309.449
308.941
309.346
308.833
309.05
308.561
308.576
308.406
308.731
308.561
308.576
308.406
308.731
307.739
307.929
307.438
308.222
307.739
307.929
307.438
308.222
307.544
307.231
308.259
308.984
308.714
308.714
308.607
308.607
308.364
307.818
308.47
308.3
307.987
307.818
308.47
308.3
307.987
307.625
307.798
308.509
308.024
308.509
308.024
308.775
308.775
308.429
308.617
308.772
309.002
309.51
309.111
309.002
309.51
309.111
307.834
308.775
308.775
308.429
308.509
308.024
309.002
309.51
309.111
308.617
308.772
309.51
309.002
309.111
309.773
309.773
309.9
309.773
309.773
309.9
309.773
309.773
309.9
308.617
308.772
309.51
309.002
309.111
308.617
308.772
308.775
308.775
308.429
307.834
308.509
308.024
309.51
309.002
309.111
308.617
308.772
308.617
308.772
308.509
308.024
308.509
308.024
307.834
309.284
309.085
309.085
309.095
309.181
309.189
309.189
308.894
308.702
308.956
308.968
308.79
308.806
309.06
308.893
308.956
308.702
308.968
308.79
309.06
308.805
308.532
308.582
308.582
308.845
308.428
308.685
308.685
308.483
308.483
308.254
308.542
308.924
308.673
308.542
308.924
308.673
308.483
308.483
308.254
308.542
308.924
308.673
308.924
308.542
308.673
308.988
308.988
309.132
308.988
308.988
309.132
308.988
308.988
309.132
308.988
308.988
309.132
308.542
308.924
308.673
308.924
308.542
308.673
308.483
308.483
308.254
308.924
308.542
308.673
308.924
308.542
308.673
308.483
308.483
308.254
308.532
308.582
308.582
308.845
308.428
308.685
308.685
308.893
308.702
308.956
308.968
309.06
308.79
308.805
308.893
308.702
308.956
308.968
308.79
308.805
309.06
308.532
308.582
308.582
308.845
308.685
308.428
308.685
308.894
308.702
308.956
308.968
309.06
308.79
308.806
308.894
308.956
308.702
308.968
308.79
309.06
308.805
309.284
309.085
309.085
309.095
309.189
309.181
309.189
309.284
309.085
309.085
309.095
309.189
309.181
309.189
309.284
309.085
309.085
309.095
309.181
309.189
309.189
308.894
308.956
308.702
308.968
308.806
308.79
309.06
308.532
308.582
308.582
308.845
308.685
308.428
308.685
308.893
308.956
308.702
308.968
308.805
308.79
309.06
307.01
307.451
307.372
307.372
307.269
307.27
307.196
306.939
307.347
307.027
307.027
306.693
307.154
307.154
308.175
308.394
308.298
308.456
308.2
308.369
308.274
308.018
307.816
308.111
308.144
307.89
307.943
308.221
308.067
308.297
307.963
308.162
307.939
308.092
308.272
308.126
308.405
308.241
308.149
308.051
308.318
308.224
307.657
307.65
307.567
307.921
307.468
307.835
307.753
307.71
307.714
307.794
308.038
307.584
307.841
307.904
307.55
307.55
307.229
307.628
307.423
307.357
307.738
307.817
308.086
308.135
308.046
307.948
308
307.914
308.175
308.394
308.456
308.298
308.369
308.2
308.274
308.018
307.816
308.111
308.144
307.89
307.943
308.221
308.067
308.297
308.162
307.963
307.939
308.272
308.092
308.126
308.405
308.241
308.149
308.051
308.318
308.224
309.346
309.146
309.274
309.28
309.243
309.25
309.377
309.346
309.146
309.274
309.28
309.243
309.25
309.377
309.409
309.472
309.337
309.337
309.305
309.44
309.44
308.691
308.501
308.358
308.384
308.587
308.606
308.464
308.951
309.015
308.876
309.149
308.847
309.119
308.98
308.746
308.544
308.411
308.669
308.641
308.518
308.773
307.657
307.65
307.922
307.568
307.835
307.468
307.754
307.711
307.714
307.794
308.038
307.584
307.842
307.904
307.55
307.55
307.628
307.229
307.423
307.738
307.357
307.817
308.086
308.135
308.046
307.949
308
307.914
308.951
309.015
308.876
309.149
308.847
309.119
308.98
308.691
308.501
308.358
308.384
308.587
308.606
308.464
308.746
308.544
308.669
308.411
308.641
308.773
308.518
308.342
308.387
308.026
308.273
308.238
308.491
308.132
308.342
308.387
308.026
308.273
308.238
308.491
308.132
308.162
307.763
307.851
307.85
308.057
307.957
307.957
307.576
307.869
307.758
307.758
307.569
307.857
307.692
307.692
307.528
307.717
307.717
308.589
308.801
308.627
308.776
308.556
308.454
308.694
308.635
308.53
308.479
308.713
308.606
308.79
308.605
308.747
308.58
308.631
308.765
308.565
308.646
308.45
308.724
308.122
308.058
307.852
308.239
308.244
308.35
308.376
308.528
308.218
308.376
308.394
308.084
308.046
307.878
308.208
308.058
307.904
308.228
308.2
308.539
308.4
308.405
308.589
308.801
308.776
308.627
308.556
308.454
308.694
308.635
308.53
308.479
308.713
308.606
308.79
308.747
308.605
308.58
308.765
308.631
308.565
308.647
308.45
308.724
309.873
309.936
309.904
309.904
309.747
309.557
309.651
309.651
309.809
309.743
309.712
309.841
309.809
309.743
309.712
309.841
309.213
309.026
308.999
309.241
309.358
309.43
309.269
309.522
309.158
308.864
309.072
308.946
309.416
309.611
309.581
309.445
308.123
308.058
308.239
307.852
308.244
308.35
308.376
308.528
308.218
308.376
308.394
308.084
308.046
308.208
307.878
308.058
308.228
307.905
308.2
308.539
308.4
308.405
309.213
309.026
309.241
308.999
309.358
309.43
309.522
309.269
309.416
309.611
309.581
309.445
309.158
308.864
309.072
308.946
308.631
308.255
308.439
308.439
308.997
309.307
309.149
309.149
308.809
308.752
308.957
308.613
308.809
308.752
308.957
308.613
306.944
306.944
306.6
307.607
307.723
307.412
307.045
307.639
307.333
307.607
307.723
307.412
307.045
307.639
307.333
308.385
307.84
308.159
308.385
307.84
308.159
307.752
307.752
308.067
307.656
308.098
307.768
307.828
308.123
307.792
307.656
308.098
307.768
307.828
308.123
307.792
308.442
308.223
308.571
308.954
308.744
308.701
308.25
308.64
308.598
308.442
308.223
308.571
308.954
308.744
308.701
308.25
308.64
308.598
307.607
307.723
307.412
307.045
307.639
307.333
306.944
306.944
306.6
308.385
307.84
308.159
308.385
307.84
308.159
307.752
307.752
308.067
307.607
307.723
307.412
307.045
307.639
307.333
307.657
308.098
307.768
308.124
307.828
307.792
308.442
308.224
308.571
308.954
308.744
308.701
308.25
308.64
308.598
307.656
308.098
307.768
307.828
308.124
307.792
308.954
308.744
308.701
308.442
308.223
308.571
308.64
308.25
308.598
309.018
309.209
309.163
309.018
309.209
309.163
309.241
309.241
309.194
309.018
309.209
309.163
309.018
309.209
309.163
309.241
309.241
309.194
309.018
309.209
309.163
309.018
309.209
309.163
309.241
309.241
309.194
309.018
309.209
309.163
309.018
309.209
309.163
309.241
309.241
309.194
308.442
308.224
308.571
308.954
308.744
308.701
308.25
308.64
308.598
307.657
308.098
307.768
308.124
307.828
307.792
308.954
308.744
308.701
308.442
308.224
308.571
308.64
308.25
308.598
307.657
308.098
307.768
307.828
308.124
307.792
307.607
307.723
307.412
307.639
307.045
307.333
308.385
307.84
308.159
308.385
307.84
308.159
307.752
307.752
308.067
306.944
306.944
306.6
307.607
307.723
307.412
307.639
307.045
307.333
308.954
308.744
308.701
308.442
308.223
308.571
308.64
308.25
308.598
308.954
308.744
308.701
308.442
308.223
308.571
308.64
308.25
308.598
307.656
308.098
307.768
308.124
307.828
307.792
307.656
308.098
307.768
308.123
307.828
307.792
308.385
307.84
308.159
308.385
307.84
308.159
307.752
307.752
308.067
307.607
307.723
307.412
307.639
307.045
307.333
307.607
307.723
307.412
307.639
307.045
307.333
306.944
306.944
306.6
307.657
307.65
307.567
307.921
307.468
307.835
307.753
307.71
307.714
307.794
308.038
307.841
307.584
307.904
307.55
307.55
307.229
307.628
307.357
307.423
307.738
307.817
308.086
308.135
308.046
307.948
308
307.914
307.658
307.65
307.568
307.922
307.469
307.835
307.755
307.711
307.714
307.795
308.038
307.842
307.584
307.904
307.551
307.55
307.229
307.628
307.357
307.424
307.738
307.818
308.086
308.135
308.046
307.949
308
307.915
308.342
308.387
308.026
308.273
308.238
308.132
308.491
308.342
308.387
308.026
308.273
308.238
308.132
308.491
308.162
307.763
307.85
307.851
308.057
307.957
307.957
307.383
307.462
307.462
307.694
307.249
307.538
307.539
307.42
307.752
307.654
307.654
307.507
307.603
307.603
307.914
307.655
307.999
307.886
307.839
307.731
308.068
308.138
308.318
308.427
308.334
308.29
308.27
308.185
308.076
308.164
308.133
308.37
308.001
308.233
308.208
307.976
307.943
307.843
308.17
307.794
308.126
308.024
307.916
307.656
308
307.886
307.841
307.732
308.069
308.138
308.318
308.427
308.334
308.291
308.271
308.186
308.076
308.164
308.133
308.37
308.002
308.233
308.209
307.978
307.944
307.844
308.17
307.795
308.127
308.026
308.175
308.394
308.298
308.456
308.2
308.369
308.274
308.018
307.816
308.111
308.144
307.943
307.89
308.221
308.067
308.297
307.963
308.162
308.092
307.939
308.272
308.126
308.405
308.241
308.149
308.051
308.318
308.224
308.691
308.501
308.358
308.384
308.464
308.587
308.606
308.951
309.015
308.876
309.149
309.119
308.847
308.98
308.746
308.544
308.411
308.669
308.518
308.641
308.773
308.691
308.501
308.358
308.384
308.587
308.464
308.606
308.951
309.015
308.876
309.149
308.847
308.98
309.119
308.746
308.544
308.411
308.669
308.641
308.518
308.773
308.437
308.386
308.535
308.63
308.361
308.462
308.605
308.45
308.421
308.533
308.654
308.497
308.374
308.612
308.387
308.484
308.236
308.475
308.312
308.311
308.554
308.5
308.688
308.572
308.705
308.547
308.524
308.663
308.437
308.386
308.535
308.63
308.361
308.462
308.605
308.45
308.421
308.533
308.654
308.612
308.374
308.497
308.387
308.484
308.236
308.475
308.312
308.554
308.311
308.5
308.688
308.572
308.705
308.524
308.663
308.547
307.01
307.451
307.372
307.372
307.269
307.27
307.196
306.939
307.347
307.027
307.027
307.154
306.693
307.154
308.342
308.387
308.026
308.273
308.132
308.238
308.491
308.342
308.387
308.026
308.273
308.491
308.238
308.132
308.162
307.763
307.85
307.851
307.957
308.057
307.957
307.658
307.65
307.568
307.922
307.469
307.835
307.755
307.711
307.714
307.795
308.038
307.584
307.904
307.842
307.551
307.55
307.229
307.628
307.424
307.357
307.738
307.818
308.086
308.135
308.046
308
307.915
307.949
307.914
307.655
307.999
307.886
307.839
307.731
308.068
308.138
308.318
308.427
308.334
308.185
308.27
308.291
308.076
308.164
308.133
308.37
308.001
308.208
308.233
307.976
307.943
307.843
308.17
308.024
307.794
308.126
307.383
307.462
307.462
307.694
307.249
307.538
307.539
307.42
307.752
307.654
307.654
307.603
307.603
307.507
307.916
307.656
308
307.886
307.841
307.732
308.069
308.138
308.318
308.427
308.334
308.291
308.271
308.186
308.076
308.164
308.133
308.37
308.002
308.233
308.209
307.978
307.944
307.844
308.17
307.795
308.127
308.026
308.691
308.501
308.358
308.384
308.464
308.587
308.606
308.951
309.015
308.876
309.149
309.119
308.847
308.98
308.746
308.544
308.411
308.669
308.518
308.641
308.773
308.175
308.394
308.298
308.456
308.2
308.369
308.274
308.018
307.816
308.111
308.144
307.943
307.89
308.221
308.067
308.297
307.963
308.162
308.092
307.939
308.272
308.126
308.405
308.241
308.149
308.051
308.318
308.224
308.951
309.015
308.876
309.149
308.847
308.98
309.119
308.691
308.501
308.358
308.384
308.587
308.464
308.606
308.746
308.544
308.669
308.411
308.641
308.773
308.518
308.437
308.535
308.386
308.63
308.361
308.605
308.462
308.45
308.421
308.533
308.654
308.497
308.374
308.612
308.387
308.484
308.236
308.475
308.312
308.312
308.554
308.5
308.688
308.705
308.572
308.547
308.663
308.524
308.437
308.386
308.535
308.63
308.361
308.462
308.605
308.45
308.421
308.533
308.654
308.612
308.374
308.497
308.387
308.484
308.236
308.475
308.312
308.554
308.311
308.5
308.688
308.572
308.705
308.524
308.663
308.547
309.346
309.146
309.274
309.28
309.377
309.243
309.25
309.346
309.146
309.274
309.28
309.25
309.243
309.377
309.409
309.472
309.337
309.337
309.44
309.305
309.44
309.346
309.146
309.274
309.28
309.377
309.243
309.25
309.346
309.146
309.274
309.28
309.25
309.243
309.377
309.409
309.472
309.337
309.337
309.44
309.305
309.44
309.346
309.146
309.274
309.28
309.243
309.377
309.25
309.346
309.146
309.274
309.28
309.243
309.377
309.25
309.409
309.472
309.337
309.337
309.305
309.44
309.44
308.175
308.394
308.456
308.298
308.369
308.2
308.274
308.018
307.816
308.111
308.144
308.221
307.89
307.943
308.067
308.297
308.162
307.963
308.272
307.939
308.092
308.126
308.405
308.241
308.149
308.318
308.051
308.224
308.951
309.015
308.876
309.149
308.98
308.847
309.119
308.691
308.501
308.358
308.384
308.606
308.587
308.464
308.746
308.544
308.669
308.411
308.773
308.641
308.518
308.175
308.394
308.298
308.456
308.2
308.369
308.274
308.018
307.816
308.111
308.144
307.89
308.221
307.943
308.067
308.297
307.963
308.162
307.939
308.092
308.272
308.126
308.405
308.241
308.149
308.318
308.224
308.051
308.437
308.535
308.386
308.63
308.361
308.605
308.462
308.45
308.421
308.533
308.654
308.374
308.612
308.497
308.387
308.484
308.236
308.475
308.312
308.312
308.554
308.5
308.688
308.705
308.572
308.663
308.524
308.547
308.437
308.386
308.535
308.63
308.361
308.462
308.605
308.45
308.421
308.533
308.654
308.612
308.374
308.497
308.387
308.484
308.236
308.475
308.312
308.554
308.312
308.5
308.688
308.572
308.705
308.524
308.663
308.547
308.342
308.387
308.026
308.273
308.132
308.238
308.491
308.342
308.387
308.026
308.273
308.491
308.238
308.132
308.162
307.763
307.851
307.851
307.957
308.057
307.957
307.01
307.451
307.372
307.372
307.27
307.27
307.196
306.939
307.347
307.027
307.027
307.154
306.693
307.154
307.658
307.65
307.922
307.568
307.835
307.468
307.754
307.711
307.714
307.794
308.038
307.584
307.904
307.842
307.55
307.55
307.628
307.229
307.423
307.738
307.357
307.817
308.086
308.135
308.046
308
307.915
307.949
307.915
308
307.656
307.886
307.84
308.069
307.731
308.138
308.318
308.427
308.334
308.185
308.271
308.291
308.076
308.164
308.133
308.37
308.001
308.208
308.233
307.977
307.944
308.17
307.844
308.025
308.127
307.795
307.383
307.462
307.462
307.694
307.249
307.539
307.539
307.42
307.752
307.654
307.654
307.603
307.603
307.507
307.915
308
307.655
307.886
307.84
308.069
307.731
308.138
308.318
308.427
308.334
308.291
308.271
308.185
308.076
308.164
308.133
308.37
308.001
308.233
308.208
307.977
307.944
308.17
307.844
308.126
307.794
308.025
308.951
309.015
308.876
309.149
308.98
308.847
309.119
308.691
308.501
308.358
308.384
308.606
308.587
308.464
308.746
308.544
308.669
308.411
308.773
308.641
308.518
308.175
308.394
308.456
308.298
308.369
308.2
308.274
308.018
307.816
308.111
308.144
308.221
307.89
307.943
308.067
308.297
308.162
307.963
308.272
307.939
308.092
308.126
308.405
308.241
308.149
308.318
308.051
308.224
308.175
308.394
308.456
308.298
308.369
308.2
308.274
308.018
307.816
308.111
308.144
307.89
308.221
307.943
308.067
308.297
308.162
307.963
307.939
308.272
308.092
308.126
308.405
308.241
308.149
308.318
308.224
308.051
308.437
308.535
308.386
308.63
308.361
308.605
308.462
308.45
308.421
308.533
308.654
308.374
308.612
308.497
308.387
308.484
308.236
308.475
308.311
308.312
308.554
308.5
308.688
308.705
308.572
308.663
308.524
308.547
308.437
308.535
308.386
308.63
308.361
308.605
308.462
308.45
308.421
308.533
308.654
308.612
308.374
308.497
308.387
308.484
308.236
308.475
308.312
308.554
308.311
308.5
308.688
308.705
308.572
308.663
308.524
308.547
307.658
307.65
307.922
307.568
307.835
307.469
307.755
307.711
307.714
307.795
308.038
307.904
307.584
307.842
307.551
307.55
307.628
307.229
307.738
307.424
307.357
307.818
308.086
308.135
308.046
308
307.949
307.915
307.657
307.65
307.921
307.567
307.835
307.468
307.753
307.71
307.714
307.794
308.038
307.904
307.584
307.841
307.55
307.55
307.628
307.229
307.738
307.423
307.357
307.817
308.086
308.135
308.046
308
307.948
307.914
307.01
307.451
307.372
307.372
307.27
307.269
307.196
306.939
307.347
307.027
307.027
306.693
307.154
307.154
307.916
308
307.656
307.886
307.841
308.069
307.732
308.138
308.318
308.427
308.334
308.271
308.291
308.186
308.076
308.164
308.133
308.37
308.209
308.002
308.233
307.978
307.944
308.17
307.844
308.127
307.795
308.025
307.914
307.999
307.655
307.886
307.839
308.068
307.731
308.138
308.318
308.427
308.334
308.27
308.291
308.185
308.076
308.164
308.133
308.37
308.208
308.001
308.233
307.976
307.943
308.17
307.843
308.126
307.794
308.025
307.383
307.462
307.462
307.694
307.249
307.539
307.538
307.42
307.752
307.654
307.654
307.603
307.603
307.507
308.122
308.058
307.852
308.239
308.244
308.35
308.376
308.528
308.376
308.218
308.394
308.084
308.046
307.878
308.208
307.904
308.058
308.228
308.2
308.539
308.4
308.405
308.123
308.058
307.852
308.239
308.244
308.351
308.376
308.528
308.376
308.218
308.394
308.084
308.046
307.878
308.208
307.905
308.059
308.228
308.2
308.539
308.4
308.405
308.631
308.255
308.439
308.439
308.997
309.307
309.149
309.149
308.809
308.752
308.613
308.957
308.809
308.752
308.613
308.957
308.589
308.801
308.627
308.776
308.556
308.454
308.694
308.635
308.479
308.53
308.713
308.606
308.79
308.605
308.747
308.631
308.58
308.765
308.565
308.646
308.45
308.724
309.213
309.026
308.999
309.241
309.358
309.43
309.522
309.269
309.158
308.864
308.946
309.072
309.416
309.611
309.581
309.445
309.213
309.026
308.999
309.241
309.358
309.43
309.269
309.522
309.158
308.864
308.946
309.072
309.416
309.611
309.445
309.581
307.576
307.869
307.758
307.758
307.569
307.857
307.692
307.692
307.717
307.528
307.717
308.631
308.255
308.439
308.439
308.997
309.307
309.149
309.149
308.809
308.752
308.613
308.957
308.809
308.752
308.957
308.613
308.123
308.058
307.852
308.239
308.244
308.351
308.376
308.528
308.218
308.394
308.376
308.084
308.046
307.879
308.208
308.059
307.905
308.228
308.2
308.539
308.405
308.4
309.213
309.026
308.999
309.241
309.358
309.43
309.522
309.269
309.158
308.864
308.946
309.072
309.416
309.611
309.581
309.445
308.589
308.801
308.627
308.776
308.556
308.454
308.694
308.635
308.479
308.53
308.713
308.606
308.79
308.605
308.747
308.631
308.58
308.765
308.565
308.647
308.45
308.724
309.213
309.026
309.241
308.999
309.358
309.43
309.522
309.269
309.416
309.611
309.445
309.581
309.158
308.864
308.946
309.072
309.873
309.936
309.904
309.904
309.747
309.557
309.651
309.651
309.809
309.743
309.841
309.712
309.809
309.743
309.712
309.841
309.873
309.936
309.904
309.904
309.747
309.557
309.651
309.651
309.809
309.743
309.841
309.712
309.809
309.743
309.712
309.841
309.873
309.936
309.904
309.904
309.747
309.557
309.651
309.651
309.809
309.743
309.841
309.712
309.809
309.743
309.841
309.712
308.589
308.801
308.776
308.627
308.556
308.454
308.694
308.635
308.713
308.53
308.479
308.606
308.79
308.747
308.605
308.765
308.58
308.631
308.565
308.647
308.724
308.45
309.213
309.026
309.241
308.999
309.358
309.43
309.269
309.522
309.416
309.611
309.445
309.581
309.158
308.864
309.072
308.946
308.589
308.801
308.627
308.776
308.556
308.454
308.694
308.635
308.53
308.713
308.479
308.606
308.79
308.605
308.747
308.58
308.631
308.765
308.565
308.647
308.724
308.45
308.631
308.255
308.439
308.439
308.997
309.307
309.149
309.149
308.809
308.752
308.613
308.957
308.809
308.752
308.957
308.613
307.576
307.869
307.758
307.758
307.569
307.857
307.692
307.692
307.717
307.528
307.717
308.123
308.058
308.239
307.852
308.244
308.35
308.376
308.528
308.218
308.394
308.376
308.084
308.046
308.208
307.878
308.058
308.228
307.905
308.2
308.539
308.405
308.4
309.213
309.026
309.241
308.999
309.358
309.43
309.269
309.522
309.416
309.611
309.445
309.581
309.158
308.864
309.072
308.946
308.589
308.801
308.776
308.627
308.556
308.454
308.694
308.635
308.713
308.53
308.479
308.606
308.79
308.747
308.605
308.765
308.58
308.631
308.565
308.647
308.724
308.45
308.589
308.801
308.776
308.627
308.556
308.454
308.694
308.635
308.53
308.713
308.479
308.606
308.79
308.747
308.605
308.58
308.765
308.631
308.565
308.646
308.724
308.45
308.123
308.058
308.239
307.852
308.244
308.351
308.376
308.528
308.394
308.218
308.376
308.084
308.046
308.208
307.878
308.228
308.059
307.905
308.2
308.539
308.405
308.4
308.122
308.058
308.239
307.852
308.244
308.35
308.376
308.528
308.394
308.218
308.376
308.084
308.046
308.208
307.878
308.228
308.058
307.904
308.2
308.539
308.405
308.4
307.576
307.869
307.758
307.758
307.569
307.857
307.692
307.692
307.528
307.717
307.717
308.524
308.665
308.653
308.653
308.594
308.594
308.583
308.708
308.727
308.714
308.84
308.655
308.781
308.767
308.708
308.727
308.714
308.84
308.655
308.781
308.767
308.524
308.665
308.653
308.653
308.594
308.594
308.583
308.708
308.727
308.714
308.84
308.655
308.781
308.767
308.708
308.727
308.84
308.714
308.781
308.655
308.767
308.899
308.79
308.904
308.904
308.959
308.844
308.844
308.899
308.79
308.904
308.904
308.844
308.844
308.959
308.899
308.79
308.904
308.904
308.844
308.844
308.959
308.899
308.79
308.904
308.904
308.844
308.844
308.959
308.708
308.727
308.714
308.84
308.767
308.655
308.781
308.708
308.727
308.84
308.714
308.781
308.655
308.767
308.524
308.665
308.653
308.653
308.594
308.594
308.583
308.708
308.727
308.84
308.714
308.767
308.781
308.655
308.708
308.727
308.84
308.714
308.781
308.655
308.767
308.524
308.665
308.653
308.653
308.583
308.594
308.594
306.96
307.181
307.133
307.133
307.028
307.067
307.067
307.681
307.805
307.865
307.867
307.805
307.74
307.746
307.272
307.287
307.237
307.452
307.172
307.389
307.337
307.681
307.805
307.865
307.867
307.805
307.74
307.746
307.272
307.287
307.237
307.452
307.172
307.389
307.337
308.043
308.167
307.988
307.987
307.926
308.106
308.103
308.043
308.167
307.988
307.987
307.926
308.106
308.103
307.607
307.396
307.562
307.562
307.5
307.5
307.669
307.837
307.857
307.918
308.027
307.902
307.792
307.964
307.962
308.099
308.033
308.155
308.027
307.968
308.092
307.837
307.857
307.918
308.027
307.964
307.792
307.902
307.962
308.099
308.033
308.155
307.968
308.092
308.027
308.21
308.223
308.042
308.151
308.162
308.089
308.271
308.856
308.991
308.939
308.923
308.864
308.931
308.916
308.344
308.227
308.282
308.412
308.22
308.351
308.405
308.21
308.223
308.042
308.151
308.089
308.162
308.271
308.856
308.991
308.939
308.923
308.864
308.931
308.916
308.344
308.227
308.282
308.412
308.22
308.351
308.405
307.681
307.805
307.865
307.867
307.746
307.74
307.805
307.272
307.287
307.237
307.452
307.337
307.172
307.389
306.96
307.181
307.133
307.133
307.067
307.067
307.028
308.043
308.167
307.988
307.987
308.106
307.926
308.103
308.043
308.167
307.988
307.987
307.926
308.106
308.103
307.607
307.396
307.562
307.562
307.5
307.5
307.669
307.681
307.805
307.865
307.867
307.805
307.74
307.746
307.272
307.287
307.237
307.452
307.172
307.389
307.337
307.837
307.857
307.919
308.027
307.902
307.792
307.965
307.962
308.099
308.155
308.033
308.027
308.092
307.968
308.21
308.223
308.042
308.151
308.162
308.089
308.271
308.856
308.991
308.939
308.923
308.864
308.931
308.916
308.344
308.227
308.282
308.412
308.22
308.351
308.405
307.837
307.857
307.918
308.027
307.964
307.792
307.902
307.962
308.099
308.033
308.155
307.968
308.092
308.027
308.856
308.991
308.939
308.923
308.864
308.931
308.916
308.21
308.223
308.042
308.151
308.089
308.162
308.271
308.344
308.227
308.412
308.282
308.351
308.22
308.405
309.053
309.056
309.004
309.121
309.113
308.997
309.061
309.053
309.056
309.004
309.121
309.113
308.997
309.061
309.213
309.228
309.28
309.28
309.272
309.22
309.22
309.053
309.056
309.004
309.121
308.997
309.061
309.113
309.053
309.056
309.004
309.121
309.061
308.997
309.113
309.213
309.228
309.28
309.28
309.22
309.22
309.272
309.053
309.056
309.004
309.121
308.997
309.061
309.113
309.053
309.056
309.004
309.121
309.061
308.997
309.113
309.213
309.228
309.28
309.28
309.22
309.22
309.272
309.053
309.056
309.004
309.121
309.061
308.997
309.113
309.053
309.056
309.004
309.121
309.061
308.997
309.113
309.213
309.228
309.28
309.28
309.22
309.22
309.272
308.21
308.223
308.042
308.151
308.271
308.162
308.089
308.856
308.991
308.939
308.923
308.916
308.931
308.864
308.344
308.227
308.282
308.412
308.405
308.22
308.351
307.837
307.857
307.919
308.027
307.792
307.965
307.902
307.962
308.099
308.155
308.033
308.092
307.968
308.027
308.856
308.991
308.939
308.923
308.931
308.864
308.916
308.21
308.223
308.042
308.151
308.089
308.162
308.271
308.344
308.227
308.412
308.282
308.351
308.22
308.405
307.837
307.857
307.919
308.027
307.965
307.792
307.902
307.962
308.099
308.033
308.155
307.968
308.092
308.027
307.681
307.805
307.865
307.867
307.746
307.74
307.805
307.272
307.287
307.452
307.237
307.337
307.389
307.172
308.043
308.167
307.988
307.987
308.106
307.926
308.103
308.043
308.167
307.988
307.987
307.926
308.106
308.103
307.607
307.396
307.562
307.562
307.5
307.5
307.669
306.96
307.181
307.133
307.133
307.067
307.067
307.028
307.681
307.805
307.865
307.867
307.805
307.74
307.746
307.272
307.287
307.452
307.237
307.389
307.172
307.337
308.856
308.991
308.939
308.923
308.916
308.931
308.864
308.21
308.223
308.042
308.151
308.271
308.162
308.089
308.344
308.227
308.412
308.282
308.405
308.351
308.22
308.856
308.991
308.939
308.923
308.931
308.864
308.916
308.21
308.223
308.042
308.151
308.089
308.162
308.271
308.344
308.227
308.412
308.282
308.351
308.22
308.405
307.837
307.857
307.918
308.027
307.792
307.964
307.902
307.962
308.099
308.155
308.033
308.092
307.968
308.027
307.837
307.857
307.918
308.027
307.964
307.792
307.902
307.962
308.099
308.155
308.033
308.092
307.968
308.027
308.043
308.167
307.988
307.987
308.103
308.106
307.926
308.043
308.167
307.988
307.987
308.103
308.106
307.926
307.607
307.396
307.562
307.562
307.669
307.5
307.5
307.681
307.805
307.865
307.867
307.74
307.805
307.746
307.272
307.287
307.452
307.237
307.389
307.172
307.337
307.681
307.805
307.865
307.867
307.74
307.805
307.746
307.272
307.287
307.452
307.237
307.389
307.172
307.337
306.96
307.181
307.133
307.133
307.067
307.067
307.028
308.444
308.573
308.424
308.416
308.514
308.504
308.356
308.444
308.573
308.424
308.416
308.514
308.504
308.356
308.367
308.194
308.339
308.339
308.426
308.28
308.28
308.626
308.633
308.483
308.594
308.574
308.685
308.534
308.753
308.886
308.865
308.85
308.827
308.813
308.79
308.67
308.613
308.637
308.766
308.73
308.578
308.707
308.626
308.633
308.483
308.594
308.574
308.685
308.534
308.753
308.886
308.865
308.85
308.827
308.813
308.79
308.67
308.613
308.637
308.766
308.73
308.578
308.707
308.444
308.573
308.424
308.416
308.514
308.504
308.356
308.444
308.573
308.424
308.416
308.514
308.504
308.356
308.367
308.194
308.339
308.339
308.426
308.28
308.28
308.626
308.633
308.483
308.594
308.574
308.685
308.534
308.753
308.886
308.865
308.85
308.827
308.813
308.79
308.67
308.613
308.637
308.766
308.73
308.578
308.707
308.753
308.886
308.865
308.85
308.827
308.813
308.79
308.626
308.633
308.483
308.594
308.574
308.685
308.534
308.67
308.613
308.766
308.637
308.73
308.707
308.578
308.946
308.95
309.044
308.929
309.006
308.891
308.985
308.946
308.95
309.044
308.929
309.006
308.891
308.985
308.994
309.072
309.092
309.092
309.053
309.033
309.033
308.946
308.95
308.929
309.044
308.891
309.006
308.985
308.946
308.95
308.929
309.044
308.891
309.006
308.985
308.994
309.072
309.092
309.092
309.053
309.033
309.033
308.946
308.95
308.929
309.044
308.891
309.006
308.985
308.946
308.95
308.929
309.044
308.891
309.006
308.985
308.994
309.072
309.092
309.092
309.053
309.033
309.033
308.946
308.95
308.929
309.044
308.891
309.006
308.985
308.946
308.95
308.929
309.044
308.891
309.006
308.985
308.994
309.072
309.092
309.092
309.053
309.033
309.033
308.626
308.633
308.594
308.483
308.685
308.574
308.534
308.753
308.886
308.85
308.865
308.813
308.827
308.79
308.67
308.613
308.637
308.766
308.73
308.578
308.707
308.753
308.886
308.865
308.85
308.827
308.813
308.79
308.626
308.633
308.483
308.594
308.574
308.685
308.534
308.67
308.613
308.766
308.637
308.73
308.707
308.578
308.444
308.573
308.424
308.416
308.514
308.504
308.356
308.444
308.573
308.424
308.416
308.514
308.504
308.356
308.367
308.194
308.339
308.339
308.426
308.28
308.28
308.753
308.886
308.85
308.865
308.813
308.827
308.79
308.626
308.633
308.594
308.483
308.685
308.574
308.534
308.67
308.613
308.766
308.637
308.73
308.707
308.578
308.753
308.886
308.865
308.85
308.827
308.813
308.79
308.626
308.633
308.483
308.594
308.574
308.685
308.534
308.67
308.613
308.766
308.637
308.73
308.707
308.578
308.444
308.573
308.416
308.424
308.504
308.514
308.356
308.444
308.573
308.416
308.424
308.504
308.514
308.356
308.367
308.194
308.339
308.339
308.426
308.28
308.28
307.206
307.09
307.09
307.077
307.15
307.15
307.15
307.258
307.139
307.258
307.258
307.205
307.205
307.307
307.031
306.862
307.027
307.027
307.092
306.96
306.96
306.966
306.781
306.815
306.815
306.891
306.891
306.899
307.654
307.611
307.611
307.579
307.649
307.614
307.614
307.721
307.675
307.789
307.761
307.717
307.678
307.795
307.721
307.675
307.789
307.761
307.717
307.679
307.795
307.632
307.559
307.605
307.605
307.642
307.596
307.596
307.619
307.545
307.567
307.567
307.583
307.583
307.603
308.654
308.609
308.632
308.593
308.649
308.612
308.636
308.667
308.621
308.668
308.631
308.662
308.625
308.673
308.58
308.533
308.604
308.569
308.609
308.575
308.537
308.539
308.496
308.493
308.454
308.533
308.499
308.497
308.081
308.035
308.155
308.125
308.078
308.039
308.16
307.984
307.947
307.895
307.856
307.978
307.95
307.898
308.315
308.275
308.243
308.204
308.247
308.309
308.278
308.386
308.339
308.436
308.403
308.382
308.343
308.441
308.654
308.632
308.609
308.593
308.649
308.636
308.612
308.667
308.621
308.668
308.631
308.662
308.625
308.673
308.58
308.533
308.604
308.569
308.609
308.575
308.537
308.539
308.496
308.493
308.454
308.534
308.499
308.497
308.081
308.155
308.035
308.125
308.078
308.161
308.04
307.984
307.947
307.895
307.856
307.979
307.95
307.898
308.315
308.275
308.243
308.204
308.247
308.31
308.278
308.386
308.339
308.436
308.403
308.382
308.344
308.441
306.848
307.016
306.843
306.867
306.917
306.766
306.948
306.848
307.016
306.843
306.867
306.917
306.766
306.948
306.758
306.496
306.74
306.74
306.83
306.66
306.66
307.558
307.683
307.53
307.549
307.473
307.616
307.625
307.614
307.8
307.661
307.605
307.54
307.737
307.679
307.493
307.336
307.485
307.487
307.408
307.42
307.56
307.152
307.119
306.97
307.146
307.051
307.07
307.219
307.368
307.548
307.576
307.522
307.458
307.485
307.433
307.25
307.256
307.243
307.406
307.168
307.339
307.317
307.558
307.684
307.53
307.549
307.473
307.616
307.626
307.615
307.8
307.661
307.605
307.541
307.737
307.679
307.493
307.337
307.485
307.487
307.408
307.42
307.56
307.152
307.119
306.97
307.146
307.052
307.07
307.219
307.369
307.548
307.576
307.522
307.458
307.485
307.433
307.25
307.257
307.244
307.407
307.169
307.339
307.318
308.154
308.279
308.325
308.318
308.258
308.219
308.214
307.972
307.918
307.778
307.952
307.856
307.891
308.032
308.08
308.099
308.243
308.058
308.183
307.998
308.14
308.154
308.279
308.325
308.318
308.258
308.219
308.214
307.972
307.918
307.778
307.952
307.856
307.891
308.032
308.08
308.099
308.243
308.058
308.183
307.998
308.14
307.707
307.66
307.691
307.863
307.598
307.802
307.768
307.707
307.66
307.691
307.863
307.598
307.802
307.768
307.811
308.007
307.968
307.968
307.908
307.908
307.871
307.71
307.734
307.7
307.58
307.623
307.778
307.667
307.875
308.066
307.971
308.035
307.94
307.906
308.003
307.748
307.691
307.737
307.846
307.66
307.815
307.778
307.833
307.907
307.822
307.751
307.901
307.745
307.839
307.95
308.143
307.996
308.061
308.015
307.931
308.08
307.821
307.715
307.81
307.871
307.889
307.733
307.803
307.71
307.734
307.58
307.7
307.623
307.667
307.778
307.875
308.066
308.035
307.971
307.906
308.003
307.94
307.748
307.691
307.737
307.846
307.66
307.778
307.815
307.833
307.907
307.751
307.822
307.839
307.745
307.901
307.95
308.143
308.061
307.996
307.931
308.08
308.015
307.821
307.715
307.81
307.871
307.733
307.803
307.889
308.324
308.335
308.382
308.492
308.432
308.275
308.384
308.251
308.191
308.162
308.345
308.129
308.284
308.311
308.366
308.511
308.535
308.461
308.475
308.401
308.426
308.842
308.976
308.894
308.879
308.82
308.916
308.901
308.772
308.838
308.684
308.737
308.677
308.779
308.831
308.757
308.642
308.795
308.723
308.736
308.663
308.817
308.331
308.269
308.188
308.372
308.208
308.311
308.392
308.462
308.529
308.58
308.633
308.573
308.468
308.522
308.448
308.538
308.488
308.619
308.428
308.559
308.508
308.324
308.335
308.382
308.492
308.432
308.275
308.384
308.251
308.191
308.162
308.345
308.129
308.284
308.311
308.366
308.511
308.535
308.461
308.475
308.401
308.426
308.842
308.976
308.894
308.879
308.82
308.916
308.901
308.772
308.838
308.684
308.737
308.779
308.677
308.831
308.757
308.642
308.795
308.723
308.736
308.663
308.817
308.331
308.269
308.188
308.372
308.208
308.311
308.392
308.462
308.529
308.58
308.633
308.468
308.573
308.522
308.448
308.538
308.488
308.619
308.428
308.559
308.508
307.558
307.683
307.549
307.53
307.473
307.625
307.616
307.614
307.8
307.605
307.661
307.679
307.54
307.737
307.493
307.336
307.485
307.487
307.408
307.56
307.42
307.152
307.119
307.146
306.97
307.219
307.07
307.051
307.368
307.548
307.522
307.576
307.433
307.458
307.485
307.25
307.256
307.243
307.406
307.317
307.168
307.339
306.848
307.016
306.867
306.843
306.948
306.766
306.917
306.848
307.016
306.867
306.843
306.766
306.948
306.917
306.758
306.496
306.74
306.74
306.66
306.66
306.83
308.154
308.279
308.325
308.318
308.258
308.219
308.214
307.972
307.918
307.778
307.952
307.856
307.891
308.032
308.08
308.099
308.243
308.058
308.183
307.998
308.14
308.154
308.279
308.325
308.318
308.258
308.219
308.214
307.972
307.918
307.778
307.952
307.891
307.856
308.032
308.08
308.099
308.243
308.058
308.183
307.998
308.14
307.707
307.66
307.691
307.863
307.598
307.802
307.768
307.707
307.66
307.691
307.863
307.802
307.598
307.768
307.811
308.007
307.968
307.968
307.908
307.908
307.871
307.558
307.684
307.53
307.549
307.473
307.616
307.626
307.615
307.8
307.661
307.605
307.737
307.541
307.679
307.493
307.337
307.485
307.487
307.408
307.42
307.56
307.152
307.119
306.97
307.146
307.052
307.07
307.219
307.369
307.548
307.576
307.522
307.485
307.458
307.433
307.25
307.257
307.244
307.407
307.169
307.339
307.318
307.711
307.734
307.7
307.58
307.623
307.778
307.667
307.875
308.066
307.971
308.035
307.94
307.906
308.003
307.748
307.691
307.737
307.846
307.66
307.816
307.778
307.95
308.143
307.996
308.061
308.015
307.931
308.08
307.833
307.907
307.822
307.751
307.901
307.745
307.839
307.821
307.715
307.871
307.81
307.889
307.803
307.733
308.324
308.335
308.382
308.492
308.433
308.275
308.384
308.251
308.191
308.162
308.345
308.129
308.284
308.312
308.366
308.511
308.535
308.461
308.475
308.401
308.426
308.842
308.976
308.894
308.879
308.82
308.916
308.901
308.772
308.838
308.684
308.737
308.677
308.779
308.831
308.757
308.642
308.795
308.723
308.736
308.663
308.817
308.331
308.269
308.188
308.372
308.208
308.311
308.392
308.462
308.529
308.58
308.633
308.573
308.468
308.522
308.448
308.538
308.488
308.619
308.428
308.559
308.508
307.71
307.734
307.58
307.7
307.623
307.667
307.778
307.875
308.066
308.035
307.971
307.906
308.003
307.94
307.748
307.691
307.737
307.846
307.66
307.778
307.816
307.833
307.907
307.751
307.822
307.839
307.745
307.901
307.95
308.143
308.061
307.996
307.931
308.08
308.015
307.821
307.715
307.81
307.871
307.733
307.803
307.889
308.842
308.976
308.894
308.879
308.82
308.916
308.901
308.772
308.838
308.684
308.737
308.779
308.677
308.831
308.757
308.642
308.795
308.723
308.736
308.663
308.817
308.324
308.335
308.382
308.492
308.433
308.275
308.384
308.251
308.191
308.162
308.345
308.129
308.284
308.312
308.366
308.511
308.535
308.461
308.475
308.401
308.426
308.462
308.529
308.58
308.633
308.468
308.573
308.522
308.331
308.269
308.188
308.372
308.208
308.311
308.392
308.448
308.538
308.619
308.488
308.559
308.428
308.508
309.038
309.041
309.075
308.959
309.015
309.098
308.982
309.102
309.169
309.201
309.15
309.162
309.142
309.11
309.087
309.103
309.123
309.186
309.064
309.146
309.126
309.038
309.041
309.075
308.959
309.015
309.098
308.982
309.102
309.169
309.201
309.15
309.162
309.142
309.11
309.087
309.103
309.123
309.186
309.064
309.146
309.126
309.197
309.264
309.233
309.181
309.256
309.173
309.205
309.197
309.264
309.233
309.181
309.256
309.173
309.205
309.181
309.134
309.217
309.217
309.241
309.158
309.158
309.038
309.041
308.959
309.075
309.015
308.982
309.098
309.102
309.169
309.15
309.201
309.11
309.142
309.162
309.087
309.103
309.123
309.186
309.064
309.126
309.146
309.038
309.041
308.959
309.075
309.015
308.982
309.098
309.102
309.169
309.15
309.201
309.142
309.11
309.162
309.087
309.103
309.123
309.186
309.064
309.126
309.146
309.197
309.264
309.181
309.233
309.205
309.173
309.256
309.197
309.264
309.181
309.233
309.173
309.205
309.256
309.181
309.134
309.217
309.217
309.158
309.158
309.241
309.038
309.041
308.959
309.075
309.015
308.982
309.098
309.102
309.169
309.15
309.201
309.11
309.142
309.162
309.087
309.103
309.123
309.186
309.064
309.126
309.146
309.038
309.041
308.959
309.075
309.015
308.982
309.098
309.102
309.169
309.15
309.201
309.142
309.11
309.162
309.087
309.103
309.123
309.186
309.064
309.126
309.146
309.197
309.264
309.181
309.233
309.205
309.173
309.256
309.197
309.264
309.181
309.233
309.173
309.205
309.256
309.181
309.134
309.217
309.217
309.158
309.158
309.241
309.038
309.041
308.959
309.075
309.015
308.982
309.098
309.102
309.169
309.15
309.201
309.11
309.142
309.162
309.087
309.103
309.123
309.186
309.064
309.126
309.146
309.038
309.041
308.959
309.075
309.015
308.982
309.098
309.102
309.169
309.15
309.201
309.11
309.142
309.162
309.087
309.103
309.123
309.186
309.064
309.126
309.146
309.197
309.264
309.181
309.233
309.205
309.173
309.256
309.197
309.264
309.181
309.233
309.205
309.173
309.256
309.181
309.134
309.217
309.217
309.158
309.158
309.241
308.324
308.335
308.492
308.382
308.433
308.384
308.275
308.251
308.191
308.345
308.162
308.312
308.284
308.129
308.366
308.511
308.535
308.461
308.475
308.426
308.401
308.842
308.976
308.879
308.894
308.82
308.901
308.916
308.772
308.838
308.737
308.684
308.831
308.677
308.779
308.757
308.642
308.795
308.723
308.736
308.817
308.663
308.331
308.269
308.372
308.188
308.392
308.311
308.208
308.462
308.529
308.633
308.58
308.522
308.573
308.468
308.448
308.538
308.488
308.619
308.508
308.428
308.559
307.711
307.734
307.58
307.7
307.624
307.667
307.778
307.875
308.066
308.035
307.971
308.003
307.906
307.94
307.748
307.691
307.737
307.846
307.66
307.778
307.816
307.95
308.143
308.061
307.996
308.08
307.931
308.015
307.833
307.907
307.751
307.822
307.745
307.839
307.901
307.821
307.715
307.871
307.81
307.803
307.733
307.889
308.842
308.976
308.894
308.879
308.82
308.916
308.901
308.772
308.838
308.684
308.737
308.779
308.677
308.831
308.757
308.642
308.795
308.723
308.736
308.663
308.817
308.324
308.335
308.382
308.492
308.433
308.275
308.384
308.251
308.191
308.162
308.345
308.284
308.129
308.312
308.366
308.511
308.535
308.461
308.475
308.401
308.426
308.462
308.529
308.58
308.633
308.468
308.573
308.522
308.331
308.269
308.188
308.372
308.311
308.208
308.392
308.448
308.538
308.619
308.488
308.559
308.428
308.508
307.71
307.734
307.58
307.7
307.623
307.667
307.778
307.875
308.066
308.035
307.971
308.003
307.906
307.94
307.748
307.691
307.737
307.846
307.66
307.778
307.816
307.833
307.907
307.751
307.822
307.839
307.745
307.901
307.95
308.143
308.061
307.996
308.08
307.931
308.015
307.821
307.715
307.81
307.871
307.733
307.803
307.889
307.558
307.683
307.549
307.53
307.473
307.625
307.616
307.615
307.8
307.605
307.661
307.679
307.54
307.737
307.493
307.336
307.485
307.487
307.408
307.56
307.42
307.369
307.548
307.522
307.576
307.433
307.458
307.485
307.152
307.119
307.146
306.97
307.219
307.07
307.052
307.25
307.257
307.406
307.243
307.317
307.339
307.168
308.154
308.279
308.325
308.318
308.258
308.219
308.214
307.972
307.918
307.778
307.952
307.856
307.891
308.032
308.08
308.099
308.243
308.058
308.183
307.998
308.14
308.154
308.279
308.325
308.318
308.258
308.219
308.214
307.972
307.918
307.778
307.952
307.891
307.856
308.032
308.08
308.099
308.243
308.058
308.183
307.998
308.14
307.707
307.66
307.691
307.863
307.598
307.802
307.768
307.707
307.66
307.691
307.863
307.802
307.598
307.768
307.811
308.007
307.968
307.968
307.908
307.908
307.871
306.848
307.016
306.867
306.843
306.948
306.766
306.917
306.848
307.016
306.867
306.843
306.766
306.948
306.917
306.758
306.496
306.74
306.74
306.66
306.66
306.83
307.558
307.683
307.53
307.549
307.473
307.616
307.625
307.615
307.8
307.661
307.605
307.737
307.54
307.679
307.493
307.336
307.485
307.487
307.408
307.42
307.56
307.369
307.548
307.576
307.522
307.485
307.458
307.433
307.152
307.119
306.97
307.146
307.052
307.07
307.219
307.25
307.257
307.406
307.243
307.339
307.168
307.317
308.842
308.976
308.879
308.894
308.82
308.901
308.916
308.772
308.838
308.737
308.684
308.831
308.677
308.779
308.757
308.642
308.795
308.723
308.736
308.817
308.663
308.324
308.335
308.492
308.382
308.433
308.384
308.275
308.251
308.191
308.345
308.162
308.312
308.284
308.129
308.366
308.511
308.535
308.461
308.475
308.426
308.401
308.462
308.529
308.633
308.58
308.522
308.573
308.468
308.331
308.269
308.372
308.188
308.392
308.311
308.208
308.448
308.538
308.619
308.488
308.508
308.559
308.428
308.842
308.976
308.894
308.879
308.82
308.916
308.901
308.772
308.838
308.684
308.737
308.779
308.677
308.831
308.757
308.642
308.795
308.723
308.736
308.663
308.817
308.324
308.335
308.382
308.492
308.432
308.275
308.384
308.251
308.191
308.162
308.345
308.284
308.129
308.312
308.366
308.511
308.535
308.461
308.475
308.401
308.426
308.462
308.529
308.58
308.633
308.468
308.573
308.522
308.331
308.269
308.188
308.372
308.311
308.208
308.392
308.448
308.538
308.619
308.488
308.559
308.428
308.508
307.71
307.734
307.58
307.7
307.623
307.667
307.778
307.875
308.066
308.035
307.971
308.003
307.906
307.94
307.748
307.691
307.737
307.846
307.66
307.778
307.816
307.95
308.143
308.061
307.996
308.08
307.931
308.015
307.833
307.907
307.751
307.822
307.745
307.839
307.901
307.821
307.715
307.871
307.81
307.803
307.733
307.889
307.71
307.734
307.58
307.7
307.623
307.667
307.778
307.875
308.066
308.035
307.971
308.003
307.906
307.94
307.748
307.691
307.737
307.846
307.66
307.778
307.815
307.95
308.143
308.061
307.996
308.08
307.931
308.015
307.833
307.907
307.751
307.822
307.839
307.745
307.901
307.821
307.715
307.871
307.81
307.803
307.733
307.889
308.154
308.279
308.318
308.325
308.258
308.214
308.219
307.972
307.918
307.952
307.778
308.032
307.891
307.856
308.08
308.099
308.243
308.058
308.183
308.14
307.998
308.154
308.279
308.318
308.325
308.258
308.214
308.219
307.972
307.918
307.952
307.778
308.032
307.891
307.856
308.08
308.099
308.243
308.058
308.183
308.14
307.998
307.707
307.66
307.863
307.691
307.768
307.802
307.598
307.707
307.66
307.863
307.691
307.768
307.802
307.598
307.811
308.007
307.968
307.968
307.871
307.908
307.908
307.558
307.684
307.53
307.549
307.473
307.616
307.626
307.615
307.8
307.661
307.605
307.737
307.541
307.679
307.493
307.337
307.485
307.487
307.408
307.42
307.56
307.369
307.548
307.576
307.522
307.485
307.458
307.433
307.152
307.119
306.97
307.146
307.07
307.052
307.219
307.25
307.257
307.407
307.244
307.339
307.169
307.318
307.558
307.683
307.53
307.549
307.473
307.616
307.625
307.614
307.8
307.661
307.605
307.737
307.54
307.679
307.493
307.336
307.485
307.487
307.408
307.42
307.56
307.368
307.548
307.576
307.522
307.485
307.458
307.433
307.152
307.119
306.97
307.146
307.07
307.051
307.219
307.25
307.256
307.406
307.243
307.339
307.168
307.317
306.848
307.016
306.867
306.843
306.948
306.766
306.917
306.848
307.016
306.867
306.843
306.948
306.766
306.917
306.758
306.496
306.74
306.74
306.66
306.66
306.83
307.435
307.343
307.431
307.431
307.392
307.392
307.471
307.395
307.298
307.306
307.306
307.353
307.352
307.352
307.534
307.453
307.465
307.465
307.504
307.496
307.496
307.56
307.482
307.547
307.547
307.583
307.523
307.523
307.206
307.09
307.09
307.077
307.15
307.15
307.15
307.258
307.139
307.258
307.258
307.205
307.205
307.307
307.031
307.027
306.862
307.027
307.092
306.96
306.96
306.966
306.781
306.815
306.815
306.899
306.891
306.891
307.435
307.343
307.431
307.431
307.392
307.392
307.471
307.395
307.298
307.306
307.306
307.353
307.352
307.352
307.534
307.465
307.465
307.453
307.504
307.496
307.496
307.56
307.482
307.547
307.547
307.523
307.523
307.583
307.206
307.09
307.09
307.077
307.15
307.15
307.15
307.258
307.139
307.258
307.258
307.205
307.205
307.307
307.031
307.027
306.862
307.027
307.092
306.96
306.96
306.966
306.781
306.815
306.815
306.899
306.891
306.891
307.435
307.343
307.431
307.431
307.392
307.392
307.471
307.395
307.298
307.306
307.306
307.353
307.352
307.352
307.534
307.465
307.465
307.453
307.504
307.496
307.496
307.56
307.482
307.547
307.547
307.523
307.523
307.583
307.206
307.09
307.09
307.077
307.15
307.15
307.15
307.258
307.139
307.258
307.258
307.205
307.205
307.307
307.031
306.862
307.027
307.027
307.092
306.96
306.96
306.966
306.781
306.815
306.815
306.899
306.891
306.891
307.435
307.343
307.431
307.431
307.392
307.392
307.471
307.395
307.298
307.306
307.306
307.353
307.352
307.352
307.534
307.465
307.465
307.453
307.504
307.496
307.496
307.56
307.482
307.547
307.547
307.523
307.523
307.583
308.081
308.035
308.155
308.125
308.078
308.039
308.16
307.984
307.947
307.895
307.856
307.898
307.978
307.95
308.315
308.275
308.243
308.204
308.247
308.309
308.278
308.386
308.339
308.436
308.403
308.441
308.382
308.343
308.081
308.035
308.155
308.126
308.078
308.04
308.161
307.985
307.948
307.895
307.857
307.898
307.979
307.95
308.315
308.275
308.243
308.205
308.247
308.31
308.278
308.386
308.339
308.436
308.403
308.441
308.382
308.344
308.654
308.609
308.632
308.593
308.649
308.612
308.636
308.667
308.621
308.668
308.631
308.673
308.662
308.625
308.58
308.533
308.604
308.569
308.609
308.575
308.537
308.539
308.496
308.493
308.454
308.497
308.533
308.499
307.654
307.611
307.611
307.579
307.649
307.614
307.614
307.721
307.675
307.789
307.761
307.795
307.717
307.678
307.721
307.675
307.789
307.761
307.717
307.679
307.795
307.632
307.605
307.559
307.605
307.642
307.596
307.596
307.619
307.545
307.567
307.567
307.603
307.583
307.583
308.081
308.035
308.155
308.126
308.078
308.04
308.161
307.985
307.948
307.895
307.857
307.898
307.979
307.95
308.315
308.243
308.205
308.275
308.247
308.31
308.278
308.386
308.339
308.436
308.403
308.382
308.344
308.441
308.654
308.609
308.632
308.593
308.649
308.612
308.636
308.667
308.621
308.668
308.631
308.673
308.662
308.625
308.58
308.533
308.604
308.569
308.609
308.575
308.537
308.539
308.496
308.493
308.454
308.497
308.534
308.499
308.654
308.632
308.609
308.593
308.649
308.636
308.612
308.667
308.621
308.668
308.631
308.662
308.625
308.673
308.58
308.604
308.533
308.569
308.609
308.575
308.537
308.539
308.496
308.493
308.454
308.497
308.534
308.499
308.654
308.609
308.632
308.593
308.649
308.612
308.636
308.667
308.621
308.668
308.631
308.673
308.662
308.625
308.58
308.604
308.569
308.533
308.609
308.575
308.537
308.539
308.496
308.493
308.454
308.534
308.499
308.497
307.654
307.611
307.611
307.579
307.649
307.614
307.614
307.721
307.675
307.789
307.761
307.795
307.717
307.678
307.721
307.675
307.789
307.761
307.717
307.679
307.795
307.632
307.605
307.559
307.605
307.642
307.596
307.596
307.619
307.545
307.567
307.567
307.603
307.583
307.583
308.081
308.155
308.035
308.125
308.078
308.161
308.04
307.984
307.947
307.895
307.856
307.898
307.979
307.95
308.315
308.243
308.204
308.275
308.247
308.31
308.278
308.386
308.339
308.436
308.403
308.382
308.344
308.441
308.654
308.632
308.609
308.593
308.649
308.636
308.612
308.667
308.621
308.668
308.631
308.662
308.625
308.673
308.58
308.604
308.533
308.569
308.609
308.575
308.537
308.539
308.496
308.493
308.454
308.497
308.534
308.499
308.654
308.632
308.609
308.593
308.649
308.636
308.612
308.667
308.621
308.668
308.631
308.673
308.662
308.625
308.58
308.604
308.569
308.533
308.609
308.575
308.537
308.539
308.496
308.493
308.454
308.533
308.499
308.497
308.081
308.155
308.035
308.126
308.078
308.161
308.04
307.985
307.948
307.895
307.856
307.979
307.95
307.898
308.315
308.243
308.275
308.205
308.247
308.31
308.278
308.386
308.339
308.436
308.403
308.441
308.382
308.344
308.081
308.155
308.035
308.125
308.078
308.16
308.039
307.984
307.947
307.895
307.856
307.978
307.95
307.898
308.315
308.243
308.275
308.204
308.247
308.309
308.278
308.386
308.339
308.436
308.403
308.441
308.382
308.343
307.654
307.611
307.611
307.579
307.649
307.614
307.614
307.721
307.675
307.789
307.761
307.795
307.717
307.679
307.721
307.675
307.789
307.761
307.795
307.717
307.678
307.632
307.559
307.605
307.605
307.642
307.596
307.596
307.619
307.545
307.567
307.567
307.603
307.583
307.583
309.737
309.485
309.712
309.712
309.609
309.609
309.839
309.737
309.485
309.712
309.712
309.609
309.609
309.839
309.737
309.485
309.712
309.712
309.609
309.609
309.839
309.737
309.485
309.712
309.712
309.609
309.609
309.839
)
;

boundaryField
{
    chip
    {
        type            zeroGradient;
    }
    chip_to_dbc_cu_top
    {
        type            compressible::turbulentTemperatureRadCoupledMixed;
        refValue        nonuniform List<scalar> 
1600
(
306.216
306.358
306.286
306.286
306.397
306.418
306.345
306.47
306.397
306.418
306.345
306.47
306.216
306.358
306.286
306.286
306.397
306.418
306.345
306.47
306.397
306.418
306.47
306.345
306.586
306.478
306.532
306.532
306.586
306.478
306.532
306.532
306.586
306.478
306.532
306.532
306.586
306.478
306.532
306.532
306.397
306.418
306.345
306.47
306.397
306.418
306.47
306.345
306.216
306.358
306.286
306.286
306.397
306.418
306.47
306.345
306.397
306.418
306.47
306.345
306.216
306.358
306.286
306.286
304.351
304.688
304.514
304.514
305.175
305.437
305.378
305.231
304.751
304.815
304.636
304.936
305.175
305.437
305.378
305.231
304.751
304.815
304.636
304.936
305.683
305.596
305.536
305.746
305.683
305.596
305.536
305.746
305.21
304.952
305.078
305.078
305.319
305.485
305.278
305.529
305.436
305.656
305.442
305.65
305.319
305.485
305.529
305.278
305.436
305.656
305.442
305.65
305.845
305.648
305.798
305.692
306.541
306.624
306.548
306.617
305.973
305.824
305.817
305.98
305.845
305.648
305.692
305.798
306.541
306.624
306.548
306.617
305.973
305.824
305.817
305.98
305.175
305.437
305.231
305.378
304.751
304.815
304.636
304.936
304.351
304.688
304.514
304.514
305.683
305.596
305.746
305.536
305.683
305.596
305.536
305.746
305.21
304.952
305.078
305.078
305.175
305.437
305.378
305.231
304.751
304.815
304.636
304.936
305.319
305.485
305.278
305.529
305.436
305.656
305.65
305.442
305.845
305.648
305.799
305.692
306.541
306.624
306.548
306.617
305.974
305.824
305.817
305.98
305.319
305.485
305.529
305.278
305.436
305.656
305.442
305.65
306.541
306.624
306.548
306.617
305.845
305.648
305.692
305.798
305.974
305.824
305.98
305.817
306.736
306.688
306.68
306.743
306.736
306.688
306.68
306.743
306.891
306.907
306.899
306.899
306.736
306.688
306.68
306.743
306.736
306.688
306.743
306.68
306.891
306.907
306.899
306.899
306.736
306.688
306.68
306.743
306.736
306.688
306.743
306.68
306.891
306.907
306.899
306.899
306.736
306.688
306.743
306.68
306.736
306.688
306.743
306.68
306.891
306.907
306.899
306.899
305.845
305.648
305.799
305.692
306.541
306.624
306.617
306.548
305.974
305.824
305.817
305.98
305.319
305.485
305.278
305.529
305.436
305.656
305.65
305.442
306.541
306.624
306.617
306.548
305.845
305.648
305.692
305.799
305.974
305.824
305.98
305.817
305.319
305.485
305.529
305.278
305.436
305.656
305.442
305.65
305.175
305.437
305.231
305.378
304.751
304.815
304.936
304.636
305.683
305.596
305.746
305.536
305.683
305.596
305.536
305.746
305.21
304.952
305.078
305.078
304.351
304.688
304.514
304.514
305.175
305.437
305.378
305.231
304.751
304.815
304.936
304.636
306.541
306.624
306.617
306.548
305.845
305.648
305.798
305.692
305.973
305.824
305.98
305.817
306.541
306.624
306.617
306.548
305.845
305.648
305.692
305.798
305.973
305.824
305.98
305.817
305.319
305.485
305.278
305.529
305.436
305.656
305.65
305.442
305.319
305.485
305.529
305.278
305.436
305.656
305.65
305.442
305.683
305.596
305.746
305.536
305.683
305.596
305.746
305.536
305.21
304.952
305.078
305.078
305.175
305.437
305.231
305.378
304.751
304.815
304.936
304.636
305.175
305.437
305.231
305.378
304.751
304.815
304.936
304.636
304.351
304.688
304.514
304.514
306.053
305.872
305.961
305.961
306.133
306.108
306.203
306.04
306.133
306.108
306.203
306.04
306.355
306.292
306.257
306.39
306.311
306.165
306.26
306.215
306.441
306.552
306.515
306.477
306.355
306.292
306.257
306.39
306.311
306.165
306.26
306.215
306.441
306.552
306.515
306.477
306.053
305.872
305.961
305.961
306.133
306.108
306.203
306.04
306.133
306.108
306.203
306.04
306.355
306.292
306.257
306.39
306.311
306.165
306.26
306.215
306.441
306.552
306.515
306.477
306.355
306.292
306.39
306.257
306.441
306.552
306.515
306.477
306.311
306.165
306.26
306.215
306.678
306.755
306.716
306.716
306.632
306.615
306.577
306.669
306.632
306.615
306.577
306.669
306.678
306.755
306.716
306.716
306.632
306.615
306.577
306.669
306.632
306.615
306.577
306.669
306.678
306.755
306.716
306.716
306.632
306.615
306.577
306.669
306.632
306.615
306.577
306.669
306.678
306.755
306.716
306.716
306.632
306.615
306.577
306.669
306.632
306.615
306.577
306.669
306.355
306.292
306.257
306.39
306.311
306.165
306.26
306.215
306.441
306.552
306.515
306.477
306.355
306.292
306.39
306.257
306.441
306.552
306.515
306.477
306.311
306.165
306.26
306.215
306.053
305.872
305.961
305.961
306.133
306.108
306.203
306.04
306.133
306.108
306.203
306.04
306.355
306.292
306.39
306.257
306.441
306.552
306.515
306.477
306.311
306.165
306.26
306.215
306.355
306.292
306.39
306.257
306.441
306.552
306.515
306.477
306.311
306.165
306.26
306.215
306.053
305.872
305.961
305.961
306.133
306.108
306.203
306.04
306.133
306.108
306.203
306.04
303.968
303.5
303.693
303.693
304.145
304.003
303.876
304.3
304.145
304.003
303.876
304.3
304.866
304.479
304.539
304.795
304.927
304.65
304.604
304.982
305.108
305.232
305.035
305.309
304.626
304.397
304.321
304.717
304.528
304.125
304.416
304.218
304.859
305.148
304.953
305.049
304.866
304.479
304.539
304.795
304.927
304.65
304.604
304.982
305.108
305.232
305.035
305.309
304.626
304.397
304.321
304.717
304.528
304.125
304.416
304.218
304.86
305.148
304.953
305.049
305.742
305.772
305.859
305.657
305.818
306.004
305.937
305.883
305.61
305.385
305.465
305.527
305.742
305.772
305.859
305.658
305.818
306.004
305.937
305.883
305.61
305.385
305.465
305.527
305.455
305.676
305.563
305.563
305.329
305.296
305.194
305.435
305.329
305.296
305.194
305.435
305.101
304.791
304.767
305.13
305.068
304.698
304.732
305.027
305.355
305.596
305.385
305.566
305.168
304.815
304.829
305.151
305.179
304.845
304.84
305.185
305.425
305.62
305.408
305.638
305.101
304.791
304.767
305.13
305.068
304.698
304.732
305.027
305.355
305.596
305.385
305.566
305.168
304.815
304.829
305.151
305.179
304.845
305.185
304.84
305.425
305.62
305.408
305.638
306.025
306.184
306.149
306.058
305.984
306.059
306.108
305.937
305.884
305.762
305.731
305.916
306.439
306.32
306.418
306.34
306.527
306.581
306.506
306.602
306.453
306.361
306.354
306.46
306.104
306.21
306.084
306.23
305.961
305.787
305.805
305.942
306.117
306.25
306.243
306.123
306.025
306.184
306.149
306.058
305.984
306.059
306.108
305.937
305.884
305.762
305.731
305.916
306.439
306.32
306.418
306.34
306.527
306.581
306.506
306.602
306.453
306.361
306.46
306.354
306.104
306.21
306.084
306.23
305.961
305.787
305.805
305.942
306.117
306.25
306.123
306.243
304.866
304.479
304.539
304.795
304.927
304.65
304.604
304.982
305.108
305.232
305.035
305.309
304.626
304.397
304.321
304.717
304.528
304.125
304.218
304.416
304.859
305.148
304.953
305.049
303.968
303.5
303.693
303.693
304.145
304.003
304.3
303.876
304.145
304.003
303.876
304.3
305.742
305.772
305.859
305.657
305.818
306.004
305.937
305.883
305.61
305.385
305.465
305.527
305.742
305.772
305.859
305.658
305.818
306.004
305.937
305.883
305.61
305.385
305.527
305.465
305.455
305.676
305.563
305.563
305.329
305.296
305.194
305.435
305.329
305.296
305.435
305.194
304.866
304.479
304.539
304.795
304.927
304.65
304.604
304.982
305.108
305.232
305.309
305.035
304.626
304.397
304.321
304.717
304.528
304.125
304.416
304.218
304.86
305.148
305.049
304.953
305.101
304.792
304.767
305.13
305.068
304.698
304.732
305.027
305.356
305.596
305.385
305.566
305.168
304.815
305.151
304.829
305.425
305.62
305.408
305.638
305.179
304.845
304.84
305.185
306.025
306.184
306.149
306.058
305.984
306.059
306.108
305.937
305.884
305.762
305.731
305.916
306.439
306.32
306.418
306.34
306.527
306.581
306.506
306.602
306.453
306.361
306.354
306.46
306.104
306.21
306.084
306.23
305.961
305.787
305.805
305.942
306.117
306.25
306.243
306.123
305.101
304.791
304.767
305.13
305.068
304.698
304.732
305.027
305.356
305.596
305.385
305.566
305.168
304.815
304.829
305.151
305.179
304.845
305.185
304.84
305.425
305.62
305.408
305.638
306.439
306.32
306.418
306.34
306.527
306.581
306.506
306.602
306.453
306.361
306.46
306.354
306.025
306.184
306.149
306.058
305.984
306.059
306.108
305.937
305.884
305.762
305.731
305.916
306.104
306.21
306.23
306.084
306.117
306.25
306.123
306.243
305.961
305.787
305.805
305.942
306.769
306.785
306.746
306.807
306.721
306.644
306.699
306.666
306.784
306.83
306.823
306.791
306.769
306.785
306.746
306.807
306.721
306.644
306.699
306.666
306.784
306.83
306.823
306.791
306.861
306.815
306.838
306.838
306.876
306.861
306.853
306.884
306.876
306.861
306.853
306.884
306.769
306.785
306.746
306.807
306.721
306.644
306.699
306.666
306.784
306.83
306.791
306.823
306.769
306.785
306.746
306.807
306.721
306.644
306.699
306.666
306.784
306.83
306.823
306.791
306.861
306.815
306.838
306.838
306.876
306.861
306.884
306.853
306.876
306.861
306.853
306.884
306.769
306.785
306.746
306.807
306.721
306.644
306.699
306.666
306.784
306.83
306.791
306.823
306.769
306.785
306.746
306.807
306.721
306.644
306.699
306.666
306.784
306.83
306.823
306.791
306.861
306.815
306.838
306.838
306.876
306.861
306.884
306.853
306.876
306.861
306.853
306.884
306.769
306.785
306.746
306.807
306.721
306.644
306.699
306.666
306.784
306.83
306.791
306.823
306.769
306.785
306.746
306.807
306.721
306.644
306.699
306.666
306.784
306.83
306.791
306.823
306.861
306.815
306.838
306.838
306.876
306.861
306.884
306.853
306.876
306.861
306.884
306.853
306.025
306.184
306.149
306.058
305.984
306.059
306.108
305.937
305.884
305.762
305.916
305.731
306.439
306.32
306.418
306.34
306.527
306.581
306.506
306.602
306.453
306.361
306.354
306.46
306.104
306.21
306.084
306.23
305.961
305.787
305.942
305.805
306.117
306.25
306.243
306.123
305.101
304.792
304.767
305.13
305.068
304.698
304.732
305.027
305.356
305.596
305.566
305.385
305.168
304.815
305.151
304.829
305.425
305.62
305.638
305.408
305.179
304.845
304.84
305.185
306.439
306.32
306.418
306.34
306.527
306.581
306.506
306.602
306.453
306.361
306.46
306.354
306.025
306.184
306.149
306.058
305.984
306.059
306.108
305.937
305.884
305.762
305.916
305.731
306.104
306.21
306.23
306.084
306.117
306.25
306.123
306.243
305.961
305.787
305.942
305.805
305.101
304.792
304.767
305.13
305.068
304.698
304.732
305.027
305.356
305.596
305.566
305.385
305.168
304.815
304.829
305.151
305.179
304.845
305.185
304.84
305.425
305.62
305.638
305.408
304.866
304.479
304.539
304.795
304.927
304.65
304.604
304.982
305.108
305.232
305.035
305.309
304.626
304.397
304.717
304.321
304.859
305.148
304.953
305.049
304.528
304.125
304.218
304.416
305.742
305.772
305.859
305.657
305.818
306.004
305.937
305.883
305.61
305.385
305.465
305.527
305.742
305.772
305.859
305.657
305.818
306.004
305.937
305.883
305.61
305.385
305.527
305.465
305.455
305.676
305.563
305.563
305.329
305.296
305.194
305.435
305.329
305.296
305.435
305.194
303.968
303.5
303.693
303.693
304.145
304.003
304.3
303.876
304.145
304.003
303.876
304.3
304.866
304.479
304.539
304.795
304.927
304.65
304.604
304.982
305.108
305.232
305.309
305.035
304.626
304.397
304.717
304.321
304.859
305.148
305.049
304.953
304.528
304.125
304.416
304.218
306.439
306.32
306.418
306.34
306.527
306.581
306.506
306.602
306.453
306.361
306.354
306.46
306.025
306.184
306.149
306.058
305.984
306.059
306.108
305.937
305.884
305.762
305.916
305.731
306.104
306.21
306.23
306.084
306.117
306.25
306.243
306.123
305.961
305.787
305.942
305.805
306.439
306.32
306.418
306.34
306.527
306.581
306.506
306.602
306.453
306.361
306.46
306.354
306.025
306.184
306.149
306.058
305.984
306.059
306.108
305.937
305.884
305.762
305.916
305.731
306.104
306.21
306.23
306.084
306.117
306.25
306.123
306.243
305.961
305.787
305.942
305.805
305.101
304.791
304.767
305.13
305.068
304.698
304.732
305.027
305.356
305.596
305.566
305.385
305.168
304.815
305.151
304.829
305.425
305.62
305.638
305.408
305.179
304.845
304.84
305.185
305.101
304.791
304.767
305.13
305.068
304.698
304.732
305.027
305.356
305.596
305.566
305.385
305.168
304.815
305.151
304.829
305.425
305.62
305.638
305.408
305.179
304.845
305.185
304.84
305.742
305.772
305.859
305.658
305.818
306.004
305.937
305.883
305.61
305.385
305.527
305.465
305.742
305.772
305.859
305.657
305.818
306.004
305.937
305.883
305.61
305.385
305.527
305.465
305.455
305.676
305.563
305.563
305.329
305.296
305.435
305.194
305.329
305.296
305.435
305.194
304.866
304.479
304.539
304.795
304.927
304.65
304.604
304.982
305.108
305.232
305.309
305.035
304.626
304.397
304.717
304.321
304.86
305.148
305.049
304.953
304.528
304.125
304.218
304.416
304.866
304.479
304.539
304.795
304.927
304.65
304.604
304.982
305.108
305.232
305.309
305.035
304.626
304.397
304.717
304.321
304.859
305.148
305.049
304.953
304.528
304.125
304.218
304.416
303.968
303.5
303.693
303.693
304.145
304.003
304.3
303.876
304.145
304.003
304.3
303.876
)
;
        refGradient     uniform 0;
        valueFraction   nonuniform List<scalar> 
1600
(
0.0134098
0.0134098
0.0134098
0.0134098
0.0134098
0.0134098
0.0134098
0.0134098
0.0134098
0.0134098
0.0134098
0.0134098
0.0134098
0.0134098
0.0134098
0.0134098
0.0134098
0.0134098
0.0134098
0.0134098
0.0134098
0.0134098
0.0134098
0.0134098
0.0134098
0.0134098
0.0134098
0.0134098
0.0134098
0.0134098
0.0134098
0.0134098
0.0134098
0.0134098
0.0134098
0.0134098
0.0134098
0.0134098
0.0134098
0.0134098
0.0134098
0.0134098
0.0134098
0.0134098
0.0134098
0.0134098
0.0134098
0.0134098
0.0134098
0.0134098
0.0134098
0.0134098
0.0134098
0.0134098
0.0134098
0.0134098
0.0134098
0.0134098
0.0134098
0.0134098
0.0134098
0.0134098
0.0134098
0.0134098
0.0134098
0.0134098
0.0134098
0.0134098
0.0134098
0.0134098
0.0134098
0.0134098
0.0134098
0.0134098
0.0134098
0.0134098
0.0134098
0.0134098
0.0134098
0.0134098
0.0134098
0.0134098
0.0134098
0.0134098
0.0134098
0.0134098
0.0134098
0.0134098
0.0134098
0.0134098
0.0134098
0.0134098
0.0134098
0.0134098
0.0134098
0.0134098
0.0134098
0.0134098
0.0134098
0.0134098
0.0134098
0.0134098
0.0134098
0.0134098
0.0134098
0.0134098
0.0134098
0.0134098
0.0134098
0.0134098
0.0134098
0.0134098
0.0134098
0.0134098
0.0134098
0.0134098
0.0134098
0.0134098
0.0134098
0.0134098
0.0134098
0.0134098
0.0134098
0.0134098
0.0134098
0.0134098
0.0134098
0.0134098
0.0134098
0.0134098
0.0134098
0.0134098
0.0134098
0.0134098
0.0134098
0.0134098
0.0134098
0.0134098
0.0134098
0.0134098
0.0134098
0.0134098
0.0134098
0.0134098
0.0134098
0.0134098
0.0134098
0.0134098
0.0134098
0.0134098
0.0134098
0.0134098
0.0134098
0.0134098
0.0134098
0.0134098
0.0134098
0.0134098
0.0134098
0.0134098
0.0134098
0.0134098
0.0134098
0.0134098
0.0134098
0.0134098
0.0134098
0.0134098
0.0134098
0.0134098
0.0134098
0.0134098
0.0134098
0.0134098
0.0134098
0.0134098
0.0134098
0.0134098
0.0134098
0.0134098
0.0134098
0.0134098
0.0134098
0.0134098
0.0134098
0.0134098
0.0134098
0.0134098
0.0134098
0.0134098
0.0134098
0.0134098
0.0134098
0.0134098
0.0134098
0.0134098
0.0134098
0.0134098
0.0134098
0.0134098
0.0134098
0.0134098
0.0134098
0.0134098
0.0134098
0.0134098
0.0134098
0.0134098
0.0134098
0.0134098
0.0134098
0.0134098
0.0134098
0.0134098
0.0134098
0.0134098
0.0134098
0.0134098
0.0134098
0.0134098
0.0134098
0.0134098
0.0134098
0.0134098
0.0134098
0.0134098
0.0134098
0.0134098
0.0134098
0.0134098
0.0134098
0.0134098
0.0134098
0.0134098
0.0134098
0.0134098
0.0134098
0.0134098
0.0134098
0.0134098
0.0134098
0.0134098
0.0134098
0.0134098
0.0134098
0.0134098
0.0134098
0.0134098
0.0134098
0.0134098
0.0134098
0.0134098
0.0134098
0.0134098
0.0134098
0.0134098
0.0134098
0.0134098
0.0134098
0.0134098
0.0134098
0.0134098
0.0134098
0.0134098
0.0134098
0.0134098
0.0134098
0.0134098
0.0134098
0.0134098
0.0134098
0.0134098
0.0134098
0.0134098
0.0134098
0.0134098
0.0134098
0.0134098
0.0134098
0.0134098
0.0134098
0.0134098
0.0134098
0.0134098
0.0134098
0.0134098
0.0134098
0.0134098
0.0134098
0.0134098
0.0134098
0.0134098
0.0134098
0.0134098
0.0134098
0.0134098
0.0134098
0.0134098
0.0134098
0.0134098
0.0134098
0.0134098
0.0134098
0.0134098
0.0134098
0.0134098
0.0134098
0.0134098
0.0134098
0.0134098
0.0134098
0.0134098
0.0134098
0.0134098
0.0134098
0.0134098
0.0134098
0.0134098
0.0134098
0.0134098
0.0134098
0.0134098
0.0134098
0.0134098
0.0134098
0.0134098
0.0134098
0.0134098
0.0134098
0.0134098
0.0134098
0.0134098
0.0134098
0.0134098
0.0134098
0.0134098
0.0134098
0.0134098
0.0134098
0.0134098
0.0134098
0.0134098
0.0134098
0.0134098
0.0134098
0.0134098
0.0134098
0.0134098
0.0134098
0.0134098
0.0134098
0.0134098
0.0134098
0.0134098
0.0134098
0.0134098
0.0134098
0.0134098
0.0134098
0.0134098
0.0134098
0.0134098
0.0134098
0.0134098
0.0134098
0.0134098
0.0134098
0.0134098
0.0134098
0.0134098
0.0134098
0.0134098
0.0134098
0.0134098
0.0134098
0.0134098
0.0134098
0.0134098
0.0134098
0.0134098
0.0134098
0.0134098
0.0134098
0.0134098
0.0134098
0.0134098
0.0134098
0.0134098
0.0134098
0.0134098
0.0134098
0.0134098
0.0134098
0.0134098
0.0134098
0.0134098
0.0134098
0.0134098
0.0134098
0.0134098
0.0134098
0.0134098
0.0134098
0.0134098
0.0134098
0.0134098
0.0134098
0.0134098
0.0134098
0.0134098
0.0134098
0.0134098
0.0134098
0.0134098
0.0134098
0.0134098
0.0134098
0.0134098
0.0134098
0.0134098
0.0134098
0.0134098
0.0134098
0.0134098
0.0134098
0.0134098
0.0134098
0.0134098
0.0134098
0.0134098
0.0134098
0.0134098
0.0134098
0.0134098
0.0134098
0.0134098
0.0134098
0.0134098
0.0134098
0.0134098
0.0134098
0.0134098
0.0134098
0.0134098
0.0134098
0.0134098
0.0134098
0.0134098
0.0134098
0.0134098
0.0134098
0.0134098
0.0134098
0.0134098
0.0134098
0.0134098
0.0134098
0.0134098
0.0134098
0.0134098
0.0134098
0.0134098
0.0134098
0.0134098
0.0134098
0.0134098
0.0134098
0.0134098
0.0134098
0.0134098
0.0134098
0.0134098
0.0134098
0.0134098
0.0134098
0.0134098
0.0134098
0.0134098
0.0134098
0.0134098
0.0134098
0.0134098
0.0134098
0.0134098
0.0134098
0.0134098
0.0134098
0.0134098
0.0134098
0.0134098
0.0134098
0.0134098
0.0134098
0.0134098
0.0134098
0.0134098
0.0134098
0.0134098
0.0134098
0.0134098
0.0134098
0.0134098
0.0134098
0.0134098
0.0134098
0.0134098
0.0134098
0.0134098
0.0134098
0.0134098
0.0134098
0.0134098
0.0134098
0.0134098
0.0134098
0.0134098
0.0134098
0.0134098
0.0134098
0.0134098
0.0134098
0.0134098
0.0134098
0.0134098
0.0134098
0.0134098
0.0134098
0.0134098
0.0134098
0.0134098
0.0134098
0.0134098
0.0134098
0.0134098
0.0134098
0.0134098
0.0134098
0.0134098
0.0134098
0.0134098
0.0134098
0.0134098
0.0134098
0.0134098
0.0134098
0.0134098
0.0134098
0.0134098
0.0134098
0.0134098
0.0134098
0.0134098
0.0134098
0.0134098
0.0134098
0.0134098
0.0134098
0.0134098
0.0134098
0.0134098
0.0134098
0.0134098
0.0134098
0.0134098
0.0134098
0.0134098
0.0134098
0.0134098
0.0134098
0.0134098
0.0134098
0.0134098
0.0134098
0.0134098
0.0134098
0.0134098
0.0134098
0.0134098
0.0134098
0.0134098
0.0134098
0.0134098
0.0134098
0.0134098
0.0134098
0.0134098
0.0134098
0.0134098
0.0134098
0.0134098
0.0134098
0.0134098
0.0133615
0.0119868
0.0126626
0.0126626
0.0133842
0.0126909
0.0126847
0.0133842
0.0133842
0.0126909
0.0126847
0.0133842
0.0133842
0.0126962
0.0126962
0.0133842
0.0133842
0.0126962
0.0126962
0.0133842
0.0134098
0.0134098
0.0134098
0.0134098
0.0133842
0.0126962
0.0126962
0.0133842
0.0133842
0.0126962
0.0133842
0.0126962
0.0134098
0.0134098
0.0134098
0.0134098
0.0133842
0.0126962
0.0126962
0.0133842
0.0133842
0.0126962
0.0126962
0.0133842
0.0134098
0.0134098
0.0134098
0.0134098
0.0133842
0.0126962
0.0126962
0.0133842
0.0133842
0.0126962
0.0133842
0.0126962
0.0134098
0.0134098
0.0134098
0.0134098
0.0134098
0.0134098
0.0134098
0.0134098
0.0134098
0.0134098
0.0134098
0.0134098
0.0134098
0.0134098
0.0134098
0.0134098
0.0134098
0.0134098
0.0134098
0.0134098
0.0134098
0.0134098
0.0134098
0.0134098
0.0134098
0.0134098
0.0134098
0.0134098
0.0134098
0.0134098
0.0134098
0.0134098
0.0134098
0.0134098
0.0134098
0.0134098
0.0134098
0.0134098
0.0134098
0.0134098
0.0133842
0.0126962
0.0126962
0.0133842
0.0133842
0.0126962
0.0126962
0.0133842
0.0134098
0.0134098
0.0134098
0.0134098
0.0133842
0.0126962
0.0126962
0.0133842
0.0133842
0.0126962
0.0126962
0.0133842
0.0134098
0.0134098
0.0134098
0.0134098
0.0133842
0.0126962
0.0126962
0.0133842
0.0133842
0.0126962
0.0126962
0.0133842
0.0134098
0.0134098
0.0134098
0.0134098
0.0133842
0.0126962
0.0126962
0.0133842
0.0133842
0.0126962
0.0133842
0.0126962
0.0134098
0.0134098
0.0134098
0.0134098
0.0134098
0.0134098
0.0134098
0.0134098
0.0134098
0.0134098
0.0134098
0.0134098
0.0134098
0.0134098
0.0134098
0.0134098
0.0134098
0.0134098
0.0134098
0.0134098
0.0134098
0.0134098
0.0134098
0.0134098
0.0134098
0.0134098
0.0134098
0.0134098
0.0134098
0.0134098
0.0134098
0.0134098
0.0134098
0.0134098
0.0134098
0.0134098
0.0134098
0.0134098
0.0134098
0.0134098
0.0134098
0.0134098
0.0134098
0.0134098
0.0134098
0.0134098
0.0134098
0.0134098
0.0134098
0.0134098
0.0134098
0.0134098
0.0134098
0.0134098
0.0134098
0.0134098
0.0134098
0.0134098
0.0134098
0.0134098
0.0134098
0.0134098
0.0134098
0.0134098
0.0134098
0.0134098
0.0134098
0.0134098
0.0134098
0.0134098
0.0134098
0.0134098
0.0134098
0.0134098
0.0134098
0.0134098
0.0133842
0.0126962
0.0126962
0.0133842
0.0133842
0.0126962
0.0126962
0.0133842
0.0134098
0.0134098
0.0134098
0.0134098
0.0133842
0.0126962
0.0126962
0.0133842
0.0133842
0.0126962
0.0126962
0.0133842
0.0134098
0.0134098
0.0134098
0.0134098
0.0133615
0.0119868
0.0126626
0.0126626
0.0133842
0.0126909
0.0133842
0.0126847
0.0133842
0.0126909
0.0126847
0.0133842
0.0134098
0.0134098
0.0134098
0.0134098
0.0134098
0.0134098
0.0134098
0.0134098
0.0134098
0.0134098
0.0134098
0.0134098
0.0134098
0.0134098
0.0134098
0.0134098
0.0134098
0.0134098
0.0134098
0.0134098
0.0134098
0.0134098
0.0134098
0.0134098
0.0134098
0.0134098
0.0134098
0.0134098
0.0134098
0.0134098
0.0134098
0.0134098
0.0134098
0.0134098
0.0134098
0.0134098
0.0133842
0.0126962
0.0126962
0.0133842
0.0133842
0.0126962
0.0126962
0.0133842
0.0134098
0.0134098
0.0134098
0.0134098
0.0133842
0.0126962
0.0126962
0.0133842
0.0133842
0.0126962
0.0133842
0.0126962
0.0134098
0.0134098
0.0134098
0.0134098
0.0133842
0.0126962
0.0126962
0.0133842
0.0133842
0.0126962
0.0126962
0.0133842
0.0134098
0.0134098
0.0134098
0.0134098
0.0133842
0.0126962
0.0133842
0.0126962
0.0134098
0.0134098
0.0134098
0.0134098
0.0133842
0.0126962
0.0126962
0.0133842
0.0134098
0.0134098
0.0134098
0.0134098
0.0134098
0.0134098
0.0134098
0.0134098
0.0134098
0.0134098
0.0134098
0.0134098
0.0134098
0.0134098
0.0134098
0.0134098
0.0134098
0.0134098
0.0134098
0.0134098
0.0134098
0.0134098
0.0134098
0.0134098
0.0134098
0.0134098
0.0134098
0.0134098
0.0134098
0.0134098
0.0134098
0.0134098
0.0134098
0.0134098
0.0134098
0.0134098
0.0133842
0.0126962
0.0126962
0.0133842
0.0133842
0.0126962
0.0126962
0.0133842
0.0134098
0.0134098
0.0134098
0.0134098
0.0133842
0.0126962
0.0126962
0.0133842
0.0133842
0.0126962
0.0133842
0.0126962
0.0134098
0.0134098
0.0134098
0.0134098
0.0134098
0.0134098
0.0134098
0.0134098
0.0134098
0.0134098
0.0134098
0.0134098
0.0134098
0.0134098
0.0134098
0.0134098
0.0134098
0.0134098
0.0134098
0.0134098
0.0134098
0.0134098
0.0134098
0.0134098
0.0134098
0.0134098
0.0134098
0.0134098
0.0134098
0.0134098
0.0134098
0.0134098
0.0134098
0.0134098
0.0134098
0.0134098
0.0134098
0.0134098
0.0134098
0.0134098
0.0134098
0.0134098
0.0134098
0.0134098
0.0134098
0.0134098
0.0134098
0.0134098
0.0134098
0.0134098
0.0134098
0.0134098
0.0134098
0.0134098
0.0134098
0.0134098
0.0134098
0.0134098
0.0134098
0.0134098
0.0134098
0.0134098
0.0134098
0.0134098
0.0134098
0.0134098
0.0134098
0.0134098
0.0134098
0.0134098
0.0134098
0.0134098
0.0134098
0.0134098
0.0134098
0.0134098
0.0134098
0.0134098
0.0134098
0.0134098
0.0134098
0.0134098
0.0134098
0.0134098
0.0134098
0.0134098
0.0134098
0.0134098
0.0134098
0.0134098
0.0134098
0.0134098
0.0134098
0.0134098
0.0134098
0.0134098
0.0134098
0.0134098
0.0134098
0.0134098
0.0134098
0.0134098
0.0134098
0.0134098
0.0134098
0.0134098
0.0134098
0.0134098
0.0134098
0.0134098
0.0134098
0.0134098
0.0134098
0.0134098
0.0134098
0.0134098
0.0134098
0.0134098
0.0134098
0.0134098
0.0134098
0.0134098
0.0134098
0.0134098
0.0134098
0.0134098
0.0134098
0.0134098
0.0134098
0.0134098
0.0134098
0.0134098
0.0134098
0.0134098
0.0134098
0.0134098
0.0134098
0.0134098
0.0134098
0.0134098
0.0134098
0.0134098
0.0134098
0.0134098
0.0134098
0.0134098
0.0134098
0.0134098
0.0134098
0.0134098
0.0134098
0.0134098
0.0134098
0.0134098
0.0134098
0.0134098
0.0134098
0.0134098
0.0134098
0.0134098
0.0134098
0.0134098
0.0134098
0.0134098
0.0134098
0.0134098
0.0134098
0.0134098
0.0134098
0.0134098
0.0134098
0.0134098
0.0134098
0.0134098
0.0134098
0.0134098
0.0134098
0.0134098
0.0134098
0.0134098
0.0134098
0.0134098
0.0134098
0.0134098
0.0134098
0.0134098
0.0134098
0.0134098
0.0134098
0.0134098
0.0134098
0.0134098
0.0134098
0.0134098
0.0134098
0.0134098
0.0134098
0.0134098
0.0134098
0.0134098
0.0134098
0.0134098
0.0134098
0.0134098
0.0134098
0.0134098
0.0134098
0.0134098
0.0134098
0.0134098
0.0134098
0.0134098
0.0134098
0.0134098
0.0134098
0.0134098
0.0134098
0.0134098
0.0134098
0.0134098
0.0133842
0.0126962
0.0126962
0.0133842
0.0133842
0.0126962
0.0126962
0.0133842
0.0134098
0.0134098
0.0134098
0.0134098
0.0133842
0.0126962
0.0133842
0.0126962
0.0134098
0.0134098
0.0134098
0.0134098
0.0133842
0.0126962
0.0126962
0.0133842
0.0134098
0.0134098
0.0134098
0.0134098
0.0134098
0.0134098
0.0134098
0.0134098
0.0134098
0.0134098
0.0134098
0.0134098
0.0134098
0.0134098
0.0134098
0.0134098
0.0134098
0.0134098
0.0134098
0.0134098
0.0134098
0.0134098
0.0134098
0.0134098
0.0134098
0.0134098
0.0134098
0.0134098
0.0134098
0.0134098
0.0134098
0.0134098
0.0134098
0.0134098
0.0134098
0.0134098
0.0133842
0.0126962
0.0126962
0.0133842
0.0133842
0.0126962
0.0126962
0.0133842
0.0134098
0.0134098
0.0134098
0.0134098
0.0133842
0.0126962
0.0126962
0.0133842
0.0133842
0.0126962
0.0133842
0.0126962
0.0134098
0.0134098
0.0134098
0.0134098
0.0133842
0.0126962
0.0126962
0.0133842
0.0133842
0.0126962
0.0126962
0.0133842
0.0134098
0.0134098
0.0134098
0.0134098
0.0133842
0.0126962
0.0133842
0.0126962
0.0134098
0.0134098
0.0134098
0.0134098
0.0133842
0.0126962
0.0126962
0.0133842
0.0134098
0.0134098
0.0134098
0.0134098
0.0134098
0.0134098
0.0134098
0.0134098
0.0134098
0.0134098
0.0134098
0.0134098
0.0134098
0.0134098
0.0134098
0.0134098
0.0134098
0.0134098
0.0134098
0.0134098
0.0134098
0.0134098
0.0134098
0.0134098
0.0134098
0.0134098
0.0134098
0.0134098
0.0134098
0.0134098
0.0134098
0.0134098
0.0134098
0.0134098
0.0134098
0.0134098
0.0133615
0.0119868
0.0126626
0.0126626
0.0133842
0.0126909
0.0133842
0.0126847
0.0133842
0.0126909
0.0126847
0.0133842
0.0133842
0.0126962
0.0126962
0.0133842
0.0133842
0.0126962
0.0126962
0.0133842
0.0134098
0.0134098
0.0134098
0.0134098
0.0133842
0.0126962
0.0133842
0.0126962
0.0134098
0.0134098
0.0134098
0.0134098
0.0133842
0.0126962
0.0133842
0.0126962
0.0134098
0.0134098
0.0134098
0.0134098
0.0134098
0.0134098
0.0134098
0.0134098
0.0134098
0.0134098
0.0134098
0.0134098
0.0134098
0.0134098
0.0134098
0.0134098
0.0134098
0.0134098
0.0134098
0.0134098
0.0134098
0.0134098
0.0134098
0.0134098
0.0134098
0.0134098
0.0134098
0.0134098
0.0134098
0.0134098
0.0134098
0.0134098
0.0134098
0.0134098
0.0134098
0.0134098
0.0134098
0.0134098
0.0134098
0.0134098
0.0134098
0.0134098
0.0134098
0.0134098
0.0134098
0.0134098
0.0134098
0.0134098
0.0134098
0.0134098
0.0134098
0.0134098
0.0134098
0.0134098
0.0134098
0.0134098
0.0134098
0.0134098
0.0134098
0.0134098
0.0134098
0.0134098
0.0134098
0.0134098
0.0134098
0.0134098
0.0134098
0.0134098
0.0134098
0.0134098
0.0134098
0.0134098
0.0133842
0.0126962
0.0126962
0.0133842
0.0133842
0.0126962
0.0126962
0.0133842
0.0134098
0.0134098
0.0134098
0.0134098
0.0133842
0.0126962
0.0133842
0.0126962
0.0134098
0.0134098
0.0134098
0.0134098
0.0133842
0.0126962
0.0126962
0.0133842
0.0133842
0.0126962
0.0126962
0.0133842
0.0133842
0.0126962
0.0126962
0.0133842
0.0134098
0.0134098
0.0134098
0.0134098
0.0133842
0.0126962
0.0133842
0.0126962
0.0134098
0.0134098
0.0134098
0.0134098
0.0133842
0.0126962
0.0133842
0.0126962
0.0134098
0.0134098
0.0134098
0.0134098
0.0134098
0.0134098
0.0134098
0.0134098
0.0134098
0.0134098
0.0134098
0.0134098
0.0134098
0.0134098
0.0134098
0.0134098
0.0134098
0.0134098
0.0134098
0.0134098
0.0134098
0.0134098
0.0134098
0.0134098
0.0134098
0.0134098
0.0134098
0.0134098
0.0134098
0.0134098
0.0134098
0.0134098
0.0134098
0.0134098
0.0134098
0.0134098
0.0133842
0.0126962
0.0126962
0.0133842
0.0133842
0.0126962
0.0126962
0.0133842
0.0134098
0.0134098
0.0134098
0.0134098
0.0133842
0.0126962
0.0133842
0.0126962
0.0134098
0.0134098
0.0134098
0.0134098
0.0133842
0.0126962
0.0126962
0.0133842
0.0133842
0.0126962
0.0126962
0.0133842
0.0133842
0.0126962
0.0126962
0.0133842
0.0134098
0.0134098
0.0134098
0.0134098
0.0133842
0.0126962
0.0133842
0.0126962
0.0134098
0.0134098
0.0134098
0.0134098
0.0133842
0.0126962
0.0126962
0.0133842
0.0133615
0.0119868
0.0126626
0.0126626
0.0133842
0.0126909
0.0133842
0.0126847
0.0133842
0.0126909
0.0133842
0.0126847
)
;
        source          uniform 0;
        logInterval     -1;
        thicknessLayers List<scalar> 1(0.0001);
        kappaLayers     List<scalar> 1(33.33);
        writePrecision  6;
        updateHeader    1;
        writeToFile     0;
        useUserTime     1;
        kappaMethod     solidThermo;
        value           nonuniform List<scalar> 
1600
(
308.493
308.634
308.563
308.563
308.677
308.696
308.624
308.75
308.677
308.696
308.624
308.75
308.493
308.634
308.563
308.563
308.677
308.696
308.624
308.75
308.677
308.696
308.75
308.624
308.868
308.759
308.813
308.813
308.868
308.759
308.813
308.813
308.868
308.759
308.813
308.813
308.868
308.759
308.813
308.813
308.677
308.696
308.624
308.75
308.677
308.696
308.75
308.624
308.493
308.634
308.563
308.563
308.677
308.696
308.75
308.624
308.677
308.696
308.75
308.624
308.493
308.634
308.563
308.563
306.925
307.148
307.033
307.033
307.648
307.833
307.772
307.706
307.238
307.254
307.138
307.356
307.648
307.833
307.772
307.707
307.238
307.254
307.138
307.356
308.011
307.956
307.894
308.075
308.011
307.956
307.894
308.075
307.575
307.363
307.467
307.468
307.803
307.886
307.759
307.932
307.928
308.066
307.934
308.06
307.803
307.886
307.932
307.759
307.928
308.066
307.934
308.06
308.178
308.01
308.13
308.057
308.825
308.908
308.833
308.9
308.312
308.195
308.188
308.319
308.178
308.01
308.057
308.13
308.825
308.908
308.833
308.9
308.312
308.195
308.188
308.319
307.648
307.833
307.706
307.772
307.238
307.254
307.138
307.356
306.925
307.148
307.033
307.033
308.011
307.956
308.075
307.894
308.011
307.956
307.894
308.075
307.575
307.363
307.467
307.468
307.648
307.833
307.772
307.707
307.238
307.254
307.138
307.356
307.803
307.886
307.759
307.932
307.928
308.066
308.06
307.934
308.178
308.01
308.13
308.057
308.825
308.908
308.833
308.9
308.312
308.195
308.188
308.319
307.803
307.886
307.932
307.759
307.928
308.066
307.934
308.06
308.825
308.908
308.833
308.9
308.178
308.01
308.057
308.13
308.312
308.195
308.319
308.188
309.022
308.973
308.966
309.03
309.022
308.973
308.966
309.03
309.181
309.197
309.189
309.189
309.022
308.973
308.966
309.03
309.022
308.973
309.03
308.966
309.181
309.197
309.189
309.189
309.022
308.973
308.966
309.03
309.022
308.973
309.03
308.966
309.181
309.197
309.189
309.189
309.022
308.973
309.03
308.966
309.022
308.973
309.03
308.966
309.181
309.197
309.189
309.189
308.178
308.01
308.13
308.057
308.825
308.908
308.9
308.833
308.312
308.195
308.188
308.319
307.803
307.886
307.759
307.932
307.928
308.066
308.06
307.934
308.825
308.908
308.9
308.833
308.178
308.01
308.057
308.13
308.312
308.195
308.319
308.188
307.803
307.886
307.932
307.759
307.928
308.066
307.934
308.06
307.648
307.833
307.706
307.772
307.238
307.254
307.356
307.138
308.011
307.956
308.075
307.894
308.011
307.956
307.894
308.075
307.575
307.363
307.468
307.468
306.925
307.148
307.033
307.033
307.648
307.833
307.772
307.706
307.238
307.254
307.356
307.138
308.825
308.908
308.9
308.833
308.178
308.01
308.13
308.057
308.312
308.195
308.319
308.188
308.825
308.908
308.9
308.833
308.178
308.01
308.057
308.13
308.312
308.195
308.319
308.188
307.803
307.886
307.759
307.932
307.928
308.066
308.06
307.934
307.803
307.886
307.932
307.759
307.928
308.066
308.06
307.934
308.011
307.956
308.075
307.894
308.011
307.956
308.075
307.894
307.575
307.363
307.468
307.467
307.648
307.833
307.707
307.772
307.238
307.254
307.356
307.138
307.648
307.833
307.706
307.772
307.238
307.254
307.356
307.138
306.925
307.148
307.033
307.033
308.336
308.163
308.248
308.248
308.413
308.393
308.483
308.325
308.413
308.393
308.483
308.325
308.639
308.582
308.546
308.676
308.595
308.452
308.543
308.503
308.722
308.834
308.796
308.759
308.639
308.582
308.546
308.676
308.595
308.452
308.543
308.503
308.722
308.834
308.796
308.759
308.336
308.163
308.248
308.248
308.413
308.393
308.483
308.325
308.413
308.393
308.483
308.325
308.639
308.582
308.546
308.676
308.595
308.452
308.543
308.503
308.722
308.834
308.796
308.759
308.639
308.582
308.676
308.546
308.722
308.834
308.796
308.759
308.595
308.452
308.543
308.503
308.963
309.041
309.002
309.002
308.915
308.898
308.86
308.954
308.915
308.898
308.86
308.954
308.963
309.041
309.002
309.002
308.915
308.898
308.86
308.954
308.915
308.898
308.86
308.954
308.963
309.041
309.002
309.002
308.915
308.898
308.86
308.954
308.915
308.898
308.86
308.954
308.963
309.041
309.002
309.002
308.915
308.898
308.86
308.954
308.915
308.898
308.86
308.954
308.639
308.582
308.546
308.676
308.595
308.452
308.543
308.503
308.722
308.834
308.796
308.759
308.639
308.582
308.676
308.546
308.722
308.834
308.796
308.759
308.595
308.452
308.543
308.503
308.336
308.163
308.248
308.248
308.413
308.393
308.483
308.325
308.413
308.393
308.483
308.325
308.639
308.582
308.676
308.546
308.722
308.834
308.796
308.759
308.595
308.452
308.543
308.503
308.639
308.582
308.676
308.546
308.722
308.834
308.796
308.759
308.595
308.452
308.543
308.503
308.336
308.163
308.248
308.248
308.413
308.393
308.483
308.325
308.413
308.393
308.483
308.325
306.72
306.46
306.622
306.622
306.812
306.831
306.73
306.913
306.812
306.831
306.73
306.913
307.457
307.3
307.372
307.384
307.523
307.494
307.437
307.581
307.581
307.628
307.507
307.704
307.215
307.22
307.132
307.304
307.117
306.934
307.016
307.034
307.335
307.544
307.424
307.453
307.458
307.3
307.372
307.385
307.523
307.494
307.437
307.581
307.581
307.628
307.507
307.705
307.215
307.221
307.133
307.304
307.117
306.934
307.016
307.034
307.335
307.544
307.424
307.453
308.049
308.068
308.152
307.967
308.123
308.294
308.227
308.187
307.94
307.746
307.824
307.859
308.049
308.068
308.152
307.967
308.123
308.294
308.227
308.187
307.94
307.746
307.824
307.859
307.779
307.976
307.876
307.876
307.675
307.659
307.566
307.77
307.675
307.659
307.566
307.771
307.712
307.654
307.624
307.743
307.675
307.544
307.587
307.631
307.841
308.002
307.872
307.97
307.786
307.678
307.696
307.767
307.798
307.714
307.708
307.804
307.916
308.028
307.897
308.047
307.712
307.654
307.624
307.743
307.675
307.544
307.587
307.631
307.841
308.002
307.872
307.97
307.786
307.678
307.696
307.767
307.798
307.714
307.804
307.708
307.916
308.028
307.897
308.047
308.335
308.48
308.444
308.369
308.293
308.351
308.401
308.244
308.219
308.13
308.097
308.253
308.726
308.611
308.705
308.632
308.81
308.863
308.789
308.885
308.74
308.653
308.646
308.748
308.416
308.507
308.396
308.528
308.299
308.156
308.175
308.279
308.43
308.549
308.542
308.437
308.335
308.48
308.444
308.369
308.293
308.351
308.401
308.244
308.219
308.13
308.097
308.253
308.726
308.611
308.705
308.632
308.81
308.863
308.789
308.885
308.74
308.653
308.748
308.646
308.416
308.507
308.396
308.528
308.299
308.156
308.175
308.279
308.43
308.549
308.437
308.542
307.457
307.3
307.372
307.384
307.523
307.494
307.437
307.581
307.581
307.628
307.507
307.704
307.215
307.22
307.132
307.304
307.117
306.934
307.034
307.016
307.335
307.544
307.424
307.453
306.72
306.46
306.622
306.622
306.812
306.831
306.913
306.73
306.812
306.831
306.73
306.913
308.049
308.068
308.152
307.967
308.123
308.294
308.227
308.187
307.94
307.746
307.824
307.859
308.049
308.068
308.152
307.967
308.123
308.294
308.227
308.187
307.94
307.746
307.859
307.824
307.779
307.976
307.876
307.876
307.675
307.659
307.566
307.771
307.675
307.659
307.771
307.566
307.458
307.3
307.372
307.385
307.523
307.494
307.437
307.581
307.581
307.628
307.705
307.507
307.215
307.221
307.133
307.304
307.117
306.934
307.016
307.034
307.335
307.544
307.453
307.424
307.712
307.654
307.624
307.743
307.675
307.544
307.587
307.631
307.841
308.002
307.872
307.97
307.786
307.678
307.767
307.696
307.916
308.028
307.897
308.047
307.798
307.714
307.708
307.804
308.335
308.48
308.444
308.369
308.293
308.351
308.401
308.244
308.219
308.13
308.097
308.253
308.726
308.611
308.705
308.632
308.81
308.863
308.789
308.885
308.74
308.653
308.646
308.748
308.416
308.507
308.396
308.528
308.299
308.156
308.175
308.279
308.43
308.549
308.542
308.437
307.712
307.654
307.624
307.743
307.675
307.544
307.587
307.631
307.841
308.002
307.872
307.97
307.786
307.678
307.696
307.767
307.798
307.714
307.804
307.708
307.916
308.028
307.897
308.047
308.726
308.611
308.705
308.632
308.81
308.863
308.789
308.885
308.74
308.653
308.748
308.646
308.335
308.48
308.444
308.369
308.293
308.351
308.401
308.244
308.219
308.13
308.097
308.253
308.416
308.507
308.528
308.396
308.43
308.549
308.437
308.542
308.299
308.156
308.175
308.279
309.055
309.072
309.032
309.095
309.007
308.928
308.984
308.95
309.071
309.119
309.111
309.079
309.055
309.072
309.032
309.095
309.007
308.928
308.984
308.95
309.071
309.119
309.111
309.079
309.15
309.103
309.127
309.127
309.166
309.15
309.142
309.174
309.166
309.15
309.142
309.174
309.055
309.072
309.032
309.095
309.007
308.928
308.984
308.95
309.071
309.119
309.079
309.111
309.055
309.072
309.032
309.095
309.007
308.928
308.984
308.95
309.071
309.119
309.111
309.079
309.15
309.103
309.127
309.127
309.166
309.15
309.174
309.142
309.166
309.15
309.142
309.174
309.055
309.072
309.032
309.095
309.007
308.928
308.984
308.95
309.071
309.119
309.079
309.111
309.055
309.072
309.032
309.095
309.007
308.928
308.984
308.95
309.071
309.119
309.111
309.079
309.15
309.103
309.127
309.127
309.166
309.15
309.174
309.142
309.166
309.15
309.142
309.174
309.055
309.072
309.032
309.095
309.007
308.928
308.984
308.95
309.071
309.119
309.079
309.111
309.055
309.072
309.032
309.095
309.007
308.928
308.984
308.95
309.071
309.119
309.079
309.111
309.15
309.103
309.127
309.127
309.166
309.15
309.174
309.142
309.166
309.15
309.174
309.142
308.335
308.48
308.444
308.369
308.293
308.351
308.401
308.244
308.219
308.13
308.253
308.097
308.726
308.611
308.705
308.632
308.81
308.863
308.789
308.885
308.74
308.653
308.646
308.748
308.416
308.507
308.396
308.528
308.299
308.156
308.279
308.175
308.43
308.549
308.542
308.437
307.712
307.654
307.624
307.743
307.675
307.544
307.587
307.631
307.841
308.002
307.97
307.872
307.786
307.678
307.767
307.696
307.916
308.028
308.047
307.897
307.798
307.714
307.708
307.804
308.726
308.611
308.705
308.632
308.81
308.863
308.789
308.885
308.74
308.653
308.748
308.646
308.335
308.48
308.444
308.369
308.293
308.351
308.401
308.244
308.219
308.13
308.253
308.097
308.416
308.507
308.528
308.396
308.43
308.549
308.437
308.542
308.299
308.156
308.279
308.175
307.712
307.654
307.624
307.743
307.675
307.544
307.587
307.631
307.841
308.002
307.97
307.872
307.786
307.678
307.696
307.767
307.798
307.714
307.804
307.708
307.916
308.028
308.047
307.897
307.458
307.3
307.372
307.385
307.523
307.494
307.437
307.581
307.581
307.628
307.507
307.705
307.215
307.22
307.304
307.132
307.335
307.544
307.424
307.453
307.117
306.934
307.034
307.016
308.049
308.068
308.152
307.967
308.123
308.294
308.227
308.187
307.94
307.746
307.824
307.859
308.049
308.068
308.152
307.967
308.123
308.294
308.227
308.187
307.94
307.746
307.859
307.824
307.779
307.976
307.876
307.876
307.675
307.659
307.566
307.771
307.675
307.659
307.771
307.566
306.72
306.46
306.622
306.622
306.812
306.831
306.913
306.73
306.812
306.831
306.73
306.913
307.458
307.3
307.372
307.385
307.523
307.494
307.437
307.581
307.581
307.628
307.705
307.507
307.215
307.22
307.304
307.132
307.335
307.544
307.453
307.424
307.117
306.934
307.016
307.034
308.726
308.611
308.705
308.632
308.81
308.863
308.789
308.885
308.74
308.653
308.646
308.748
308.335
308.48
308.444
308.369
308.293
308.351
308.401
308.244
308.219
308.13
308.253
308.097
308.416
308.507
308.528
308.396
308.43
308.549
308.542
308.437
308.299
308.156
308.279
308.175
308.726
308.611
308.705
308.632
308.81
308.863
308.789
308.885
308.74
308.653
308.748
308.646
308.335
308.48
308.444
308.369
308.293
308.351
308.401
308.244
308.219
308.13
308.253
308.097
308.416
308.507
308.528
308.396
308.43
308.549
308.437
308.542
308.299
308.156
308.279
308.175
307.712
307.654
307.624
307.743
307.675
307.544
307.587
307.631
307.841
308.002
307.97
307.872
307.786
307.678
307.767
307.696
307.916
308.028
308.047
307.897
307.798
307.714
307.708
307.804
307.712
307.654
307.624
307.743
307.675
307.544
307.587
307.631
307.841
308.002
307.97
307.872
307.786
307.678
307.767
307.696
307.916
308.028
308.047
307.897
307.798
307.714
307.804
307.708
308.049
308.068
308.152
307.967
308.123
308.294
308.227
308.187
307.94
307.746
307.859
307.824
308.049
308.068
308.152
307.967
308.123
308.294
308.227
308.187
307.94
307.746
307.859
307.824
307.779
307.976
307.876
307.876
307.675
307.659
307.771
307.566
307.675
307.659
307.771
307.566
307.458
307.3
307.372
307.385
307.523
307.494
307.437
307.581
307.581
307.628
307.705
307.507
307.215
307.221
307.304
307.132
307.335
307.544
307.453
307.424
307.117
306.934
307.034
307.016
307.457
307.3
307.372
307.384
307.523
307.494
307.437
307.581
307.581
307.628
307.705
307.507
307.215
307.22
307.304
307.132
307.335
307.544
307.453
307.424
307.117
306.934
307.034
307.016
306.72
306.46
306.622
306.622
306.812
306.831
306.913
306.73
306.812
306.831
306.913
306.73
)
;
    }
}


// ************************************************************************* //
