/*--------------------------------*- C++ -*----------------------------------*\
| =========                 |                                                 |
| \\      /  F ield         | OpenFOAM: The Open Source CFD Toolbox           |
|  \\    /   O peration     | Version:  2412                                  |
|   \\  /    A nd           | Website:  www.openfoam.com                      |
|    \\/     M anipulation  |                                                 |
\*---------------------------------------------------------------------------*/
FoamFile
{
    version     2.0;
    format      ascii;
    arch        "LSB;label=32;scalar=64";
    class       volScalarField;
    location    "0.41/chip";
    object      T;
}
// * * * * * * * * * * * * * * * * * * * * * * * * * * * * * * * * * * * * * //

dimensions      [0 0 0 1 0 0 0];

internalField   nonuniform List<scalar> 
6620
(
309.195
309.068
309.068
308.944
309.852
309.594
309.594
309.349
308.927
308.989
308.989
308.927
308.989
308.989
309.052
309.052
309.052
309.052
308.989
308.989
308.927
308.989
308.989
308.927
308.944
309.288
309.068
309.068
309.534
309.534
308.944
309.288
309.068
309.068
309.534
309.534
309.195
309.195
309.195
309.791
309.791
309.791
309.791
309.068
309.534
309.534
308.944
309.288
309.068
309.534
309.534
309.288
309.349
309.594
309.594
309.349
309.594
309.594
309.852
309.852
309.852
309.594
309.349
309.594
307.739
307.427
308.682
308.234
308.387
308.527
307.936
308.128
307.634
308.421
308.682
308.234
308.387
308.527
309.796
309.381
309.381
309.543
309.573
309.668
309.668
308.997
308.477
309.249
309.285
308.638
308.888
309.404
307.936
308.128
307.634
308.421
308.997
309.249
308.477
309.285
308.638
309.404
308.887
308.308
308.366
308.366
309.04
307.852
308.66
308.66
308.03
308.817
308.972
308.708
308.221
308.817
308.972
309.977
309.977
310.105
309.203
309.713
309.313
308.708
308.221
309.713
309.203
309.313
308.975
308.975
308.628
307.442
308.127
307.547
308.127
307.547
308.249
308.249
307.656
308.181
308.362
308.181
308.362
308.304
309.202
308.49
308.304
309.202
308.49
308.127
307.547
307.442
308.249
308.249
307.656
308.127
307.547
308.181
308.362
308.304
309.202
308.49
308.181
308.362
309.202
308.304
308.49
309.268
309.268
309.493
309.268
309.268
309.493
309.268
309.268
309.493
309.268
309.268
309.493
308.304
309.202
308.49
308.181
308.362
309.202
308.304
308.49
308.181
308.362
308.127
307.547
308.249
308.249
307.656
307.442
308.127
307.547
309.202
308.304
308.49
309.202
308.304
308.49
308.181
308.362
308.181
308.362
308.249
308.249
307.656
308.127
307.547
308.127
307.547
307.442
307.936
308.128
307.634
308.421
307.936
308.128
307.635
308.421
308.308
308.366
308.366
309.04
307.852
308.66
308.66
307.821
307.994
308.015
308.669
308.499
308.184
308.015
308.669
308.5
308.184
308.457
309.185
308.914
308.914
308.807
308.807
308.563
308.682
308.234
308.387
308.527
308.997
308.477
309.249
309.285
308.638
308.887
309.404
308.997
308.477
309.249
309.285
308.638
308.887
309.404
308.761
308.776
308.606
308.931
308.761
308.776
308.606
308.931
309.144
309.431
309.142
309.652
309.034
309.549
309.252
309.144
309.431
309.142
309.652
309.034
309.549
309.252
307.739
307.427
308.308
308.366
308.366
309.04
307.852
308.66
308.66
307.936
308.128
307.635
308.421
308.015
308.669
308.499
308.184
307.821
307.994
308.457
309.185
308.914
308.914
308.807
308.807
308.563
308.015
308.669
308.5
308.184
308.997
308.477
309.249
309.285
308.638
308.888
309.404
308.682
308.234
308.387
308.527
308.997
309.249
308.477
309.285
308.638
309.404
308.887
308.761
308.776
308.606
308.931
309.144
309.431
309.142
309.652
309.034
309.549
309.252
308.761
308.776
308.606
308.931
309.144
309.431
309.652
309.142
309.549
309.034
309.252
309.796
309.381
309.381
309.543
309.573
309.668
309.668
309.796
309.381
309.381
309.543
309.573
309.668
309.668
309.796
309.381
309.381
309.543
309.573
309.668
309.668
308.682
308.234
308.387
308.527
308.997
309.249
308.477
309.285
308.638
309.404
308.888
308.682
308.234
308.387
308.527
309.144
309.431
309.142
309.652
309.034
309.549
309.252
308.761
308.776
308.606
308.931
309.144
309.431
309.652
309.142
309.549
309.034
309.252
308.761
308.776
308.606
308.931
308.308
308.366
308.366
309.04
307.852
308.66
308.66
307.739
307.427
307.936
308.128
307.635
308.421
308.015
308.669
308.499
308.184
308.457
309.185
308.914
308.914
308.807
308.807
308.563
307.821
307.994
308.015
308.669
308.499
308.184
308.997
309.249
308.477
309.285
308.638
309.404
308.887
308.682
308.234
308.387
308.527
308.682
308.234
308.387
308.527
309.144
309.431
309.652
309.142
309.549
309.034
309.252
309.144
309.431
309.652
309.142
309.549
309.034
309.252
308.761
308.776
308.606
308.931
308.761
308.776
308.606
308.931
307.936
308.128
307.635
308.421
307.936
308.128
307.634
308.421
307.739
307.427
308.457
309.185
308.914
308.914
308.807
308.807
308.563
308.015
308.669
308.5
308.184
308.015
308.669
308.499
308.184
307.821
307.994
308.708
308.221
308.708
308.221
308.975
308.975
308.628
308.817
308.972
309.203
309.713
309.313
309.203
309.713
309.313
308.03
308.975
308.975
308.628
308.708
308.221
309.203
309.713
309.313
308.817
308.972
309.713
309.203
309.313
309.977
309.977
310.105
309.977
309.977
310.105
309.977
309.977
310.105
308.817
308.972
309.713
309.203
309.313
308.817
308.972
308.975
308.975
308.628
308.03
308.708
308.221
309.713
309.203
309.313
308.817
308.972
308.817
308.972
308.708
308.221
308.708
308.221
308.03
309.488
309.289
309.289
309.298
309.385
309.392
309.392
309.096
308.904
309.16
309.171
308.992
309.008
309.263
309.096
309.16
308.904
309.171
308.992
309.263
309.008
308.733
308.783
308.783
309.047
308.629
308.887
308.887
308.684
308.684
308.454
308.744
309.127
308.875
308.744
309.127
308.875
308.684
308.684
308.454
308.744
309.127
308.875
309.127
308.744
308.875
309.192
309.192
309.336
309.192
309.192
309.336
309.192
309.192
309.336
309.192
309.192
309.336
308.744
309.127
308.875
309.127
308.744
308.875
308.684
308.684
308.454
309.127
308.744
308.875
309.127
308.744
308.875
308.684
308.684
308.454
308.733
308.783
308.783
309.047
308.629
308.887
308.887
309.096
308.904
309.16
309.171
309.263
308.992
309.007
309.096
308.904
309.16
309.171
308.992
309.007
309.263
308.733
308.783
308.783
309.047
308.887
308.629
308.887
309.096
308.904
309.16
309.171
309.263
308.992
309.008
309.096
309.16
308.904
309.171
308.992
309.263
309.008
309.488
309.289
309.289
309.298
309.392
309.385
309.392
309.488
309.289
309.289
309.298
309.392
309.385
309.392
309.488
309.289
309.289
309.298
309.385
309.392
309.392
309.096
309.16
308.904
309.171
309.008
308.992
309.263
308.733
308.783
308.783
309.047
308.887
308.629
308.887
309.096
309.16
308.904
309.171
309.007
308.992
309.263
307.205
307.647
307.567
307.567
307.465
307.465
307.391
307.133
307.542
307.222
307.222
306.887
307.349
307.35
308.375
308.595
308.498
308.656
308.399
308.569
308.473
308.217
308.014
308.311
308.343
308.089
308.142
308.421
308.267
308.497
308.163
308.362
308.138
308.291
308.472
308.325
308.605
308.44
308.348
308.25
308.518
308.424
307.854
307.847
307.763
308.119
307.664
308.032
307.95
307.908
307.912
307.993
308.237
307.781
308.04
308.102
307.747
307.747
307.425
307.826
307.62
307.553
307.935
308.015
308.284
308.334
308.245
308.147
308.198
308.112
308.375
308.595
308.656
308.498
308.569
308.399
308.473
308.217
308.014
308.311
308.344
308.089
308.142
308.421
308.267
308.497
308.362
308.163
308.139
308.472
308.291
308.325
308.605
308.44
308.348
308.25
308.518
308.424
309.551
309.35
309.478
309.484
309.447
309.454
309.582
309.551
309.35
309.478
309.484
309.447
309.454
309.582
309.614
309.677
309.542
309.542
309.51
309.645
309.645
308.893
308.703
308.558
308.584
308.788
308.807
308.665
309.154
309.219
309.079
309.352
309.05
309.322
309.183
308.948
308.745
308.612
308.871
308.843
308.719
308.975
307.854
307.847
308.119
307.764
308.032
307.664
307.951
307.908
307.913
307.993
308.237
307.781
308.04
308.102
307.747
307.747
307.826
307.425
307.62
307.935
307.553
308.015
308.284
308.334
308.245
308.147
308.198
308.112
309.154
309.219
309.079
309.352
309.05
309.322
309.183
308.893
308.703
308.558
308.584
308.788
308.807
308.665
308.948
308.745
308.871
308.612
308.843
308.975
308.719
308.542
308.588
308.225
308.473
308.438
308.692
308.331
308.542
308.588
308.225
308.473
308.438
308.692
308.331
308.361
307.96
308.049
308.049
308.256
308.156
308.155
307.771
308.065
307.953
307.954
307.764
308.053
307.888
307.888
307.723
307.913
307.913
308.789
309.002
308.827
308.976
308.755
308.653
308.894
308.835
308.73
308.679
308.913
308.806
308.991
308.805
308.947
308.78
308.831
308.965
308.765
308.846
308.649
308.924
308.32
308.254
308.048
308.437
308.442
308.549
308.574
308.727
308.416
308.574
308.592
308.281
308.243
308.074
308.406
308.255
308.101
308.426
308.398
308.738
308.598
308.603
308.789
309.002
308.976
308.827
308.755
308.653
308.894
308.835
308.73
308.679
308.913
308.806
308.991
308.947
308.805
308.78
308.965
308.831
308.765
308.846
308.649
308.924
310.077
310.141
310.109
310.109
309.952
309.761
309.855
309.855
310.014
309.947
309.917
310.045
310.014
309.947
309.917
310.045
309.415
309.227
309.201
309.443
309.56
309.633
309.472
309.725
309.359
309.065
309.273
309.147
309.619
309.815
309.785
309.648
308.32
308.255
308.437
308.048
308.442
308.549
308.574
308.727
308.416
308.575
308.592
308.281
308.243
308.406
308.075
308.255
308.426
308.101
308.398
308.738
308.599
308.603
309.415
309.227
309.443
309.201
309.56
309.633
309.725
309.472
309.619
309.815
309.785
309.648
309.359
309.065
309.273
309.147
308.83
308.452
308.637
308.637
309.198
309.509
309.35
309.35
309.009
308.952
309.158
308.812
309.009
308.952
309.158
308.812
307.139
307.139
306.794
307.805
307.921
307.609
307.24
307.837
307.53
307.805
307.921
307.609
307.241
307.837
307.53
308.586
308.038
308.359
308.586
308.039
308.359
307.951
307.951
308.267
307.855
308.298
307.967
308.027
308.324
307.991
307.855
308.298
307.967
308.027
308.324
307.991
308.643
308.424
308.772
309.157
308.947
308.904
308.451
308.842
308.8
308.643
308.424
308.772
309.157
308.947
308.904
308.451
308.842
308.8
307.805
307.921
307.609
307.24
307.837
307.53
307.139
307.139
306.794
308.586
308.038
308.359
308.586
308.039
308.359
307.951
307.951
308.267
307.805
307.921
307.609
307.241
307.837
307.53
307.855
308.298
307.967
308.324
308.027
307.991
308.643
308.424
308.772
309.157
308.947
308.904
308.451
308.842
308.8
307.855
308.298
307.967
308.027
308.324
307.991
309.157
308.947
308.904
308.643
308.424
308.772
308.842
308.451
308.8
309.222
309.414
309.367
309.222
309.414
309.367
309.446
309.446
309.399
309.222
309.414
309.367
309.222
309.414
309.367
309.446
309.446
309.399
309.222
309.414
309.367
309.222
309.414
309.367
309.446
309.446
309.399
309.222
309.414
309.367
309.222
309.414
309.367
309.446
309.446
309.399
308.643
308.424
308.772
309.157
308.947
308.904
308.451
308.842
308.8
307.855
308.298
307.967
308.324
308.027
307.991
309.157
308.947
308.904
308.643
308.424
308.772
308.842
308.451
308.8
307.855
308.298
307.967
308.027
308.324
307.991
307.805
307.921
307.609
307.837
307.24
307.53
308.586
308.039
308.359
308.586
308.039
308.359
307.951
307.951
308.267
307.139
307.139
306.794
307.805
307.921
307.609
307.837
307.24
307.53
309.157
308.947
308.904
308.643
308.424
308.772
308.842
308.451
308.8
309.157
308.947
308.904
308.643
308.424
308.772
308.842
308.451
308.8
307.855
308.298
307.967
308.324
308.027
307.991
307.855
308.298
307.967
308.324
308.027
307.991
308.586
308.039
308.359
308.586
308.038
308.359
307.951
307.951
308.267
307.805
307.921
307.609
307.837
307.241
307.53
307.805
307.921
307.609
307.837
307.24
307.53
307.139
307.139
306.794
307.854
307.847
307.763
308.119
307.664
308.032
307.95
307.908
307.912
307.993
308.237
308.04
307.781
308.102
307.747
307.747
307.425
307.826
307.553
307.62
307.935
308.015
308.284
308.334
308.245
308.147
308.198
308.112
307.855
307.847
307.764
308.119
307.665
308.032
307.952
307.909
307.913
307.993
308.237
308.04
307.782
308.102
307.747
307.747
307.425
307.826
307.553
307.62
307.935
308.015
308.285
308.334
308.245
308.147
308.198
308.113
308.542
308.588
308.225
308.473
308.438
308.331
308.692
308.542
308.588
308.225
308.473
308.438
308.331
308.692
308.361
307.96
308.049
308.049
308.256
308.155
308.156
307.578
307.657
307.657
307.89
307.444
307.734
307.734
307.615
307.948
307.849
307.849
307.702
307.798
307.798
308.111
307.851
308.197
308.082
308.036
307.927
308.266
308.336
308.516
308.626
308.532
308.489
308.469
308.383
308.273
308.362
308.332
308.569
308.198
308.431
308.407
308.173
308.14
308.04
308.368
307.99
308.324
308.222
308.113
307.852
308.198
308.083
308.038
307.928
308.267
308.336
308.517
308.627
308.533
308.489
308.469
308.384
308.274
308.363
308.332
308.569
308.199
308.431
308.407
308.175
308.141
308.04
308.368
307.991
308.324
308.223
308.375
308.595
308.498
308.656
308.399
308.569
308.473
308.217
308.014
308.311
308.343
308.142
308.089
308.421
308.267
308.497
308.163
308.362
308.291
308.138
308.472
308.325
308.605
308.44
308.348
308.25
308.518
308.424
308.893
308.703
308.558
308.584
308.665
308.788
308.807
309.154
309.219
309.079
309.352
309.322
309.05
309.183
308.948
308.745
308.612
308.871
308.719
308.843
308.975
308.893
308.703
308.558
308.584
308.788
308.665
308.807
309.154
309.219
309.079
309.352
309.05
309.183
309.322
308.948
308.745
308.612
308.871
308.843
308.719
308.975
308.637
308.586
308.736
308.831
308.561
308.662
308.805
308.649
308.62
308.733
308.854
308.697
308.573
308.812
308.587
308.684
308.435
308.675
308.511
308.51
308.754
308.699
308.889
308.772
308.906
308.747
308.724
308.863
308.637
308.586
308.736
308.831
308.561
308.662
308.805
308.649
308.62
308.733
308.854
308.812
308.573
308.697
308.587
308.684
308.435
308.675
308.511
308.754
308.51
308.699
308.889
308.772
308.906
308.724
308.863
308.747
307.205
307.647
307.567
307.567
307.465
307.465
307.391
307.133
307.542
307.222
307.222
307.349
306.887
307.35
308.542
308.588
308.225
308.473
308.331
308.438
308.692
308.542
308.588
308.225
308.473
308.692
308.438
308.331
308.361
307.96
308.049
308.049
308.155
308.256
308.156
307.855
307.847
307.764
308.119
307.665
308.032
307.952
307.909
307.913
307.993
308.237
307.782
308.102
308.04
307.747
307.747
307.425
307.826
307.62
307.553
307.935
308.015
308.285
308.334
308.245
308.198
308.113
308.147
308.111
307.851
308.197
308.082
308.036
307.927
308.266
308.336
308.516
308.626
308.532
308.383
308.469
308.489
308.273
308.362
308.332
308.569
308.198
308.407
308.431
308.173
308.14
308.04
308.368
308.222
307.99
308.324
307.578
307.657
307.657
307.89
307.444
307.734
307.734
307.615
307.948
307.849
307.849
307.798
307.798
307.702
308.113
307.852
308.198
308.083
308.038
307.928
308.267
308.336
308.517
308.627
308.533
308.489
308.469
308.384
308.274
308.363
308.332
308.569
308.199
308.431
308.407
308.175
308.141
308.04
308.368
307.991
308.324
308.223
308.893
308.703
308.558
308.584
308.665
308.788
308.807
309.154
309.219
309.079
309.352
309.322
309.05
309.183
308.948
308.745
308.612
308.871
308.719
308.843
308.975
308.375
308.595
308.498
308.656
308.399
308.569
308.473
308.217
308.014
308.311
308.343
308.142
308.089
308.421
308.267
308.497
308.163
308.362
308.291
308.139
308.472
308.325
308.605
308.44
308.348
308.25
308.518
308.424
309.154
309.219
309.079
309.352
309.05
309.183
309.322
308.893
308.703
308.558
308.584
308.788
308.665
308.807
308.948
308.745
308.871
308.612
308.843
308.975
308.719
308.637
308.736
308.586
308.831
308.561
308.805
308.662
308.649
308.62
308.733
308.854
308.697
308.573
308.812
308.587
308.684
308.435
308.675
308.511
308.511
308.754
308.7
308.889
308.906
308.772
308.747
308.863
308.724
308.637
308.586
308.736
308.831
308.561
308.662
308.805
308.649
308.62
308.733
308.854
308.812
308.573
308.697
308.587
308.684
308.435
308.675
308.511
308.754
308.511
308.7
308.889
308.772
308.906
308.724
308.863
308.747
309.551
309.35
309.478
309.484
309.582
309.447
309.454
309.551
309.35
309.478
309.484
309.454
309.447
309.582
309.614
309.677
309.542
309.542
309.645
309.51
309.645
309.551
309.35
309.478
309.484
309.582
309.447
309.454
309.551
309.35
309.478
309.484
309.454
309.447
309.582
309.614
309.677
309.542
309.542
309.645
309.51
309.645
309.551
309.35
309.478
309.484
309.447
309.582
309.454
309.551
309.35
309.478
309.484
309.447
309.582
309.454
309.614
309.677
309.542
309.542
309.51
309.645
309.645
308.375
308.595
308.656
308.498
308.569
308.399
308.473
308.217
308.014
308.311
308.344
308.421
308.089
308.142
308.267
308.497
308.362
308.163
308.472
308.139
308.291
308.325
308.605
308.44
308.348
308.518
308.25
308.424
309.154
309.219
309.079
309.352
309.183
309.05
309.322
308.893
308.703
308.558
308.584
308.807
308.788
308.665
308.948
308.745
308.871
308.612
308.975
308.843
308.719
308.375
308.595
308.498
308.656
308.399
308.569
308.473
308.217
308.014
308.311
308.344
308.089
308.421
308.142
308.267
308.497
308.163
308.362
308.139
308.291
308.472
308.325
308.605
308.44
308.348
308.518
308.424
308.25
308.637
308.736
308.586
308.831
308.561
308.805
308.662
308.649
308.62
308.733
308.854
308.573
308.812
308.697
308.587
308.684
308.435
308.675
308.511
308.511
308.754
308.7
308.889
308.906
308.772
308.863
308.724
308.747
308.637
308.586
308.736
308.831
308.561
308.662
308.805
308.649
308.62
308.733
308.854
308.812
308.573
308.697
308.587
308.684
308.435
308.675
308.511
308.754
308.511
308.7
308.889
308.772
308.906
308.724
308.863
308.747
308.542
308.588
308.225
308.473
308.331
308.438
308.692
308.542
308.588
308.225
308.473
308.692
308.438
308.331
308.361
307.96
308.049
308.049
308.155
308.256
308.155
307.205
307.647
307.567
307.567
307.465
307.465
307.391
307.133
307.542
307.222
307.222
307.349
306.887
307.35
307.854
307.847
308.119
307.764
308.032
307.665
307.951
307.908
307.913
307.993
308.237
307.781
308.102
308.04
307.747
307.747
307.826
307.425
307.62
307.935
307.553
308.015
308.284
308.334
308.245
308.198
308.112
308.147
308.112
308.197
307.852
308.083
308.037
308.266
307.928
308.336
308.516
308.626
308.532
308.383
308.469
308.489
308.274
308.363
308.332
308.569
308.199
308.407
308.431
308.174
308.14
308.368
308.04
308.222
308.324
307.991
307.578
307.657
307.657
307.89
307.444
307.734
307.734
307.615
307.948
307.849
307.849
307.798
307.798
307.702
308.112
308.197
307.852
308.083
308.037
308.266
307.927
308.336
308.516
308.626
308.532
308.489
308.469
308.383
308.274
308.362
308.332
308.569
308.199
308.431
308.407
308.174
308.14
308.368
308.04
308.324
307.991
308.222
309.154
309.219
309.079
309.352
309.183
309.05
309.322
308.893
308.703
308.558
308.584
308.807
308.788
308.665
308.948
308.745
308.871
308.612
308.975
308.843
308.719
308.375
308.595
308.656
308.498
308.569
308.399
308.473
308.217
308.014
308.311
308.343
308.421
308.089
308.142
308.267
308.497
308.362
308.163
308.472
308.138
308.291
308.325
308.605
308.44
308.348
308.518
308.25
308.424
308.375
308.595
308.656
308.498
308.569
308.399
308.473
308.217
308.014
308.311
308.343
308.089
308.421
308.142
308.267
308.497
308.362
308.163
308.138
308.472
308.291
308.325
308.605
308.44
308.348
308.518
308.424
308.25
308.637
308.736
308.586
308.831
308.561
308.805
308.662
308.649
308.62
308.733
308.854
308.573
308.812
308.697
308.587
308.684
308.435
308.675
308.511
308.511
308.754
308.699
308.889
308.906
308.772
308.863
308.724
308.747
308.637
308.736
308.586
308.831
308.561
308.805
308.662
308.649
308.62
308.733
308.854
308.812
308.573
308.697
308.587
308.684
308.435
308.675
308.511
308.754
308.51
308.699
308.889
308.906
308.772
308.863
308.724
308.747
307.855
307.847
308.119
307.764
308.032
307.665
307.952
307.909
307.913
307.993
308.237
308.102
307.782
308.04
307.747
307.747
307.826
307.425
307.935
307.62
307.553
308.015
308.285
308.334
308.245
308.198
308.147
308.113
307.854
307.847
308.119
307.763
308.032
307.664
307.95
307.908
307.913
307.993
308.237
308.102
307.781
308.04
307.747
307.747
307.826
307.425
307.935
307.62
307.553
308.015
308.284
308.334
308.245
308.198
308.147
308.112
307.205
307.647
307.567
307.567
307.465
307.465
307.391
307.133
307.542
307.222
307.222
306.887
307.35
307.349
308.113
308.198
307.852
308.083
308.038
308.267
307.928
308.336
308.517
308.626
308.533
308.469
308.489
308.384
308.274
308.363
308.332
308.569
308.407
308.199
308.431
308.175
308.141
308.368
308.04
308.324
307.991
308.223
308.111
308.197
307.851
308.082
308.036
308.266
307.927
308.336
308.516
308.626
308.532
308.469
308.489
308.383
308.273
308.362
308.332
308.569
308.407
308.198
308.431
308.174
308.14
308.368
308.04
308.324
307.99
308.222
307.578
307.657
307.657
307.89
307.444
307.734
307.734
307.615
307.948
307.849
307.849
307.798
307.798
307.702
308.32
308.254
308.048
308.437
308.442
308.549
308.574
308.727
308.574
308.416
308.592
308.281
308.243
308.074
308.406
308.101
308.255
308.426
308.398
308.738
308.598
308.603
308.32
308.255
308.048
308.437
308.442
308.549
308.574
308.727
308.575
308.416
308.592
308.282
308.243
308.075
308.406
308.101
308.256
308.426
308.398
308.738
308.599
308.604
308.83
308.452
308.637
308.637
309.198
309.509
309.35
309.35
309.009
308.952
308.812
309.158
309.009
308.952
308.812
309.158
308.789
309.002
308.827
308.976
308.755
308.653
308.894
308.835
308.679
308.73
308.913
308.806
308.991
308.805
308.947
308.831
308.78
308.965
308.765
308.846
308.649
308.924
309.415
309.227
309.201
309.443
309.56
309.633
309.725
309.472
309.359
309.065
309.147
309.273
309.619
309.815
309.785
309.648
309.415
309.227
309.201
309.443
309.56
309.633
309.472
309.725
309.359
309.065
309.147
309.273
309.619
309.815
309.648
309.785
307.771
308.065
307.953
307.954
307.764
308.053
307.888
307.888
307.913
307.723
307.913
308.83
308.452
308.637
308.637
309.198
309.509
309.35
309.35
309.009
308.952
308.812
309.158
309.009
308.952
309.158
308.812
308.32
308.255
308.048
308.437
308.442
308.549
308.574
308.727
308.416
308.592
308.575
308.282
308.243
308.075
308.406
308.256
308.101
308.426
308.398
308.738
308.604
308.599
309.415
309.227
309.201
309.443
309.56
309.633
309.725
309.472
309.359
309.065
309.147
309.273
309.619
309.815
309.785
309.648
308.789
309.002
308.827
308.976
308.755
308.653
308.894
308.835
308.679
308.73
308.913
308.806
308.991
308.805
308.947
308.831
308.78
308.965
308.765
308.846
308.649
308.924
309.415
309.227
309.443
309.201
309.56
309.633
309.725
309.472
309.619
309.815
309.648
309.785
309.359
309.065
309.147
309.273
310.077
310.141
310.109
310.109
309.952
309.761
309.855
309.855
310.014
309.947
310.045
309.917
310.014
309.947
309.917
310.045
310.077
310.141
310.109
310.109
309.952
309.761
309.855
309.855
310.014
309.947
310.045
309.917
310.014
309.947
309.917
310.045
310.077
310.141
310.109
310.109
309.952
309.761
309.855
309.855
310.014
309.947
310.045
309.917
310.014
309.947
310.045
309.917
308.789
309.002
308.976
308.827
308.755
308.653
308.894
308.835
308.913
308.73
308.679
308.806
308.991
308.947
308.805
308.965
308.78
308.831
308.765
308.846
308.924
308.649
309.415
309.227
309.443
309.201
309.56
309.633
309.472
309.725
309.619
309.815
309.648
309.785
309.359
309.065
309.273
309.147
308.789
309.002
308.827
308.976
308.755
308.653
308.894
308.835
308.73
308.913
308.679
308.806
308.991
308.805
308.947
308.78
308.831
308.965
308.765
308.846
308.924
308.649
308.83
308.452
308.637
308.637
309.198
309.509
309.35
309.35
309.009
308.952
308.812
309.158
309.009
308.952
309.158
308.812
307.771
308.065
307.953
307.953
307.764
308.053
307.888
307.888
307.913
307.723
307.913
308.32
308.255
308.437
308.048
308.442
308.549
308.574
308.727
308.416
308.592
308.575
308.281
308.243
308.406
308.075
308.255
308.426
308.101
308.398
308.738
308.603
308.599
309.415
309.227
309.443
309.201
309.56
309.633
309.472
309.725
309.619
309.815
309.648
309.785
309.359
309.065
309.273
309.147
308.789
309.002
308.976
308.827
308.755
308.653
308.894
308.835
308.913
308.73
308.679
308.806
308.991
308.947
308.805
308.965
308.78
308.831
308.765
308.846
308.924
308.649
308.789
309.002
308.976
308.827
308.755
308.653
308.894
308.835
308.73
308.913
308.679
308.806
308.991
308.947
308.805
308.78
308.965
308.831
308.765
308.846
308.924
308.649
308.32
308.255
308.437
308.048
308.442
308.549
308.574
308.727
308.592
308.416
308.575
308.282
308.243
308.406
308.075
308.426
308.256
308.101
308.398
308.738
308.604
308.599
308.32
308.254
308.437
308.048
308.442
308.549
308.574
308.727
308.592
308.416
308.575
308.281
308.243
308.406
308.074
308.426
308.255
308.101
308.398
308.738
308.603
308.598
307.771
308.065
307.954
307.953
307.764
308.053
307.888
307.888
307.723
307.913
307.913
308.726
308.868
308.855
308.855
308.796
308.796
308.785
308.91
308.93
308.917
309.043
308.857
308.984
308.97
308.91
308.93
308.917
309.043
308.857
308.984
308.97
308.726
308.868
308.855
308.855
308.796
308.796
308.785
308.91
308.93
308.917
309.043
308.857
308.984
308.97
308.91
308.93
309.043
308.917
308.984
308.857
308.97
309.103
308.993
309.107
309.107
309.162
309.047
309.047
309.103
308.993
309.107
309.107
309.047
309.047
309.162
309.103
308.993
309.107
309.107
309.047
309.047
309.162
309.103
308.993
309.107
309.107
309.047
309.047
309.162
308.91
308.93
308.917
309.043
308.97
308.857
308.984
308.91
308.93
309.043
308.917
308.984
308.857
308.97
308.726
308.868
308.855
308.855
308.796
308.796
308.785
308.91
308.93
309.043
308.917
308.97
308.984
308.857
308.91
308.93
309.043
308.917
308.984
308.857
308.97
308.726
308.868
308.855
308.855
308.785
308.796
308.796
307.155
307.377
307.329
307.329
307.223
307.263
307.263
307.88
308.004
308.065
308.066
308.004
307.939
307.944
307.469
307.483
307.433
307.649
307.368
307.586
307.533
307.88
308.004
308.065
308.066
308.004
307.939
307.944
307.469
307.483
307.433
307.649
307.368
307.586
307.534
308.242
308.367
308.187
308.187
308.125
308.306
308.303
308.242
308.367
308.187
308.187
308.125
308.306
308.303
307.805
307.593
307.76
307.76
307.697
307.697
307.866
308.036
308.056
308.118
308.227
308.101
307.991
308.164
308.162
308.299
308.233
308.356
308.227
308.168
308.293
308.036
308.056
308.118
308.227
308.164
307.991
308.101
308.162
308.299
308.233
308.356
308.168
308.293
308.227
308.411
308.423
308.242
308.351
308.362
308.289
308.472
309.06
309.194
309.143
309.127
309.067
309.135
309.119
308.546
308.428
308.483
308.613
308.421
308.552
308.607
308.411
308.423
308.242
308.351
308.289
308.362
308.472
309.06
309.194
309.143
309.127
309.067
309.135
309.119
308.546
308.428
308.483
308.613
308.421
308.552
308.607
307.88
308.004
308.065
308.066
307.944
307.939
308.004
307.469
307.483
307.433
307.649
307.533
307.368
307.586
307.155
307.377
307.329
307.329
307.263
307.263
307.223
308.242
308.367
308.187
308.187
308.306
308.125
308.303
308.242
308.367
308.187
308.187
308.125
308.306
308.303
307.805
307.593
307.76
307.76
307.697
307.697
307.866
307.88
308.004
308.065
308.066
308.004
307.939
307.944
307.469
307.483
307.433
307.649
307.368
307.586
307.534
308.036
308.056
308.118
308.227
308.101
307.991
308.164
308.162
308.299
308.356
308.233
308.227
308.293
308.168
308.411
308.423
308.242
308.351
308.362
308.29
308.472
309.06
309.194
309.143
309.127
309.067
309.135
309.119
308.546
308.428
308.483
308.613
308.421
308.552
308.607
308.036
308.056
308.118
308.227
308.164
307.991
308.101
308.162
308.299
308.233
308.356
308.168
308.293
308.227
309.06
309.194
309.143
309.127
309.067
309.135
309.119
308.411
308.423
308.242
308.351
308.29
308.362
308.472
308.546
308.428
308.613
308.483
308.552
308.421
308.607
309.258
309.26
309.208
309.325
309.317
309.201
309.265
309.258
309.26
309.208
309.325
309.317
309.201
309.265
309.418
309.433
309.485
309.485
309.477
309.425
309.425
309.258
309.26
309.208
309.325
309.201
309.265
309.317
309.258
309.26
309.208
309.325
309.265
309.201
309.317
309.418
309.433
309.485
309.485
309.425
309.425
309.477
309.258
309.26
309.208
309.325
309.201
309.265
309.317
309.258
309.26
309.208
309.325
309.265
309.201
309.317
309.418
309.433
309.485
309.485
309.425
309.425
309.477
309.258
309.26
309.208
309.325
309.265
309.201
309.317
309.258
309.26
309.208
309.325
309.265
309.201
309.317
309.418
309.433
309.485
309.485
309.425
309.425
309.477
308.411
308.423
308.242
308.351
308.472
308.362
308.29
309.06
309.194
309.143
309.127
309.119
309.135
309.067
308.546
308.428
308.483
308.613
308.607
308.421
308.552
308.036
308.056
308.118
308.227
307.991
308.164
308.101
308.162
308.299
308.356
308.233
308.293
308.168
308.227
309.06
309.194
309.143
309.127
309.135
309.067
309.119
308.411
308.423
308.242
308.351
308.29
308.362
308.472
308.546
308.428
308.613
308.483
308.552
308.421
308.607
308.036
308.056
308.118
308.227
308.164
307.991
308.101
308.162
308.299
308.233
308.356
308.168
308.293
308.227
307.88
308.004
308.065
308.066
307.944
307.939
308.004
307.469
307.483
307.649
307.433
307.534
307.586
307.368
308.242
308.367
308.187
308.187
308.306
308.125
308.303
308.242
308.367
308.187
308.187
308.125
308.306
308.303
307.805
307.593
307.76
307.76
307.697
307.697
307.866
307.155
307.377
307.329
307.329
307.263
307.263
307.223
307.88
308.004
308.065
308.066
308.004
307.939
307.944
307.469
307.483
307.649
307.433
307.586
307.368
307.534
309.06
309.194
309.143
309.127
309.119
309.135
309.067
308.411
308.423
308.242
308.351
308.472
308.362
308.29
308.546
308.428
308.613
308.483
308.607
308.552
308.421
309.06
309.194
309.143
309.127
309.135
309.067
309.119
308.411
308.423
308.242
308.351
308.29
308.362
308.472
308.546
308.428
308.613
308.483
308.552
308.421
308.607
308.036
308.056
308.118
308.227
307.991
308.164
308.101
308.162
308.299
308.356
308.233
308.293
308.168
308.227
308.036
308.056
308.118
308.227
308.164
307.991
308.101
308.162
308.299
308.356
308.233
308.293
308.168
308.227
308.242
308.367
308.187
308.187
308.303
308.306
308.125
308.242
308.367
308.187
308.187
308.303
308.306
308.125
307.805
307.593
307.76
307.76
307.866
307.697
307.697
307.88
308.004
308.065
308.066
307.939
308.004
307.944
307.469
307.483
307.649
307.433
307.586
307.368
307.534
307.88
308.004
308.065
308.066
307.939
308.004
307.944
307.469
307.483
307.649
307.433
307.586
307.368
307.534
307.155
307.377
307.329
307.329
307.263
307.263
307.223
308.646
308.775
308.625
308.617
308.715
308.705
308.557
308.646
308.775
308.625
308.617
308.715
308.705
308.557
308.568
308.394
308.54
308.54
308.627
308.48
308.48
308.828
308.835
308.684
308.795
308.776
308.888
308.736
308.956
309.089
309.068
309.053
309.03
309.016
308.993
308.873
308.816
308.839
308.969
308.932
308.78
308.909
308.828
308.835
308.684
308.795
308.776
308.888
308.736
308.956
309.089
309.068
309.053
309.03
309.016
308.993
308.873
308.816
308.839
308.969
308.932
308.78
308.909
308.646
308.775
308.625
308.617
308.715
308.705
308.557
308.646
308.775
308.625
308.617
308.715
308.705
308.557
308.568
308.394
308.54
308.54
308.627
308.48
308.48
308.828
308.835
308.684
308.795
308.776
308.888
308.736
308.956
309.089
309.068
309.053
309.03
309.016
308.993
308.873
308.816
308.839
308.969
308.932
308.78
308.909
308.956
309.089
309.068
309.053
309.03
309.016
308.993
308.828
308.835
308.684
308.795
308.776
308.888
308.736
308.873
308.816
308.969
308.839
308.932
308.909
308.78
309.15
309.154
309.248
309.132
309.209
309.094
309.189
309.15
309.154
309.248
309.132
309.209
309.094
309.189
309.198
309.277
309.297
309.297
309.257
309.237
309.237
309.15
309.154
309.132
309.248
309.094
309.209
309.189
309.15
309.154
309.132
309.248
309.094
309.209
309.189
309.198
309.277
309.297
309.297
309.257
309.237
309.237
309.15
309.154
309.132
309.248
309.094
309.209
309.189
309.15
309.154
309.132
309.248
309.094
309.209
309.189
309.198
309.277
309.297
309.297
309.257
309.237
309.237
309.15
309.154
309.132
309.248
309.094
309.209
309.189
309.15
309.154
309.132
309.248
309.094
309.209
309.189
309.198
309.277
309.297
309.297
309.257
309.237
309.237
308.828
308.835
308.795
308.684
308.888
308.776
308.736
308.956
309.089
309.053
309.068
309.016
309.03
308.993
308.873
308.816
308.839
308.969
308.932
308.78
308.909
308.956
309.089
309.068
309.053
309.03
309.016
308.993
308.828
308.835
308.684
308.795
308.776
308.888
308.736
308.873
308.816
308.969
308.839
308.932
308.909
308.78
308.646
308.775
308.625
308.617
308.715
308.705
308.557
308.646
308.775
308.625
308.617
308.715
308.705
308.557
308.568
308.394
308.54
308.54
308.627
308.48
308.48
308.956
309.089
309.053
309.068
309.016
309.03
308.993
308.828
308.835
308.795
308.684
308.888
308.776
308.736
308.873
308.816
308.969
308.839
308.932
308.909
308.78
308.956
309.089
309.068
309.053
309.03
309.016
308.993
308.828
308.835
308.684
308.795
308.776
308.888
308.736
308.873
308.816
308.969
308.839
308.932
308.909
308.78
308.646
308.775
308.617
308.625
308.705
308.715
308.557
308.646
308.775
308.617
308.625
308.705
308.715
308.557
308.568
308.394
308.54
308.54
308.627
308.48
308.48
307.4
307.284
307.284
307.271
307.345
307.345
307.345
307.453
307.333
307.453
307.453
307.4
307.4
307.502
307.225
307.057
307.222
307.222
307.287
307.154
307.154
307.161
306.975
307.01
307.01
307.085
307.085
307.094
307.85
307.806
307.806
307.775
307.844
307.809
307.809
307.917
307.87
307.985
307.956
307.913
307.874
307.991
307.917
307.871
307.985
307.956
307.913
307.874
307.991
307.828
307.754
307.8
307.8
307.838
307.791
307.791
307.814
307.741
307.762
307.762
307.779
307.779
307.798
308.854
308.809
308.832
308.793
308.849
308.812
308.836
308.867
308.821
308.868
308.831
308.862
308.825
308.873
308.779
308.732
308.804
308.768
308.809
308.775
308.736
308.738
308.695
308.692
308.653
308.733
308.698
308.696
308.278
308.232
308.352
308.323
308.275
308.236
308.358
308.181
308.144
308.091
308.052
308.175
308.147
308.094
308.513
308.473
308.441
308.402
308.445
308.508
308.476
308.585
308.538
308.634
308.602
308.581
308.542
308.64
308.854
308.832
308.809
308.793
308.849
308.836
308.812
308.867
308.821
308.868
308.831
308.862
308.825
308.873
308.779
308.732
308.804
308.769
308.809
308.775
308.737
308.738
308.695
308.692
308.653
308.733
308.699
308.696
308.278
308.352
308.232
308.323
308.275
308.358
308.237
308.181
308.144
308.091
308.053
308.175
308.147
308.094
308.513
308.473
308.441
308.402
308.445
308.508
308.476
308.585
308.538
308.635
308.602
308.581
308.542
308.64
307.043
307.211
307.037
307.062
307.112
306.961
307.143
307.043
307.211
307.037
307.062
307.112
306.961
307.144
306.952
306.69
306.934
306.934
307.024
306.854
306.854
307.756
307.882
307.728
307.747
307.671
307.814
307.824
307.813
307.998
307.859
307.803
307.738
307.936
307.877
307.69
307.533
307.682
307.684
307.606
307.617
307.758
307.348
307.315
307.165
307.342
307.247
307.266
307.415
307.565
307.745
307.774
307.72
307.655
307.683
307.63
307.446
307.453
307.439
307.603
307.364
307.536
307.514
307.756
307.882
307.728
307.747
307.671
307.814
307.824
307.813
307.998
307.859
307.803
307.738
307.936
307.877
307.691
307.534
307.683
307.685
307.606
307.617
307.758
307.348
307.315
307.166
307.342
307.247
307.266
307.416
307.566
307.745
307.774
307.72
307.655
307.683
307.63
307.447
307.454
307.44
307.604
307.365
307.536
307.514
308.354
308.479
308.526
308.519
308.459
308.419
308.414
308.171
308.117
307.977
308.151
308.055
308.09
308.232
308.28
308.299
308.443
308.258
308.383
308.198
308.34
308.354
308.479
308.526
308.519
308.459
308.419
308.414
308.171
308.117
307.977
308.151
308.055
308.09
308.232
308.28
308.299
308.443
308.258
308.383
308.198
308.34
307.905
307.858
307.889
308.062
307.796
308.001
307.966
307.905
307.858
307.889
308.062
307.796
308.001
307.966
308.009
308.207
308.167
308.167
308.107
308.107
308.07
307.909
307.933
307.899
307.779
307.822
307.977
307.865
308.074
308.266
308.171
308.235
308.139
308.106
308.203
307.947
307.89
307.936
308.046
307.859
308.015
307.978
308.033
308.107
308.021
307.95
308.101
307.944
308.039
308.15
308.343
308.196
308.261
308.215
308.131
308.28
308.021
307.914
308.009
308.07
308.089
307.932
308.002
307.909
307.933
307.779
307.899
307.822
307.865
307.977
308.074
308.266
308.235
308.171
308.106
308.203
308.139
307.947
307.89
307.936
308.046
307.859
307.978
308.015
308.033
308.107
307.95
308.021
308.039
307.944
308.101
308.15
308.343
308.261
308.196
308.131
308.28
308.215
308.021
307.914
308.009
308.07
307.932
308.002
308.089
308.525
308.536
308.583
308.694
308.634
308.476
308.585
308.451
308.391
308.362
308.546
308.329
308.485
308.512
308.568
308.713
308.737
308.662
308.677
308.602
308.628
309.045
309.179
309.098
309.082
309.023
309.12
309.104
308.975
309.041
308.887
308.939
308.88
308.982
309.034
308.96
308.844
308.998
308.925
308.938
308.865
309.02
308.532
308.47
308.389
308.573
308.408
308.512
308.593
308.663
308.73
308.782
308.835
308.775
308.67
308.724
308.65
308.74
308.689
308.821
308.629
308.761
308.71
308.525
308.536
308.583
308.694
308.634
308.476
308.585
308.451
308.391
308.362
308.546
308.329
308.485
308.512
308.568
308.713
308.737
308.662
308.677
308.602
308.628
309.045
309.179
309.098
309.082
309.023
309.12
309.104
308.975
309.041
308.887
308.939
308.982
308.88
309.034
308.96
308.844
308.998
308.925
308.938
308.865
309.02
308.532
308.47
308.389
308.573
308.408
308.512
308.593
308.663
308.73
308.782
308.835
308.67
308.775
308.724
308.65
308.74
308.689
308.821
308.629
308.761
308.71
307.756
307.882
307.747
307.728
307.671
307.824
307.814
307.813
307.998
307.803
307.859
307.877
307.738
307.936
307.69
307.533
307.682
307.684
307.606
307.758
307.617
307.348
307.315
307.342
307.165
307.415
307.266
307.247
307.565
307.745
307.72
307.774
307.63
307.655
307.683
307.446
307.453
307.439
307.603
307.514
307.364
307.536
307.043
307.211
307.062
307.037
307.143
306.961
307.112
307.043
307.211
307.062
307.037
306.961
307.144
307.112
306.952
306.69
306.934
306.934
306.854
306.854
307.024
308.354
308.479
308.526
308.519
308.459
308.419
308.414
308.171
308.117
307.977
308.151
308.055
308.09
308.232
308.28
308.299
308.443
308.258
308.383
308.198
308.34
308.354
308.479
308.526
308.519
308.459
308.419
308.414
308.171
308.117
307.977
308.151
308.09
308.055
308.232
308.28
308.299
308.443
308.258
308.383
308.198
308.34
307.905
307.858
307.889
308.062
307.796
308.001
307.966
307.905
307.858
307.889
308.062
308.001
307.796
307.966
308.009
308.207
308.167
308.167
308.107
308.107
308.07
307.756
307.882
307.728
307.747
307.671
307.814
307.824
307.813
307.998
307.859
307.803
307.936
307.738
307.877
307.691
307.534
307.683
307.685
307.606
307.617
307.758
307.348
307.315
307.166
307.342
307.247
307.266
307.416
307.566
307.745
307.774
307.72
307.683
307.655
307.63
307.447
307.454
307.44
307.604
307.365
307.536
307.514
307.909
307.933
307.899
307.779
307.822
307.977
307.865
308.074
308.266
308.171
308.235
308.139
308.106
308.203
307.947
307.89
307.936
308.046
307.859
308.015
307.978
308.15
308.343
308.196
308.261
308.215
308.131
308.28
308.033
308.107
308.021
307.95
308.101
307.944
308.039
308.021
307.914
308.07
308.009
308.089
308.002
307.932
308.525
308.536
308.583
308.694
308.634
308.476
308.585
308.452
308.391
308.362
308.546
308.329
308.485
308.512
308.568
308.713
308.737
308.662
308.677
308.602
308.628
309.045
309.179
309.098
309.082
309.023
309.12
309.104
308.975
309.041
308.887
308.939
308.88
308.982
309.034
308.96
308.844
308.998
308.925
308.938
308.866
309.02
308.532
308.47
308.389
308.573
308.408
308.512
308.593
308.663
308.73
308.782
308.835
308.775
308.67
308.724
308.65
308.74
308.69
308.821
308.629
308.761
308.71
307.909
307.933
307.779
307.899
307.822
307.865
307.977
308.074
308.266
308.235
308.171
308.106
308.203
308.139
307.947
307.89
307.936
308.046
307.859
307.978
308.015
308.033
308.107
307.95
308.021
308.039
307.944
308.101
308.15
308.343
308.261
308.196
308.131
308.28
308.215
308.021
307.914
308.009
308.07
307.932
308.002
308.089
309.045
309.179
309.098
309.082
309.023
309.12
309.104
308.975
309.041
308.887
308.939
308.982
308.88
309.034
308.96
308.844
308.998
308.925
308.938
308.866
309.02
308.525
308.536
308.583
308.694
308.634
308.476
308.585
308.452
308.391
308.362
308.546
308.329
308.485
308.512
308.568
308.713
308.737
308.662
308.677
308.602
308.628
308.663
308.73
308.782
308.835
308.67
308.775
308.724
308.532
308.47
308.389
308.573
308.408
308.512
308.593
308.65
308.74
308.821
308.689
308.761
308.629
308.71
309.242
309.245
309.279
309.163
309.219
309.302
309.185
309.306
309.374
309.406
309.354
309.366
309.347
309.314
309.291
309.308
309.327
309.391
309.268
309.351
309.331
309.242
309.245
309.279
309.163
309.219
309.302
309.185
309.306
309.374
309.406
309.354
309.366
309.347
309.314
309.291
309.308
309.327
309.391
309.268
309.351
309.331
309.402
309.469
309.438
309.386
309.461
309.378
309.41
309.402
309.469
309.438
309.386
309.461
309.378
309.41
309.386
309.339
309.422
309.422
309.446
309.362
309.362
309.242
309.245
309.163
309.279
309.219
309.185
309.302
309.306
309.374
309.354
309.406
309.314
309.347
309.366
309.291
309.308
309.327
309.391
309.268
309.331
309.351
309.242
309.245
309.163
309.279
309.219
309.185
309.302
309.306
309.374
309.354
309.406
309.347
309.314
309.366
309.291
309.308
309.327
309.391
309.268
309.331
309.351
309.402
309.469
309.386
309.438
309.41
309.378
309.461
309.402
309.469
309.386
309.438
309.378
309.41
309.461
309.386
309.339
309.422
309.422
309.362
309.362
309.446
309.242
309.245
309.163
309.279
309.219
309.185
309.302
309.306
309.374
309.354
309.406
309.314
309.347
309.366
309.291
309.308
309.327
309.391
309.268
309.331
309.351
309.242
309.245
309.163
309.279
309.219
309.185
309.302
309.306
309.374
309.354
309.406
309.347
309.314
309.366
309.291
309.308
309.327
309.391
309.268
309.331
309.351
309.402
309.469
309.386
309.438
309.41
309.378
309.461
309.402
309.469
309.386
309.438
309.378
309.41
309.461
309.386
309.339
309.422
309.422
309.362
309.362
309.446
309.242
309.245
309.163
309.279
309.219
309.185
309.302
309.306
309.374
309.354
309.406
309.314
309.347
309.366
309.291
309.308
309.327
309.391
309.268
309.331
309.351
309.242
309.245
309.163
309.279
309.219
309.185
309.302
309.306
309.374
309.354
309.406
309.314
309.347
309.366
309.291
309.308
309.327
309.391
309.268
309.331
309.351
309.402
309.469
309.386
309.438
309.41
309.378
309.461
309.402
309.469
309.386
309.438
309.41
309.378
309.461
309.386
309.339
309.422
309.422
309.362
309.362
309.446
308.525
308.536
308.694
308.583
308.634
308.585
308.476
308.452
308.391
308.546
308.362
308.512
308.485
308.329
308.568
308.713
308.737
308.662
308.677
308.628
308.602
309.045
309.179
309.082
309.098
309.023
309.104
309.12
308.975
309.041
308.939
308.887
309.034
308.88
308.982
308.96
308.844
308.998
308.925
308.938
309.02
308.866
308.532
308.47
308.573
308.389
308.593
308.512
308.408
308.663
308.73
308.835
308.782
308.724
308.775
308.67
308.65
308.74
308.69
308.821
308.71
308.629
308.761
307.909
307.933
307.779
307.899
307.822
307.865
307.977
308.074
308.266
308.235
308.171
308.203
308.106
308.139
307.947
307.89
307.936
308.046
307.859
307.978
308.015
308.15
308.343
308.261
308.196
308.28
308.131
308.215
308.033
308.107
307.95
308.021
307.944
308.039
308.101
308.021
307.914
308.07
308.009
308.002
307.932
308.089
309.045
309.179
309.098
309.082
309.023
309.12
309.104
308.975
309.041
308.887
308.939
308.982
308.88
309.034
308.96
308.844
308.998
308.925
308.938
308.866
309.02
308.525
308.536
308.583
308.694
308.634
308.476
308.585
308.452
308.391
308.362
308.546
308.485
308.329
308.512
308.568
308.713
308.737
308.662
308.677
308.602
308.628
308.663
308.73
308.782
308.835
308.67
308.775
308.724
308.532
308.47
308.389
308.573
308.512
308.408
308.593
308.65
308.74
308.821
308.69
308.761
308.629
308.71
307.909
307.933
307.779
307.899
307.822
307.865
307.977
308.074
308.266
308.235
308.171
308.203
308.106
308.139
307.947
307.89
307.936
308.046
307.859
307.978
308.015
308.033
308.107
307.95
308.021
308.039
307.944
308.101
308.15
308.343
308.261
308.196
308.28
308.131
308.215
308.021
307.914
308.009
308.07
307.932
308.002
308.089
307.756
307.882
307.747
307.728
307.671
307.824
307.814
307.813
307.998
307.803
307.859
307.877
307.738
307.936
307.69
307.534
307.682
307.684
307.606
307.758
307.617
307.565
307.745
307.72
307.774
307.63
307.655
307.683
307.348
307.315
307.342
307.165
307.415
307.266
307.247
307.447
307.453
307.603
307.44
307.514
307.536
307.365
308.354
308.479
308.526
308.519
308.459
308.419
308.414
308.171
308.117
307.977
308.151
308.055
308.09
308.232
308.28
308.299
308.443
308.258
308.383
308.198
308.34
308.354
308.479
308.526
308.519
308.459
308.419
308.414
308.171
308.117
307.977
308.151
308.09
308.055
308.232
308.28
308.299
308.443
308.258
308.383
308.198
308.34
307.905
307.858
307.889
308.062
307.796
308.001
307.966
307.905
307.858
307.889
308.062
308.001
307.796
307.966
308.009
308.207
308.167
308.167
308.107
308.107
308.07
307.043
307.211
307.062
307.037
307.143
306.961
307.112
307.043
307.211
307.062
307.037
306.961
307.143
307.112
306.952
306.69
306.934
306.934
306.854
306.854
307.024
307.756
307.882
307.728
307.747
307.671
307.814
307.824
307.813
307.998
307.859
307.803
307.936
307.738
307.877
307.69
307.534
307.682
307.684
307.606
307.617
307.758
307.565
307.745
307.774
307.72
307.683
307.655
307.63
307.348
307.315
307.166
307.342
307.247
307.266
307.415
307.447
307.454
307.603
307.44
307.536
307.365
307.514
309.045
309.179
309.082
309.098
309.023
309.104
309.12
308.975
309.041
308.939
308.887
309.034
308.88
308.982
308.96
308.844
308.998
308.925
308.938
309.02
308.866
308.525
308.536
308.694
308.583
308.634
308.585
308.476
308.452
308.391
308.546
308.362
308.512
308.485
308.329
308.568
308.713
308.737
308.662
308.677
308.628
308.602
308.663
308.73
308.835
308.782
308.724
308.775
308.67
308.532
308.47
308.573
308.389
308.593
308.512
308.408
308.65
308.74
308.821
308.689
308.71
308.761
308.629
309.045
309.179
309.098
309.082
309.023
309.12
309.104
308.975
309.041
308.887
308.939
308.982
308.88
309.034
308.96
308.844
308.998
308.925
308.938
308.865
309.02
308.525
308.536
308.583
308.694
308.634
308.476
308.585
308.452
308.391
308.362
308.546
308.485
308.329
308.512
308.568
308.713
308.737
308.662
308.677
308.602
308.628
308.663
308.73
308.782
308.835
308.67
308.775
308.724
308.532
308.47
308.389
308.573
308.512
308.408
308.593
308.65
308.74
308.821
308.689
308.761
308.629
308.71
307.909
307.933
307.779
307.899
307.822
307.865
307.977
308.074
308.266
308.235
308.171
308.203
308.106
308.139
307.947
307.89
307.936
308.046
307.859
307.978
308.015
308.15
308.343
308.261
308.196
308.28
308.131
308.215
308.033
308.107
307.95
308.021
307.944
308.039
308.101
308.021
307.914
308.07
308.009
308.002
307.932
308.089
307.909
307.933
307.779
307.899
307.822
307.865
307.977
308.074
308.266
308.235
308.171
308.203
308.106
308.139
307.947
307.89
307.936
308.046
307.859
307.978
308.015
308.15
308.343
308.261
308.196
308.28
308.131
308.215
308.033
308.107
307.95
308.021
308.039
307.944
308.101
308.021
307.914
308.07
308.009
308.002
307.932
308.089
308.354
308.479
308.519
308.526
308.459
308.414
308.419
308.171
308.117
308.151
307.977
308.232
308.09
308.055
308.28
308.299
308.443
308.258
308.383
308.34
308.198
308.354
308.479
308.519
308.526
308.459
308.414
308.419
308.171
308.117
308.151
307.977
308.232
308.09
308.055
308.28
308.299
308.443
308.258
308.383
308.34
308.198
307.905
307.858
308.062
307.889
307.966
308.001
307.796
307.905
307.858
308.062
307.889
307.966
308.001
307.796
308.009
308.207
308.167
308.167
308.07
308.107
308.107
307.756
307.882
307.728
307.747
307.671
307.814
307.824
307.813
307.998
307.859
307.803
307.936
307.738
307.877
307.691
307.534
307.683
307.685
307.606
307.617
307.758
307.566
307.745
307.774
307.72
307.683
307.655
307.63
307.348
307.315
307.166
307.342
307.266
307.247
307.416
307.447
307.454
307.604
307.44
307.536
307.365
307.514
307.756
307.882
307.728
307.747
307.671
307.814
307.824
307.813
307.998
307.859
307.803
307.936
307.738
307.877
307.69
307.533
307.682
307.684
307.606
307.617
307.758
307.565
307.745
307.774
307.72
307.683
307.655
307.63
307.348
307.315
307.165
307.342
307.266
307.247
307.415
307.446
307.453
307.603
307.439
307.536
307.364
307.514
307.043
307.211
307.062
307.037
307.144
306.961
307.112
307.043
307.211
307.062
307.037
307.143
306.961
307.112
306.952
306.69
306.934
306.934
306.854
306.854
307.024
307.63
307.538
307.626
307.626
307.587
307.587
307.666
307.59
307.493
307.501
307.501
307.548
307.546
307.546
307.729
307.648
307.66
307.66
307.699
307.691
307.691
307.755
307.677
307.742
307.742
307.778
307.718
307.718
307.4
307.284
307.284
307.271
307.345
307.345
307.345
307.453
307.333
307.453
307.453
307.4
307.4
307.502
307.225
307.222
307.057
307.222
307.287
307.154
307.154
307.161
306.975
307.01
307.01
307.094
307.085
307.085
307.63
307.538
307.626
307.626
307.587
307.587
307.666
307.59
307.493
307.501
307.501
307.548
307.546
307.546
307.729
307.66
307.66
307.648
307.699
307.691
307.691
307.755
307.677
307.742
307.742
307.718
307.718
307.778
307.4
307.284
307.284
307.271
307.345
307.345
307.345
307.453
307.333
307.453
307.453
307.4
307.4
307.502
307.225
307.222
307.057
307.222
307.287
307.154
307.154
307.161
306.975
307.01
307.01
307.094
307.085
307.085
307.63
307.538
307.626
307.626
307.587
307.587
307.666
307.59
307.493
307.501
307.501
307.548
307.546
307.546
307.729
307.66
307.66
307.648
307.699
307.691
307.691
307.755
307.677
307.742
307.742
307.718
307.718
307.778
307.4
307.284
307.284
307.271
307.345
307.345
307.345
307.453
307.333
307.453
307.453
307.4
307.4
307.502
307.225
307.057
307.222
307.222
307.287
307.154
307.154
307.161
306.975
307.01
307.01
307.094
307.085
307.085
307.63
307.538
307.626
307.626
307.587
307.587
307.666
307.59
307.493
307.501
307.501
307.548
307.546
307.546
307.729
307.66
307.66
307.648
307.699
307.691
307.691
307.755
307.677
307.742
307.742
307.718
307.718
307.778
308.278
308.232
308.352
308.323
308.275
308.236
308.358
308.181
308.144
308.091
308.052
308.094
308.175
308.147
308.513
308.473
308.441
308.402
308.445
308.508
308.476
308.585
308.538
308.634
308.602
308.64
308.581
308.542
308.278
308.232
308.352
308.323
308.275
308.237
308.358
308.181
308.144
308.091
308.053
308.094
308.175
308.147
308.514
308.473
308.441
308.402
308.445
308.508
308.476
308.585
308.538
308.635
308.602
308.64
308.581
308.542
308.854
308.809
308.832
308.793
308.849
308.812
308.836
308.867
308.821
308.868
308.831
308.873
308.862
308.825
308.779
308.732
308.804
308.768
308.809
308.775
308.736
308.738
308.695
308.692
308.653
308.696
308.733
308.698
307.85
307.806
307.806
307.775
307.844
307.809
307.809
307.917
307.87
307.985
307.956
307.991
307.913
307.874
307.917
307.871
307.985
307.956
307.913
307.874
307.991
307.828
307.8
307.754
307.8
307.838
307.791
307.791
307.814
307.741
307.762
307.762
307.798
307.779
307.779
308.278
308.232
308.352
308.323
308.275
308.237
308.358
308.181
308.144
308.091
308.053
308.094
308.175
308.147
308.514
308.441
308.402
308.473
308.445
308.508
308.476
308.585
308.538
308.635
308.602
308.581
308.542
308.64
308.854
308.809
308.832
308.793
308.849
308.812
308.836
308.867
308.821
308.868
308.831
308.873
308.862
308.825
308.779
308.732
308.804
308.769
308.809
308.775
308.737
308.738
308.695
308.692
308.653
308.696
308.733
308.699
308.854
308.832
308.809
308.793
308.849
308.836
308.812
308.867
308.821
308.868
308.831
308.863
308.825
308.873
308.779
308.804
308.732
308.769
308.809
308.775
308.737
308.738
308.695
308.692
308.653
308.696
308.733
308.699
308.854
308.809
308.832
308.793
308.849
308.812
308.836
308.867
308.821
308.868
308.831
308.873
308.863
308.825
308.779
308.804
308.769
308.732
308.809
308.775
308.737
308.738
308.695
308.692
308.653
308.733
308.699
308.696
307.85
307.806
307.806
307.775
307.844
307.809
307.809
307.917
307.87
307.985
307.956
307.991
307.913
307.874
307.917
307.87
307.985
307.956
307.913
307.874
307.991
307.828
307.8
307.754
307.8
307.838
307.791
307.791
307.814
307.741
307.762
307.762
307.798
307.779
307.779
308.278
308.352
308.232
308.323
308.275
308.358
308.237
308.181
308.144
308.091
308.053
308.094
308.175
308.147
308.513
308.441
308.402
308.473
308.445
308.508
308.476
308.585
308.538
308.635
308.602
308.581
308.542
308.64
308.854
308.832
308.809
308.793
308.849
308.836
308.812
308.867
308.821
308.868
308.831
308.862
308.825
308.873
308.779
308.804
308.732
308.768
308.809
308.775
308.736
308.738
308.695
308.692
308.653
308.696
308.733
308.699
308.854
308.832
308.809
308.793
308.849
308.836
308.812
308.867
308.821
308.868
308.831
308.873
308.862
308.825
308.779
308.804
308.768
308.732
308.809
308.775
308.736
308.738
308.695
308.692
308.653
308.733
308.698
308.696
308.278
308.352
308.232
308.323
308.275
308.358
308.237
308.181
308.144
308.091
308.053
308.175
308.147
308.094
308.514
308.441
308.473
308.402
308.445
308.508
308.476
308.585
308.538
308.635
308.602
308.64
308.581
308.542
308.278
308.352
308.232
308.323
308.275
308.358
308.236
308.181
308.144
308.091
308.052
308.175
308.147
308.094
308.513
308.441
308.473
308.402
308.445
308.508
308.476
308.585
308.538
308.634
308.602
308.64
308.581
308.542
307.85
307.806
307.806
307.775
307.844
307.809
307.809
307.917
307.871
307.985
307.956
307.991
307.913
307.874
307.917
307.87
307.985
307.956
307.991
307.913
307.874
307.828
307.754
307.8
307.8
307.838
307.791
307.791
307.814
307.741
307.762
307.762
307.798
307.779
307.779
309.942
309.689
309.916
309.916
309.814
309.814
310.044
309.942
309.689
309.916
309.916
309.814
309.814
310.044
309.942
309.689
309.916
309.916
309.814
309.814
310.044
309.942
309.689
309.916
309.916
309.814
309.814
310.044
)
;

boundaryField
{
    chip
    {
        type            zeroGradient;
    }
    chip_to_dbc_cu_top
    {
        type            compressible::turbulentTemperatureRadCoupledMixed;
        refValue        nonuniform List<scalar> 
1600
(
306.417
306.56
306.488
306.488
306.599
306.62
306.547
306.673
306.599
306.62
306.547
306.673
306.417
306.56
306.488
306.488
306.599
306.62
306.547
306.673
306.599
306.62
306.673
306.547
306.789
306.681
306.735
306.735
306.789
306.681
306.735
306.735
306.789
306.681
306.735
306.735
306.789
306.681
306.735
306.735
306.599
306.62
306.547
306.673
306.599
306.62
306.673
306.547
306.417
306.56
306.488
306.488
306.599
306.62
306.673
306.547
306.599
306.62
306.673
306.547
306.417
306.56
306.488
306.488
304.544
304.882
304.708
304.708
305.372
305.635
305.576
305.429
304.946
305.01
304.831
305.132
305.372
305.635
305.576
305.429
304.946
305.01
304.831
305.132
305.882
305.795
305.734
305.945
305.882
305.795
305.734
305.945
305.407
305.148
305.274
305.274
305.518
305.684
305.476
305.727
305.635
305.855
305.641
305.849
305.518
305.684
305.727
305.476
305.635
305.855
305.641
305.849
306.045
305.847
305.998
305.892
306.744
306.828
306.751
306.82
306.174
306.024
306.018
306.181
306.045
305.847
305.892
305.998
306.744
306.828
306.751
306.82
306.174
306.024
306.018
306.181
305.372
305.635
305.429
305.576
304.946
305.01
304.831
305.132
304.544
304.882
304.708
304.708
305.882
305.795
305.945
305.734
305.882
305.795
305.734
305.945
305.407
305.148
305.274
305.274
305.372
305.635
305.576
305.429
304.946
305.01
304.831
305.132
305.518
305.684
305.476
305.727
305.635
305.855
305.849
305.641
306.045
305.847
305.998
305.892
306.744
306.828
306.751
306.82
306.174
306.024
306.018
306.181
305.518
305.684
305.727
305.476
305.635
305.855
305.641
305.849
306.744
306.828
306.751
306.82
306.045
305.847
305.892
305.998
306.174
306.024
306.181
306.018
306.94
306.891
306.884
306.947
306.94
306.891
306.884
306.947
307.096
307.112
307.104
307.104
306.94
306.891
306.884
306.947
306.94
306.891
306.947
306.884
307.096
307.112
307.104
307.104
306.94
306.891
306.884
306.947
306.94
306.891
306.947
306.884
307.096
307.112
307.104
307.104
306.94
306.891
306.947
306.884
306.94
306.891
306.947
306.884
307.096
307.112
307.104
307.104
306.045
305.847
305.998
305.892
306.744
306.828
306.82
306.751
306.174
306.024
306.018
306.181
305.518
305.684
305.476
305.727
305.635
305.855
305.849
305.641
306.744
306.828
306.82
306.751
306.045
305.847
305.892
305.998
306.174
306.024
306.181
306.018
305.518
305.684
305.727
305.476
305.635
305.855
305.641
305.849
305.372
305.635
305.429
305.576
304.946
305.01
305.132
304.831
305.882
305.795
305.945
305.734
305.882
305.795
305.734
305.945
305.407
305.148
305.274
305.274
304.544
304.882
304.708
304.708
305.372
305.635
305.576
305.429
304.946
305.01
305.132
304.831
306.744
306.828
306.82
306.751
306.045
305.847
305.998
305.892
306.174
306.024
306.181
306.018
306.744
306.828
306.82
306.751
306.045
305.847
305.892
305.998
306.174
306.024
306.181
306.018
305.518
305.684
305.476
305.727
305.635
305.855
305.849
305.641
305.518
305.684
305.727
305.476
305.635
305.855
305.849
305.641
305.882
305.795
305.945
305.734
305.882
305.795
305.945
305.734
305.407
305.148
305.274
305.274
305.372
305.635
305.429
305.576
304.946
305.01
305.132
304.831
305.372
305.635
305.429
305.576
304.946
305.01
305.132
304.831
304.544
304.882
304.708
304.708
306.253
306.072
306.161
306.161
306.334
306.309
306.404
306.241
306.334
306.309
306.404
306.241
306.557
306.494
306.459
306.593
306.513
306.366
306.462
306.416
306.644
306.755
306.718
306.68
306.557
306.494
306.459
306.593
306.513
306.366
306.462
306.416
306.644
306.755
306.718
306.68
306.253
306.072
306.161
306.161
306.334
306.309
306.404
306.241
306.334
306.309
306.404
306.241
306.557
306.494
306.459
306.593
306.513
306.366
306.462
306.416
306.644
306.755
306.718
306.68
306.557
306.494
306.593
306.459
306.644
306.755
306.718
306.68
306.513
306.366
306.462
306.416
306.882
306.959
306.92
306.92
306.835
306.818
306.78
306.873
306.835
306.818
306.78
306.873
306.882
306.959
306.92
306.92
306.835
306.818
306.78
306.873
306.835
306.818
306.78
306.873
306.882
306.959
306.92
306.92
306.835
306.818
306.78
306.873
306.835
306.818
306.78
306.873
306.882
306.959
306.92
306.92
306.835
306.818
306.78
306.873
306.835
306.818
306.78
306.873
306.557
306.494
306.459
306.593
306.513
306.366
306.462
306.416
306.644
306.755
306.718
306.68
306.557
306.494
306.593
306.459
306.644
306.755
306.718
306.68
306.513
306.366
306.462
306.416
306.253
306.072
306.161
306.161
306.334
306.309
306.404
306.241
306.334
306.309
306.404
306.241
306.557
306.494
306.593
306.459
306.644
306.755
306.718
306.68
306.513
306.366
306.462
306.416
306.557
306.494
306.593
306.459
306.644
306.755
306.718
306.68
306.513
306.366
306.462
306.416
306.253
306.072
306.161
306.161
306.334
306.309
306.404
306.241
306.334
306.309
306.404
306.241
304.16
303.691
303.883
303.883
304.338
304.195
304.068
304.493
304.338
304.195
304.068
304.493
305.063
304.674
304.735
304.991
305.124
304.846
304.799
305.179
305.305
305.429
305.231
305.507
304.821
304.592
304.515
304.912
304.722
304.318
304.61
304.412
305.055
305.344
305.149
305.245
305.063
304.674
304.735
304.991
305.124
304.846
304.799
305.179
305.305
305.429
305.231
305.507
304.821
304.592
304.515
304.912
304.722
304.318
304.61
304.412
305.055
305.344
305.15
305.245
305.941
305.971
306.059
305.856
306.018
306.204
306.137
306.083
305.809
305.583
305.663
305.726
305.941
305.971
306.059
305.856
306.018
306.204
306.137
306.083
305.809
305.583
305.663
305.726
305.652
305.875
305.762
305.762
305.527
305.493
305.391
305.633
305.527
305.493
305.391
305.633
305.299
304.989
304.964
305.327
305.265
304.894
304.929
305.224
305.554
305.796
305.583
305.765
305.366
305.012
305.026
305.349
305.377
305.043
305.038
305.383
305.624
305.819
305.606
305.837
305.299
304.989
304.964
305.327
305.265
304.894
304.929
305.224
305.554
305.796
305.583
305.765
305.366
305.012
305.026
305.349
305.377
305.043
305.383
305.038
305.624
305.819
305.606
305.837
306.226
306.385
306.351
306.259
306.185
306.259
306.309
306.137
306.084
305.962
305.93
306.117
306.642
306.522
306.621
306.542
306.73
306.784
306.708
306.806
306.656
306.563
306.556
306.663
306.305
306.412
306.285
306.432
306.162
305.987
306.005
306.142
306.318
306.452
306.445
306.325
306.226
306.385
306.351
306.259
306.185
306.259
306.309
306.137
306.084
305.962
305.93
306.117
306.642
306.522
306.621
306.542
306.73
306.784
306.708
306.806
306.656
306.563
306.663
306.556
306.305
306.412
306.285
306.432
306.162
305.987
306.005
306.142
306.318
306.452
306.325
306.445
305.063
304.674
304.735
304.991
305.124
304.846
304.799
305.179
305.305
305.429
305.231
305.507
304.821
304.592
304.515
304.912
304.722
304.318
304.412
304.61
305.055
305.344
305.149
305.245
304.16
303.691
303.883
303.883
304.338
304.195
304.493
304.068
304.338
304.195
304.068
304.493
305.941
305.971
306.059
305.856
306.018
306.204
306.137
306.083
305.809
305.583
305.663
305.726
305.941
305.971
306.059
305.856
306.018
306.204
306.137
306.083
305.809
305.583
305.726
305.663
305.652
305.875
305.762
305.762
305.527
305.493
305.391
305.633
305.527
305.493
305.633
305.391
305.063
304.674
304.735
304.991
305.124
304.846
304.799
305.179
305.305
305.429
305.507
305.231
304.821
304.592
304.515
304.912
304.722
304.318
304.61
304.412
305.055
305.344
305.245
305.15
305.299
304.989
304.964
305.327
305.265
304.894
304.929
305.224
305.554
305.796
305.583
305.765
305.366
305.012
305.349
305.026
305.624
305.819
305.606
305.837
305.377
305.043
305.038
305.383
306.226
306.385
306.351
306.259
306.185
306.259
306.309
306.137
306.084
305.962
305.93
306.117
306.642
306.522
306.621
306.542
306.73
306.784
306.708
306.806
306.656
306.563
306.556
306.663
306.305
306.412
306.285
306.432
306.162
305.987
306.005
306.142
306.318
306.452
306.445
306.325
305.299
304.989
304.964
305.327
305.265
304.894
304.929
305.224
305.554
305.796
305.583
305.765
305.366
305.012
305.026
305.349
305.377
305.043
305.383
305.038
305.624
305.819
305.606
305.837
306.642
306.522
306.621
306.542
306.73
306.784
306.708
306.806
306.656
306.563
306.663
306.556
306.226
306.385
306.351
306.259
306.185
306.259
306.309
306.137
306.084
305.962
305.93
306.117
306.305
306.412
306.432
306.285
306.318
306.452
306.325
306.445
306.162
305.987
306.005
306.142
306.973
306.989
306.95
307.012
306.925
306.847
306.903
306.869
306.988
307.035
307.027
306.995
306.973
306.989
306.95
307.012
306.925
306.847
306.903
306.869
306.988
307.035
307.027
306.995
307.065
307.019
307.042
307.042
307.081
307.065
307.058
307.088
307.081
307.065
307.058
307.088
306.973
306.989
306.95
307.012
306.925
306.847
306.903
306.869
306.988
307.035
306.995
307.027
306.973
306.989
306.95
307.012
306.925
306.847
306.903
306.869
306.988
307.035
307.027
306.995
307.065
307.019
307.042
307.042
307.081
307.065
307.088
307.058
307.081
307.065
307.058
307.088
306.973
306.989
306.95
307.012
306.925
306.847
306.903
306.869
306.988
307.035
306.995
307.027
306.973
306.989
306.95
307.012
306.925
306.847
306.903
306.869
306.988
307.035
307.027
306.995
307.065
307.019
307.042
307.042
307.081
307.065
307.088
307.058
307.081
307.065
307.058
307.088
306.973
306.989
306.95
307.012
306.925
306.847
306.903
306.869
306.988
307.035
306.995
307.027
306.973
306.989
306.95
307.012
306.925
306.847
306.903
306.869
306.988
307.035
306.995
307.027
307.065
307.019
307.042
307.042
307.081
307.065
307.088
307.058
307.081
307.065
307.088
307.058
306.226
306.385
306.351
306.259
306.185
306.259
306.309
306.137
306.084
305.962
306.117
305.93
306.642
306.522
306.621
306.542
306.73
306.784
306.708
306.806
306.656
306.563
306.556
306.663
306.305
306.412
306.285
306.432
306.162
305.987
306.142
306.005
306.318
306.452
306.445
306.325
305.299
304.989
304.964
305.327
305.265
304.894
304.929
305.224
305.554
305.796
305.765
305.583
305.366
305.012
305.349
305.026
305.624
305.819
305.837
305.606
305.377
305.043
305.038
305.383
306.642
306.522
306.621
306.542
306.73
306.784
306.708
306.806
306.656
306.563
306.663
306.556
306.226
306.385
306.351
306.259
306.185
306.259
306.309
306.137
306.084
305.962
306.117
305.93
306.305
306.412
306.432
306.285
306.318
306.452
306.325
306.445
306.162
305.987
306.142
306.005
305.299
304.989
304.964
305.327
305.265
304.894
304.929
305.224
305.554
305.796
305.765
305.583
305.366
305.012
305.026
305.349
305.377
305.043
305.383
305.038
305.624
305.819
305.837
305.606
305.063
304.674
304.735
304.991
305.124
304.846
304.799
305.179
305.305
305.429
305.231
305.507
304.821
304.592
304.912
304.515
305.055
305.344
305.149
305.245
304.722
304.318
304.412
304.61
305.941
305.971
306.059
305.856
306.018
306.204
306.137
306.083
305.809
305.583
305.663
305.726
305.941
305.971
306.059
305.856
306.018
306.204
306.137
306.083
305.809
305.583
305.726
305.663
305.652
305.875
305.762
305.762
305.527
305.493
305.391
305.633
305.527
305.493
305.633
305.391
304.16
303.691
303.883
303.883
304.338
304.195
304.493
304.068
304.338
304.195
304.068
304.493
305.063
304.674
304.735
304.991
305.124
304.846
304.799
305.179
305.305
305.429
305.507
305.231
304.821
304.592
304.912
304.515
305.055
305.344
305.245
305.149
304.722
304.318
304.61
304.412
306.642
306.522
306.621
306.542
306.73
306.784
306.708
306.806
306.656
306.563
306.556
306.663
306.226
306.385
306.351
306.259
306.185
306.259
306.309
306.137
306.084
305.962
306.117
305.93
306.305
306.412
306.432
306.285
306.318
306.452
306.445
306.325
306.162
305.987
306.142
306.005
306.642
306.522
306.621
306.542
306.73
306.784
306.708
306.806
306.656
306.563
306.663
306.556
306.226
306.385
306.351
306.259
306.185
306.259
306.309
306.137
306.084
305.962
306.117
305.93
306.305
306.412
306.432
306.285
306.318
306.452
306.325
306.445
306.162
305.987
306.142
306.005
305.299
304.989
304.964
305.327
305.265
304.894
304.929
305.224
305.554
305.796
305.765
305.583
305.366
305.012
305.349
305.026
305.624
305.819
305.837
305.606
305.377
305.043
305.038
305.383
305.299
304.989
304.964
305.327
305.265
304.894
304.929
305.224
305.554
305.796
305.765
305.583
305.366
305.012
305.349
305.026
305.624
305.819
305.837
305.606
305.377
305.043
305.383
305.038
305.941
305.971
306.059
305.856
306.018
306.204
306.137
306.083
305.809
305.583
305.726
305.663
305.941
305.971
306.059
305.856
306.018
306.204
306.137
306.083
305.809
305.583
305.726
305.663
305.652
305.875
305.762
305.762
305.527
305.493
305.633
305.391
305.527
305.493
305.633
305.391
305.063
304.674
304.735
304.991
305.124
304.846
304.799
305.179
305.305
305.429
305.507
305.231
304.821
304.592
304.912
304.515
305.055
305.344
305.245
305.15
304.722
304.318
304.412
304.61
305.063
304.674
304.735
304.991
305.124
304.846
304.799
305.179
305.305
305.429
305.507
305.231
304.821
304.592
304.912
304.515
305.055
305.344
305.245
305.149
304.722
304.318
304.412
304.61
304.16
303.691
303.883
303.883
304.338
304.195
304.493
304.068
304.338
304.195
304.493
304.068
)
;
        refGradient     uniform 0;
        valueFraction   nonuniform List<scalar> 
1600
(
0.0134098
0.0134098
0.0134098
0.0134098
0.0134098
0.0134098
0.0134098
0.0134098
0.0134098
0.0134098
0.0134098
0.0134098
0.0134098
0.0134098
0.0134098
0.0134098
0.0134098
0.0134098
0.0134098
0.0134098
0.0134098
0.0134098
0.0134098
0.0134098
0.0134098
0.0134098
0.0134098
0.0134098
0.0134098
0.0134098
0.0134098
0.0134098
0.0134098
0.0134098
0.0134098
0.0134098
0.0134098
0.0134098
0.0134098
0.0134098
0.0134098
0.0134098
0.0134098
0.0134098
0.0134098
0.0134098
0.0134098
0.0134098
0.0134098
0.0134098
0.0134098
0.0134098
0.0134098
0.0134098
0.0134098
0.0134098
0.0134098
0.0134098
0.0134098
0.0134098
0.0134098
0.0134098
0.0134098
0.0134098
0.0134098
0.0134098
0.0134098
0.0134098
0.0134098
0.0134098
0.0134098
0.0134098
0.0134098
0.0134098
0.0134098
0.0134098
0.0134098
0.0134098
0.0134098
0.0134098
0.0134098
0.0134098
0.0134098
0.0134098
0.0134098
0.0134098
0.0134098
0.0134098
0.0134098
0.0134098
0.0134098
0.0134098
0.0134098
0.0134098
0.0134098
0.0134098
0.0134098
0.0134098
0.0134098
0.0134098
0.0134098
0.0134098
0.0134098
0.0134098
0.0134098
0.0134098
0.0134098
0.0134098
0.0134098
0.0134098
0.0134098
0.0134098
0.0134098
0.0134098
0.0134098
0.0134098
0.0134098
0.0134098
0.0134098
0.0134098
0.0134098
0.0134098
0.0134098
0.0134098
0.0134098
0.0134098
0.0134098
0.0134098
0.0134098
0.0134098
0.0134098
0.0134098
0.0134098
0.0134098
0.0134098
0.0134098
0.0134098
0.0134098
0.0134098
0.0134098
0.0134098
0.0134098
0.0134098
0.0134098
0.0134098
0.0134098
0.0134098
0.0134098
0.0134098
0.0134098
0.0134098
0.0134098
0.0134098
0.0134098
0.0134098
0.0134098
0.0134098
0.0134098
0.0134098
0.0134098
0.0134098
0.0134098
0.0134098
0.0134098
0.0134098
0.0134098
0.0134098
0.0134098
0.0134098
0.0134098
0.0134098
0.0134098
0.0134098
0.0134098
0.0134098
0.0134098
0.0134098
0.0134098
0.0134098
0.0134098
0.0134098
0.0134098
0.0134098
0.0134098
0.0134098
0.0134098
0.0134098
0.0134098
0.0134098
0.0134098
0.0134098
0.0134098
0.0134098
0.0134098
0.0134098
0.0134098
0.0134098
0.0134098
0.0134098
0.0134098
0.0134098
0.0134098
0.0134098
0.0134098
0.0134098
0.0134098
0.0134098
0.0134098
0.0134098
0.0134098
0.0134098
0.0134098
0.0134098
0.0134098
0.0134098
0.0134098
0.0134098
0.0134098
0.0134098
0.0134098
0.0134098
0.0134098
0.0134098
0.0134098
0.0134098
0.0134098
0.0134098
0.0134098
0.0134098
0.0134098
0.0134098
0.0134098
0.0134098
0.0134098
0.0134098
0.0134098
0.0134098
0.0134098
0.0134098
0.0134098
0.0134098
0.0134098
0.0134098
0.0134098
0.0134098
0.0134098
0.0134098
0.0134098
0.0134098
0.0134098
0.0134098
0.0134098
0.0134098
0.0134098
0.0134098
0.0134098
0.0134098
0.0134098
0.0134098
0.0134098
0.0134098
0.0134098
0.0134098
0.0134098
0.0134098
0.0134098
0.0134098
0.0134098
0.0134098
0.0134098
0.0134098
0.0134098
0.0134098
0.0134098
0.0134098
0.0134098
0.0134098
0.0134098
0.0134098
0.0134098
0.0134098
0.0134098
0.0134098
0.0134098
0.0134098
0.0134098
0.0134098
0.0134098
0.0134098
0.0134098
0.0134098
0.0134098
0.0134098
0.0134098
0.0134098
0.0134098
0.0134098
0.0134098
0.0134098
0.0134098
0.0134098
0.0134098
0.0134098
0.0134098
0.0134098
0.0134098
0.0134098
0.0134098
0.0134098
0.0134098
0.0134098
0.0134098
0.0134098
0.0134098
0.0134098
0.0134098
0.0134098
0.0134098
0.0134098
0.0134098
0.0134098
0.0134098
0.0134098
0.0134098
0.0134098
0.0134098
0.0134098
0.0134098
0.0134098
0.0134098
0.0134098
0.0134098
0.0134098
0.0134098
0.0134098
0.0134098
0.0134098
0.0134098
0.0134098
0.0134098
0.0134098
0.0134098
0.0134098
0.0134098
0.0134098
0.0134098
0.0134098
0.0134098
0.0134098
0.0134098
0.0134098
0.0134098
0.0134098
0.0134098
0.0134098
0.0134098
0.0134098
0.0134098
0.0134098
0.0134098
0.0134098
0.0134098
0.0134098
0.0134098
0.0134098
0.0134098
0.0134098
0.0134098
0.0134098
0.0134098
0.0134098
0.0134098
0.0134098
0.0134098
0.0134098
0.0134098
0.0134098
0.0134098
0.0134098
0.0134098
0.0134098
0.0134098
0.0134098
0.0134098
0.0134098
0.0134098
0.0134098
0.0134098
0.0134098
0.0134098
0.0134098
0.0134098
0.0134098
0.0134098
0.0134098
0.0134098
0.0134098
0.0134098
0.0134098
0.0134098
0.0134098
0.0134098
0.0134098
0.0134098
0.0134098
0.0134098
0.0134098
0.0134098
0.0134098
0.0134098
0.0134098
0.0134098
0.0134098
0.0134098
0.0134098
0.0134098
0.0134098
0.0134098
0.0134098
0.0134098
0.0134098
0.0134098
0.0134098
0.0134098
0.0134098
0.0134098
0.0134098
0.0134098
0.0134098
0.0134098
0.0134098
0.0134098
0.0134098
0.0134098
0.0134098
0.0134098
0.0134098
0.0134098
0.0134098
0.0134098
0.0134098
0.0134098
0.0134098
0.0134098
0.0134098
0.0134098
0.0134098
0.0134098
0.0134098
0.0134098
0.0134098
0.0134098
0.0134098
0.0134098
0.0134098
0.0134098
0.0134098
0.0134098
0.0134098
0.0134098
0.0134098
0.0134098
0.0134098
0.0134098
0.0134098
0.0134098
0.0134098
0.0134098
0.0134098
0.0134098
0.0134098
0.0134098
0.0134098
0.0134098
0.0134098
0.0134098
0.0134098
0.0134098
0.0134098
0.0134098
0.0134098
0.0134098
0.0134098
0.0134098
0.0134098
0.0134098
0.0134098
0.0134098
0.0134098
0.0134098
0.0134098
0.0134098
0.0134098
0.0134098
0.0134098
0.0134098
0.0134098
0.0134098
0.0134098
0.0134098
0.0134098
0.0134098
0.0134098
0.0134098
0.0134098
0.0134098
0.0134098
0.0134098
0.0134098
0.0134098
0.0134098
0.0134098
0.0134098
0.0134098
0.0134098
0.0134098
0.0134098
0.0134098
0.0134098
0.0134098
0.0134098
0.0134098
0.0134098
0.0134098
0.0134098
0.0134098
0.0134098
0.0134098
0.0134098
0.0134098
0.0134098
0.0134098
0.0134098
0.0134098
0.0134098
0.0134098
0.0134098
0.0134098
0.0134098
0.0134098
0.0134098
0.0134098
0.0134098
0.0134098
0.0134098
0.0134098
0.0134098
0.0134098
0.0134098
0.0134098
0.0134098
0.0134098
0.0134098
0.0134098
0.0134098
0.0134098
0.0134098
0.0134098
0.0134098
0.0134098
0.0134098
0.0134098
0.0134098
0.0134098
0.0134098
0.0134098
0.0134098
0.0134098
0.0134098
0.0134098
0.0134098
0.0134098
0.0134098
0.0134098
0.0134098
0.0134098
0.0134098
0.0134098
0.0134098
0.0134098
0.0134098
0.0134098
0.0134098
0.0134098
0.0134098
0.0134098
0.0134098
0.0134098
0.0134098
0.0134098
0.0134098
0.0134098
0.0133615
0.0119868
0.0126626
0.0126626
0.0133842
0.0126909
0.0126847
0.0133842
0.0133842
0.0126909
0.0126847
0.0133842
0.0133842
0.0126962
0.0126962
0.0133842
0.0133842
0.0126962
0.0126962
0.0133842
0.0134098
0.0134098
0.0134098
0.0134098
0.0133842
0.0126962
0.0126962
0.0133842
0.0133842
0.0126962
0.0133842
0.0126962
0.0134098
0.0134098
0.0134098
0.0134098
0.0133842
0.0126962
0.0126962
0.0133842
0.0133842
0.0126962
0.0126962
0.0133842
0.0134098
0.0134098
0.0134098
0.0134098
0.0133842
0.0126962
0.0126962
0.0133842
0.0133842
0.0126962
0.0133842
0.0126962
0.0134098
0.0134098
0.0134098
0.0134098
0.0134098
0.0134098
0.0134098
0.0134098
0.0134098
0.0134098
0.0134098
0.0134098
0.0134098
0.0134098
0.0134098
0.0134098
0.0134098
0.0134098
0.0134098
0.0134098
0.0134098
0.0134098
0.0134098
0.0134098
0.0134098
0.0134098
0.0134098
0.0134098
0.0134098
0.0134098
0.0134098
0.0134098
0.0134098
0.0134098
0.0134098
0.0134098
0.0134098
0.0134098
0.0134098
0.0134098
0.0133842
0.0126962
0.0126962
0.0133842
0.0133842
0.0126962
0.0126962
0.0133842
0.0134098
0.0134098
0.0134098
0.0134098
0.0133842
0.0126962
0.0126962
0.0133842
0.0133842
0.0126962
0.0126962
0.0133842
0.0134098
0.0134098
0.0134098
0.0134098
0.0133842
0.0126962
0.0126962
0.0133842
0.0133842
0.0126962
0.0126962
0.0133842
0.0134098
0.0134098
0.0134098
0.0134098
0.0133842
0.0126962
0.0126962
0.0133842
0.0133842
0.0126962
0.0133842
0.0126962
0.0134098
0.0134098
0.0134098
0.0134098
0.0134098
0.0134098
0.0134098
0.0134098
0.0134098
0.0134098
0.0134098
0.0134098
0.0134098
0.0134098
0.0134098
0.0134098
0.0134098
0.0134098
0.0134098
0.0134098
0.0134098
0.0134098
0.0134098
0.0134098
0.0134098
0.0134098
0.0134098
0.0134098
0.0134098
0.0134098
0.0134098
0.0134098
0.0134098
0.0134098
0.0134098
0.0134098
0.0134098
0.0134098
0.0134098
0.0134098
0.0134098
0.0134098
0.0134098
0.0134098
0.0134098
0.0134098
0.0134098
0.0134098
0.0134098
0.0134098
0.0134098
0.0134098
0.0134098
0.0134098
0.0134098
0.0134098
0.0134098
0.0134098
0.0134098
0.0134098
0.0134098
0.0134098
0.0134098
0.0134098
0.0134098
0.0134098
0.0134098
0.0134098
0.0134098
0.0134098
0.0134098
0.0134098
0.0134098
0.0134098
0.0134098
0.0134098
0.0133842
0.0126962
0.0126962
0.0133842
0.0133842
0.0126962
0.0126962
0.0133842
0.0134098
0.0134098
0.0134098
0.0134098
0.0133842
0.0126962
0.0126962
0.0133842
0.0133842
0.0126962
0.0126962
0.0133842
0.0134098
0.0134098
0.0134098
0.0134098
0.0133615
0.0119868
0.0126626
0.0126626
0.0133842
0.0126909
0.0133842
0.0126847
0.0133842
0.0126909
0.0126847
0.0133842
0.0134098
0.0134098
0.0134098
0.0134098
0.0134098
0.0134098
0.0134098
0.0134098
0.0134098
0.0134098
0.0134098
0.0134098
0.0134098
0.0134098
0.0134098
0.0134098
0.0134098
0.0134098
0.0134098
0.0134098
0.0134098
0.0134098
0.0134098
0.0134098
0.0134098
0.0134098
0.0134098
0.0134098
0.0134098
0.0134098
0.0134098
0.0134098
0.0134098
0.0134098
0.0134098
0.0134098
0.0133842
0.0126962
0.0126962
0.0133842
0.0133842
0.0126962
0.0126962
0.0133842
0.0134098
0.0134098
0.0134098
0.0134098
0.0133842
0.0126962
0.0126962
0.0133842
0.0133842
0.0126962
0.0133842
0.0126962
0.0134098
0.0134098
0.0134098
0.0134098
0.0133842
0.0126962
0.0126962
0.0133842
0.0133842
0.0126962
0.0126962
0.0133842
0.0134098
0.0134098
0.0134098
0.0134098
0.0133842
0.0126962
0.0133842
0.0126962
0.0134098
0.0134098
0.0134098
0.0134098
0.0133842
0.0126962
0.0126962
0.0133842
0.0134098
0.0134098
0.0134098
0.0134098
0.0134098
0.0134098
0.0134098
0.0134098
0.0134098
0.0134098
0.0134098
0.0134098
0.0134098
0.0134098
0.0134098
0.0134098
0.0134098
0.0134098
0.0134098
0.0134098
0.0134098
0.0134098
0.0134098
0.0134098
0.0134098
0.0134098
0.0134098
0.0134098
0.0134098
0.0134098
0.0134098
0.0134098
0.0134098
0.0134098
0.0134098
0.0134098
0.0133842
0.0126962
0.0126962
0.0133842
0.0133842
0.0126962
0.0126962
0.0133842
0.0134098
0.0134098
0.0134098
0.0134098
0.0133842
0.0126962
0.0126962
0.0133842
0.0133842
0.0126962
0.0133842
0.0126962
0.0134098
0.0134098
0.0134098
0.0134098
0.0134098
0.0134098
0.0134098
0.0134098
0.0134098
0.0134098
0.0134098
0.0134098
0.0134098
0.0134098
0.0134098
0.0134098
0.0134098
0.0134098
0.0134098
0.0134098
0.0134098
0.0134098
0.0134098
0.0134098
0.0134098
0.0134098
0.0134098
0.0134098
0.0134098
0.0134098
0.0134098
0.0134098
0.0134098
0.0134098
0.0134098
0.0134098
0.0134098
0.0134098
0.0134098
0.0134098
0.0134098
0.0134098
0.0134098
0.0134098
0.0134098
0.0134098
0.0134098
0.0134098
0.0134098
0.0134098
0.0134098
0.0134098
0.0134098
0.0134098
0.0134098
0.0134098
0.0134098
0.0134098
0.0134098
0.0134098
0.0134098
0.0134098
0.0134098
0.0134098
0.0134098
0.0134098
0.0134098
0.0134098
0.0134098
0.0134098
0.0134098
0.0134098
0.0134098
0.0134098
0.0134098
0.0134098
0.0134098
0.0134098
0.0134098
0.0134098
0.0134098
0.0134098
0.0134098
0.0134098
0.0134098
0.0134098
0.0134098
0.0134098
0.0134098
0.0134098
0.0134098
0.0134098
0.0134098
0.0134098
0.0134098
0.0134098
0.0134098
0.0134098
0.0134098
0.0134098
0.0134098
0.0134098
0.0134098
0.0134098
0.0134098
0.0134098
0.0134098
0.0134098
0.0134098
0.0134098
0.0134098
0.0134098
0.0134098
0.0134098
0.0134098
0.0134098
0.0134098
0.0134098
0.0134098
0.0134098
0.0134098
0.0134098
0.0134098
0.0134098
0.0134098
0.0134098
0.0134098
0.0134098
0.0134098
0.0134098
0.0134098
0.0134098
0.0134098
0.0134098
0.0134098
0.0134098
0.0134098
0.0134098
0.0134098
0.0134098
0.0134098
0.0134098
0.0134098
0.0134098
0.0134098
0.0134098
0.0134098
0.0134098
0.0134098
0.0134098
0.0134098
0.0134098
0.0134098
0.0134098
0.0134098
0.0134098
0.0134098
0.0134098
0.0134098
0.0134098
0.0134098
0.0134098
0.0134098
0.0134098
0.0134098
0.0134098
0.0134098
0.0134098
0.0134098
0.0134098
0.0134098
0.0134098
0.0134098
0.0134098
0.0134098
0.0134098
0.0134098
0.0134098
0.0134098
0.0134098
0.0134098
0.0134098
0.0134098
0.0134098
0.0134098
0.0134098
0.0134098
0.0134098
0.0134098
0.0134098
0.0134098
0.0134098
0.0134098
0.0134098
0.0134098
0.0134098
0.0134098
0.0134098
0.0134098
0.0134098
0.0134098
0.0134098
0.0134098
0.0134098
0.0134098
0.0134098
0.0134098
0.0134098
0.0134098
0.0134098
0.0134098
0.0134098
0.0134098
0.0134098
0.0134098
0.0134098
0.0134098
0.0134098
0.0134098
0.0134098
0.0133842
0.0126962
0.0126962
0.0133842
0.0133842
0.0126962
0.0126962
0.0133842
0.0134098
0.0134098
0.0134098
0.0134098
0.0133842
0.0126962
0.0133842
0.0126962
0.0134098
0.0134098
0.0134098
0.0134098
0.0133842
0.0126962
0.0126962
0.0133842
0.0134098
0.0134098
0.0134098
0.0134098
0.0134098
0.0134098
0.0134098
0.0134098
0.0134098
0.0134098
0.0134098
0.0134098
0.0134098
0.0134098
0.0134098
0.0134098
0.0134098
0.0134098
0.0134098
0.0134098
0.0134098
0.0134098
0.0134098
0.0134098
0.0134098
0.0134098
0.0134098
0.0134098
0.0134098
0.0134098
0.0134098
0.0134098
0.0134098
0.0134098
0.0134098
0.0134098
0.0133842
0.0126962
0.0126962
0.0133842
0.0133842
0.0126962
0.0126962
0.0133842
0.0134098
0.0134098
0.0134098
0.0134098
0.0133842
0.0126962
0.0126962
0.0133842
0.0133842
0.0126962
0.0133842
0.0126962
0.0134098
0.0134098
0.0134098
0.0134098
0.0133842
0.0126962
0.0126962
0.0133842
0.0133842
0.0126962
0.0126962
0.0133842
0.0134098
0.0134098
0.0134098
0.0134098
0.0133842
0.0126962
0.0133842
0.0126962
0.0134098
0.0134098
0.0134098
0.0134098
0.0133842
0.0126962
0.0126962
0.0133842
0.0134098
0.0134098
0.0134098
0.0134098
0.0134098
0.0134098
0.0134098
0.0134098
0.0134098
0.0134098
0.0134098
0.0134098
0.0134098
0.0134098
0.0134098
0.0134098
0.0134098
0.0134098
0.0134098
0.0134098
0.0134098
0.0134098
0.0134098
0.0134098
0.0134098
0.0134098
0.0134098
0.0134098
0.0134098
0.0134098
0.0134098
0.0134098
0.0134098
0.0134098
0.0134098
0.0134098
0.0133615
0.0119868
0.0126626
0.0126626
0.0133842
0.0126909
0.0133842
0.0126847
0.0133842
0.0126909
0.0126847
0.0133842
0.0133842
0.0126962
0.0126962
0.0133842
0.0133842
0.0126962
0.0126962
0.0133842
0.0134098
0.0134098
0.0134098
0.0134098
0.0133842
0.0126962
0.0133842
0.0126962
0.0134098
0.0134098
0.0134098
0.0134098
0.0133842
0.0126962
0.0133842
0.0126962
0.0134098
0.0134098
0.0134098
0.0134098
0.0134098
0.0134098
0.0134098
0.0134098
0.0134098
0.0134098
0.0134098
0.0134098
0.0134098
0.0134098
0.0134098
0.0134098
0.0134098
0.0134098
0.0134098
0.0134098
0.0134098
0.0134098
0.0134098
0.0134098
0.0134098
0.0134098
0.0134098
0.0134098
0.0134098
0.0134098
0.0134098
0.0134098
0.0134098
0.0134098
0.0134098
0.0134098
0.0134098
0.0134098
0.0134098
0.0134098
0.0134098
0.0134098
0.0134098
0.0134098
0.0134098
0.0134098
0.0134098
0.0134098
0.0134098
0.0134098
0.0134098
0.0134098
0.0134098
0.0134098
0.0134098
0.0134098
0.0134098
0.0134098
0.0134098
0.0134098
0.0134098
0.0134098
0.0134098
0.0134098
0.0134098
0.0134098
0.0134098
0.0134098
0.0134098
0.0134098
0.0134098
0.0134098
0.0133842
0.0126962
0.0126962
0.0133842
0.0133842
0.0126962
0.0126962
0.0133842
0.0134098
0.0134098
0.0134098
0.0134098
0.0133842
0.0126962
0.0133842
0.0126962
0.0134098
0.0134098
0.0134098
0.0134098
0.0133842
0.0126962
0.0126962
0.0133842
0.0133842
0.0126962
0.0126962
0.0133842
0.0133842
0.0126962
0.0126962
0.0133842
0.0134098
0.0134098
0.0134098
0.0134098
0.0133842
0.0126962
0.0133842
0.0126962
0.0134098
0.0134098
0.0134098
0.0134098
0.0133842
0.0126962
0.0133842
0.0126962
0.0134098
0.0134098
0.0134098
0.0134098
0.0134098
0.0134098
0.0134098
0.0134098
0.0134098
0.0134098
0.0134098
0.0134098
0.0134098
0.0134098
0.0134098
0.0134098
0.0134098
0.0134098
0.0134098
0.0134098
0.0134098
0.0134098
0.0134098
0.0134098
0.0134098
0.0134098
0.0134098
0.0134098
0.0134098
0.0134098
0.0134098
0.0134098
0.0134098
0.0134098
0.0134098
0.0134098
0.0133842
0.0126962
0.0126962
0.0133842
0.0133842
0.0126962
0.0126962
0.0133842
0.0134098
0.0134098
0.0134098
0.0134098
0.0133842
0.0126962
0.0133842
0.0126962
0.0134098
0.0134098
0.0134098
0.0134098
0.0133842
0.0126962
0.0126962
0.0133842
0.0133842
0.0126962
0.0126962
0.0133842
0.0133842
0.0126962
0.0126962
0.0133842
0.0134098
0.0134098
0.0134098
0.0134098
0.0133842
0.0126962
0.0133842
0.0126962
0.0134098
0.0134098
0.0134098
0.0134098
0.0133842
0.0126962
0.0126962
0.0133842
0.0133615
0.0119868
0.0126626
0.0126626
0.0133842
0.0126909
0.0133842
0.0126847
0.0133842
0.0126909
0.0133842
0.0126847
)
;
        source          uniform 0;
        logInterval     -1;
        thicknessLayers List<scalar> 1(0.0001);
        kappaLayers     List<scalar> 1(33.33);
        writePrecision  6;
        updateHeader    1;
        writeToFile     0;
        useUserTime     1;
        kappaMethod     solidThermo;
        value           nonuniform List<scalar> 
1600
(
308.695
308.837
308.765
308.765
308.879
308.899
308.826
308.953
308.879
308.899
308.826
308.953
308.695
308.837
308.765
308.765
308.879
308.899
308.826
308.953
308.879
308.899
308.953
308.826
309.072
308.962
309.016
309.016
309.072
308.962
309.016
309.016
309.072
308.962
309.016
309.016
309.072
308.962
309.016
309.016
308.879
308.899
308.826
308.953
308.879
308.899
308.953
308.826
308.695
308.837
308.765
308.765
308.879
308.899
308.953
308.826
308.879
308.899
308.953
308.826
308.695
308.837
308.765
308.765
307.12
307.344
307.229
307.229
307.846
308.032
307.971
307.905
307.435
307.45
307.334
307.553
307.846
308.032
307.971
307.905
307.435
307.45
307.334
307.553
308.211
308.155
308.093
308.275
308.211
308.155
308.093
308.275
307.773
307.56
307.665
307.665
308.002
308.085
307.958
308.132
308.128
308.266
308.134
308.26
308.002
308.085
308.132
307.958
308.128
308.266
308.134
308.26
308.379
308.21
308.331
308.257
309.029
309.111
309.036
309.104
308.514
308.396
308.389
308.52
308.379
308.21
308.257
308.331
309.029
309.111
309.036
309.104
308.514
308.396
308.389
308.52
307.846
308.032
307.905
307.971
307.435
307.45
307.334
307.553
307.12
307.344
307.229
307.229
308.211
308.155
308.275
308.093
308.211
308.155
308.093
308.275
307.773
307.56
307.665
307.665
307.846
308.032
307.971
307.905
307.435
307.45
307.334
307.553
308.002
308.085
307.958
308.132
308.128
308.266
308.26
308.135
308.379
308.21
308.331
308.257
309.029
309.111
309.036
309.104
308.514
308.396
308.389
308.52
308.002
308.085
308.132
307.958
308.128
308.266
308.135
308.26
309.029
309.111
309.036
309.104
308.379
308.21
308.257
308.331
308.514
308.396
308.52
308.389
309.227
309.177
309.17
309.234
309.227
309.177
309.17
309.234
309.386
309.402
309.394
309.394
309.227
309.177
309.17
309.234
309.227
309.177
309.234
309.17
309.386
309.402
309.394
309.394
309.227
309.177
309.17
309.234
309.227
309.177
309.234
309.17
309.386
309.402
309.394
309.394
309.227
309.177
309.234
309.17
309.227
309.177
309.234
309.17
309.386
309.402
309.394
309.394
308.379
308.21
308.331
308.257
309.029
309.111
309.104
309.036
308.514
308.396
308.389
308.52
308.003
308.085
307.958
308.132
308.128
308.266
308.26
308.135
309.029
309.111
309.104
309.036
308.379
308.21
308.257
308.331
308.514
308.396
308.52
308.389
308.002
308.085
308.132
307.958
308.128
308.266
308.135
308.26
307.846
308.032
307.905
307.971
307.435
307.45
307.553
307.334
308.211
308.155
308.275
308.093
308.211
308.155
308.093
308.275
307.773
307.56
307.665
307.665
307.12
307.344
307.229
307.229
307.846
308.032
307.971
307.905
307.435
307.45
307.553
307.334
309.029
309.111
309.104
309.036
308.379
308.21
308.331
308.257
308.514
308.396
308.52
308.389
309.029
309.111
309.104
309.036
308.379
308.21
308.257
308.331
308.514
308.396
308.52
308.389
308.002
308.085
307.958
308.132
308.128
308.266
308.26
308.135
308.002
308.085
308.132
307.958
308.128
308.266
308.26
308.135
308.211
308.155
308.275
308.093
308.211
308.155
308.275
308.093
307.773
307.56
307.665
307.665
307.846
308.032
307.905
307.971
307.435
307.45
307.553
307.334
307.846
308.032
307.905
307.971
307.435
307.45
307.553
307.334
307.12
307.344
307.229
307.229
308.537
308.363
308.449
308.449
308.615
308.594
308.684
308.526
308.615
308.594
308.684
308.526
308.842
308.785
308.749
308.878
308.797
308.653
308.745
308.705
308.925
309.037
308.999
308.962
308.842
308.785
308.749
308.878
308.797
308.653
308.745
308.705
308.925
309.037
308.999
308.962
308.537
308.363
308.449
308.449
308.615
308.594
308.684
308.526
308.615
308.594
308.684
308.526
308.842
308.785
308.749
308.878
308.797
308.653
308.745
308.705
308.925
309.037
308.999
308.962
308.842
308.785
308.878
308.749
308.925
309.037
308.999
308.962
308.797
308.653
308.745
308.705
309.167
309.246
309.206
309.206
309.119
309.101
309.063
309.158
309.119
309.101
309.063
309.158
309.167
309.246
309.206
309.206
309.119
309.101
309.063
309.158
309.119
309.101
309.063
309.158
309.167
309.246
309.206
309.206
309.119
309.101
309.063
309.158
309.119
309.101
309.063
309.158
309.167
309.246
309.206
309.206
309.119
309.101
309.063
309.158
309.119
309.101
309.063
309.158
308.842
308.785
308.749
308.878
308.797
308.653
308.745
308.705
308.925
309.037
308.999
308.962
308.842
308.785
308.878
308.749
308.925
309.037
308.999
308.962
308.797
308.653
308.745
308.705
308.537
308.363
308.449
308.449
308.615
308.594
308.684
308.526
308.615
308.594
308.684
308.526
308.842
308.785
308.878
308.749
308.925
309.037
308.999
308.962
308.797
308.653
308.745
308.705
308.842
308.785
308.878
308.749
308.925
309.037
308.999
308.962
308.797
308.653
308.745
308.705
308.537
308.363
308.449
308.449
308.615
308.594
308.684
308.526
308.615
308.594
308.684
308.526
306.915
306.654
306.816
306.816
307.006
307.026
306.924
307.108
307.006
307.026
306.924
307.108
307.655
307.497
307.569
307.582
307.721
307.692
307.634
307.779
307.779
307.826
307.704
307.903
307.411
307.417
307.328
307.501
307.313
307.129
307.212
307.229
307.532
307.742
307.621
307.65
307.655
307.498
307.57
307.582
307.721
307.692
307.635
307.779
307.779
307.826
307.705
307.903
307.412
307.417
307.329
307.501
307.313
307.129
307.212
307.23
307.532
307.742
307.622
307.65
308.248
308.268
308.352
308.166
308.323
308.495
308.428
308.388
308.139
307.945
308.023
308.058
308.248
308.268
308.352
308.166
308.323
308.495
308.428
308.388
308.139
307.945
308.023
308.058
307.978
308.175
308.075
308.075
307.873
307.857
307.764
307.969
307.873
307.857
307.764
307.969
307.911
307.853
307.823
307.942
307.874
307.742
307.785
307.83
308.041
308.203
308.072
308.17
307.985
307.877
307.895
307.967
307.997
307.913
307.907
308.003
308.116
308.228
308.097
308.247
307.911
307.853
307.823
307.942
307.874
307.742
307.785
307.83
308.041
308.203
308.072
308.17
307.985
307.877
307.895
307.967
307.997
307.913
308.003
307.907
308.116
308.228
308.097
308.247
308.536
308.681
308.646
308.571
308.494
308.552
308.603
308.444
308.42
308.33
308.297
308.454
308.929
308.813
308.907
308.834
309.014
309.067
308.992
309.089
308.944
308.856
308.849
308.951
308.618
308.709
308.598
308.73
308.501
308.357
308.376
308.48
308.632
308.751
308.744
308.639
308.536
308.681
308.646
308.571
308.494
308.552
308.603
308.444
308.42
308.33
308.297
308.454
308.929
308.813
308.907
308.834
309.014
309.067
308.992
309.089
308.944
308.856
308.951
308.849
308.618
308.709
308.598
308.73
308.501
308.357
308.376
308.48
308.632
308.751
308.639
308.744
307.655
307.497
307.569
307.582
307.721
307.692
307.634
307.779
307.779
307.826
307.704
307.903
307.411
307.417
307.328
307.501
307.313
307.129
307.229
307.212
307.532
307.742
307.621
307.65
306.915
306.654
306.816
306.816
307.006
307.026
307.108
306.924
307.006
307.026
306.924
307.108
308.248
308.268
308.352
308.166
308.323
308.495
308.428
308.388
308.139
307.945
308.023
308.058
308.248
308.268
308.352
308.166
308.323
308.495
308.428
308.388
308.139
307.945
308.058
308.023
307.978
308.175
308.075
308.075
307.873
307.857
307.764
307.969
307.873
307.857
307.969
307.764
307.655
307.498
307.57
307.582
307.721
307.692
307.635
307.779
307.779
307.826
307.903
307.705
307.412
307.417
307.329
307.501
307.313
307.129
307.212
307.23
307.532
307.742
307.65
307.622
307.911
307.853
307.823
307.942
307.874
307.742
307.786
307.83
308.041
308.203
308.072
308.17
307.985
307.877
307.967
307.895
308.116
308.228
308.097
308.247
307.997
307.913
307.907
308.003
308.536
308.681
308.646
308.571
308.494
308.552
308.603
308.445
308.42
308.33
308.297
308.454
308.929
308.813
308.907
308.834
309.014
309.067
308.992
309.089
308.944
308.856
308.849
308.951
308.618
308.709
308.598
308.73
308.501
308.357
308.376
308.48
308.632
308.751
308.744
308.639
307.911
307.853
307.823
307.942
307.874
307.742
307.785
307.83
308.041
308.203
308.072
308.17
307.985
307.877
307.895
307.967
307.997
307.913
308.003
307.907
308.116
308.228
308.097
308.247
308.929
308.813
308.907
308.834
309.014
309.067
308.992
309.089
308.944
308.856
308.951
308.849
308.536
308.681
308.646
308.571
308.494
308.552
308.603
308.444
308.42
308.33
308.297
308.454
308.618
308.709
308.73
308.598
308.632
308.751
308.639
308.744
308.501
308.357
308.376
308.48
309.26
309.276
309.237
309.3
309.211
309.132
309.188
309.154
309.275
309.323
309.315
309.283
309.26
309.276
309.237
309.3
309.211
309.132
309.188
309.154
309.275
309.323
309.315
309.283
309.355
309.308
309.331
309.331
309.371
309.355
309.347
309.378
309.371
309.355
309.347
309.378
309.26
309.276
309.237
309.3
309.211
309.132
309.188
309.154
309.275
309.323
309.283
309.315
309.26
309.276
309.237
309.3
309.211
309.132
309.188
309.154
309.275
309.323
309.315
309.283
309.355
309.308
309.331
309.331
309.371
309.355
309.378
309.347
309.371
309.355
309.347
309.378
309.26
309.276
309.237
309.3
309.211
309.132
309.188
309.154
309.275
309.323
309.283
309.315
309.26
309.276
309.237
309.3
309.211
309.132
309.188
309.154
309.275
309.323
309.315
309.283
309.355
309.308
309.331
309.331
309.371
309.355
309.378
309.347
309.371
309.355
309.347
309.378
309.26
309.276
309.237
309.3
309.211
309.132
309.188
309.154
309.275
309.323
309.283
309.315
309.26
309.276
309.237
309.3
309.211
309.132
309.188
309.154
309.275
309.323
309.283
309.315
309.355
309.308
309.331
309.331
309.371
309.355
309.378
309.347
309.371
309.355
309.378
309.347
308.536
308.681
308.646
308.571
308.494
308.552
308.603
308.445
308.42
308.33
308.454
308.297
308.929
308.813
308.907
308.834
309.014
309.067
308.992
309.089
308.944
308.856
308.849
308.951
308.618
308.709
308.598
308.73
308.501
308.357
308.48
308.376
308.632
308.751
308.744
308.639
307.911
307.853
307.823
307.942
307.874
307.742
307.786
307.83
308.041
308.203
308.17
308.072
307.985
307.877
307.967
307.895
308.116
308.228
308.247
308.097
307.997
307.913
307.907
308.003
308.929
308.813
308.907
308.834
309.014
309.067
308.992
309.089
308.944
308.856
308.951
308.849
308.536
308.681
308.646
308.571
308.494
308.552
308.603
308.445
308.42
308.33
308.454
308.297
308.618
308.709
308.73
308.598
308.632
308.751
308.639
308.744
308.501
308.357
308.48
308.376
307.911
307.853
307.823
307.942
307.874
307.742
307.785
307.83
308.041
308.203
308.17
308.072
307.985
307.877
307.895
307.967
307.997
307.913
308.003
307.907
308.116
308.228
308.247
308.097
307.655
307.497
307.569
307.582
307.721
307.692
307.635
307.779
307.779
307.826
307.705
307.903
307.412
307.417
307.501
307.328
307.532
307.742
307.622
307.65
307.313
307.129
307.23
307.212
308.248
308.268
308.352
308.166
308.323
308.495
308.428
308.388
308.139
307.945
308.023
308.058
308.248
308.268
308.352
308.166
308.323
308.495
308.428
308.388
308.139
307.945
308.058
308.023
307.978
308.175
308.075
308.075
307.873
307.857
307.764
307.969
307.873
307.857
307.969
307.764
306.915
306.654
306.816
306.816
307.006
307.026
307.108
306.924
307.006
307.026
306.924
307.108
307.655
307.497
307.569
307.582
307.721
307.692
307.635
307.779
307.779
307.826
307.903
307.705
307.412
307.417
307.501
307.329
307.532
307.742
307.65
307.622
307.313
307.129
307.212
307.23
308.929
308.813
308.907
308.834
309.014
309.067
308.992
309.089
308.944
308.856
308.849
308.951
308.536
308.681
308.646
308.571
308.494
308.552
308.603
308.444
308.42
308.33
308.454
308.297
308.618
308.709
308.73
308.598
308.632
308.751
308.744
308.639
308.501
308.357
308.48
308.376
308.929
308.813
308.907
308.834
309.014
309.067
308.992
309.089
308.944
308.856
308.951
308.849
308.536
308.681
308.646
308.571
308.494
308.552
308.603
308.444
308.42
308.33
308.454
308.297
308.618
308.709
308.73
308.598
308.632
308.751
308.639
308.744
308.501
308.357
308.48
308.376
307.911
307.853
307.823
307.942
307.874
307.742
307.785
307.83
308.041
308.203
308.17
308.072
307.985
307.877
307.967
307.895
308.116
308.228
308.247
308.097
307.997
307.913
307.907
308.003
307.911
307.853
307.823
307.942
307.874
307.742
307.785
307.83
308.041
308.203
308.17
308.072
307.985
307.877
307.967
307.895
308.116
308.228
308.247
308.097
307.997
307.913
308.003
307.907
308.248
308.268
308.352
308.166
308.323
308.495
308.428
308.388
308.139
307.945
308.058
308.023
308.248
308.268
308.352
308.166
308.323
308.495
308.428
308.388
308.139
307.945
308.058
308.023
307.978
308.175
308.075
308.075
307.873
307.857
307.969
307.764
307.873
307.857
307.969
307.764
307.655
307.498
307.57
307.582
307.721
307.692
307.635
307.779
307.779
307.826
307.903
307.705
307.412
307.417
307.501
307.329
307.532
307.742
307.65
307.622
307.313
307.129
307.23
307.212
307.655
307.497
307.569
307.582
307.721
307.692
307.634
307.779
307.779
307.826
307.903
307.704
307.411
307.417
307.501
307.328
307.532
307.742
307.65
307.621
307.313
307.129
307.229
307.212
306.915
306.654
306.816
306.816
307.006
307.026
307.108
306.924
307.006
307.026
307.108
306.924
)
;
    }
}


// ************************************************************************* //
