/*--------------------------------*- C++ -*----------------------------------*\
| =========                 |                                                 |
| \\      /  F ield         | OpenFOAM: The Open Source CFD Toolbox           |
|  \\    /   O peration     | Version:  2412                                  |
|   \\  /    A nd           | Website:  www.openfoam.com                      |
|    \\/     M anipulation  |                                                 |
\*---------------------------------------------------------------------------*/
FoamFile
{
    version     2.0;
    format      ascii;
    arch        "LSB;label=32;scalar=64";
    class       surfaceScalarField;
    location    "70/topAir";
    object      phi;
}
// * * * * * * * * * * * * * * * * * * * * * * * * * * * * * * * * * * * * * //

dimensions      [1 0 -1 0 0 0 0];

oriented        oriented;

internalField   nonuniform List<scalar> 
3140
(
9.0700371e-06
1.1653896e-07
8.2393301e-08
8.8423877e-06
1.2347166e-07
1.041778e-07
8.6175284e-06
1.1479801e-07
1.1006139e-07
8.3936588e-06
1.1077799e-07
1.1309165e-07
8.1723717e-06
1.0711124e-07
1.1417597e-07
7.9576103e-06
1.0172652e-07
1.1303508e-07
7.7520805e-06
9.5293121e-08
1.1023695e-07
7.5574751e-06
8.8149591e-08
1.0645614e-07
7.3755466e-06
7.9811249e-08
1.0211757e-07
7.2091112e-06
6.8969395e-08
9.746651e-08
7.0638233e-06
5.2601838e-08
9.2686559e-08
6.9503049e-06
2.5604892e-08
8.7914224e-08
6.8825714e-06
-1.6106018e-08
8.3842137e-08
6.8252356e-06
-2.3944821e-08
8.1328375e-08
6.7689695e-06
-2.6610219e-08
8.2963593e-08
6.7081126e-06
-2.7213365e-08
8.8192056e-08
6.6388314e-06
-2.6290766e-08
9.5723744e-08
6.5597928e-06
-2.5242923e-08
1.0445879e-07
6.4713303e-06
-2.477258e-08
1.1343406e-07
6.3746542e-06
-2.4949665e-08
1.2184239e-07
6.2711754e-06
-2.532657e-08
1.2903598e-07
6.1619232e-06
-2.4949962e-08
1.3444308e-07
6.0471598e-06
-2.2424521e-08
1.374356e-07
5.9260126e-06
-1.5761759e-08
1.3716048e-07
5.7951525e-06
-1.0458892e-09
1.3215983e-07
5.6510163e-06
2.2931601e-08
1.2145155e-07
5.4770383e-06
6.9705691e-08
1.04511e-07
5.2363532e-06
1.5776019e-07
8.3154299e-08
4.8517296e-06
3.3013156e-07
5.471146e-08
6.9436915e-07
1.3119328e-08
9.3011769e-06
-9.8650677e-11
8.4421627e-08
9.3178384e-06
-2.1218359e-10
1.0702235e-07
9.3192292e-06
-3.9333136e-10
1.1380054e-07
9.3125225e-06
-7.0125573e-10
1.1818598e-07
9.3000642e-06
-1.2281568e-09
1.2079765e-07
9.2826427e-06
-2.12971e-09
1.2127776e-07
9.2614056e-06
-3.6653043e-09
1.2019555e-07
9.2376285e-06
-6.2584255e-09
1.1818509e-07
9.2124144e-06
-1.0581736e-08
1.1560715e-07
9.1863996e-06
-1.7645717e-08
1.1262998e-07
9.1584124e-06
-2.87488e-08
1.0933783e-07
9.1228087e-06
-4.4628402e-08
1.0583707e-07
9.0683915e-06
-6.3523454e-08
1.0183487e-07
9.0232248e-06
-7.6484813e-08
9.7708013e-08
8.9826684e-06
-7.8968989e-08
9.2918331e-08
8.946699e-06
-7.8760955e-08
8.7522774e-08
8.9158789e-06
-7.7187748e-08
8.1726192e-08
8.8897024e-06
-7.4757853e-08
7.5704176e-08
8.8673438e-06
-7.1997176e-08
6.9599959e-08
8.8480242e-06
-6.9024927e-08
6.3416032e-08
8.8311142e-06
-6.5376606e-08
5.6985641e-08
8.8159796e-06
-5.9845196e-08
5.005999e-08
8.8019415e-06
-5.0511367e-08
4.2159863e-08
8.7873379e-06
-3.4250101e-08
3.3131541e-08
8.7716893e-06
-8.2680146e-09
2.2915272e-08
8.7435021e-06
4.0964027e-08
1.0207301e-08
8.697184e-06
1.2159917e-07
-5.5137461e-09
8.6254843e-06
2.5348484e-07
-2.3952145e-08
8.5323751e-06
4.6530998e-07
-4.1981669e-08
7.7424796e-07
-5.0348913e-08
9.3011046e-06
-1.1667252e-07
8.4421769e-08
9.3176201e-06
-1.2375062e-07
1.070229e-07
9.3187278e-06
-1.153029e-07
1.1380184e-07
9.3115007e-06
-1.1166188e-07
1.181878e-07
9.2981096e-06
-1.08636e-07
1.2079895e-07
9.2790438e-06
-1.0433953e-07
1.2127557e-07
9.2549529e-06
-9.9757231e-08
1.2018284e-07
9.2263153e-06
-9.5767801e-08
1.1814695e-07
9.19305e-06
-9.283172e-08
1.1551529e-07
9.1543416e-06
-9.1373495e-08
1.1243616e-07
9.1084631e-06
-9.182853e-08
1.0895826e-07
9.0530646e-06
-9.4308399e-08
1.0507853e-07
8.986799e-06
-9.8001536e-08
1.0074368e-07
8.9146935e-06
-1.0029062e-07
9.5911346e-08
8.8437859e-06
-9.8486541e-08
9.0425238e-08
8.7756543e-06
-9.4891684e-08
8.4262583e-08
8.7117795e-06
-9.0784838e-08
7.7472353e-08
8.6534087e-06
-8.6460935e-08
7.0074578e-08
8.6014927e-06
-8.210015e-08
6.2019971e-08
8.5568802e-06
-7.7640071e-08
5.3229126e-08
8.5209771e-06
-7.2484097e-08
4.3012683e-08
8.4953974e-06
-6.5529957e-08
3.1267125e-08
8.4838325e-06
-5.651067e-08
1.7567585e-08
8.4934503e-06
-4.391965e-08
5.5877706e-11
8.5267177e-06
-2.402777e-08
-1.7502408e-08
8.5923411e-06
1.3114743e-08
-3.7766444e-08
8.6983328e-06
7.4617615e-08
-5.8998788e-08
8.8642506e-06
1.6844363e-07
-8.0859759e-08
9.1273311e-06
3.0296691e-07
-1.0071217e-07
4.7699604e-07
-1.1338703e-07
9.0698784e-06
8.2393146e-08
8.84195e-06
1.0417781e-07
8.6165852e-06
1.1006191e-07
8.3918315e-06
1.1309183e-07
8.1690225e-06
1.1417298e-07
7.9516612e-06
1.1302177e-07
7.7417073e-06
1.101966e-07
7.539587e-06
1.0635256e-07
7.3448788e-06
1.0187643e-07
7.1565646e-06
9.6940716e-08
6.9731327e-06
9.1603286e-08
6.7929806e-06
8.5843784e-08
6.6154072e-06
7.9571826e-08
6.442456e-06
7.2660565e-08
6.2789489e-06
6.5020554e-08
6.1274226e-06
5.6634645e-08
5.9890747e-06
4.7563096e-08
5.8647664e-06
3.7847389e-08
5.7556421e-06
2.7024172e-08
5.6630625e-06
1.4939693e-08
5.5908534e-06
-2.7488064e-10
5.5401374e-06
-1.4813646e-08
5.5168731e-06
-3.3246e-08
5.5278223e-06
-5.4868264e-08
5.5841151e-06
-8.0319918e-08
5.7066217e-06
-1.0939057e-07
5.9206104e-06
-1.3936916e-07
6.2550725e-06
-1.6601507e-07
6.7448501e-06
-1.8680497e-07
-2.0470242e-07
9.1964765e-06
1.1849059e-07
3.6395566e-08
9.1098625e-06
1.2550468e-07
6.5287186e-08
9.0237778e-06
1.1658037e-07
7.9565801e-08
8.9369946e-06
1.1282137e-07
8.7053554e-08
8.8499593e-06
1.0957382e-07
9.1637515e-08
8.76444e-06
1.0459596e-07
9.3958594e-08
8.6817209e-06
9.8611493e-08
9.4344801e-08
8.6028341e-06
9.20056e-08
9.333758e-08
8.5291847e-06
8.4336979e-08
9.143038e-08
8.463232e-06
7.4405239e-08
8.9014486e-08
8.4097157e-06
5.9673869e-08
8.6529482e-08
8.3775136e-06
3.5402463e-08
8.471463e-08
8.3768086e-06
2.1910509e-11
8.4527288e-08
8.3820251e-06
-1.410562e-08
9.0257972e-08
8.3861767e-06
-2.6188139e-08
1.0507467e-07
8.3850227e-06
-3.8198359e-08
1.2764862e-07
8.3754356e-06
-4.9953544e-08
1.5539436e-07
8.3562888e-06
-6.2063872e-08
1.8582106e-07
8.3281236e-06
-7.4870337e-08
2.1663926e-07
8.2922202e-06
-8.8176407e-08
2.4610593e-07
8.2499225e-06
-1.0144901e-07
2.7297718e-07
8.2021271e-06
-1.1378462e-07
2.9622508e-07
8.1488365e-06
-1.2386365e-07
3.1479609e-07
8.0881831e-06
-1.2930452e-07
3.273264e-07
8.0152291e-06
-1.2678445e-07
3.3210617e-07
7.9206823e-06
-1.1084379e-07
3.2704843e-07
7.7891142e-06
-7.3510162e-08
3.0979379e-07
7.5989436e-06
-3.4157617e-09
2.7694379e-07
7.2946971e-06
1.3958602e-07
2.1957083e-07
4.6278814e-07
1.3437377e-07
9.4343387e-06
-9.9447471e-11
3.7633882e-08
9.5990721e-06
-2.1346803e-10
6.8007041e-08
9.7462342e-06
-3.9333631e-10
8.3612159e-08
9.8854572e-06
-6.9588821e-10
9.248032e-08
1.0018476e-05
-1.2081964e-09
9.8560386e-08
1.0143956e-05
-2.0759341e-09
1.0246971e-07
1.0261789e-05
-3.5397891e-09
1.0451444e-07
1.0372781e-05
-5.9895132e-09
1.0518817e-07
1.0477868e-05
-1.003835e-08
1.0489552e-07
1.057765e-05
-1.6597168e-08
1.0385038e-07
1.0671421e-05
-2.6833071e-08
1.0207338e-07
1.0754918e-05
-4.153233e-08
9.9275436e-08
1.0820935e-05
-5.9037977e-08
9.4878154e-08
1.0890448e-05
-7.3066916e-08
8.7157007e-08
1.0960099e-05
-7.9766761e-08
7.6847845e-08
1.1030165e-05
-8.5840202e-08
6.5102889e-08
1.1101404e-05
-9.2149142e-08
5.2689424e-08
1.1173577e-05
-9.8881101e-08
4.0357475e-08
1.1246061e-05
-1.063646e-07
2.8622341e-08
1.1318195e-05
-1.1458153e-07
1.7702769e-08
1.1389705e-05
-1.2352565e-07
7.5704365e-09
1.1460185e-05
-1.3194433e-07
-2.2390879e-09
1.1530406e-05
-1.3801389e-07
-1.3887569e-08
1.1600338e-05
-1.3932285e-07
-2.6755003e-08
1.1671086e-05
-1.3185699e-07
-4.2729445e-08
1.1742442e-05
-1.0820092e-07
-6.3758969e-08
1.1814161e-05
-5.8505806e-08
-9.2201152e-08
1.188496e-05
3.2480994e-08
-1.3060921e-07
1.19618e-05
1.9974636e-07
-1.7893485e-07
4.4039706e-07
-2.2972261e-07
9.4342671e-06
-1.1862517e-07
3.763285e-08
9.5988569e-06
-1.2578499e-07
6.8004671e-08
9.7457433e-06
-1.170853e-07
8.3607363e-08
9.8844646e-06
-1.1369974e-07
9.2470339e-08
1.0016594e-05
-1.1107749e-07
9.8539193e-08
1.014052e-05
-1.0715203e-07
1.024249e-07
1.0255684e-05
-1.0294236e-07
1.0442134e-07
1.0362178e-05
-9.933566e-08
1.0499973e-07
1.045989e-05
-9.6762304e-08
1.0452715e-07
1.0548157e-05
-9.5593038e-08
1.0316486e-07
1.0625608e-05
-9.6222609e-08
1.0089703e-07
1.0690398e-05
-9.8781707e-08
9.753725e-08
1.0741942e-05
-1.0257862e-07
9.2740684e-08
1.0784474e-05
-1.0550185e-07
8.5814124e-08
1.0824244e-05
-1.0551457e-07
7.640388e-08
1.0862566e-05
-1.0458186e-07
6.4681775e-08
1.0900699e-05
-1.0371807e-07
5.0908829e-08
1.0939598e-05
-1.0302492e-07
3.5319536e-08
1.0980184e-05
-1.0304101e-07
1.8110937e-08
1.1022375e-05
-1.0364557e-07
1.0348767e-10
1.1068855e-05
-1.0439512e-07
-2.2596715e-08
1.1120742e-05
-1.0588057e-07
-4.6682568e-08
1.1180694e-05
-1.0641179e-07
-7.3984156e-08
1.1250758e-05
-1.0391677e-07
-1.0541182e-07
1.1338276e-05
-9.4993274e-08
-1.4188112e-07
1.1453434e-05
-7.5779859e-08
-1.8534163e-07
1.1611356e-05
-3.8003342e-08
-2.3741903e-07
1.1832081e-05
2.9239707e-08
-2.9833818e-07
1.2164285e-05
1.3222528e-07
-3.6538653e-07
2.5972896e-07
-4.3140249e-07
9.1963193e-06
3.6392704e-08
9.1094318e-06
6.5280365e-08
9.0228564e-06
7.9551992e-08
8.9352226e-06
8.7025841e-08
8.8467368e-06
9.1581305e-08
8.7587626e-06
9.3844e-08
8.6719053e-06
9.411146e-08
8.5860574e-06
9.2864765e-08
8.5006929e-06
9.0478628e-08
8.4149309e-06
8.7109666e-08
8.3275828e-06
8.2728805e-08
8.2374984e-06
7.7146478e-08
8.1444715e-06
7.0020187e-08
8.0507439e-06
6.088628e-08
7.9608627e-06
4.9387155e-08
7.8774139e-06
3.5501645e-08
7.8017555e-06
1.9503429e-08
7.7340482e-06
2.5297058e-09
7.6770542e-06
-1.9022747e-08
7.6303609e-06
-4.2012559e-08
7.5931282e-06
-6.7437299e-08
7.5683172e-06
-9.5883022e-08
7.5576246e-06
-1.2896505e-07
7.5666206e-06
-1.6778079e-07
7.6049363e-06
-2.1362854e-07
7.6879685e-06
-2.6820216e-07
7.8430385e-06
-3.3244174e-07
8.1137417e-06
-4.0747754e-07
8.5500521e-06
-4.9088846e-07
-5.7323675e-07
9.1675284e-06
1.1830879e-07
1.9527703e-08
9.0709733e-06
1.2508917e-07
3.6753204e-08
8.9871041e-06
1.1564025e-07
4.7794829e-08
8.9083393e-06
1.1149548e-07
5.4322913e-08
8.8335822e-06
1.0800211e-07
5.8392697e-08
8.7638902e-06
1.0280661e-07
6.0844131e-08
8.6996561e-06
9.661802e-08
6.1961104e-08
8.6411455e-06
8.981844e-08
6.2030083e-08
8.5893e-06
8.1887642e-08
6.1388624e-08
8.546473e-06
7.1442787e-08
6.0399203e-08
8.5178753e-06
5.5551942e-08
5.9575766e-08
8.5136026e-06
2.9091976e-08
5.9896217e-08
8.5472104e-06
-1.1649426e-08
6.2571075e-08
8.5833029e-06
-2.077112e-08
7.497565e-08
8.6145115e-06
-2.7033464e-08
1.0097123e-07
8.6371314e-06
-3.3440939e-08
1.385699e-07
8.647975e-06
-4.0040551e-08
1.8471627e-07
8.6467022e-06
-4.792305e-08
2.3516302e-07
8.6348047e-06
-5.7871443e-08
2.8657206e-07
8.6141509e-06
-6.9967777e-08
3.3690555e-07
8.5861655e-06
-8.3748041e-08
3.8489935e-07
8.5512069e-06
-9.8144067e-08
4.2952391e-07
8.5078682e-06
-1.1121506e-07
4.6955032e-07
8.4523924e-06
-1.202885e-07
5.0329295e-07
8.3773658e-06
-1.2091475e-07
5.2824931e-07
8.2705097e-06
-1.064228e-07
5.405277e-07
8.1142871e-06
-6.7364596e-08
5.3357928e-07
7.8869469e-06
9.0815469e-09
4.9539832e-07
7.5316569e-06
1.6754466e-07
4.0750865e-07
5.2544014e-07
2.6194455e-07
9.4048568e-06
-1.0137005e-10
2.0148082e-08
9.5600693e-06
-2.1805093e-10
3.810178e-08
9.7098117e-06
-4.0258618e-10
4.9912588e-08
9.8571939e-06
-7.1404803e-10
5.7307695e-08
1.0002631e-05
-1.2435785e-09
6.2368837e-08
1.0144134e-05
-2.1445014e-09
6.5918308e-08
1.028073e-05
-3.6718326e-09
6.8207911e-08
1.0412509e-05
-6.2412995e-09
6.9468976e-08
1.0539873e-05
-1.0510695e-08
6.992971e-08
1.0662916e-05
-1.7457068e-08
6.9707179e-08
1.0780153e-05
-2.8305334e-08
6.8693649e-08
1.0885912e-05
-4.3699375e-08
6.6308284e-08
1.0969861e-05
-6.2213514e-08
6.1493261e-08
1.1060453e-05
-7.4978733e-08
5.0773707e-08
1.1152598e-05
-7.7971805e-08
3.5643027e-08
1.1246567e-05
-7.9829552e-08
1.7526411e-08
1.1343337e-05
-8.2136278e-08
-1.9781266e-09
1.1441507e-05
-8.5687816e-08
-2.0039768e-08
1.153973e-05
-9.1182636e-08
-3.6277574e-08
1.163656e-05
-9.8974933e-08
-5.0106016e-08
1.173059e-05
-1.0826052e-07
-6.1930364e-08
1.1820821e-05
-1.1838729e-07
-7.2207591e-08
1.1905285e-05
-1.2747831e-07
-8.2065931e-08
1.1983241e-05
-1.3192218e-07
-9.3051683e-08
1.205343e-05
-1.2624808e-07
-1.0755736e-07
1.2114133e-05
-1.0186181e-07
-1.2899313e-07
1.2163342e-05
-4.6813264e-08
-1.6192705e-07
1.2193012e-05
6.140784e-08
-2.1256795e-07
1.2213857e-05
2.5724753e-07
-2.8943652e-07
5.5024737e-07
-3.9984948e-07
9.4047837e-06
-1.1844625e-07
2.0146485e-08
9.5598481e-06
-1.2537581e-07
3.8098074e-08
9.7093054e-06
-1.1615747e-07
4.9904922e-08
9.8561673e-06
-1.1239763e-07
5.7292043e-08
1.0000678e-05
-1.0955171e-07
6.2336887e-08
1.0140556e-05
-1.0545188e-07
6.5853482e-08
1.0274351e-05
-1.0112338e-07
6.8077947e-08
1.0401388e-05
-9.7491982e-08
6.9213356e-08
1.0520961e-05
-9.499749e-08
6.9441524e-08
1.0631867e-05
-9.4018704e-08
6.8820013e-08
1.0732178e-05
-9.4945663e-08
6.7226475e-08
1.0819561e-05
-9.785183e-08
6.4306954e-08
1.0892534e-05
-1.0191043e-07
5.9464967e-08
1.0956401e-05
-1.0444801e-07
5.1416189e-08
1.1018256e-05
-1.0302222e-07
3.9598776e-08
1.1079316e-05
-1.0023948e-07
2.403218e-08
1.1140801e-05
-9.749025e-08
4.7778216e-09
1.1203076e-05
-9.530439e-08
-1.733824e-08
1.1265933e-05
-9.348269e-08
-4.244546e-08
1.1330073e-05
-9.2420128e-08
-7.0590917e-08
1.1393826e-05
-9.2675791e-08
-1.0193264e-07
1.1458713e-05
-9.3287605e-08
-1.3666858e-07
1.1526154e-05
-9.3119639e-08
-1.7578164e-07
1.1599811e-05
-9.006519e-08
-2.2092343e-07
1.1686268e-05
-8.0656769e-08
-2.7392665e-07
1.1795484e-05
-5.8695413e-08
-3.3772168e-07
1.1939511e-05
-1.2959657e-08
-4.1529468e-07
1.2139958e-05
7.2513339e-08
-5.0988465e-07
1.2451138e-05
2.0429381e-07
-6.2360256e-07
3.7399788e-07
-7.4888756e-07
9.1673669e-06
1.9523605e-08
9.070528e-06
3.6743504e-08
8.9861477e-06
4.7774818e-08
8.9064931e-06
5.4282803e-08
8.83021e-06
5.8312677e-08
8.7579176e-06
6.0684491e-08
8.689263e-06
6.1642625e-08
8.6232408e-06
6.139503e-08
8.5585992e-06
6.0122683e-08
8.4938182e-06
5.7871984e-08
8.4270934e-06
5.4507919e-08
8.3566934e-06
4.9694652e-08
8.2819157e-06
4.2887479e-08
8.2049973e-06
3.3356645e-08
8.1308336e-06
2.0528662e-08
8.0620985e-06
3.9972494e-09
7.9995954e-06
-1.5483765e-08
7.9446409e-06
-3.7820118e-08
7.8953368e-06
-6.3201384e-08
7.8524864e-06
-9.1582207e-08
7.8161866e-06
-1.2381323e-07
7.7880492e-06
-1.6103312e-07
7.7705788e-06
-2.0461418e-07
7.7688988e-06
-2.5616574e-07
7.7937024e-06
-3.1908863e-07
7.8648307e-06
-3.9802528e-07
8.0185619e-06
-4.9913177e-07
8.3089032e-06
-6.2530392e-07
8.7940722e-06
-7.7176052e-07
-9.1592863e-07
9.1616954e-06
1.1845591e-07
8.3457544e-09
9.0567828e-06
1.2546196e-07
1.6203837e-08
8.9664948e-06
1.1611572e-07
2.1967178e-08
8.8831025e-06
1.1199039e-07
2.5724944e-08
8.8048969e-06
1.0848241e-07
2.8116028e-08
8.7329337e-06
1.0321866e-07
2.958888e-08
8.6676645e-06
9.6884611e-08
3.0345963e-08
8.6093256e-06
8.9832382e-08
3.0536916e-08
8.5589322e-06
8.1443019e-08
3.0339374e-08
8.519283e-06
7.0068194e-08
2.9980771e-08
8.4968557e-06
5.2163428e-08
2.9840407e-08
8.5038282e-06
2.2201839e-08
3.0722761e-08
8.5617415e-06
-2.9038551e-08
3.3698527e-08
8.6137672e-06
-2.4577762e-08
4.7565374e-08
8.6536533e-06
-1.3660968e-08
7.4814944e-08
8.6803453e-06
-1.6312892e-09
1.1360549e-07
8.6893664e-06
1.6044368e-08
1.5977222e-07
8.6826253e-06
3.2912177e-08
2.0913541e-07
8.6621164e-06
4.824299e-08
2.5900052e-07
8.6291549e-06
6.1589052e-08
3.0845658e-07
8.58448e-06
7.2725748e-08
3.5703971e-07
8.5275628e-06
8.2637381e-08
4.0400438e-07
8.4562311e-06
9.2918117e-08
4.4817099e-07
8.3660496e-06
1.0595471e-07
4.8773023e-07
8.249037e-06
1.256697e-07
5.1980385e-07
8.0916395e-06
1.5843605e-07
5.3969966e-07
7.8709544e-06
2.1492266e-07
5.3954969e-07
7.5455584e-06
3.1528512e-07
5.0571342e-07
7.0341098e-06
5.0317067e-07
4.1598645e-07
9.000245e-07
2.6162825e-07
9.3990502e-06
-1.0367339e-10
8.6183285e-09
9.5459913e-06
-2.2353441e-10
1.6846184e-08
9.689405e-06
-4.1416854e-10
2.3028806e-08
9.8321638e-06
-7.3783267e-10
2.7277066e-08
9.9740749e-06
-1.2917324e-09
3.023198e-08
1.0113128e-05
-2.2409084e-09
3.2324258e-08
1.0248352e-05
-3.8625224e-09
3.3731209e-08
1.0379704e-05
-6.612772e-09
3.4562467e-08
1.0507383e-05
-1.1219172e-08
3.4913246e-08
1.0631115e-05
-1.8761341e-08
3.4804881e-08
1.0748467e-05
-3.0542734e-08
3.4047835e-08
1.0851978e-05
-4.6936348e-08
3.1934991e-08
1.0924248e-05
-6.6974864e-08
2.7159555e-08
1.1010144e-05
-7.5649048e-08
1.5949742e-08
1.1098769e-05
-6.9078847e-08
2.4381865e-09
1.1190033e-05
-5.7973925e-08
-1.7390793e-08
1.1284313e-05
-4.4391974e-08
-3.5816595e-08
1.1378662e-05
-3.0097964e-08
-5.1370915e-08
1.147074e-05
-1.632845e-08
-6.377472e-08
1.1557752e-05
-2.5650421e-09
-7.2950462e-08
1.163818e-05
9.2666228e-09
-7.8883139e-08
1.1709093e-05
2.1706612e-08
-8.2168985e-08
1.1766642e-05
3.7050008e-08
-8.3721597e-08
1.1805507e-05
5.8937744e-08
-8.487063e-08
1.1817012e-05
9.4364707e-08
-8.7722104e-08
1.1788042e-05
1.5400256e-07
-9.554912e-08
1.1700341e-05
2.5432605e-07
-1.1358128e-07
1.1532128e-05
4.2180884e-07
-1.5082192e-07
1.1273249e-05
6.9758185e-07
-2.2489776e-07
1.1225288e-06
-3.6676196e-07
9.3989747e-06
-1.1859665e-07
8.6172019e-09
9.5457617e-06
-1.2575597e-07
1.6843534e-08
9.6888771e-06
-1.1664799e-07
2.30233e-08
9.8310883e-06
-1.1292283e-07
2.726581e-08
9.9720171e-06
-1.1009271e-07
3.0209069e-08
1.0109337e-05
-1.0598543e-07
3.2277917e-08
1.0241548e-05
-1.0163362e-07
3.3638544e-08
1.0367764e-05
-9.7996302e-08
3.4380689e-08
1.0486969e-05
-9.5550596e-08
3.4567973e-08
1.0597549e-05
-9.4709769e-08
3.4188307e-08
1.0697011e-05
-9.5865187e-08
3.3086755e-08
1.0782475e-05
-9.8978008e-08
3.0884719e-08
1.0850976e-05
-1.0292081e-07
2.6909905e-08
1.0910749e-05
-1.0373832e-07
1.9732538e-08
1.097016e-05
-9.80854e-08
9.194912e-09
1.1030355e-05
-8.9804958e-08
-4.3321498e-09
1.1094054e-05
-8.00516e-08
-2.3261143e-08
1.1161032e-05
-6.9688532e-08
-4.4725522e-08
1.1230908e-05
-5.9212114e-08
-6.9437285e-08
1.1303921e-05
-4.9102929e-08
-9.706512e-08
1.1378626e-05
-3.9631043e-08
-1.2773912e-07
1.1454866e-05
-2.9584395e-08
-1.6161621e-07
1.1531954e-05
-1.671353e-08
-1.9910502e-07
1.1608297e-05
2.5390402e-09
-2.4086527e-07
1.1680253e-05
3.7065003e-08
-2.8857858e-07
1.1749626e-05
9.140804e-08
-3.444943e-07
1.1821706e-05
1.7901985e-07
-4.1205888e-07
1.1912008e-05
3.1802012e-07
-4.9638312e-07
1.2060919e-05
5.3115463e-07
-6.0606169e-07
8.2910318e-07
-7.5041062e-07
9.1615281e-06
8.34292e-09
9.0563186e-06
1.6197059e-08
8.9654923e-06
2.1953078e-08
8.8811557e-06
2.569656e-08
8.8013163e-06
2.8059305e-08
8.7265399e-06
2.9475475e-08
8.65643e-06
3.0118849e-08
8.5897479e-06
3.0080872e-08
8.5249e-06
2.9419959e-08
8.4599487e-06
2.8113474e-08
8.3925897e-06
2.6001768e-08
8.320565e-06
2.2741331e-08
8.2427514e-06
1.7780273e-08
8.1619084e-06
1.0461331e-08
8.0831306e-06
1.2210191e-09
8.0106216e-06
-1.3298706e-08
7.9449393e-06
-2.9853128e-08
7.8860207e-06
-4.8589976e-08
7.8330796e-06
-6.9472432e-08
7.7860903e-06
-9.3695825e-08
7.7453336e-06
-1.2268747e-07
7.7125877e-06
-1.5787159e-07
7.6924152e-06
-2.0115502e-07
7.6941654e-06
-2.5537662e-07
7.7353197e-06
-3.2317736e-07
7.8365621e-06
-4.0785835e-07
8.0295985e-06
-5.131457e-07
8.3637656e-06
-6.414458e-07
8.9130255e-06
-7.8985611e-07
-9.3228395e-07
9.1588372e-06
1.1847786e-07
2.0456526e-14
9.0495155e-06
1.2552558e-07
1.3430685e-14
8.9553366e-06
1.1614617e-07
1.2221931e-14
8.8691238e-06
1.1193782e-07
6.8614735e-15
8.788907e-06
1.0833295e-07
4.5824224e-15
8.7155409e-06
1.0295522e-07
7.189213e-15
8.6494117e-06
9.6475429e-08
1.1700509e-14
8.5907321e-06
8.9216771e-08
1.1305624e-14
8.5406047e-06
8.0467252e-08
6.1972509e-15
8.5022535e-06
6.8332559e-08
9.0951777e-15
8.4833981e-06
4.869655e-08
-6.6221849e-15
8.4981471e-06
1.5974816e-08
-1.4991551e-14
8.5765974e-06
-4.4749516e-08
-8.4431352e-15
8.6392841e-06
-1.5086502e-08
-1.2090888e-14
8.6901753e-06
2.3987686e-08
-1.8715752e-17
8.7235308e-06
8.0339744e-08
3.3975437e-16
8.7349548e-06
1.4846127e-07
3.6935839e-14
8.7295226e-06
2.1470254e-07
3.9305621e-14
8.708739e-06
2.7993862e-07
7.3682335e-14
8.673065e-06
3.4430187e-07
5.510583e-14
8.6221038e-06
4.0818592e-07
1.094001e-13
8.5539148e-06
4.7238917e-07
9.9409411e-14
8.464266e-06
5.380233e-07
1.5758567e-13
8.3455252e-06
6.0667979e-07
1.6171233e-13
8.1846498e-06
6.8089032e-07
3.1532836e-13
7.9595493e-06
7.6501174e-07
3.6204831e-13
7.6322419e-06
8.6706721e-07
4.1729522e-13
7.1355469e-06
1.0026158e-06
4.7038838e-13
6.3514235e-06
1.2003134e-06
5.0340768e-13
1.5349018e-06
4.9461768e-13
9.3961624e-06
-1.053917e-10
2.0615332e-14
9.5387617e-06
-2.2755075e-10
1.4543489e-14
9.6783592e-06
-4.2254101e-10
9.280008e-15
9.818329e-06
-7.5490016e-10
4.5953135e-15
9.9582201e-06
-1.3261401e-09
3.2488603e-15
1.0095809e-05
-2.3097293e-09
8.0240888e-16
1.0230015e-05
-3.9990069e-09
5.9953668e-15
1.0360674e-05
-6.8800017e-09
8.4432768e-15
1.0487786e-05
-1.1731397e-08
6.2036635e-15
1.0610626e-05
-1.9702027e-08
3.6675637e-15
1.0725469e-05
-3.2099056e-08
5.4435657e-15
1.0822318e-05
-4.8938698e-08
1.3637454e-14
1.0874037e-05
-6.9309201e-08
2.5843645e-14
1.0944005e-05
-6.9104352e-08
4.1688429e-14
1.1013429e-05
-4.2996308e-08
2.6917713e-14
1.1079991e-05
-3.6107055e-09
3.2202493e-14
1.1145463e-05
4.7176557e-08
3.3541555e-14
1.1202693e-05
1.0610998e-07
4.8446019e-14
1.124862e-05
1.7024948e-07
6.2876332e-14
1.1279734e-05
2.402562e-07
8.250475e-14
1.1292399e-05
3.1666398e-07
9.1674913e-14
1.1282448e-05
4.0020588e-07
1.7396273e-13
1.1244405e-05
4.9239057e-07
2.0817091e-13
1.1170298e-05
5.9597196e-07
2.2502749e-13
1.1047858e-05
7.1567566e-07
2.5936312e-13
1.0857821e-05
8.5957861e-07
3.1077685e-13
1.0569537e-05
1.0418625e-06
3.6792364e-13
1.0133793e-05
1.2876432e-06
4.1904175e-13
9.4683191e-06
1.6410091e-06
4.7307057e-13
2.1664549e-06
4.5639339e-13
9.3960853e-06
-1.1862103e-07
1.5378023e-14
9.5385262e-06
-1.2582496e-07
9.4685352e-15
9.6778162e-06
-1.1668929e-07
8.3544807e-15
9.8172191e-06
-1.12892e-07
1.2939468e-15
9.9560887e-06
-1.0998666e-07
5.462624e-17
1.0091866e-05
-1.0580903e-07
2.2137919e-15
1.0222906e-05
-1.014003e-07
4.0814739e-15
1.0348146e-05
-9.7739802e-08
1.0440129e-14
1.0466306e-05
-9.5323374e-08
4.9348517e-15
1.0575371e-05
-9.4579002e-08
8.0672106e-15
1.0672227e-05
-9.5867869e-08
4.1398647e-15
1.0753151e-05
-9.8978382e-08
1.7775578e-14
1.0813043e-05
-1.0229114e-07
3.362079e-14
1.0863597e-05
-9.9925389e-08
3.9079653e-14
1.091655e-05
-8.6754406e-08
3.5881706e-14
1.0975273e-05
-6.6665696e-08
3.1950609e-14
1.1040778e-05
-4.158998e-08
3.0842718e-14
1.1111896e-05
-9.7332862e-09
3.9451511e-14
1.1184275e-05
2.843302e-08
4.7037982e-14
1.1254517e-05
7.2950007e-08
4.2878005e-14
1.13204e-05
1.2304332e-07
8.5427632e-14
1.1378984e-05
1.8000868e-07
1.3121877e-13
1.1426264e-05
2.4601135e-07
1.8061928e-13
1.145702e-05
3.2435983e-07
2.1014525e-13
1.1464201e-05
4.1993055e-07
1.8076904e-13
1.1438682e-05
5.4062486e-07
2.3376593e-13
1.1368825e-05
6.9969136e-07
2.6152708e-13
1.1240408e-05
9.1972091e-07
3.3136302e-13
1.1035746e-05
1.2396686e-06
3.6983342e-13
1.7163067e-06
3.7779351e-13
9.1586659e-06
1.7096138e-14
9.049038e-06
1.0705312e-14
8.9543018e-06
8.0257072e-15
8.8671063e-06
3.3335339e-15
8.785179e-06
3.0506076e-15
8.7088454e-06
5.3923068e-15
8.6375639e-06
7.9709437e-15
8.569905e-06
3.3933404e-15
8.5040015e-06
9.4530388e-15
8.437536e-06
2.3802765e-15
8.3676699e-06
1.9016324e-15
8.2914328e-06
2.6114451e-15
8.2069219e-06
9.5420208e-15
8.1174579e-06
5.3771574e-15
8.0319245e-06
5.8766763e-15
7.9519601e-06
1.3318514e-15
7.8805169e-06
-9.9145779e-15
7.8221937e-06
-1.6451793e-14
7.7811543e-06
-4.9810444e-14
7.7604086e-06
-7.7978432e-14
7.7607646e-06
-9.9644672e-14
7.7829021e-06
-1.1961929e-13
7.827759e-06
-1.4140589e-13
7.8967437e-06
-1.2858312e-13
7.9934996e-06
-1.9441103e-13
8.1262712e-06
-1.6613832e-13
8.3128258e-06
-1.290586e-13
8.591116e-06
-6.6130392e-14
9.0409532e-06
-1.2933643e-15
6.7715919e-14
9.1588372e-06
1.1847786e-07
-8.345719e-09
9.0495155e-06
1.2552558e-07
-1.6203815e-08
8.9553366e-06
1.1614616e-07
-2.1967158e-08
8.8691238e-06
1.1193782e-07
-2.5724925e-08
8.788907e-06
1.0833296e-07
-2.8116008e-08
8.7155409e-06
1.0295521e-07
-2.9588862e-08
8.6494117e-06
9.6475429e-08
-3.0345946e-08
8.5907321e-06
8.9216771e-08
-3.0536898e-08
8.5406047e-06
8.0467262e-08
-3.0339365e-08
8.5022535e-06
6.8332553e-08
-2.9980772e-08
8.4833981e-06
4.8696555e-08
-2.9840424e-08
8.4981471e-06
1.597481e-08
-3.0722789e-08
8.5765974e-06
-4.4749541e-08
-3.369855e-08
8.6392841e-06
-1.5086485e-08
-4.7565403e-08
8.6901753e-06
2.3987676e-08
-7.4814967e-08
8.7235308e-06
8.0339807e-08
-1.1360554e-07
8.7349548e-06
1.4846136e-07
-1.5977223e-07
8.7295226e-06
2.1470264e-07
-2.0913541e-07
8.708739e-06
2.7993871e-07
-2.590005e-07
8.673065e-06
3.4430199e-07
-3.0845656e-07
8.6221038e-06
4.0818603e-07
-3.5703962e-07
8.5539148e-06
4.7238921e-07
-4.0400425e-07
8.4642663e-06
5.3802315e-07
-4.4817078e-07
8.3455253e-06
6.0667999e-07
-4.8773006e-07
8.1846501e-06
6.8089048e-07
-5.198035e-07
7.9595495e-06
7.6501202e-07
-5.3969921e-07
7.6322421e-06
8.6706751e-07
-5.3954911e-07
7.1355469e-06
1.0026161e-06
-5.0571272e-07
6.3514233e-06
1.2003137e-06
-4.1598559e-07
1.5349023e-06
-2.6162727e-07
9.3961624e-06
-1.0539742e-10
-8.618293e-09
9.5387617e-06
-2.2755487e-10
-1.6846162e-08
9.6783592e-06
-4.2254084e-10
-2.3028784e-08
9.818329e-06
-7.5490297e-10
-2.7277048e-08
9.9582201e-06
-1.3261444e-09
-3.0231968e-08
1.0095809e-05
-2.3097294e-09
-3.2324249e-08
1.0230015e-05
-3.9990066e-09
-3.3731202e-08
1.0360674e-05
-6.8800068e-09
-3.4562462e-08
1.0487786e-05
-1.1731395e-08
-3.491324e-08
1.0610626e-05
-1.9702033e-08
-3.4804877e-08
1.0725469e-05
-3.2099048e-08
-3.4047822e-08
1.0822318e-05
-4.8938698e-08
-3.1934952e-08
1.0874037e-05
-6.9309206e-08
-2.7159491e-08
1.0944005e-05
-6.9104351e-08
-1.5949649e-08
1.1013429e-05
-4.2996299e-08
-2.4380826e-09
1.1079991e-05
-3.6106945e-09
1.7390911e-08
1.1145463e-05
4.7176582e-08
3.5816718e-08
1.1202693e-05
1.0611003e-07
5.137105e-08
1.124862e-05
1.7024955e-07
6.3774855e-08
1.1279734e-05
2.402563e-07
7.2950616e-08
1.1292399e-05
3.1666409e-07
7.8883305e-08
1.1282448e-05
4.0020596e-07
8.2169243e-08
1.1244404e-05
4.923906e-07
8.372195e-08
1.1170298e-05
5.9597211e-07
8.4871074e-08
1.1047858e-05
7.1567588e-07
8.7722623e-08
1.0857821e-05
8.595789e-07
9.5549723e-08
1.0569537e-05
1.0418629e-06
1.1358203e-07
1.0133793e-05
1.2876436e-06
1.5082282e-07
9.4683184e-06
1.6410096e-06
2.2489885e-07
2.1664555e-06
3.6676316e-07
9.3960853e-06
-1.1862103e-07
-8.6171692e-09
9.5385262e-06
-1.2582496e-07
-1.6843517e-08
9.6778162e-06
-1.1668929e-07
-2.3023282e-08
9.8172191e-06
-1.12892e-07
-2.7265795e-08
9.9560887e-06
-1.0998666e-07
-3.0209055e-08
1.0091866e-05
-1.0580904e-07
-3.2277908e-08
1.0222906e-05
-1.014003e-07
-3.3638535e-08
1.0348146e-05
-9.7739812e-08
-3.4380677e-08
1.0466306e-05
-9.5323363e-08
-3.4567964e-08
1.0575371e-05
-9.4579017e-08
-3.4188298e-08
1.0672227e-05
-9.5867863e-08
-3.3086739e-08
1.0753151e-05
-9.8978387e-08
-3.0884688e-08
1.0813043e-05
-1.0229113e-07
-2.6909844e-08
1.0863597e-05
-9.9925396e-08
-1.9732462e-08
1.091655e-05
-8.6754412e-08
-9.1948433e-09
1.0975273e-05
-6.6665706e-08
4.3322455e-09
1.1040778e-05
-4.1589989e-08
2.3261238e-08
1.1111896e-05
-9.7332747e-09
4.4725635e-08
1.1184275e-05
2.8433017e-08
6.9437411e-08
1.1254517e-05
7.2950031e-08
9.7065245e-08
1.13204e-05
1.2304339e-07
1.277393e-07
1.1378985e-05
1.8000876e-07
1.6161649e-07
1.1426264e-05
2.4601145e-07
1.9910539e-07
1.145702e-05
3.2435996e-07
2.4086575e-07
1.1464201e-05
4.1993072e-07
2.8857903e-07
1.1438682e-05
5.4062503e-07
3.4449484e-07
1.1368825e-05
6.9969165e-07
4.1205954e-07
1.1240407e-05
9.1972122e-07
4.9638398e-07
1.1035745e-05
1.239669e-06
6.060627e-07
1.7163072e-06
7.5041175e-07
9.1586659e-06
-8.3428892e-09
9.049038e-06
-1.6197045e-08
8.9543018e-06
-2.1953064e-08
8.8671063e-06
-2.5696544e-08
8.785179e-06
-2.8059292e-08
8.7088454e-06
-2.9475466e-08
8.6375639e-06
-3.0118833e-08
8.569905e-06
-3.0080857e-08
8.5040015e-06
-2.941995e-08
8.437536e-06
-2.8113468e-08
8.3676699e-06
-2.6001763e-08
8.2914328e-06
-2.2741319e-08
8.2069219e-06
-1.7780259e-08
8.1174579e-06
-1.0461315e-08
8.0319245e-06
-1.2210031e-09
7.95196e-06
1.3298709e-08
7.8805169e-06
2.9853121e-08
7.8221937e-06
4.8589952e-08
7.7811543e-06
6.9472368e-08
7.7604086e-06
9.3695713e-08
7.7607646e-06
1.2268732e-07
7.782902e-06
1.5787141e-07
7.827759e-06
2.0115486e-07
7.8967437e-06
2.5537647e-07
7.9934996e-06
3.2317716e-07
8.1262712e-06
4.0785821e-07
8.3128258e-06
5.131457e-07
8.591116e-06
6.4144599e-07
9.0409531e-06
7.8985652e-07
9.3228457e-07
9.1616954e-06
1.1845591e-07
-1.9527676e-08
9.0567828e-06
1.2546195e-07
-3.6753193e-08
8.9664948e-06
1.1611572e-07
-4.7794815e-08
8.8831025e-06
1.1199039e-07
-5.4322894e-08
8.8048969e-06
1.0848241e-07
-5.8392678e-08
8.7329337e-06
1.0321865e-07
-6.084411e-08
8.6676645e-06
9.6884611e-08
-6.1961086e-08
8.6093256e-06
8.9832388e-08
-6.2030067e-08
8.5589322e-06
8.1443033e-08
-6.1388614e-08
8.519283e-06
7.0068213e-08
-6.0399206e-08
8.4968556e-06
5.2163453e-08
-5.9575777e-08
8.5038281e-06
2.2201863e-08
-5.9896229e-08
8.5617415e-06
-2.9038587e-08
-6.2571089e-08
8.6137672e-06
-2.4577784e-08
-7.4975656e-08
8.6536532e-06
-1.3660977e-08
-1.0097124e-07
8.6803453e-06
-1.6313424e-09
-1.3856992e-07
8.6893664e-06
1.6044311e-08
-1.8471627e-07
8.6826253e-06
3.2912135e-08
-2.3516301e-07
8.6621165e-06
4.8242866e-08
-2.8657202e-07
8.629155e-06
6.1588981e-08
-3.369055e-07
8.5844802e-06
7.2725704e-08
-3.8489926e-07
8.527563e-06
8.2637289e-08
-4.2952374e-07
8.4562314e-06
9.2917825e-08
-4.6955006e-07
8.36605e-06
1.0595458e-07
-5.032926e-07
8.2490375e-06
1.2566945e-07
-5.2824885e-07
8.09164e-06
1.5843588e-07
-5.4052714e-07
7.8709549e-06
2.1492249e-07
-5.3357864e-07
7.545559e-06
3.1528494e-07
-4.953976e-07
7.0341106e-06
5.0317048e-07
-4.075079e-07
9.0002455e-07
-2.6194383e-07
9.3990502e-06
-1.0368409e-10
-2.0148056e-08
9.5459913e-06
-2.2354073e-10
-3.8101765e-08
9.689405e-06
-4.1417163e-10
-4.9912573e-08
9.8321638e-06
-7.3783471e-10
-5.730768e-08
9.9740749e-06
-1.2917348e-09
-6.2368828e-08
1.0113128e-05
-2.2409067e-09
-6.5918296e-08
1.0248352e-05
-3.8625201e-09
-6.8207906e-08
1.0379704e-05
-6.6127686e-09
-6.9468973e-08
1.0507383e-05
-1.1219169e-08
-6.9929712e-08
1.0631115e-05
-1.8761331e-08
-6.9707182e-08
1.0748467e-05
-3.054272e-08
-6.8693642e-08
1.0851978e-05
-4.6936339e-08
-6.6308263e-08
1.0924248e-05
-6.6974875e-08
-6.1493209e-08
1.1010144e-05
-7.5649068e-08
-5.0773623e-08
1.1098769e-05
-6.9078878e-08
-3.5642917e-08
1.1190033e-05
-5.7973975e-08
-1.7526299e-08
1.1284313e-05
-4.4392053e-08
1.9782446e-09
1.1378662e-05
-3.0098049e-08
2.0039891e-08
1.147074e-05
-1.6328575e-08
3.6277687e-08
1.1557752e-05
-2.5651435e-09
5.010612e-08
1.163818e-05
9.2665927e-09
6.193046e-08
1.1709093e-05
2.1706574e-08
7.2207717e-08
1.1766642e-05
3.7049903e-08
8.2066122e-08
1.1805508e-05
5.8937722e-08
9.3051932e-08
1.1817012e-05
9.4364596e-08
1.0755767e-07
1.1788042e-05
1.5400252e-07
1.2899352e-07
1.1700341e-05
2.5432605e-07
1.6192755e-07
1.1532129e-05
4.2180893e-07
2.1256857e-07
1.1273249e-05
6.9758202e-07
2.8943726e-07
1.1225291e-06
3.998503e-07
9.3989747e-06
-1.1859665e-07
-2.0146454e-08
9.5457617e-06
-1.2575598e-07
-3.8098059e-08
9.6888771e-06
-1.16648e-07
-4.9904912e-08
9.8310883e-06
-1.1292284e-07
-5.7292029e-08
9.9720171e-06
-1.1009272e-07
-6.2336878e-08
1.0109337e-05
-1.0598544e-07
-6.5853472e-08
1.0241548e-05
-1.0163362e-07
-6.8077945e-08
1.0367764e-05
-9.7996302e-08
-6.9213355e-08
1.0486969e-05
-9.5550599e-08
-6.9441525e-08
1.0597549e-05
-9.4709776e-08
-6.8820011e-08
1.0697011e-05
-9.5865186e-08
-6.7226467e-08
1.0782475e-05
-9.8977984e-08
-6.4306936e-08
1.0850976e-05
-1.029208e-07
-5.946493e-08
1.0910749e-05
-1.0373833e-07
-5.1416131e-08
1.097016e-05
-9.8085421e-08
-3.9598712e-08
1.1030355e-05
-8.9804998e-08
-2.4032105e-08
1.1094054e-05
-8.0051666e-08
-4.77774e-09
1.1161032e-05
-6.9688601e-08
1.7338329e-08
1.1230908e-05
-5.9212218e-08
4.2445558e-08
1.1303921e-05
-4.910302e-08
7.0591023e-08
1.1378626e-05
-3.9631062e-08
1.0193278e-07
1.1454866e-05
-2.9584361e-08
1.3666878e-07
1.1531954e-05
-1.6713485e-08
1.757819e-07
1.1608298e-05
2.5391357e-09
2.2092374e-07
1.1680253e-05
3.7065021e-08
2.7392699e-07
1.1749626e-05
9.1408093e-08
3.3772208e-07
1.1821706e-05
1.7901995e-07
4.1529519e-07
1.1912008e-05
3.1802038e-07
5.0988529e-07
1.2060919e-05
5.3115498e-07
6.2360338e-07
8.2910362e-07
7.4888848e-07
9.1615281e-06
-1.9523573e-08
9.0563185e-06
-3.6743489e-08
8.9654923e-06
-4.7774801e-08
8.8811557e-06
-5.4282787e-08
8.8013163e-06
-5.8312659e-08
8.7265399e-06
-6.0684475e-08
8.65643e-06
-6.1642616e-08
8.5897479e-06
-6.1395017e-08
8.5249e-06
-6.0122673e-08
8.4599487e-06
-5.7871975e-08
8.3925897e-06
-5.4507912e-08
8.320565e-06
-4.9694643e-08
8.2427514e-06
-4.2887475e-08
8.1619084e-06
-3.3356644e-08
8.0831306e-06
-2.0528665e-08
8.0106216e-06
-3.9972556e-09
7.9449393e-06
1.5483732e-08
7.8860206e-06
3.7820076e-08
7.8330795e-06
6.3201304e-08
7.7860901e-06
9.1582089e-08
7.7453334e-06
1.238131e-07
7.7125875e-06
1.6103298e-07
7.6924151e-06
2.0461402e-07
7.6941654e-06
2.5616558e-07
7.7353197e-06
3.1908845e-07
7.8365621e-06
3.9802516e-07
8.0295985e-06
4.9913174e-07
8.3637659e-06
6.253041e-07
8.913026e-06
7.717609e-07
9.1592921e-07
9.1675284e-06
1.1830879e-07
-3.6395548e-08
9.0709733e-06
1.2508917e-07
-6.5287179e-08
8.9871041e-06
1.1564025e-07
-7.9565792e-08
8.9083393e-06
1.1149548e-07
-8.705355e-08
8.8335822e-06
1.0800211e-07
-9.1637507e-08
8.7638902e-06
1.0280661e-07
-9.3958588e-08
8.6996561e-06
9.6618029e-08
-9.4344793e-08
8.6411455e-06
8.9818448e-08
-9.3337577e-08
8.5893e-06
8.1887659e-08
-9.1430381e-08
8.5464729e-06
7.1442814e-08
-8.9014496e-08
8.5178753e-06
5.5551982e-08
-8.6529498e-08
8.5136025e-06
2.9092006e-08
-8.4714631e-08
8.5472103e-06
-1.164948e-08
-8.4527288e-08
8.5833029e-06
-2.0771168e-08
-9.0257955e-08
8.6145115e-06
-2.703355e-08
-1.0507467e-07
8.6371314e-06
-3.3441011e-08
-1.2764861e-07
8.6479751e-06
-4.0040691e-08
-1.5539434e-07
8.6467025e-06
-4.7923192e-08
-1.8582102e-07
8.634805e-06
-5.7871587e-08
-2.1663922e-07
8.6141513e-06
-6.9967893e-08
-2.4610587e-07
8.586166e-06
-8.3748067e-08
-2.7297709e-07
8.5512074e-06
-9.8144115e-08
-2.9622497e-07
8.5078689e-06
-1.1121524e-07
-3.1479589e-07
8.4523931e-06
-1.2028852e-07
-3.2732608e-07
8.3773668e-06
-1.209149e-07
-3.3210572e-07
8.2705106e-06
-1.064229e-07
-3.2704789e-07
8.114288e-06
-6.7364728e-08
-3.0979313e-07
7.8869479e-06
9.081382e-09
-2.7694306e-07
7.531658e-06
1.6754449e-07
-2.1957012e-07
5.2544029e-07
-1.3437322e-07
9.4048568e-06
-1.0137432e-10
-3.7633863e-08
9.5600693e-06
-2.1805546e-10
-6.8007034e-08
9.7098117e-06
-4.0259472e-10
-8.3612152e-08
9.8571939e-06
-7.1405193e-10
-9.2480317e-08
1.0002631e-05
-1.2435801e-09
-9.8560384e-08
1.0144134e-05
-2.1445052e-09
-1.0246971e-07
1.028073e-05
-3.6718357e-09
-1.0451444e-07
1.0412509e-05
-6.2412956e-09
-1.0518817e-07
1.0539873e-05
-1.0510689e-08
-1.0489553e-07
1.0662916e-05
-1.745706e-08
-1.0385039e-07
1.0780153e-05
-2.8305321e-08
-1.020734e-07
1.0885912e-05
-4.3699355e-08
-9.9275422e-08
1.0969861e-05
-6.2213529e-08
-9.4878116e-08
1.1060453e-05
-7.4978767e-08
-8.7156934e-08
1.1152598e-05
-7.797188e-08
-7.6847747e-08
1.1246567e-05
-7.9829644e-08
-6.510277e-08
1.1343337e-05
-8.2136436e-08
-5.2689309e-08
1.1441507e-05
-8.5687974e-08
-4.0357377e-08
1.153973e-05
-9.1182791e-08
-2.8622273e-08
1.163656e-05
-9.8975082e-08
-1.770273e-08
1.173059e-05
-1.0826057e-07
-7.5704137e-09
1.1820822e-05
-1.1838731e-07
2.2391242e-09
1.1905286e-05
-1.2747832e-07
1.3887602e-08
1.1983241e-05
-1.319221e-07
2.6755075e-08
1.205343e-05
-1.2624806e-07
4.2729543e-08
1.2114134e-05
-1.0186176e-07
6.3759111e-08
1.2163342e-05
-4.6813216e-08
9.2201338e-08
1.2193013e-05
6.140794e-08
1.3060945e-07
1.2213858e-05
2.5724769e-07
1.7893512e-07
5.502477e-07
2.2972284e-07
9.4047837e-06
-1.1844624e-07
-3.7632825e-08
9.5598481e-06
-1.2537581e-07
-6.8004659e-08
9.7093054e-06
-1.1615748e-07
-8.3607355e-08
9.8561673e-06
-1.1239764e-07
-9.2470333e-08
1.0000678e-05
-1.0955171e-07
-9.8539188e-08
1.0140557e-05
-1.0545189e-07
-1.024249e-07
1.0274351e-05
-1.0112338e-07
-1.0442134e-07
1.0401388e-05
-9.7491997e-08
-1.0499974e-07
1.0520961e-05
-9.4997501e-08
-1.0452716e-07
1.0631867e-05
-9.4018715e-08
-1.0316486e-07
1.0732178e-05
-9.4945656e-08
-1.0089704e-07
1.0819561e-05
-9.7851804e-08
-9.7537244e-08
1.0892534e-05
-1.0191041e-07
-9.2740665e-08
1.0956401e-05
-1.0444802e-07
-8.5814094e-08
1.1018256e-05
-1.0302226e-07
-7.6403842e-08
1.1079316e-05
-1.0023954e-07
-6.4681735e-08
1.1140801e-05
-9.7490346e-08
-5.0908784e-08
1.1203076e-05
-9.5304486e-08
-3.5319489e-08
1.1265933e-05
-9.3482816e-08
-1.8110888e-08
1.1330074e-05
-9.2420239e-08
-1.0342857e-10
1.1393826e-05
-9.2675815e-08
2.2596791e-08
1.1458714e-05
-9.328753e-08
4.6682662e-08
1.1526154e-05
-9.3119507e-08
7.3984273e-08
1.1599811e-05
-9.0065007e-08
1.0541196e-07
1.1686268e-05
-8.0656665e-08
1.4188128e-07
1.1795485e-05
-5.8695305e-08
1.8534184e-07
1.1939511e-05
-1.2959495e-08
2.3741927e-07
1.2139958e-05
7.251364e-08
2.9833849e-07
1.2451138e-05
2.0429421e-07
3.6538689e-07
3.7399826e-07
4.3140288e-07
9.1673669e-06
-3.6392685e-08
9.070528e-06
-6.5280353e-08
8.9861477e-06
-7.9551982e-08
8.9064931e-06
-8.7025828e-08
8.83021e-06
-9.1581293e-08
8.7579176e-06
-9.3843989e-08
8.6892631e-06
-9.4111451e-08
8.6232408e-06
-9.286476e-08
8.5585992e-06
-9.0478621e-08
8.4938182e-06
-8.7109663e-08
8.4270934e-06
-8.2728806e-08
8.3566934e-06
-7.7146481e-08
8.2819157e-06
-7.0020194e-08
8.2049973e-06
-6.0886291e-08
8.1308336e-06
-4.938718e-08
8.0620984e-06
-3.5501688e-08
7.9995953e-06
-1.9503504e-08
7.9446407e-06
-2.529783e-09
7.8953366e-06
1.9022634e-08
7.8524861e-06
4.2012433e-08
7.8161863e-06
6.7437177e-08
7.7880489e-06
9.5882906e-08
7.7705786e-06
1.2896496e-07
7.7688987e-06
1.6778066e-07
7.7937024e-06
2.1362845e-07
7.8648307e-06
2.6820206e-07
8.018562e-06
3.3244171e-07
8.3089037e-06
4.0747758e-07
8.7940732e-06
4.908886e-07
5.7323698e-07
9.1964765e-06
1.1849059e-07
-8.2393292e-08
9.1098625e-06
1.2550469e-07
-1.041778e-07
9.0237778e-06
1.1658038e-07
-1.1006139e-07
8.9369946e-06
1.1282138e-07
-1.1309164e-07
8.8499593e-06
1.0957383e-07
-1.1417597e-07
8.76444e-06
1.0459597e-07
-1.1303508e-07
8.6817209e-06
9.8611506e-08
-1.1023695e-07
8.6028341e-06
9.2005607e-08
-1.0645614e-07
8.5291847e-06
8.4337005e-08
-1.0211759e-07
8.4632319e-06
7.4405271e-08
-9.746654e-08
8.4097157e-06
5.967392e-08
-9.2686595e-08
8.3775135e-06
3.5402502e-08
-8.7914248e-08
8.3768085e-06
2.1899795e-11
-8.3842126e-08
8.3820251e-06
-1.4105724e-08
-8.1328336e-08
8.3861767e-06
-2.6188302e-08
-8.2963542e-08
8.3850229e-06
-3.8198557e-08
-8.8191966e-08
8.3754359e-06
-4.995382e-08
-9.5723639e-08
8.3562892e-06
-6.2064095e-08
-1.0445863e-07
8.3281241e-06
-7.4870596e-08
-1.1343394e-07
8.2922209e-06
-8.8176492e-08
-1.218423e-07
8.2499232e-06
-1.0144901e-07
-1.2903593e-07
8.2021277e-06
-1.1378456e-07
-1.3444308e-07
8.1488373e-06
-1.238637e-07
-1.3743557e-07
8.088184e-06
-1.2930433e-07
-1.3716039e-07
8.01523e-06
-1.2678441e-07
-1.3215959e-07
7.9206833e-06
-1.1084371e-07
-1.2145115e-07
7.7891152e-06
-7.3510103e-08
-1.0451048e-07
7.5989447e-06
-3.4157226e-09
-8.3153711e-08
7.294698e-06
1.3958612e-07
-5.4710864e-08
4.6278875e-07
-1.3118967e-08
9.4343387e-06
-9.9447065e-11
-8.4421618e-08
9.5990721e-06
-2.1346626e-10
-1.0702234e-07
9.7462342e-06
-3.9333929e-10
-1.1380054e-07
9.8854572e-06
-6.9589282e-10
-1.1818598e-07
1.0018476e-05
-1.2082001e-09
-1.2079765e-07
1.0143956e-05
-2.0759334e-09
-1.2127776e-07
1.0261789e-05
-3.5397972e-09
-1.2019556e-07
1.0372781e-05
-5.989514e-09
-1.181851e-07
1.0477868e-05
-1.0038346e-08
-1.1560717e-07
1.057765e-05
-1.659715e-08
-1.1263001e-07
1.0671421e-05
-2.6833041e-08
-1.0933785e-07
1.0754918e-05
-4.153232e-08
-1.0583708e-07
1.0820935e-05
-5.9037999e-08
-1.0183485e-07
1.0890448e-05
-7.3066987e-08
-9.7707948e-08
1.0960099e-05
-7.9766888e-08
-9.2918246e-08
1.1030165e-05
-8.5840372e-08
-8.7522677e-08
1.1101404e-05
-9.2149394e-08
-8.172611e-08
1.1173577e-05
-9.888132e-08
-7.570411e-08
1.1246061e-05
-1.0636482e-07
-6.959993e-08
1.1318195e-05
-1.1458166e-07
-6.3416047e-08
1.1389705e-05
-1.2352567e-07
-5.6985711e-08
1.1460185e-05
-1.3194423e-07
-5.0060055e-08
1.1530407e-05
-1.380138e-07
-4.2159965e-08
1.1600339e-05
-1.3932262e-07
-3.3131639e-08
1.1671086e-05
-1.3185682e-07
-2.2915375e-08
1.1742443e-05
-1.0820073e-07
-1.0207382e-08
1.1814162e-05
-5.8505602e-08
5.513689e-09
1.1884961e-05
3.2481335e-08
2.3952096e-08
1.19618e-05
1.9974678e-07
4.1981589e-08
4.4039776e-07
5.0348678e-08
9.4342671e-06
-1.1862518e-07
-8.4421762e-08
9.5988569e-06
-1.2578499e-07
-1.0702289e-07
9.7457433e-06
-1.170853e-07
-1.1380184e-07
9.8844646e-06
-1.1369975e-07
-1.181878e-07
1.0016594e-05
-1.1107749e-07
-1.2079894e-07
1.014052e-05
-1.0715203e-07
-1.2127557e-07
1.0255684e-05
-1.0294237e-07
-1.2018284e-07
1.0362178e-05
-9.933567e-08
-1.1814696e-07
1.045989e-05
-9.6762312e-08
-1.1551531e-07
1.0548157e-05
-9.5593054e-08
-1.1243618e-07
1.0625608e-05
-9.6222609e-08
-1.0895828e-07
1.0690399e-05
-9.87817e-08
-1.0507854e-07
1.0741942e-05
-1.0257863e-07
-1.0074369e-07
1.0784474e-05
-1.0550189e-07
-9.5911345e-08
1.0824244e-05
-1.0551464e-07
-9.0425232e-08
1.0862566e-05
-1.0458197e-07
-8.4262585e-08
1.0900699e-05
-1.0371822e-07
-7.7472364e-08
1.0939598e-05
-1.0302506e-07
-7.0074593e-08
1.0980184e-05
-1.0304115e-07
-6.2020001e-08
1.1022375e-05
-1.0364568e-07
-5.3229154e-08
1.1068855e-05
-1.0439513e-07
-4.3012696e-08
1.1120743e-05
-1.0588045e-07
-3.1267117e-08
1.1180694e-05
-1.064116e-07
-1.7567567e-08
1.1250758e-05
-1.039165e-07
-5.586613e-11
1.1338276e-05
-9.4993072e-08
1.75024e-08
1.1453434e-05
-7.5779654e-08
3.7766422e-08
1.1611356e-05
-3.8003048e-08
5.8998755e-08
1.1832082e-05
2.9240183e-08
8.0859765e-08
1.2164286e-05
1.3222586e-07
1.0071211e-07
2.5972955e-07
1.1338687e-07
9.1963193e-06
-8.2393137e-08
9.1094318e-06
-1.041778e-07
9.0228564e-06
-1.1006191e-07
8.9352227e-06
-1.1309182e-07
8.8467368e-06
-1.1417297e-07
8.7587626e-06
-1.1302177e-07
8.6719053e-06
-1.1019659e-07
8.5860574e-06
-1.0635256e-07
8.5006929e-06
-1.0187644e-07
8.4149309e-06
-9.694073e-08
8.3275828e-06
-9.1603296e-08
8.2374984e-06
-8.5843801e-08
8.1444715e-06
-7.9571846e-08
8.0507439e-06
-7.2660599e-08
7.9608626e-06
-6.502061e-08
7.8774137e-06
-5.6634735e-08
7.8017552e-06
-4.756321e-08
7.7340479e-06
-3.7847527e-08
7.6770537e-06
-2.7024324e-08
7.6303604e-06
-1.4939832e-08
7.5931278e-06
2.7477702e-10
7.5683168e-06
1.4813602e-08
7.5576242e-06
3.3246029e-08
7.5666204e-06
5.4868286e-08
7.6049361e-06
8.0319925e-08
7.6879685e-06
1.0939051e-07
7.8430386e-06
1.393691e-07
8.1137423e-06
1.66015e-07
8.5500535e-06
1.8680488e-07
2.0470224e-07
9.0700372e-06
1.1653896e-07
8.8423877e-06
1.2347166e-07
8.6175284e-06
1.1479801e-07
8.3936588e-06
1.10778e-07
8.1723718e-06
1.0711125e-07
7.9576103e-06
1.0172653e-07
7.7520805e-06
9.5293129e-08
7.557475e-06
8.8149601e-08
7.3755465e-06
7.9811273e-08
7.209111e-06
6.8969447e-08
7.063823e-06
5.260192e-08
6.9503045e-06
2.5604998e-08
6.8825709e-06
-1.6105937e-08
6.8252351e-06
-2.394488e-08
6.7689692e-06
-2.6610386e-08
6.7081127e-06
-2.7213572e-08
6.6388316e-06
-2.6290917e-08
6.5597934e-06
-2.5243043e-08
6.471331e-06
-2.4772618e-08
6.3746549e-06
-2.4949603e-08
6.271176e-06
-2.5326394e-08
6.1619236e-06
-2.494987e-08
6.0471603e-06
-2.2424494e-08
5.9260127e-06
-1.5761391e-08
5.7951525e-06
-1.0454929e-09
5.6510161e-06
2.2932078e-08
5.477038e-06
6.9706249e-08
5.2363527e-06
1.5776085e-07
4.8517287e-06
3.3013242e-07
6.9437087e-07
9.3011769e-06
-9.865062e-11
9.3178384e-06
-2.1219148e-10
9.3192292e-06
-3.9333846e-10
9.3125225e-06
-7.0125726e-10
9.3000642e-06
-1.2281588e-09
9.2826427e-06
-2.1297113e-09
9.2614056e-06
-3.665311e-09
9.2376285e-06
-6.2584311e-09
9.2124144e-06
-1.0581729e-08
9.1863996e-06
-1.7645696e-08
9.1584124e-06
-2.874875e-08
9.1228087e-06
-4.4628336e-08
9.0683915e-06
-6.3523404e-08
9.0232247e-06
-7.648479e-08
8.9826683e-06
-7.8969e-08
8.9466988e-06
-7.8761012e-08
8.9158787e-06
-7.7187829e-08
8.8897022e-06
-7.4757946e-08
8.8673437e-06
-7.1997239e-08
8.8480242e-06
-6.9024974e-08
8.8311143e-06
-6.5376584e-08
8.8159797e-06
-5.984519e-08
8.8019414e-06
-5.0511328e-08
8.7873379e-06
-3.4249885e-08
8.7716894e-06
-8.2677355e-09
8.7435019e-06
4.096455e-08
8.6971836e-06
1.2159986e-07
8.6254834e-06
2.5348582e-07
8.5323735e-06
4.6531134e-07
7.7425005e-07
9.3011046e-06
-1.1667252e-07
9.3176201e-06
-1.2375062e-07
9.3187278e-06
-1.1530291e-07
9.3115007e-06
-1.1166188e-07
9.2981096e-06
-1.0863601e-07
9.2790438e-06
-1.0433955e-07
9.2549529e-06
-9.9757235e-08
9.2263153e-06
-9.5767822e-08
9.19305e-06
-9.2831726e-08
9.1543416e-06
-9.1373517e-08
9.1084631e-06
-9.1828524e-08
9.0530646e-06
-9.4308384e-08
8.986799e-06
-9.8001495e-08
8.9146935e-06
-1.002906e-07
8.8437859e-06
-9.8486541e-08
8.7756542e-06
-9.4891724e-08
8.7117794e-06
-9.0784899e-08
8.6534085e-06
-8.6460981e-08
8.6014926e-06
-8.2100209e-08
8.5568801e-06
-7.7640123e-08
8.520977e-06
-7.2484083e-08
8.4953972e-06
-6.5529917e-08
8.4838322e-06
-5.6510555e-08
8.4934501e-06
-4.3919483e-08
8.5267175e-06
-2.4027538e-08
8.5923411e-06
1.3115084e-08
8.6983327e-06
7.4618174e-08
8.8642506e-06
1.6844448e-07
9.1273312e-06
3.029681e-07
4.7699756e-07
9.0698784e-06
8.84195e-06
8.6165852e-06
8.3918315e-06
8.1690225e-06
7.9516612e-06
7.7417073e-06
7.5395869e-06
7.3448787e-06
7.1565645e-06
6.9731326e-06
6.7929805e-06
6.6154071e-06
6.4424559e-06
6.2789487e-06
6.1274223e-06
5.9890742e-06
5.8647657e-06
5.7556413e-06
5.6630615e-06
5.5908524e-06
5.5401363e-06
5.5168722e-06
5.5278215e-06
5.5841146e-06
5.7066214e-06
5.9206106e-06
6.2550733e-06
6.744852e-06
)
;

boundaryField
{
    maxY
    {
        type            calculated;
        value           uniform 0;
    }
    minX
    {
        type            calculated;
        value           nonuniform List<scalar> 
40
(
-9.2689694e-06
-9.2689609e-06
-9.2689525e-06
-9.2689441e-06
-9.2689694e-06
-9.2689609e-06
-9.2689525e-06
-9.2689441e-06
-9.2689693e-06
-9.2689609e-06
-9.2689525e-06
-9.2689441e-06
-9.2689693e-06
-9.2689609e-06
-9.2689525e-06
-9.2689441e-06
-9.2689693e-06
-9.2689609e-06
-9.2689525e-06
-9.2689441e-06
-9.2689693e-06
-9.2689609e-06
-9.2689525e-06
-9.2689441e-06
-9.2689693e-06
-9.2689609e-06
-9.2689525e-06
-9.2689441e-06
-9.2689693e-06
-9.2689609e-06
-9.2689525e-06
-9.2689441e-06
-9.2689694e-06
-9.2689609e-06
-9.2689525e-06
-9.2689441e-06
-9.2689694e-06
-9.2689609e-06
-9.2689525e-06
-9.2689441e-06
)
;
    }
    maxX
    {
        type            calculated;
        value           nonuniform List<scalar> 
40
(
4.1444507e-06
8.5029529e-06
9.5380083e-06
7.4265583e-06
6.7108485e-06
1.2163625e-05
1.2662982e-05
9.1783182e-06
6.8788345e-06
1.2359238e-05
1.2944889e-05
9.5107677e-06
6.1345968e-06
1.1017746e-05
1.2355906e-05
9.7585008e-06
5.0783488e-06
8.4701387e-06
1.0735563e-05
9.8250146e-06
5.0783481e-06
8.4701377e-06
1.0735562e-05
9.8250145e-06
6.1345977e-06
1.1017746e-05
1.2355906e-05
9.7585018e-06
6.8788357e-06
1.2359239e-05
1.294489e-05
9.5107694e-06
6.710849e-06
1.2163626e-05
1.2662984e-05
9.1783207e-06
4.1444484e-06
8.5029507e-06
9.5380087e-06
7.4265615e-06
)
;
    }
    minZ
    {
        type            calculated;
        value           uniform 0;
    }
    maxZ
    {
        type            calculated;
        value           uniform 0;
    }
    topAir_to_rightSolid
    {
        type            calculated;
        value           nonuniform List<scalar> 
130
(
0
0
0
-5.2939559e-23
0
0
4.1359031e-25
0
0
-2.646978e-23
2.646978e-23
0
0
-2.1175824e-22
0
-1.0587912e-22
0
0
0
0
0
0
0
0
0
0
0
0
0
0
0
0
0
0
0
0
0
0
0
0
0
-1.0587912e-22
0
0
0
0
0
-5.2939559e-23
5.2939559e-23
-5.2939559e-23
0
0
0
0
0
0
0
0
0
0
0
0
0
0
0
0
-2.1175824e-22
0
-5.2939559e-23
0
0
0
0
0
0
0
0
0
2.1175824e-22
0
-1.0587912e-22
0
0
0
0
0
0
0
0
0
0
0
0
0
0
-5.2939559e-23
0
0
0
0
0
0
0
0
0
0
0
0
5.2939559e-23
0
0
0
0
0
0
0
0
0
-1.0587912e-22
0
-5.2939559e-23
0
0
0
1.323489e-23
0
0
0
0
-2.646978e-23
)
;
    }
    topAir_to_heater
    {
        type            calculated;
        value           nonuniform List<scalar> 
40
(
0
0
0
0
0
0
-2.1175824e-22
0
0
0
0
0
4.2351647e-22
-4.2351647e-22
-4.2351647e-22
0
0
0
0
0
0
0
0
0
0
0
0
0
0
0
0
2.1175824e-22
0
0
0
0
0
0
0
0
)
;
    }
    topAir_to_leftSolid
    {
        type            calculated;
        value           nonuniform List<scalar> 
130
(
0
-5.1698788e-26
0
0
0
0
0
0
0
0
0
0
0
0
0
0
0
0
0
0
-2.0679515e-25
0
0
0
0
0
0
-5.1698788e-26
0
0
0
0
-2.0679515e-25
0
0
4.1359031e-25
0
0
0
0
0
0
0
0
0
0
0
0
0
0
0
0
5.1698788e-26
0
0
0
0
0
0
0
0
0
0
0
8.2718061e-25
5.1698788e-26
0
0
0
0
2.0679515e-25
0
0
0
0
0
0
0
-5.1698788e-26
0
0
-1.0339758e-25
0
0
0
0
0
0
0
0
-4.1359031e-25
0
0
0
0
-1.0339758e-25
0
0
0
0
0
0
-8.2718061e-25
0
0
0
0
0
0
0
0
0
0
0
0
0
0
0
-5.1698788e-26
0
0
1.0339758e-25
-1.0339758e-25
0
0
0
0
0
0
0
)
;
    }
}


// ************************************************************************* //
