/*--------------------------------*- C++ -*----------------------------------*\
| =========                 |                                                 |
| \\      /  F ield         | OpenFOAM: The Open Source CFD Toolbox           |
|  \\    /   O peration     | Version:  2412                                  |
|   \\  /    A nd           | Website:  www.openfoam.com                      |
|    \\/     M anipulation  |                                                 |
\*---------------------------------------------------------------------------*/
FoamFile
{
    version     2.0;
    format      ascii;
    arch        "LSB;label=32;scalar=64";
    class       volScalarField;
    location    "0/chip";
    object      cellDeterminant;
}
// * * * * * * * * * * * * * * * * * * * * * * * * * * * * * * * * * * * * * //

dimensions      [0 0 0 0 0 0 0];

internalField   nonuniform List<scalar> 
7068
(
0.0244141
0.0244141
0.0244141
0.0244141
0.1743
0.174305
0.174305
0.174313
0.0244141
0.0244608
0.0244141
0.0244141
0.0244733
0.0244732
0.0244141
0.0244608
0.0244141
0.0244141
0.0244731
0.0244732
0.0244141
0.0244141
0.0244141
0.0244881
0.0244881
0.0244881
0.0244881
0.0244141
0.0244731
0.0244731
0.0244141
0.0244606
0.0244141
0.0244731
0.0244733
0.0244608
0.174313
0.174305
0.174305
0.174313
0.174305
0.174305
0.1743
0.1743
0.1743
0.174305
0.174313
0.174305
0.0243173
0.0243994
0.0221843
0.0244082
0.0244082
0.0221627
0.0234342
0.0244082
0.0244023
0.0221329
0.0221848
0.0244082
0.0244082
0.0221645
0.0244294
0.0244141
0.0244141
0.024424
0.0244141
0.0244278
0.0244278
0.0243565
0.0244104
0.0244141
0.0244227
0.0244104
0.0243572
0.0244246
0.0233515
0.0244082
0.0244023
0.0221379
0.0243565
0.0244141
0.0244104
0.0244227
0.0244104
0.0244246
0.0243569
0.0243366
0.0244104
0.0244104
0.0244214
0.0244038
0.0243577
0.0243588
3.34106
0.0243791
0.816936
0.0220536
0.022069
0.816894
0.817756
0.022031
0.0234632
0.816902
0.816936
0.0220557
0.022069
0.816841
0.0920363
0.174294
0.174294
0.0920415
0.174286
0.0920366
0.0920366
0.0898277
0.611823
0.174298
0.0920265
0.611795
0.0898291
0.0920239
0.817873
0.022034
0.0234233
0.816902
0.0898277
0.174298
0.611823
0.0920265
0.611795
0.0920239
0.0898291
0.0891011
0.611875
0.611866
0.0920148
1.4588
0.0898327
0.0898327
0.0234838
0.0244082
0.0244023
0.0221346
0.0232746
0.0244082
0.0244031
0.0221377
0.0243366
0.0244104
0.0244104
0.0244214
0.0244038
0.0243588
0.0243577
0.0242969
0.0243946
0.0234801
0.0219874
0.0219923
0.0235311
0.0231349
0.0219967
0.0219956
0.0231895
1.45304
0.17406
0.174178
0.174195
0.609981
0.610017
0.612545
0.0221844
0.0244082
0.0244082
0.0221627
0.0243565
0.0244104
0.0244141
0.0244227
0.0244104
0.0243577
0.0244246
0.0243565
0.0244104
0.0244141
0.0244227
0.0244104
0.0243569
0.0244246
0.0220468
0.0220189
0.0220281
0.0220354
0.0220477
0.0220209
0.0220282
0.0220356
0.610192
0.174172
0.174206
0.0244753
0.610166
0.174191
0.174205
0.610192
0.174172
0.174208
0.0244753
0.610156
0.174191
0.174206
0.0243173
0.0243994
0.024337
0.0244104
0.0244104
0.0244214
0.0244038
0.0243584
0.0243581
0.0233233
0.0244082
0.0244031
0.0221389
0.0233787
0.0219923
0.021994
0.0234189
0.0242969
0.0243952
1.45311
0.17406
0.174181
0.174189
0.609978
0.609995
0.612559
0.0232339
0.0219915
0.0219954
0.0233024
0.0243565
0.0244104
0.0244141
0.0244226
0.0244104
0.0243568
0.0244246
0.022184
0.0244082
0.0244082
0.0221647
0.0243565
0.0244141
0.0244104
0.0244227
0.0244104
0.0244246
0.0243573
0.0220466
0.0220225
0.0220284
0.0220351
0.610189
0.174172
0.174211
0.0244754
0.610161
0.174191
0.174206
0.0220464
0.0220202
0.0220278
0.0220348
0.610188
0.174172
0.0244753
0.174208
0.174191
0.610157
0.174206
0.0244294
0.0244141
0.0244141
0.024424
0.0244141
0.0244278
0.0244278
0.0244294
0.0244141
0.0244141
0.024424
0.0244141
0.0244278
0.0244278
0.0244294
0.0244141
0.0244141
0.024424
0.0244141
0.0244278
0.0244278
0.0221834
0.0244082
0.0244082
0.0221649
0.0243565
0.0244141
0.0244104
0.0244226
0.0244104
0.0244246
0.0243568
0.0221835
0.0244082
0.0244082
0.0221645
0.610188
0.174172
0.174208
0.0244754
0.610157
0.174191
0.174206
0.0220472
0.0220204
0.0220278
0.022035
0.610189
0.174172
0.0244754
0.174211
0.174191
0.610161
0.174206
0.0220473
0.0220225
0.022029
0.0220358
0.0243373
0.0244104
0.0244104
0.0244214
0.0244038
0.0243577
0.0243584
0.0243182
0.0243994
0.0234071
0.0244082
0.0244023
0.0221329
0.0232918
0.021988
0.0219933
0.0233867
1.45299
0.174059
0.174186
0.174187
0.609998
0.610007
0.612549
0.0242981
0.0243952
0.0233223
0.0219944
0.0219947
0.0233337
0.0243565
0.0244141
0.0244104
0.0244227
0.0244104
0.0244246
0.0243577
0.0221831
0.0244082
0.0244082
0.0221634
0.022183
0.0244082
0.0244082
0.0221634
0.610192
0.174172
0.0244753
0.174208
0.174191
0.61016
0.174206
0.610192
0.174172
0.0244753
0.174206
0.174191
0.610166
0.174205
0.0220479
0.0220225
0.0220286
0.0220349
0.0220474
0.0220189
0.0220274
0.0220348
0.0232751
0.0244082
0.0244031
0.0221384
0.0234834
0.0244082
0.0244023
0.0221353
0.0243176
0.0243994
1.45304
0.17406
0.174195
0.174177
0.610016
0.609981
0.612542
0.0231358
0.0219967
0.0219963
0.0231912
0.0234795
0.0219876
0.0219917
0.0235305
0.0242977
0.0243957
0.817793
0.0220311
0.0235295
0.816902
0.817811
0.0220361
0.0233016
0.816902
0.0890976
0.611868
0.611875
0.0920148
1.45883
0.0898327
0.0898327
0.816936
0.0220535
0.0220691
0.816894
0.0898277
0.611818
0.174298
0.0920298
0.611795
0.0898291
0.0920239
0.0898277
0.611823
0.174298
0.0920298
0.611795
0.0898291
0.0920239
3.34148
0.0243785
0.0891011
0.611859
0.611869
0.0920148
1.45886
0.0898327
0.0898327
0.817941
0.0220353
0.0233686
0.816902
0.0898277
0.611822
0.174298
0.0920265
0.611795
0.0898291
0.0920239
0.816936
0.0220541
0.0220689
0.816894
0.0898277
0.174298
0.611823
0.0920298
0.611795
0.0920239
0.0898291
0.0920363
0.174294
0.174294
0.0920415
0.174286
0.0920366
0.0920366
0.0920363
0.174294
0.174294
0.0920415
0.174286
0.0920366
0.0920366
0.0920363
0.174294
0.174294
0.0920415
0.174286
0.0920366
0.0920366
0.816936
0.0220549
0.022069
0.816841
0.0898277
0.174298
0.611822
0.0920265
0.611795
0.0920239
0.0898291
0.816936
0.0220551
0.022069
0.816841
0.089098
0.611855
0.611855
0.0920148
1.45883
0.0898327
0.0898327
3.34165
0.0243779
0.817775
0.0220317
0.0234079
0.816902
0.0898277
0.174298
0.611818
0.0920298
0.611795
0.0920239
0.0898291
0.816936
0.022054
0.0220693
0.816894
0.816936
0.0220543
0.0220697
0.816894
0.817941
0.0220354
0.0233029
0.816902
0.817769
0.0220318
0.0235294
0.816902
3.34155
0.0243788
0.173828
0.0244141
0.0244141
0.173828
0.0244141
0.173828
0.173828
0.173823
0.0244141
0.0244141
0.173827
0.0244141
0.173824
0.173827
0.173823
0.0244141
0.0244141
0.173827
0.0244141
0.173827
0.173824
0.17382
0.0244141
0.0244141
0.173826
0.0244141
0.173823
0.173823
0.17382
0.0244141
0.0244141
0.173826
0.0244141
0.173823
0.173823
0.173823
0.0244141
0.0244141
0.173827
0.173827
0.0244141
0.173824
0.173823
0.0244141
0.0244141
0.173827
0.0244141
0.173824
0.173827
0.17382
0.0244141
0.0244141
0.173826
0.173823
0.0244141
0.173823
0.173823
0.0244141
0.0244141
0.173827
0.173827
0.0244141
0.173824
0.173823
0.0244141
0.0244141
0.173827
0.0244141
0.173827
0.173824
0.173828
0.0244141
0.0244141
0.173828
0.173828
0.0244141
0.173828
0.173828
0.0244141
0.0244141
0.173828
0.173828
0.0244141
0.173828
0.173828
0.0244141
0.0244141
0.173828
0.0244141
0.173828
0.173828
0.173823
0.0244141
0.0244141
0.173827
0.173824
0.0244141
0.173827
0.17382
0.0244141
0.0244141
0.173826
0.173823
0.0244141
0.173823
0.173823
0.0244141
0.0244141
0.173827
0.173824
0.0244141
0.173827
0.00244592
0.0243416
0.0596327
0.059672
0.059629
0.0596479
0.00243438
0.00244619
0.173542
0.00504619
0.00504528
0.00111839
0.238669
0.238637
0.00523804
0.0226112
0.005983
0.0221817
0.00523948
0.0226088
0.0059824
0.0569427
0.00504454
0.0244082
0.173734
0.00504455
0.0569471
0.173733
0.0569424
0.173733
0.00504455
0.0244082
0.00504455
0.0569421
0.173734
0.00523528
0.0221758
0.0225961
0.00597488
0.00523093
0.0226033
0.00598027
0.00529065
0.0237324
0.00604918
0.0220021
0.00572147
0.0226918
0.00587462
0.0569565
0.00504442
0.0244082
0.173742
0.00504556
0.0569476
0.173745
0.0569476
0.173671
0.00504346
0.0244082
0.00504553
0.0570139
0.17373
0.00522582
0.0220633
0.0225854
0.00596568
0.00522578
0.0225792
0.00594206
0.00523843
0.0226107
0.0221826
0.00598342
0.0226084
0.00523955
0.00598315
0.0569424
0.00504455
0.0244082
0.173734
0.00504455
0.0569471
0.173734
0.056942
0.173733
0.0244082
0.00504455
0.00504455
0.173734
0.0569422
0.00523636
0.0221764
0.0225956
0.00598054
0.00523277
0.0226037
0.00598187
0.173828
0.0244141
0.0244141
0.173828
0.0244141
0.173828
0.173828
0.173828
0.0244141
0.0244141
0.173828
0.0244141
0.173828
0.173828
0.173828
0.173828
0.0244141
0.0244141
0.0244141
0.173828
0.173828
0.173804
0.0244141
0.0244104
0.173779
0.0244141
0.173803
0.173779
0.173823
0.0244141
0.0244141
0.173827
0.0244141
0.173827
0.173823
0.173804
0.173778
0.0244104
0.0244141
0.0244141
0.173778
0.173804
0.00530423
0.0236794
0.022012
0.0060173
0.0226578
0.00570051
0.00594495
0.0569568
0.00504442
0.0244082
0.173742
0.00504556
0.056947
0.173745
0.0569503
0.173668
0.0244082
0.00504379
0.00504549
0.173721
0.0570127
0.00523138
0.0220795
0.0225809
0.00597738
0.00522774
0.0225686
0.00597636
0.173823
0.0244141
0.0244141
0.173827
0.0244141
0.173827
0.173823
0.173804
0.0244141
0.0244104
0.173779
0.0244141
0.173803
0.173779
0.173804
0.173778
0.0244141
0.0244104
0.0244141
0.173804
0.173778
0.173803
0.0244141
0.0244104
0.173779
0.0244141
0.173802
0.173785
0.173803
0.0244141
0.0244104
0.173779
0.0244141
0.173803
0.173784
0.17379
0.173742
0.0244089
0.0244089
0.0244141
0.173767
0.173769
0.00245955
0.0244823
0.0146575
0.0146538
0.240238
0.24022
0.00300713
0.00245263
0.0244347
0.0597328
0.0597666
0.00243452
0.0598311
0.0598469
0.0572395
0.0244756
0.0146303
0.816936
0.0572396
0.0244756
0.0146303
0.00507055
0.00600751
0.0220638
0.0219057
0.00601073
0.00506711
0.0219105
0.00507278
0.0219148
0.00601186
0.0220676
0.00601176
0.00507379
0.0219136
0.0572386
0.816906
0.0244761
0.0146306
0.0572459
0.0244752
0.0146298
0.0572455
0.0244674
0.0146354
0.817074
0.0573374
0.0244714
0.0146341
0.00507051
0.00600289
0.021974
0.0219003
0.00598626
0.00506491
0.0219141
0.00515532
0.023528
0.00607657
0.0219315
0.00592372
0.00567491
0.0221016
0.0572505
0.816933
0.0244756
0.0146296
0.057249
0.0244746
0.014634
0.0572395
0.0244756
0.816936
0.0146303
0.0244756
0.0572396
0.0146303
0.00507164
0.00601394
0.0220638
0.0219041
0.00601217
0.00506896
0.0219107
0.00507325
0.021915
0.0220671
0.00601216
0.00601198
0.021914
0.00507387
0.0572386
0.816906
0.0244757
0.0146306
0.0572456
0.0244752
0.0146298
0.0244336
0.0244353
0.0920385
0.0920385
0.0244352
0.0244352
0.0920431
0.0244352
0.0244363
0.0920408
0.0920408
0.0244358
0.0244358
0.0920424
0.0244344
0.0920382
0.0244358
0.0920389
0.0244357
0.0244353
0.0920428
0.0244344
0.0920382
0.0244358
0.0920389
0.0244357
0.0244353
0.0920428
0.0244415
0.0244423
0.08983
0.0916139
0.0244416
0.0244422
0.0916139
0.0244356
0.0244373
0.0919705
0.0920259
0.0244354
0.0244367
0.0919705
0.0244396
0.0898278
0.0244424
0.0916084
0.0244401
0.0244407
0.0916107
0.0244352
0.0919695
0.024436
0.0920239
0.0244359
0.0244353
0.0919673
0.0572452
0.0244688
0.817105
0.014635
0.0244724
0.057338
0.0146335
0.0050766
0.00600932
0.0219842
0.0218989
0.00600576
0.0050664
0.0219089
0.00517015
0.0234979
0.021943
0.00606486
0.00596255
0.0220841
0.00566587
0.0572522
0.816942
0.024476
0.0146296
0.0572493
0.024475
0.0146326
0.0244415
0.0244423
0.0916139
0.08983
0.0244422
0.0244416
0.0916139
0.0244356
0.0244373
0.0920259
0.0919705
0.0244367
0.0244354
0.0919705
0.0244352
0.0919695
0.024436
0.0920239
0.0244359
0.0244353
0.0919673
0.0244396
0.0898278
0.0244424
0.0916084
0.0244401
0.0244407
0.0916107
0.0244444
0.0244511
0.0896717
0.089679
0.0244435
0.0244457
0.0912266
0.0244353
0.0244379
0.0919614
0.0919582
0.0244364
0.024436
0.0919005
0.02444
0.0898049
0.0244423
0.0916016
0.0244408
0.0244431
0.0915464
0.0244397
0.0898108
0.0244427
0.0916016
0.0244408
0.0244435
0.0915486
0.00529233
0.0237471
0.00606114
0.0220231
0.00572511
0.0227037
0.00586426
0.0569547
0.00504441
0.0244082
0.173741
0.056947
0.00504556
0.173745
0.0569486
0.17367
0.00504346
0.0244082
0.0570141
0.00504553
0.17373
0.00522558
0.0220702
0.0225869
0.00596324
0.00522537
0.0225851
0.00593574
0.00530225
0.0236568
0.00599706
0.02198
0.00569442
0.0226394
0.00596329
0.0569567
0.00504442
0.0244082
0.173742
0.056947
0.00504556
0.173746
0.056953
0.173663
0.00504348
0.0244082
0.0570113
0.00504562
0.17373
0.00523118
0.0220722
0.022581
0.00598193
0.00522862
0.022562
0.00598744
0.173803
0.0244141
0.0244104
0.173779
0.0244141
0.173784
0.173803
0.173803
0.0244141
0.0244104
0.173779
0.0244141
0.173785
0.173802
0.17379
0.173742
0.0244089
0.0244089
0.0244141
0.173769
0.173767
0.0024299
0.0595483
0.0596048
0.0242911
0.00243192
0.0595218
0.0595768
0.00242995
0.024444
0.0595879
0.059637
0.00243185
0.0595349
0.0595927
0.00643171
0.00632534
0.0217927
0.0234394
0.00628773
0.00642368
0.021568
0.00652414
0.00646635
0.0220602
0.0219007
0.0219545
0.00653469
0.00644726
0.00647963
0.0219042
0.00637378
0.0217809
0.00635399
0.0216876
0.00649077
0.00647335
0.0236678
0.00636829
0.0217879
0.00644565
0.0218057
0.00637338
0.00658663
0.00620818
0.0217245
0.0230153
0.00642057
0.00628731
0.021481
0.00659729
0.0064928
0.0220639
0.0219087
0.0219513
0.00656139
0.00651642
0.0065507
0.0219014
0.00639769
0.0217824
0.00641868
0.0216767
0.0065169
0.00663265
0.0232474
0.00625407
0.0217373
0.00631017
0.0217321
0.0065157
0.00523818
0.0226113
0.00598291
0.0221814
0.00523955
0.0226089
0.00598243
0.0569427
0.00504455
0.0244082
0.173734
0.0569472
0.00504455
0.173733
0.0569424
0.173733
0.00504455
0.0244082
0.0569421
0.00504455
0.173734
0.00523579
0.0221757
0.0225967
0.00597568
0.0052316
0.0226045
0.0059805
0.173804
0.0244141
0.0244104
0.173779
0.173779
0.0244141
0.173803
0.173823
0.0244141
0.0244141
0.173827
0.173827
0.0244141
0.173823
0.173804
0.173778
0.0244104
0.0244141
0.173778
0.0244141
0.173804
0.173804
0.0244141
0.0244104
0.173779
0.0244141
0.173779
0.173803
0.173823
0.0244141
0.0244141
0.173827
0.0244141
0.173823
0.173827
0.173804
0.173778
0.0244104
0.0244141
0.0244141
0.173778
0.173804
0.00648948
0.00638272
0.0220453
0.0218311
0.00638285
0.00648865
0.0218297
0.00653316
0.00647185
0.0220975
0.0220304
0.00647272
0.00653551
0.0221106
0.00649071
0.0220419
0.00638124
0.021814
0.00638299
0.00649184
0.0218261
0.00653083
0.0221151
0.00647172
0.0220337
0.0064722
0.00652965
0.0221139
0.00648938
0.00638303
0.0220463
0.0218303
0.00638362
0.00648845
0.0218295
0.00653353
0.00647517
0.0220994
0.0220326
0.0221104
0.00653867
0.00647397
0.00649154
0.0220415
0.00638336
0.0218161
0.00638366
0.0218274
0.00649543
0.00653083
0.0221149
0.00647173
0.0220356
0.0065298
0.0221132
0.00647253
0.00244587
0.0243418
0.059635
0.0596725
0.0596281
0.0596476
0.00243432
0.00244619
0.173546
0.00504566
0.00504582
0.238661
0.00111839
0.238649
0.173803
0.0244141
0.0244104
0.173778
0.173783
0.0244141
0.173803
0.173803
0.0244141
0.0244104
0.173779
0.173802
0.0244141
0.173785
0.17379
0.173742
0.0244089
0.0244089
0.173768
0.0244141
0.173767
0.00530423
0.023672
0.00601008
0.022002
0.00569815
0.0226508
0.00595369
0.0569576
0.00504442
0.0244082
0.173742
0.00504556
0.173746
0.0569479
0.0569547
0.173671
0.00504348
0.0244082
0.00504562
0.057011
0.173721
0.00523148
0.0220767
0.0225805
0.00597933
0.0225656
0.00598168
0.00522789
0.00650356
0.00629217
0.0217702
0.0232902
0.00632569
0.00636861
0.0215549
0.0065598
0.00647586
0.0220664
0.0219067
0.00647397
0.00654635
0.0219651
0.00651121
0.021903
0.00638121
0.0217841
0.00637344
0.00650112
0.0216919
0.0065554
0.0235137
0.00632788
0.0217774
0.00642875
0.00638698
0.0218022
0.00242999
0.0595602
0.0595917
0.0242921
0.0024319
0.0595493
0.0595535
0.00243017
0.0244449
0.0596025
0.0596199
0.0595699
0.0595613
0.00243229
0.00651433
0.00624204
0.0217464
0.0231621
0.00638234
0.0063424
0.0214949
0.00656185
0.00648322
0.0220581
0.0219013
0.0219405
0.00654907
0.00649006
0.0065185
0.0219014
0.00639114
0.0217781
0.0064002
0.0216699
0.0065059
0.00655117
0.0233997
0.00629524
0.0217479
0.00636918
0.0217374
0.0064605
0.173804
0.0244141
0.0244104
0.173779
0.173779
0.0244141
0.173803
0.173823
0.0244141
0.0244141
0.173827
0.173827
0.0244141
0.173823
0.173804
0.173778
0.0244104
0.0244141
0.173778
0.0244141
0.173804
0.00523821
0.0226114
0.00598293
0.0221822
0.00523956
0.0226091
0.00598233
0.0569428
0.00504455
0.0244082
0.173734
0.0569471
0.00504455
0.173734
0.0569424
0.173733
0.00504455
0.0244082
0.0569421
0.00504455
0.173734
0.0052356
0.0221765
0.0225949
0.00597914
0.00523173
0.0226035
0.00598126
0.173823
0.0244141
0.0244141
0.173827
0.0244141
0.173823
0.173827
0.173804
0.0244141
0.0244104
0.173779
0.0244141
0.173779
0.173803
0.173804
0.173778
0.0244141
0.0244104
0.0244141
0.173804
0.173778
0.00648994
0.0220452
0.00638293
0.0218293
0.00638347
0.0218283
0.0064887
0.00653559
0.00648087
0.0220993
0.0220324
0.00647563
0.00654397
0.0221103
0.00649364
0.022041
0.00638872
0.0218159
0.00638517
0.00650097
0.0218265
0.00653197
0.0221147
0.0220348
0.00647209
0.00647304
0.0221136
0.00653025
0.00648951
0.00638282
0.0220456
0.02183
0.0063834
0.00648889
0.0218285
0.00653462
0.00647591
0.0220973
0.0220317
0.0221111
0.00653877
0.00647411
0.00649172
0.0220414
0.0063851
0.0218138
0.0063843
0.021825
0.00649575
0.00653186
0.0221146
0.00647218
0.0220345
0.00653021
0.0221143
0.00647273
0.173828
0.0244141
0.0244141
0.173828
0.173828
0.0244141
0.173828
0.173828
0.0244141
0.0244141
0.173828
0.173828
0.0244141
0.173828
0.173828
0.173828
0.0244141
0.0244141
0.173828
0.0244141
0.173828
0.173828
0.0244141
0.0244141
0.173828
0.173828
0.0244141
0.173828
0.173828
0.0244141
0.0244141
0.173828
0.173828
0.0244141
0.173828
0.173828
0.173828
0.0244141
0.0244141
0.173828
0.0244141
0.173828
0.173828
0.0244141
0.0244141
0.173828
0.0244141
0.173828
0.173828
0.173828
0.0244141
0.0244141
0.173828
0.0244141
0.173828
0.173828
0.173828
0.173828
0.0244141
0.0244141
0.0244141
0.173828
0.173828
0.00523803
0.0226107
0.0221817
0.00598293
0.0226084
0.00523948
0.00598275
0.0569424
0.00504455
0.0244082
0.173734
0.173734
0.00504455
0.056947
0.056942
0.173733
0.0244082
0.00504455
0.173734
0.00504455
0.0569422
0.00523587
0.0221764
0.0225949
0.00597979
0.0226043
0.00523214
0.00598136
0.173823
0.0244141
0.0244141
0.173827
0.173823
0.0244141
0.173827
0.173804
0.0244141
0.0244104
0.173779
0.173803
0.0244141
0.173779
0.173804
0.173778
0.0244141
0.0244104
0.173804
0.0244141
0.173778
0.00523843
0.0226107
0.00598283
0.022182
0.00523955
0.0226084
0.00598285
0.0569424
0.00504455
0.0244082
0.173734
0.00504455
0.173734
0.0569471
0.056942
0.173733
0.00504455
0.0244082
0.00504455
0.0569421
0.173734
0.00523629
0.0221764
0.0225956
0.00598064
0.0226037
0.00598197
0.00523271
0.00648974
0.0220454
0.00638314
0.0218302
0.00638363
0.0218284
0.00648901
0.00653484
0.00647807
0.0220965
0.0220318
0.00654023
0.02211
0.00647459
0.00649272
0.0220406
0.0063863
0.0218146
0.00649778
0.00638459
0.0218258
0.00653205
0.0221149
0.0220347
0.00647217
0.0221143
0.00653013
0.00647275
0.00649026
0.00638322
0.0220453
0.02183
0.00638347
0.00648901
0.021829
0.00653568
0.00648087
0.0220999
0.0220324
0.0221103
0.00654426
0.00647554
0.00649364
0.022041
0.00638903
0.0218153
0.00638517
0.0218265
0.00650064
0.00653174
0.0221141
0.00647241
0.0220355
0.00652993
0.022113
0.00647326
0.173802
0.0244141
0.0244104
0.173779
0.173785
0.0244141
0.173802
0.173803
0.0244141
0.0244104
0.173778
0.173803
0.0244141
0.173783
0.17379
0.173744
0.0244089
0.0244089
0.173767
0.0244141
0.173769
0.00244587
0.0243418
0.0596678
0.0596409
0.059644
0.0596273
0.00243397
0.00244619
0.173555
0.00504511
0.00504583
0.238632
0.00111856
0.238657
0.00529128
0.0237246
0.0219911
0.00604176
0.0226845
0.00571956
0.00588387
0.0569553
0.00504442
0.0244082
0.173742
0.00504556
0.173747
0.0569476
0.0569502
0.173669
0.0244082
0.00504388
0.00504585
0.173728
0.0570153
0.00522578
0.0220626
0.0225843
0.00596826
0.0225781
0.00594659
0.00522613
0.00648113
0.0217595
0.00625987
0.0232474
0.00636114
0.0215099
0.00637084
0.00654259
0.00647586
0.0220546
0.0218958
0.00647059
0.00654246
0.0219371
0.00650337
0.021903
0.00638636
0.0217773
0.00638869
0.00650068
0.0216711
0.00650846
0.023497
0.0217538
0.00632729
0.00641816
0.0217482
0.00640407
0.00242993
0.0595836
0.0595721
0.0242917
0.00243171
0.0595395
0.0595614
0.00243012
0.0244443
0.0596039
0.0596229
0.0595436
0.0595805
0.00243237
0.00653578
0.0217585
0.006274
0.0232023
0.00634817
0.0215373
0.00633946
0.0065789
0.00648296
0.0220685
0.0219116
0.0219674
0.00655342
0.00649414
0.00652649
0.0219026
0.00638539
0.0217857
0.00638411
0.0216911
0.00650702
0.00659585
0.0234136
0.0217718
0.00629579
0.0217894
0.00635099
0.00647114
0.173823
0.0244141
0.0244141
0.173827
0.173823
0.0244141
0.173827
0.173804
0.0244141
0.0244104
0.173779
0.173803
0.0244141
0.173779
0.173804
0.173778
0.0244141
0.0244104
0.173804
0.0244141
0.173778
0.00523848
0.0226113
0.0221816
0.00598263
0.0226097
0.00523955
0.00598247
0.0569427
0.00504455
0.0244082
0.173734
0.173733
0.00504455
0.0569472
0.0569423
0.173733
0.0244082
0.00504455
0.173734
0.00504454
0.0569422
0.00523614
0.0221761
0.0225965
0.00597682
0.0226052
0.0052317
0.00598088
0.00523804
0.0226113
0.0221817
0.00598273
0.0226088
0.00523948
0.0059824
0.0569427
0.00504455
0.0244082
0.173734
0.00504455
0.173733
0.0569472
0.0569423
0.173733
0.0244082
0.00504455
0.00504455
0.173734
0.0569422
0.00523528
0.0221758
0.0225954
0.00597517
0.0226033
0.00598027
0.00523065
0.00648938
0.0220458
0.00638359
0.0218303
0.00638385
0.0218284
0.00648861
0.006534
0.00647712
0.0221003
0.0220326
0.00654055
0.0221103
0.0064742
0.00649199
0.0220414
0.00638473
0.0218166
0.00649694
0.00638424
0.0218265
0.006531
0.0221152
0.0220352
0.0064716
0.0221135
0.00652979
0.00647263
0.00648947
0.0220453
0.0063832
0.0218312
0.00638285
0.0218298
0.00648864
0.00653307
0.00647194
0.0220969
0.022031
0.0221099
0.0065351
0.00647281
0.00649071
0.0220419
0.00638084
0.0218146
0.00638299
0.0218261
0.00649215
0.00653083
0.0221152
0.0220345
0.0064714
0.0221133
0.00652965
0.0064722
0.00530225
0.0236568
0.0219803
0.005997
0.0226394
0.00569442
0.00596329
0.0569576
0.00504441
0.0244082
0.173742
0.173746
0.00504556
0.0569478
0.0569539
0.173663
0.0244082
0.00504348
0.17373
0.00504562
0.0570122
0.0052309
0.0220732
0.0225804
0.00598221
0.0225613
0.00522834
0.00598771
0.00529233
0.0237471
0.0220231
0.00606115
0.0227037
0.00572511
0.00586426
0.0569547
0.00504441
0.0244082
0.173741
0.173745
0.00504556
0.056947
0.0569477
0.17367
0.0244082
0.00504346
0.17373
0.00504553
0.0570132
0.00522558
0.0220702
0.0225862
0.00596352
0.0225851
0.00522508
0.00593574
0.00244592
0.0243416
0.059672
0.0596325
0.0596479
0.059629
0.00243438
0.00244619
0.173542
0.00504528
0.00504619
0.00111839
0.238637
0.238669
0.0065864
0.0217256
0.00620843
0.0230154
0.0064212
0.021481
0.0062874
0.00659706
0.0064928
0.0220639
0.0219089
0.00656141
0.0219512
0.00651634
0.0065508
0.0219024
0.006398
0.0217824
0.00651701
0.00641907
0.021677
0.00663243
0.0232472
0.021738
0.00625444
0.0217324
0.00631018
0.00651524
0.00643182
0.0217914
0.00632488
0.0234388
0.00628693
0.0215667
0.00642343
0.00652484
0.00646672
0.0220592
0.0218996
0.00653451
0.0219536
0.00644746
0.00647923
0.0219036
0.00637338
0.0217809
0.00649067
0.00635359
0.0216863
0.00647423
0.0236672
0.0217863
0.00636821
0.0218051
0.00644557
0.0063734
0.00242995
0.0596048
0.0595478
0.0242918
0.00243192
0.0595768
0.0595235
0.00242995
0.0244446
0.0596339
0.0595873
0.0595893
0.0595376
0.00243224
0.0572442
0.0244685
0.0146354
0.817074
0.0573372
0.024471
0.0146357
0.00507143
0.00599832
0.0219791
0.0219029
0.00506437
0.00597487
0.0219232
0.00515858
0.0235526
0.00609295
0.021956
0.00568193
0.00590403
0.0221219
0.0572502
0.816933
0.0244756
0.0146296
0.0572486
0.0244746
0.014634
0.0572464
0.0244691
0.0146347
0.817128
0.0573357
0.0244731
0.0146348
0.00507554
0.00601882
0.0219807
0.0218949
0.00506733
0.00602995
0.0218945
0.00516536
0.0234494
0.0060311
0.0219076
0.00565012
0.0060088
0.0220442
0.0572519
0.816942
0.0244752
0.0146296
0.0572497
0.0244753
0.014634
0.0244444
0.0244515
0.089679
0.0896717
0.024445
0.0244439
0.0912266
0.0244353
0.0244379
0.0919582
0.0919614
0.0919005
0.024436
0.0244364
0.0244397
0.0898108
0.0244427
0.0916016
0.0244435
0.0915486
0.0244408
0.02444
0.0898049
0.0244423
0.0916016
0.0244431
0.0915464
0.0244408
0.0572395
0.0244756
0.0146303
0.816936
0.0572396
0.0244756
0.0146303
0.0050713
0.00600874
0.0220629
0.0219064
0.00506806
0.00601071
0.0219113
0.00507311
0.0219149
0.00601186
0.0220673
0.00507379
0.00601172
0.0219136
0.0572386
0.816906
0.0244761
0.0146306
0.0572463
0.0244752
0.0146298
0.0244415
0.0244423
0.08983
0.0916139
0.0244416
0.0244422
0.0916139
0.0244356
0.0244377
0.0919673
0.0920259
0.0244367
0.024435
0.0919705
0.0244396
0.0898278
0.0244424
0.0916084
0.0244407
0.0244401
0.0916107
0.0244352
0.0919695
0.024436
0.0920239
0.0244359
0.0244353
0.0919673
0.0244415
0.0244423
0.08983
0.0916139
0.0244416
0.0244422
0.0916139
0.0244356
0.0244377
0.0919673
0.0920259
0.0919705
0.024435
0.0244367
0.0244396
0.0898278
0.0244424
0.0916084
0.0244407
0.0916107
0.0244401
0.0244352
0.0919695
0.024436
0.0920239
0.0244353
0.0919673
0.0244359
0.00245982
0.0244821
0.0146583
0.0146518
0.240243
0.240215
0.00300668
0.00245313
0.024434
0.0597335
0.0597648
0.0598265
0.00243455
0.0598508
0.0244448
0.0244515
0.089679
0.0896717
0.0244453
0.0244446
0.0912266
0.0244353
0.0244379
0.0919582
0.0919614
0.0244364
0.024436
0.0919005
0.0244397
0.0898108
0.0244427
0.0916016
0.0244435
0.0244408
0.0915486
0.0244397
0.0898049
0.0244423
0.0916016
0.0244408
0.0244431
0.0915464
0.0572453
0.0244698
0.014635
0.817128
0.0573365
0.0244728
0.0146335
0.00507689
0.0060146
0.0219858
0.0218967
0.00601965
0.0219029
0.00506725
0.00516915
0.0234733
0.00604902
0.0219332
0.00599037
0.00565735
0.0220655
0.0572515
0.816942
0.0244752
0.0146296
0.024475
0.0146326
0.0572497
0.0244415
0.0244423
0.08983
0.0916139
0.0244416
0.0244422
0.0916139
0.0244356
0.0244373
0.0919705
0.0920259
0.0244367
0.0244354
0.0919705
0.0244396
0.0898278
0.0244424
0.0916084
0.0244407
0.0244401
0.0916107
0.0244352
0.0919695
0.024436
0.0920239
0.0244359
0.0244353
0.0919673
0.0572395
0.0244756
0.0146303
0.816936
0.0572396
0.0244756
0.0146303
0.00507139
0.00601057
0.022063
0.0219055
0.0050683
0.00601133
0.0219109
0.00507311
0.021915
0.00601217
0.022067
0.0050738
0.00601193
0.0219137
0.0572387
0.816906
0.0244761
0.0146306
0.0572454
0.0244752
0.0146298
0.0244415
0.0244423
0.0916139
0.08983
0.0244422
0.0244416
0.0916139
0.0244356
0.0244377
0.0920259
0.0919673
0.0919705
0.0244367
0.024435
0.0244352
0.0919695
0.024436
0.0920239
0.0244353
0.0919673
0.0244359
0.0244396
0.0898278
0.0244424
0.0916084
0.0244407
0.0916107
0.0244401
0.0244336
0.0244353
0.0920385
0.0920385
0.0244352
0.0244352
0.0920431
0.0244352
0.0244363
0.0920408
0.0920408
0.0244358
0.0244358
0.0920424
0.0244344
0.0920382
0.0244358
0.0920389
0.0244353
0.0244357
0.0920428
0.0244344
0.0920382
0.0244358
0.0920389
0.0244357
0.0244353
0.0920428
0.0244336
0.0244353
0.0920385
0.0920385
0.0244352
0.0244352
0.0920431
0.0244352
0.0244363
0.0920408
0.0920408
0.0244358
0.0244358
0.0920424
0.0244344
0.0920382
0.0244358
0.0920389
0.0244353
0.0244357
0.0920428
0.0244344
0.0920382
0.0244358
0.0920389
0.0244357
0.0244353
0.0920428
0.0244336
0.0244353
0.0920385
0.0920385
0.0244352
0.0244352
0.0920431
0.0244352
0.0244363
0.0920408
0.0920408
0.0920424
0.0244358
0.0244358
0.0244344
0.0920382
0.0244358
0.0920389
0.0244353
0.0920428
0.0244357
0.0244344
0.0920382
0.0244358
0.0920389
0.0244353
0.0920428
0.0244357
0.0572395
0.0244756
0.816936
0.0146303
0.0244756
0.0572396
0.0146303
0.00507143
0.00601248
0.0220639
0.0219048
0.0219111
0.00601198
0.00506869
0.00507319
0.021915
0.0220673
0.00601207
0.0219138
0.00601196
0.00507387
0.0572387
0.816906
0.0244757
0.0146306
0.0244752
0.0572455
0.0146298
0.0244415
0.0244423
0.0916139
0.08983
0.0244422
0.0244416
0.0916139
0.0244356
0.0244373
0.0920259
0.0919705
0.0244354
0.0244367
0.0919705
0.0244352
0.0919695
0.024436
0.0920239
0.0244353
0.0244359
0.0919673
0.0244396
0.0898278
0.0244424
0.0916084
0.0244401
0.0244407
0.0916107
0.0572395
0.0244756
0.0146303
0.816936
0.0572396
0.0244756
0.0146303
0.00507164
0.00601366
0.0220638
0.0219041
0.00601217
0.0219107
0.00506897
0.00507325
0.021915
0.00601215
0.0220672
0.00601198
0.00507387
0.021914
0.0572386
0.816906
0.0244757
0.0146306
0.0244752
0.0146298
0.0572456
0.0244448
0.0244507
0.0896775
0.0896822
0.024445
0.0244453
0.0912289
0.0244353
0.0244379
0.0919582
0.0919614
0.0244364
0.024436
0.0919005
0.0244397
0.0898072
0.0244423
0.0916016
0.0244427
0.0244408
0.0915486
0.0244397
0.0898108
0.0244423
0.0916016
0.0244408
0.0244431
0.0915486
0.00245939
0.0244836
0.0146535
0.0146583
0.240224
0.240229
0.00300668
0.00245269
0.0244347
0.059753
0.059744
0.0598492
0.00243465
0.0598327
0.0572441
0.0244685
0.817092
0.0146359
0.0244717
0.0573359
0.0146341
0.0050701
0.00600773
0.0219757
0.0218988
0.00600018
0.0219072
0.00506506
0.00515533
0.023505
0.0219217
0.00606041
0.00595216
0.0220835
0.00566672
0.0572504
0.816933
0.024476
0.0146296
0.0244746
0.014634
0.0572486
0.0244415
0.0244423
0.0916139
0.08983
0.0244422
0.0244416
0.0916139
0.0244356
0.0244377
0.0920259
0.0919673
0.024435
0.0244367
0.0919705
0.0244352
0.0919695
0.024436
0.0920239
0.0244353
0.0244359
0.0919673
0.0244396
0.0898278
0.0244424
0.0916084
0.0244401
0.0244407
0.0916107
0.0572395
0.0244756
0.816936
0.0146303
0.0244756
0.0572396
0.0146303
0.00507146
0.00601025
0.0220633
0.0219055
0.0219109
0.00601132
0.00506822
0.00507324
0.0219149
0.0220671
0.00601206
0.0219137
0.00601184
0.00507386
0.0572386
0.816906
0.0244761
0.0146306
0.0244752
0.0572459
0.0146298
0.0572395
0.0244756
0.816936
0.0146303
0.0244756
0.0572396
0.0146303
0.00507062
0.00600779
0.0220638
0.0219057
0.00601064
0.0219105
0.00506727
0.00507278
0.0219149
0.0220676
0.00601216
0.00601176
0.0219136
0.00507379
0.0572386
0.816906
0.0244761
0.0146306
0.0244752
0.0146298
0.0572463
0.057246
0.0244698
0.817091
0.014635
0.0244731
0.0573364
0.0146335
0.00507567
0.00601841
0.021981
0.0218952
0.0218949
0.00602967
0.00506721
0.00516626
0.0234505
0.0219078
0.00603106
0.0220452
0.00600852
0.00565067
0.0572516
0.816979
0.0244756
0.0146296
0.0244757
0.0572484
0.0146326
0.0572474
0.0244681
0.817087
0.0146354
0.0244714
0.057337
0.0146341
0.00507141
0.00599879
0.0219798
0.0219029
0.0219223
0.00597543
0.00506456
0.00515779
0.0235516
0.0219567
0.00609311
0.0221208
0.00590486
0.00568104
0.057248
0.816933
0.0244756
0.0146296
0.0244735
0.0572494
0.014634
0.00245939
0.0244823
0.0146518
0.0146583
0.2402
0.240235
0.00300668
0.00245268
0.024434
0.0597687
0.0597277
0.00243488
0.0598514
0.0598282
0.0244141
0.0244141
0.0244141
0.0244141
0.0244141
0.0244141
0.0244141
0.0244141
0.0244141
0.0244141
0.0244141
0.0244141
0.0244141
0.0244141
0.0244141
0.0244141
0.0244141
0.0244141
0.0244141
0.0244141
0.0244141
0.0244141
0.0244141
0.0244141
0.0244141
0.0244141
0.0244141
0.0244141
0.0244141
0.0244141
0.0244141
0.0244141
0.0244141
0.0244141
0.0244141
0.0244141
0.0244141
0.0244141
0.0244141
0.0244141
0.0244141
0.0244141
0.0244141
0.0244141
0.0244141
0.0244141
0.0244141
0.0244141
0.0244141
0.0244141
0.0244141
0.0244141
0.0244141
0.0244141
0.0244141
0.0244141
0.0244141
0.0244141
0.0244141
0.0244141
0.0244141
0.0244141
0.0244141
0.0244141
0.0244141
0.0244141
0.0244141
0.0244141
0.0244141
0.0244141
0.0244141
0.0244141
0.0244141
0.0244141
0.0244141
0.0244141
0.0244141
0.0244141
0.0244141
0.0244141
0.0244141
0.0244141
0.0244141
0.0244141
0.0244141
0.0244141
0.0244141
0.0244141
0.0244141
0.0244141
0.0244141
0.0244141
0.0244141
0.0244141
0.0244141
0.0244141
0.0244141
0.0244141
0.0244141
0.0244141
0.0244141
0.0244141
0.0244141
0.0244141
0.0244141
0.0244141
0.0244141
0.0244141
0.0244141
0.0244141
0.0244141
0.0244141
0.0243591
0.0243979
0.0243928
0.0243928
0.0243833
0.0243803
0.0243766
0.0243904
0.0244001
0.0244082
0.0244118
0.0244001
0.0243904
0.0244118
0.0243904
0.0244118
0.0244001
0.0244082
0.0244001
0.0243904
0.0244118
0.0243919
0.0244001
0.0244082
0.0244118
0.0244001
0.0243912
0.0244118
0.0243898
0.0243994
0.0243979
0.0244038
0.0243987
0.0243818
0.0244067
0.0243904
0.0244001
0.0244082
0.0244118
0.0244001
0.0243904
0.0244118
0.0243904
0.0244118
0.0244082
0.0244001
0.0244001
0.0244118
0.0243904
0.0244141
0.0244141
0.0244141
0.0244141
0.0244141
0.0244141
0.0244141
0.0244141
0.0244141
0.0244141
0.0244141
0.0244141
0.0244141
0.0244141
0.0244141
0.0244141
0.0244141
0.0244141
0.0244141
0.0244141
0.0244141
0.0244148
0.0244104
0.0244104
0.0244067
0.0244104
0.0244148
0.0244067
0.0244141
0.0244141
0.0244141
0.0244141
0.0244141
0.0244141
0.0244141
0.0244148
0.0244067
0.0244104
0.0244104
0.0244104
0.0244067
0.0244148
0.0243912
0.0244001
0.0244082
0.0244118
0.0244001
0.0243912
0.0244118
0.0243883
0.0243994
0.0244038
0.0243972
0.0243979
0.0244082
0.0243825
0.0244141
0.0244141
0.0244141
0.0244141
0.0244141
0.0244141
0.0244141
0.0244148
0.0244104
0.0244104
0.0244067
0.0244104
0.0244148
0.0244067
0.0244148
0.0244067
0.0244104
0.0244104
0.0244104
0.0244148
0.0244067
0.0244148
0.0244104
0.0244104
0.0244067
0.0244104
0.0244148
0.0244067
0.0244148
0.0244104
0.0244104
0.0244067
0.0244104
0.0244148
0.0244075
0.0244119
0.0244023
0.0244067
0.0244067
0.0244119
0.0244075
0.0244082
0.0243919
0.0244001
0.0244082
0.0244118
0.0243912
0.0244001
0.0244111
0.0243898
0.0243994
0.0243979
0.0244038
0.0243818
0.0243987
0.0244067
0.0243912
0.0244001
0.0244082
0.0244118
0.0243912
0.0244001
0.0244118
0.0243883
0.0244009
0.0243979
0.0244038
0.0243817
0.0243987
0.024406
0.0244148
0.0244104
0.0244104
0.0244067
0.0244104
0.0244075
0.0244148
0.0244148
0.0244104
0.0244104
0.0244067
0.0244104
0.0244067
0.0244148
0.0244119
0.0244023
0.0244067
0.0244067
0.0244119
0.0244082
0.0244075
0.0243904
0.0244001
0.0244082
0.0244118
0.0243904
0.0244001
0.0244118
0.0243904
0.0244118
0.0244001
0.0244082
0.0243904
0.0244001
0.0244118
0.0244148
0.0244104
0.0244104
0.0244067
0.0244067
0.0244104
0.0244148
0.0244141
0.0244141
0.0244141
0.0244141
0.0244141
0.0244141
0.0244141
0.0244148
0.0244067
0.0244104
0.0244104
0.0244067
0.0244104
0.0244148
0.0244148
0.0244104
0.0244104
0.0244067
0.0244104
0.0244067
0.0244148
0.0244141
0.0244141
0.0244141
0.0244141
0.0244141
0.0244141
0.0244141
0.0244148
0.0244067
0.0244104
0.0244104
0.0244104
0.0244067
0.0244148
0.0243591
0.0243979
0.0243928
0.0243928
0.0243803
0.0243833
0.0243766
0.0244148
0.0244104
0.0244104
0.0244067
0.0244067
0.0244104
0.0244148
0.0244148
0.0244104
0.0244104
0.0244067
0.0244148
0.0244104
0.0244067
0.0244111
0.0244023
0.0244067
0.0244067
0.0244082
0.0244111
0.0244075
0.0243912
0.0244001
0.0244082
0.0244118
0.0244001
0.0244118
0.0243912
0.0243898
0.0244023
0.0243979
0.0244038
0.0243987
0.0243832
0.0244089
0.0244148
0.0244104
0.0244104
0.0244067
0.0244067
0.0244104
0.0244148
0.0244141
0.0244141
0.0244141
0.0244141
0.0244141
0.0244141
0.0244141
0.0244148
0.0244067
0.0244104
0.0244104
0.0244067
0.0244104
0.0244148
0.0243904
0.0244001
0.0244082
0.0244118
0.0243904
0.0244001
0.0244118
0.0243904
0.0244118
0.0244001
0.0244082
0.0243904
0.0244001
0.0244118
0.0244141
0.0244141
0.0244141
0.0244141
0.0244141
0.0244141
0.0244141
0.0244148
0.0244104
0.0244104
0.0244067
0.0244104
0.0244067
0.0244148
0.0244148
0.0244067
0.0244104
0.0244104
0.0244104
0.0244148
0.0244067
0.0244141
0.0244141
0.0244141
0.0244141
0.0244141
0.0244141
0.0244141
0.0244141
0.0244141
0.0244141
0.0244141
0.0244141
0.0244141
0.0244141
0.0244141
0.0244141
0.0244141
0.0244141
0.0244141
0.0244141
0.0244141
0.0244141
0.0244141
0.0244141
0.0244141
0.0244141
0.0244141
0.0244141
0.0244141
0.0244141
0.0244141
0.0244141
0.0244141
0.0244141
0.0244141
0.0244141
0.0244141
0.0244141
0.0244141
0.0244141
0.0244141
0.0244141
0.0244141
0.0244141
0.0244141
0.0244141
0.0244141
0.0244141
0.0244141
0.0244141
0.0244141
0.0244141
0.0244141
0.0244141
0.0244141
0.0244141
0.0244141
0.0244141
0.0244141
0.0244141
0.0244141
0.0244141
0.0244141
0.0243904
0.0244001
0.0244082
0.0244118
0.0244118
0.0244001
0.0243904
0.0243904
0.0244118
0.0244082
0.0244001
0.0244118
0.0244001
0.0243904
0.0244141
0.0244141
0.0244141
0.0244141
0.0244141
0.0244141
0.0244141
0.0244148
0.0244104
0.0244104
0.0244067
0.0244148
0.0244104
0.0244067
0.0244148
0.0244067
0.0244104
0.0244104
0.0244148
0.0244104
0.0244067
0.0243904
0.0244001
0.0244082
0.0244118
0.0244001
0.0244118
0.0243904
0.0243904
0.0244118
0.0244001
0.0244082
0.0244001
0.0243904
0.0244118
0.0244148
0.0244104
0.0244104
0.0244067
0.0244067
0.0244104
0.0244148
0.0244148
0.0244104
0.0244104
0.0244067
0.0244148
0.0244104
0.0244067
0.0244111
0.0244023
0.0244067
0.0244067
0.0244082
0.0244111
0.0244082
0.0243613
0.0243994
0.0243928
0.0243936
0.0243803
0.0243848
0.0243803
0.0243919
0.0244001
0.0244082
0.0244118
0.0244001
0.0244118
0.0243912
0.0243883
0.0243994
0.0244038
0.0243972
0.0243979
0.0244067
0.0243803
0.0244141
0.0244141
0.0244141
0.0244141
0.0244141
0.0244141
0.0244141
0.0244148
0.0244104
0.0244104
0.0244067
0.0244148
0.0244104
0.0244067
0.0244148
0.0244067
0.0244104
0.0244104
0.0244148
0.0244104
0.0244067
0.0243904
0.0244001
0.0244082
0.0244118
0.0244118
0.0244001
0.0243904
0.0243904
0.0244118
0.0244082
0.0244001
0.0244118
0.0244001
0.0243904
0.0243904
0.0244001
0.0244082
0.0244118
0.0244001
0.0244118
0.0243904
0.0243904
0.0244118
0.0244082
0.0244001
0.0244001
0.0244118
0.0243904
0.0243912
0.0244001
0.0244082
0.0244118
0.0244118
0.0244001
0.0243912
0.0243883
0.0244009
0.0244038
0.0243979
0.024406
0.0243987
0.0243817
0.0243919
0.0244001
0.0244082
0.0244118
0.0244111
0.0244001
0.0243912
0.0243898
0.0243994
0.0244038
0.0243979
0.0244067
0.0243987
0.0243818
0.0243591
0.0243979
0.0243928
0.0243928
0.0243833
0.0243766
0.0243803
0.0244141
0.0244141
0.0244141
0.0244141
0.0244141
0.0244141
0.0244141
0.0244141
0.0244141
0.0244141
0.0244141
0.0244141
0.0244141
0.0244141
0.0244141
0.0244141
0.0244141
0.0244141
0.0244141
0.0244141
0.0244141
0.0244141
0.0244141
0.0244141
0.0244133
0.0244141
0.0244141
0.0244133
0.0244141
0.0244141
0.0244141
0.0244141
0.0244141
0.0244141
0.0244141
0.0244141
0.0244133
0.0244141
0.0244141
0.0244141
0.0244133
0.0244141
0.0244141
0.0244141
0.0244141
0.0244141
0.0244141
0.0244141
0.0244141
0.0244141
0.0244141
0.0244141
0.0244133
0.0244141
0.0244141
0.0244133
0.0244141
0.0244133
0.0244141
0.0244141
0.0244141
0.0244141
0.0244133
0.0244141
0.0244141
0.0244141
0.0244133
0.0244141
0.0244141
0.0244133
0.0244141
0.0244141
0.0244141
0.0244133
0.0244141
0.0244141
0.0244133
0.0244141
0.0244126
0.0244141
0.0244141
0.0244141
0.0244133
0.0244133
0.0244141
0.0244141
0.0244141
0.0244133
0.0244141
0.0244141
0.0244133
0.0244141
0.0244141
0.0244141
0.0244133
0.0244141
0.0244141
0.0244133
0.0244141
0.0244126
0.0244141
0.0244141
0.0244141
0.0244133
0.0244133
0.0244141
0.0244141
0.0244141
0.0244133
0.0244141
0.0244141
0.0244133
0.0244141
0.0244141
0.0244141
0.0244141
0.0244141
0.0244141
0.0244141
0.0244141
0.0244133
0.0244141
0.0244141
0.0244141
0.0244133
0.0244141
0.0244141
0.0244141
0.0244141
0.0244133
0.0244141
0.0244141
0.0244133
0.0244141
0.0244141
0.0244141
0.0244141
0.0244141
0.0244141
0.0244141
0.0244141
0.0244133
0.0244141
0.0244141
0.0244141
0.0244133
0.0244141
0.0244141
0.0244141
0.0244141
0.0244133
0.0244141
0.0244141
0.0244133
0.0244141
0.0244141
0.0244133
0.0244141
0.0244141
0.0244141
0.0244133
0.0244141
0.0244126
0.0244141
0.0244141
0.0244141
0.0244133
0.0244133
0.0244141
0.0244141
0.0244141
0.0244133
0.0244141
0.0244141
0.0244133
0.0244141
0.0244141
0.0244141
0.0244141
0.0244141
0.0244141
0.0244141
0.0244141
0.0244133
0.0244141
0.0244141
0.0244141
0.0244133
0.0244141
0.0244141
0.0244141
0.0244141
0.0244141
0.0244141
0.0244141
0.0244141
0.0244141
0.0244141
0.0244141
0.0244133
0.0244141
0.0244141
0.0244133
0.0244141
0.0244133
0.0244141
0.0244141
0.0244141
0.0244141
0.0244133
0.0244141
0.0244141
0.0244141
0.0244141
0.0244141
0.0244141
0.0244141
0.0244141
0.0244141
0.0244141
0.0244141
0.0244141
0.0244141
0.0244141
0.0244141
0.0244141
0.0244141
0.0244141
0.0244141
0.0244141
0.0244141
0.0244141
0.0244141
0.0244141
0.0244141
0.0244141
0.0244141
0.0244141
0.0244141
0.0244141
0.0244141
0.0244141
0.0244141
0.0244141
0.0244141
0.0244141
0.0244141
0.0244141
0.0244141
0.0244141
0.0244141
0.0244141
0.0244141
0.0244141
0.0244141
0.0244141
0.0244141
0.0244141
0.0244141
0.0244141
0.0244141
0.0244141
0.0244141
0.0244141
0.0244141
0.0244141
0.0244141
0.0244141
0.0244141
0.0244141
0.0244141
0.0244141
0.0244141
0.0244141
0.0244141
0.0244141
0.0244141
0.0244141
0.0244141
0.0244141
0.0244141
0.0244141
0.0244133
0.0244141
0.0244141
0.0244141
0.0244133
0.0244141
0.0244133
0.0244141
0.0244141
0.0244141
0.0244141
0.0244133
0.0244141
0.0244141
0.0244141
0.0244133
0.0244141
0.0244141
0.0244133
0.0244141
0.0244141
0.0244133
0.0244141
0.0244141
0.0244141
0.0244133
0.0244141
0.0244126
0.0244141
0.0244141
0.0244141
0.0244133
0.0244133
0.0244141
0.0244141
0.0244141
0.0244141
0.0244141
0.0244141
0.0244141
0.0244141
0.0244141
0.0244133
0.0244141
0.0244141
0.0244141
0.0244133
0.0244141
0.0244133
0.0244141
0.0244141
0.0244141
0.0244141
0.0244133
0.0243867
0.0045271
0.00453141
0.00244326
0.0243745
0.004533
0.00453148
0.0243525
0.00243833
0.00451683
0.00451926
0.00451868
0.00452237
0.0243307
0.024295
0.002465
0.00451497
0.00450803
0.0243618
0.00516888
0.0051714
0.0243246
0.0241347
0.00503047
0.00638215
0.00634221
0.0241231
0.0243612
0.0243296
0.0241339
0.00502934
0.00637896
0.00633686
0.0241215
0.0243611
0.0242957
0.00240607
0.00503319
0.00503057
0.00549611
0.00548823
0.0238924
0.0243828
0.024144
0.00504454
0.00636969
0.00636959
0.024144
0.0243836
0.0243904
0.0244082
0.0244001
0.0244118
0.0243904
0.0244001
0.0244118
0.0243828
0.00636994
0.00504455
0.024144
0.00636933
0.0243843
0.024144
0.0243843
0.024144
0.00504455
0.00636994
0.00636994
0.024144
0.0243843
0.0243904
0.0244082
0.0244001
0.0244118
0.0243904
0.0244001
0.0244118
0.0243843
0.00636994
0.00504455
0.024144
0.00636994
0.0243843
0.024144
0.0243821
0.024144
0.00504514
0.00637047
0.0063705
0.0241454
0.0243843
0.0243919
0.0244082
0.0244009
0.0244089
0.0243912
0.0244001
0.0244118
0.0243844
0.00637174
0.00504548
0.0241455
0.00637145
0.0243836
0.0241454
0.0243823
0.024139
0.00504502
0.00637417
0.00637406
0.024144
0.0243692
0.0243898
0.0244067
0.0244009
0.0244111
0.024392
0.0243979
0.0244082
0.0243822
0.00637221
0.00504592
0.0241462
0.00637267
0.0243829
0.0241433
0.0243843
0.024144
0.00504455
0.0063703
0.0063702
0.024144
0.024385
0.0243904
0.0244082
0.0244001
0.0244118
0.0243904
0.0244001
0.0244118
0.0243843
0.00636994
0.00504455
0.024144
0.00636994
0.0243843
0.024144
0.0243904
0.0244082
0.0244001
0.0244118
0.0243904
0.0244001
0.0244118
0.0243843
0.024144
0.00504455
0.00636994
0.00636994
0.024144
0.0243843
0.0243843
0.00636994
0.024144
0.00504455
0.0243843
0.00636994
0.024144
0.0244141
0.0244141
0.0244141
0.0244141
0.0244141
0.0244141
0.0244141
0.0244141
0.0244141
0.0244141
0.0244141
0.0244141
0.0244141
0.0244141
0.0244141
0.0244141
0.0244141
0.0244141
0.0244141
0.0244141
0.0244141
0.0244141
0.0244141
0.0244141
0.0244141
0.0244141
0.0244141
0.0244141
0.0244141
0.0244141
0.0244141
0.0244141
0.0244141
0.0244141
0.0244141
0.0244141
0.0244141
0.0244141
0.0244141
0.0244141
0.0244141
0.0244141
0.0244141
0.0244141
0.0244141
0.0244141
0.0244141
0.0244141
0.0244141
0.0244141
0.0244141
0.0244141
0.0244141
0.0244141
0.0244141
0.0244141
0.0244141
0.0244141
0.0244141
0.0244141
0.0244141
0.0244141
0.0244141
0.0244133
0.0244104
0.0244141
0.0244148
0.0244141
0.0244104
0.0244126
0.0244148
0.0244104
0.0244104
0.0244067
0.0244148
0.0244104
0.0244067
0.0244133
0.0244141
0.0244141
0.0244104
0.0244141
0.0244133
0.0244104
0.0244141
0.0244141
0.0244141
0.0244141
0.0244141
0.0244141
0.0244141
0.0244141
0.0244141
0.0244141
0.0244133
0.0244133
0.0244141
0.0244141
0.0244141
0.0244133
0.0244141
0.0244141
0.0244141
0.0244133
0.0244141
0.0244148
0.0244104
0.0244104
0.0244067
0.0244148
0.0244104
0.0244067
0.0244133
0.0244104
0.0244141
0.0244141
0.0244141
0.0244104
0.0244133
0.0244133
0.0244141
0.0244104
0.0244141
0.0244133
0.0244141
0.0244104
0.0243843
0.024144
0.0050446
0.00637047
0.00637111
0.024144
0.0243843
0.0243912
0.0244082
0.0243994
0.0244096
0.0243927
0.0244001
0.0244118
0.0243865
0.00637192
0.00504494
0.024144
0.00637206
0.0243865
0.024144
0.024389
0.0244067
0.0243994
0.0244104
0.0243919
0.0243987
0.0244089
0.0243793
0.0241404
0.00504601
0.00637411
0.00637249
0.0241426
0.0243706
0.0243837
0.0063718
0.0241447
0.00504569
0.0243865
0.00637261
0.0241433
0.0244141
0.0244141
0.0244141
0.0244141
0.0244141
0.0244141
0.0244141
0.0244141
0.0244141
0.0244141
0.0244133
0.0244133
0.0244141
0.0244141
0.0244141
0.0244133
0.0244141
0.0244141
0.0244141
0.0244133
0.0244141
0.0244133
0.0244104
0.0244141
0.0244148
0.0244141
0.0244104
0.0244126
0.0244148
0.0244104
0.0244104
0.0244067
0.0244148
0.0244104
0.0244067
0.0244133
0.0244141
0.0244141
0.0244104
0.0244141
0.0244133
0.0244104
0.0244133
0.0244104
0.0244141
0.0244141
0.0244141
0.0244104
0.0244133
0.0244148
0.0244104
0.0244104
0.0244067
0.0244148
0.0244104
0.0244067
0.0244133
0.0244141
0.0244141
0.0244104
0.0244141
0.0244133
0.0244104
0.0244126
0.0244104
0.0244141
0.0244148
0.0244148
0.0244104
0.0244126
0.0244133
0.0244104
0.0244119
0.0244045
0.0244097
0.0244104
0.0244053
0.0244126
0.0244141
0.0244141
0.0244119
0.0244148
0.0244104
0.0244104
0.0244126
0.0244104
0.0244141
0.0244148
0.0244148
0.0244104
0.0244126
0.0244133
0.0244104
0.0244119
0.0244038
0.0244097
0.0244104
0.024406
0.0244126
0.0244141
0.0244141
0.0244119
0.0244148
0.0244104
0.0244104
0.0244111
0.0244082
0.0244119
0.024406
0.0244126
0.0244119
0.0244067
0.0244097
0.0244082
0.0244119
0.0244067
0.0244126
0.0244104
0.0244067
0.0244089
0.0244155
0.0244133
0.0244133
0.0244119
0.0244119
0.0244133
0.0244987
0.0045418
0.00453781
0.00248775
0.0245164
0.0052191
0.0052207
0.0244248
0.0734738
0.00647351
0.0146427
0.00645053
0.024438
0.0765451
0.0244262
0.0734506
0.00647153
0.0146416
0.00644918
0.0244387
0.0765393
0.0244604
0.00247443
0.0147015
0.0146974
0.0056558
0.00565256
0.0790427
0.0244364
0.00244596
0.00454264
0.00454852
0.0244806
0.00454168
0.00453794
0.024386
0.00243932
0.00451935
0.00451897
0.00452104
0.00452697
0.0243416
0.0244515
0.0725891
0.00645771
0.0146303
0.00645771
0.0244515
0.0725891
0.0244515
0.00645757
0.0146303
0.0725891
0.00645771
0.0244523
0.0725891
0.024453
0.0725775
0.00645853
0.0146325
0.00645828
0.024453
0.0725934
0.0244538
0.00645757
0.0725891
0.0146311
0.0244538
0.00645776
0.0725891
0.0244452
0.0727142
0.00646282
0.0146347
0.00646091
0.0244343
0.0726008
0.0244466
0.00645989
0.0146363
0.0726052
0.00645982
0.0244539
0.072601
0.0244537
0.0725856
0.00645839
0.0146306
0.00645864
0.0244537
0.0725937
0.0244508
0.00645897
0.0725971
0.0146321
0.0244509
0.00645864
0.0725937
0.0244515
0.0725891
0.00645771
0.0146303
0.00645771
0.0244515
0.0725891
0.0244515
0.00645757
0.0725891
0.0146303
0.0244523
0.00645771
0.0725891
0.0244538
0.0725732
0.00645828
0.0146325
0.00645828
0.0244538
0.0725891
0.0244538
0.00645757
0.0725891
0.0146311
0.0244538
0.00645776
0.0725891
0.0244451
0.0727198
0.00646282
0.0146341
0.00646
0.0244364
0.0726091
0.0244466
0.00645993
0.0725971
0.0146353
0.0244531
0.00645963
0.0725973
0.0244537
0.0725856
0.00645815
0.0146306
0.00645864
0.0244537
0.0725937
0.0244508
0.00645935
0.0725971
0.0146321
0.0244509
0.00645864
0.0725937
0.0243836
0.024144
0.00636986
0.0050446
0.00637089
0.0243829
0.024144
0.0243919
0.0244082
0.0244009
0.0244089
0.0244001
0.0243912
0.0244111
0.0243858
0.00637174
0.00504494
0.0241455
0.00637183
0.024144
0.0243836
0.0243823
0.024139
0.00637417
0.00504502
0.0243692
0.024144
0.00637406
0.0243898
0.0244067
0.0244009
0.0244111
0.0243979
0.024392
0.0244082
0.0243822
0.00637221
0.00504592
0.0241462
0.0241433
0.00637267
0.0243829
0.0243843
0.024144
0.00637047
0.0050446
0.00637111
0.0243843
0.024144
0.0243912
0.0244082
0.0243994
0.0244096
0.0244001
0.0243927
0.0244118
0.0243865
0.00637192
0.00504494
0.024144
0.00637206
0.024144
0.0243865
0.02438
0.0241368
0.00637424
0.00504545
0.0243698
0.0241411
0.00637289
0.0243905
0.0244067
0.0243994
0.0244104
0.0243987
0.0243919
0.0244096
0.024383
0.0063721
0.00504546
0.024144
0.0241425
0.00637304
0.0243858
0.0244126
0.0244104
0.0244141
0.0244148
0.0244148
0.0244104
0.0244126
0.0244133
0.0244104
0.0244119
0.0244038
0.0244104
0.024406
0.0244097
0.0244126
0.0244141
0.0244141
0.0244119
0.0244148
0.0244104
0.0244104
0.0244126
0.0244104
0.0244141
0.0244148
0.0244148
0.0244104
0.0244126
0.0244133
0.0244104
0.0244119
0.0244045
0.0244104
0.0244053
0.0244097
0.0244126
0.0244141
0.0244141
0.0244119
0.0244148
0.0244104
0.0244104
0.0244097
0.0244082
0.0244119
0.0244067
0.0244104
0.0244067
0.0244126
0.0244111
0.0244082
0.0244119
0.024406
0.0244119
0.0244067
0.0244126
0.0244089
0.0244155
0.0244133
0.0244133
0.0244133
0.0244119
0.0244119
0.0242907
0.00243034
0.00450839
0.00451351
0.00450893
0.00451413
0.0242885
0.0242965
0.00243061
0.00451047
0.00451581
0.0243081
0.00450996
0.00451529
0.0242943
0.00242994
0.00450857
0.00451352
0.0242871
0.00450869
0.00451418
0.0242987
0.00243
0.00451174
0.00451656
0.0243205
0.00451117
0.00451471
0.0243828
0.024144
0.0063703
0.00504455
0.00636959
0.024385
0.024144
0.0243904
0.0244082
0.0244001
0.0244118
0.0244001
0.0243904
0.0244118
0.0243828
0.00636994
0.00504455
0.024144
0.00636933
0.024144
0.0243843
0.0243843
0.024144
0.00636994
0.00504455
0.0243843
0.024144
0.00636994
0.0243904
0.0244082
0.0244001
0.0244118
0.0244001
0.0243904
0.0244118
0.0243843
0.00636994
0.00504455
0.024144
0.024144
0.00636994
0.0243843
0.0244133
0.0244104
0.0244141
0.0244148
0.0244141
0.0244104
0.0244126
0.0244148
0.0244104
0.0244067
0.0244104
0.0244067
0.0244104
0.0244148
0.0244133
0.0244141
0.0244141
0.0244104
0.0244141
0.0244104
0.0244133
0.0244141
0.0244141
0.0244141
0.0244141
0.0244141
0.0244141
0.0244141
0.0244141
0.0244141
0.0244141
0.0244133
0.0244141
0.0244133
0.0244141
0.0244141
0.0244133
0.0244141
0.0244141
0.0244141
0.0244141
0.0244133
0.0244148
0.0244104
0.0244067
0.0244104
0.0244067
0.0244104
0.0244148
0.0244133
0.0244104
0.0244141
0.0244141
0.0244104
0.0244141
0.0244133
0.0244133
0.0244141
0.0244104
0.0244141
0.0244104
0.0244133
0.0244141
0.0244133
0.0244104
0.0244141
0.0244148
0.0244141
0.0244104
0.0244126
0.0244148
0.0244104
0.0244104
0.0244067
0.0244104
0.0244067
0.0244148
0.0244133
0.0244141
0.0244141
0.0244104
0.0244141
0.0244104
0.0244133
0.0244141
0.0244141
0.0244141
0.0244141
0.0244141
0.0244141
0.0244141
0.0244141
0.0244141
0.0244141
0.0244133
0.0244141
0.0244141
0.0244133
0.0244141
0.0244133
0.0244141
0.0244141
0.0244141
0.0244141
0.0244133
0.0244148
0.0244104
0.0244104
0.0244067
0.0244104
0.0244067
0.0244148
0.0244133
0.0244104
0.0244141
0.0244141
0.0244104
0.0244133
0.0244141
0.0244133
0.0244141
0.0244104
0.0244141
0.0244104
0.0244133
0.0244141
0.0243874
0.00452686
0.0045311
0.00244299
0.0243738
0.00453229
0.00453247
0.0243532
0.00243827
0.00451505
0.00452162
0.00451955
0.00452137
0.0243321
0.024295
0.00451432
0.002465
0.00450805
0.0243604
0.00516903
0.0051714
0.0243246
0.0241333
0.00638215
0.00502994
0.0243612
0.0241217
0.00634221
0.0243296
0.0241354
0.00502987
0.00637896
0.024123
0.00633686
0.0243611
0.0242957
0.00240607
0.00503319
0.00503057
0.0238924
0.00549611
0.00548823
0.0244126
0.0244104
0.0244141
0.0244148
0.0244148
0.0244104
0.0244126
0.0244148
0.0244104
0.0244053
0.0244119
0.0244067
0.0244104
0.0244111
0.0244126
0.0244141
0.0244141
0.0244119
0.0244148
0.0244104
0.0244104
0.0244126
0.0244104
0.0244148
0.0244141
0.0244148
0.0244126
0.0244104
0.0244133
0.0244104
0.0244119
0.0244045
0.0244104
0.0244097
0.0244053
0.0244126
0.0244141
0.0244141
0.0244119
0.0244148
0.0244104
0.0244104
0.0244104
0.0244082
0.0244067
0.0244119
0.0244067
0.0244111
0.0244126
0.0244104
0.0244082
0.0244119
0.024406
0.0244111
0.0244126
0.0244067
0.0244097
0.0244155
0.0244133
0.0244133
0.0244141
0.0244119
0.0244119
0.0243829
0.024144
0.00504514
0.00637047
0.0063705
0.0241454
0.0243843
0.0243912
0.0244082
0.0244009
0.0244096
0.0244001
0.0244118
0.0243912
0.0243851
0.00637192
0.00504548
0.0241455
0.00637145
0.0241454
0.0243851
0.0243786
0.0241368
0.00504545
0.00637368
0.0241411
0.0243683
0.00637234
0.024389
0.0244067
0.0244009
0.0244104
0.0243987
0.0244096
0.0243905
0.024383
0.0063721
0.00504547
0.0241455
0.0241425
0.00637304
0.0243844
0.0242904
0.00242991
0.00450802
0.004514
0.00451461
0.00450776
0.0242877
0.0242969
0.00243053
0.00451543
0.0045116
0.0243087
0.00450715
0.00451661
0.0242928
0.00451058
0.00451151
0.00243015
0.0242856
0.0045136
0.00450954
0.0242977
0.00243062
0.00451685
0.00451132
0.00450809
0.00451708
0.0243181
0.0244133
0.0244104
0.0244141
0.0244148
0.0244141
0.0244104
0.0244126
0.0244148
0.0244104
0.0244067
0.0244104
0.0244067
0.0244104
0.0244148
0.0244133
0.0244141
0.0244141
0.0244104
0.0244141
0.0244104
0.0244133
0.0244141
0.0244141
0.0244141
0.0244141
0.0244141
0.0244141
0.0244141
0.0244141
0.0244141
0.0244141
0.0244133
0.0244141
0.0244133
0.0244141
0.0244141
0.0244133
0.0244141
0.0244141
0.0244141
0.0244141
0.0244133
0.0244148
0.0244104
0.0244067
0.0244104
0.0244067
0.0244104
0.0244148
0.0244133
0.0244104
0.0244141
0.0244141
0.0244104
0.0244141
0.0244133
0.0244133
0.0244141
0.0244104
0.0244141
0.0244104
0.0244133
0.0244141
0.0243843
0.024144
0.0063703
0.00504455
0.0063702
0.024385
0.024144
0.0243904
0.0244082
0.0244001
0.0244118
0.0244001
0.0243904
0.0244118
0.0243843
0.00636994
0.00504455
0.024144
0.00636994
0.024144
0.0243843
0.0243843
0.024144
0.00636994
0.00504455
0.0243843
0.024144
0.00636994
0.0243904
0.0244082
0.0244001
0.0244118
0.0244001
0.0243904
0.0244118
0.0243843
0.00636994
0.00504455
0.024144
0.024144
0.00636994
0.0243843
0.0244141
0.0244141
0.0244141
0.0244141
0.0244141
0.0244141
0.0244141
0.0244141
0.0244141
0.0244141
0.0244133
0.0244141
0.0244141
0.0244133
0.0244141
0.0244133
0.0244141
0.0244141
0.0244141
0.0244141
0.0244133
0.0244133
0.0244104
0.0244141
0.0244148
0.0244141
0.0244104
0.0244126
0.0244148
0.0244104
0.0244104
0.0244067
0.0244104
0.0244067
0.0244148
0.0244133
0.0244141
0.0244141
0.0244104
0.0244141
0.0244104
0.0244133
0.0244133
0.0244104
0.0244141
0.0244141
0.0244104
0.0244133
0.0244141
0.0244148
0.0244104
0.0244104
0.0244067
0.0244104
0.0244067
0.0244148
0.0244133
0.0244141
0.0244141
0.0244104
0.0244104
0.0244141
0.0244133
0.0244141
0.0244141
0.0244141
0.0244141
0.0244141
0.0244141
0.0244141
0.0244141
0.0244141
0.0244141
0.0244141
0.0244141
0.0244141
0.0244141
0.0244141
0.0244141
0.0244141
0.0244141
0.0244141
0.0244141
0.0244141
0.0244141
0.0244141
0.0244141
0.0244141
0.0244141
0.0244141
0.0244141
0.0244141
0.0244141
0.0244141
0.0244141
0.0244141
0.0244141
0.0244141
0.0244141
0.0244141
0.0244141
0.0244141
0.0244141
0.0244141
0.0244141
0.0244141
0.0244141
0.0244141
0.0244141
0.0244141
0.0244141
0.0244141
0.0244141
0.0244141
0.0244141
0.0244141
0.0244141
0.0244141
0.0244141
0.0244141
0.0244141
0.0244141
0.0244141
0.0244141
0.0244141
0.0244141
0.0244141
0.0244141
0.0244141
0.0244141
0.0244141
0.0244141
0.0244141
0.0244141
0.0244141
0.0244141
0.0244141
0.0244141
0.0244141
0.0244141
0.0244141
0.0244141
0.0244141
0.0244141
0.0244141
0.0244141
0.0244141
0.0244141
0.0244141
0.0244141
0.0244141
0.0244141
0.0244141
0.0244141
0.0244141
0.0244141
0.0244141
0.0244141
0.0244141
0.0244141
0.0244141
0.0244141
0.0244141
0.0244141
0.0244141
0.0244141
0.0244141
0.0244141
0.0244141
0.0244141
0.0244141
0.0244141
0.0244141
0.0244141
0.0244141
0.0244141
0.0244141
0.0244141
0.0244141
0.0244141
0.0244141
0.0244141
0.0244141
0.0244141
0.0244141
0.0244141
0.0244141
0.0244141
0.0244141
0.0244141
0.0244141
0.0244141
0.0244141
0.0244141
0.0244141
0.0244141
0.0244141
0.0244141
0.0244141
0.0244141
0.0244141
0.0244141
0.0244141
0.0244141
0.0244141
0.0244141
0.0244141
0.0244141
0.0244141
0.0244141
0.0244141
0.0244141
0.0244141
0.0244141
0.0244141
0.0244141
0.0244141
0.0244141
0.0244141
0.0244141
0.0244141
0.0244141
0.0244141
0.0244141
0.0244141
0.0244141
0.0244141
0.0244141
0.0244141
0.0244141
0.0244141
0.0244141
0.0244141
0.0244141
0.0244141
0.0244141
0.0244141
0.0244141
0.0244141
0.0244141
0.0244141
0.0244141
0.0244141
0.0244141
0.0244141
0.0244141
0.0244141
0.0244141
0.0244141
0.0244141
0.0244141
0.0244141
0.0243828
0.024144
0.00504454
0.0063703
0.00636959
0.024144
0.024385
0.0243904
0.0244082
0.0244118
0.0244001
0.0244118
0.0244001
0.0243904
0.0243828
0.00636933
0.00504455
0.024144
0.00636933
0.024144
0.0243828
0.0243904
0.0244082
0.0244118
0.0244001
0.0244118
0.0244001
0.0243904
0.0243843
0.024144
0.00504455
0.00636994
0.024144
0.00636994
0.0243843
0.0243843
0.00636933
0.024144
0.00504455
0.024144
0.0243828
0.00636994
0.0244141
0.0244141
0.0244141
0.0244141
0.0244141
0.0244141
0.0244141
0.0244141
0.0244141
0.0244133
0.0244141
0.0244141
0.0244141
0.0244133
0.0244141
0.0244133
0.0244141
0.0244141
0.0244141
0.0244141
0.0244133
0.0244133
0.0244104
0.0244148
0.0244141
0.0244141
0.0244126
0.0244104
0.0244148
0.0244104
0.0244104
0.0244067
0.0244104
0.0244148
0.0244067
0.0244133
0.0244141
0.0244141
0.0244104
0.0244141
0.0244104
0.0244133
0.0244133
0.0244104
0.0244141
0.0244141
0.0244133
0.0244104
0.0244141
0.0244148
0.0244104
0.0244104
0.0244067
0.0244104
0.0244148
0.0244067
0.0244133
0.0244141
0.0244141
0.0244104
0.0244104
0.0244141
0.0244133
0.0243828
0.024144
0.00504455
0.0063703
0.00636959
0.024144
0.024385
0.0243904
0.0244082
0.0244001
0.0244118
0.0244001
0.0244118
0.0243904
0.0243828
0.00636994
0.00504455
0.024144
0.00636933
0.024144
0.0243843
0.0243843
0.024144
0.00504455
0.00636994
0.024144
0.0243843
0.00636994
0.0243904
0.0244082
0.0244001
0.0244118
0.0244001
0.0244118
0.0243904
0.0243843
0.00636994
0.00504455
0.024144
0.024144
0.00636994
0.0243843
0.0244126
0.0244104
0.0244141
0.0244148
0.0244148
0.0244104
0.0244126
0.0244133
0.0244104
0.0244045
0.0244119
0.0244053
0.0244104
0.0244097
0.0244126
0.0244141
0.0244141
0.0244119
0.0244148
0.0244104
0.0244104
0.0244126
0.0244104
0.0244148
0.0244141
0.0244148
0.0244126
0.0244104
0.0244148
0.0244104
0.0244119
0.0244053
0.0244104
0.0244111
0.0244067
0.0244126
0.0244141
0.0244141
0.0244119
0.0244148
0.0244104
0.0244104
0.0244104
0.0244082
0.024406
0.0244119
0.024406
0.0244111
0.0244126
0.0244104
0.0244082
0.0244119
0.0244067
0.0244111
0.0244126
0.0244067
0.0244097
0.0244155
0.0244133
0.0244133
0.0244141
0.0244119
0.0244119
0.0243874
0.00453194
0.0045264
0.00244321
0.0243753
0.00453074
0.00453259
0.0243518
0.00243832
0.00452118
0.00451551
0.0045202
0.00452042
0.0243298
0.0242944
0.00450934
0.00246461
0.00451371
0.0243612
0.00517192
0.00516889
0.0243297
0.0241325
0.0063806
0.00502984
0.0243633
0.0241231
0.00633907
0.0243253
0.0241332
0.0050302
0.00638222
0.0241195
0.00634017
0.0243612
0.024295
0.00240583
0.00503156
0.00503204
0.0238918
0.0054912
0.00549355
0.0243821
0.024144
0.00504514
0.00637047
0.0063705
0.0241454
0.0243843
0.0243919
0.0244082
0.0244009
0.0244089
0.0244001
0.0244118
0.0243912
0.0243844
0.0063715
0.00504548
0.0241455
0.00637145
0.0241454
0.0243836
0.024389
0.0244067
0.0244009
0.0244111
0.0243987
0.0244082
0.0243927
0.0243808
0.0241383
0.00504488
0.00637484
0.0241419
0.0243684
0.00637336
0.0243829
0.00637235
0.0241462
0.0050456
0.0241441
0.0243844
0.00637225
0.024291
0.0024299
0.00451276
0.00450961
0.00450699
0.00451671
0.0242884
0.0242968
0.00243056
0.00450943
0.0045169
0.0243071
0.00451777
0.00450744
0.0242929
0.00450849
0.00451362
0.00242994
0.024287
0.00450926
0.00451347
0.0242978
0.00243042
0.00450948
0.00451845
0.00451515
0.00451047
0.0243209
0.0244141
0.0244141
0.0244141
0.0244141
0.0244141
0.0244141
0.0244141
0.0244141
0.0244141
0.0244133
0.0244141
0.0244141
0.0244141
0.0244133
0.0244141
0.0244133
0.0244141
0.0244141
0.0244141
0.0244141
0.0244133
0.0244133
0.0244104
0.0244148
0.0244141
0.0244141
0.0244126
0.0244104
0.0244148
0.0244104
0.0244104
0.0244067
0.0244104
0.0244148
0.0244067
0.0244133
0.0244141
0.0244141
0.0244104
0.0244141
0.0244104
0.0244133
0.0244133
0.0244104
0.0244141
0.0244141
0.0244133
0.0244104
0.0244141
0.0244148
0.0244104
0.0244104
0.0244067
0.0244104
0.0244148
0.0244067
0.0244133
0.0244141
0.0244141
0.0244104
0.0244104
0.0244141
0.0244133
0.0243843
0.024144
0.00504455
0.0063703
0.0063702
0.024144
0.024385
0.0243904
0.0244082
0.0244118
0.0244001
0.0244118
0.0244001
0.0243904
0.0243843
0.00636933
0.00504455
0.024144
0.00636994
0.024144
0.0243828
0.0243904
0.0244082
0.0244118
0.0244001
0.0244118
0.0244001
0.0243904
0.0243843
0.024144
0.00504455
0.00636994
0.024144
0.00636994
0.0243843
0.0243843
0.00636933
0.024144
0.00504455
0.024144
0.0243828
0.00636994
0.0243843
0.024144
0.00504455
0.00636968
0.0063702
0.024144
0.0243836
0.0243904
0.0244082
0.0244001
0.0244118
0.0244001
0.0244118
0.0243904
0.0243843
0.00636994
0.00504455
0.024144
0.00636994
0.024144
0.0243843
0.0243904
0.0244082
0.0244001
0.0244118
0.0244001
0.0244118
0.0243904
0.0243828
0.024144
0.00504455
0.00636938
0.024144
0.0243828
0.00636938
0.0243843
0.00636994
0.024144
0.00504455
0.024144
0.0243843
0.00636994
0.0243829
0.024144
0.00504514
0.00637047
0.0063705
0.0241454
0.0243843
0.0243912
0.0244082
0.0244096
0.0244009
0.0244118
0.0244001
0.0243912
0.0243851
0.00637192
0.00504548
0.0241455
0.00637145
0.0241454
0.0243851
0.0243905
0.0244067
0.0244104
0.0244009
0.0244096
0.0243987
0.0243905
0.02438
0.0241368
0.00504546
0.00637424
0.0241411
0.0063729
0.0243698
0.024383
0.0063721
0.0241455
0.00504547
0.0241425
0.0243844
0.00637304
0.0243836
0.024144
0.0050446
0.00636986
0.00637089
0.024144
0.0243829
0.0243919
0.0244082
0.0244089
0.0243994
0.0244111
0.0244001
0.0243927
0.0243858
0.00637174
0.00504494
0.024144
0.00637183
0.024144
0.0243851
0.0243898
0.0244067
0.0244111
0.0243994
0.0244082
0.0243979
0.0243934
0.0243823
0.024139
0.00504501
0.00637417
0.024144
0.00637406
0.0243692
0.0243808
0.00637165
0.0241447
0.00504591
0.0241433
0.0243829
0.0063721
0.0243867
0.00453141
0.0045271
0.00244326
0.0243745
0.00453148
0.004533
0.0243525
0.00243833
0.00451926
0.00451683
0.00452237
0.00451868
0.0243307
0.024295
0.002465
0.00450803
0.00451497
0.0243618
0.0051714
0.00516888
0.0243296
0.0241339
0.00502934
0.00637896
0.0241215
0.0243611
0.00633686
0.0243246
0.0241347
0.00503047
0.00638215
0.0241231
0.0243612
0.00634221
0.0242957
0.00240607
0.00503057
0.00503319
0.0238924
0.00548823
0.00549611
0.0242907
0.00243034
0.00451366
0.00450844
0.00451413
0.00450893
0.0242878
0.0242965
0.00243061
0.00451581
0.00451047
0.0243081
0.00451529
0.00450996
0.0242943
0.00451366
0.00450844
0.00243034
0.0242871
0.00451402
0.00450893
0.0242994
0.00243061
0.00451624
0.00451136
0.00451531
0.00451044
0.0243198
0.0244452
0.0727123
0.00646298
0.0146379
0.024435
0.00646125
0.0726018
0.0244458
0.00646041
0.0146347
0.0726052
0.00645954
0.0244524
0.072601
0.0244537
0.0725856
0.00645839
0.0146306
0.0244537
0.00645864
0.0725937
0.0244508
0.00645911
0.0725971
0.0146321
0.0244502
0.00645864
0.0725937
0.0244444
0.0727073
0.00646304
0.014635
0.0244371
0.00646018
0.0726014
0.0244466
0.00646038
0.0146353
0.0725971
0.00645989
0.0244531
0.0725973
0.0244537
0.0725856
0.00645815
0.0146306
0.0244537
0.00645864
0.0725937
0.0244508
0.00645954
0.0725971
0.0146321
0.0244509
0.00645864
0.0725937
0.0244515
0.0725891
0.00645771
0.0146303
0.0244515
0.00645771
0.0725891
0.0244515
0.00645757
0.0146303
0.0725891
0.00645771
0.0244523
0.0725891
0.024453
0.0725775
0.00645853
0.0146325
0.024453
0.00645828
0.0725934
0.0244538
0.00645757
0.0725891
0.0146311
0.0244538
0.00645776
0.0725891
0.0244978
0.00454326
0.00453663
0.00248756
0.0245149
0.0052197
0.00522153
0.024424
0.0734927
0.00647406
0.0146458
0.0244387
0.00645205
0.0765636
0.0244254
0.073467
0.00647084
0.0146413
0.00644797
0.0244394
0.0765688
0.0244596
0.00247431
0.0147032
0.0146927
0.00565848
0.00565126
0.0790535
0.0244357
0.00454408
0.00244598
0.00454727
0.0244792
0.00453924
0.00454058
0.0243854
0.00243911
0.00451528
0.00452347
0.0243393
0.00452473
0.00452381
0.0244451
0.0727198
0.00646298
0.0146358
0.0244379
0.00646
0.0726091
0.0244466
0.00645969
0.0146353
0.0725971
0.00646006
0.0244531
0.0725973
0.0244537
0.0725856
0.0146306
0.00645815
0.00645864
0.0725937
0.0244537
0.0244508
0.00645911
0.0725971
0.0146321
0.0244509
0.00645864
0.0725937
0.0244515
0.0725891
0.00645771
0.0146303
0.0244515
0.00645771
0.0725891
0.0244515
0.00645757
0.0146303
0.0725891
0.00645771
0.0244523
0.0725891
0.024453
0.0725775
0.00645828
0.0146325
0.024453
0.00645828
0.0725934
0.0244538
0.00645757
0.0725891
0.0146311
0.0244538
0.00645776
0.0725891
0.0244515
0.0725891
0.00645771
0.0146303
0.00645771
0.0244515
0.0725891
0.0244515
0.00645757
0.0725891
0.0146303
0.0244523
0.00645771
0.0725891
0.0244538
0.0725732
0.00645828
0.0146325
0.0244538
0.00645828
0.0725891
0.0244538
0.00645757
0.0725891
0.0146311
0.0244538
0.00645776
0.0725891
0.0244515
0.0725891
0.00645771
0.0146303
0.0244515
0.00645771
0.0725891
0.0244515
0.00645757
0.0146303
0.0725891
0.00645771
0.0244523
0.0725891
0.0244538
0.0725732
0.0146325
0.00645828
0.00645828
0.0725891
0.0244538
0.0244538
0.00645757
0.0725891
0.0146311
0.0244538
0.00645776
0.0725891
0.0244986
0.00453778
0.00454205
0.0024873
0.024515
0.00522003
0.00521985
0.0244276
0.073467
0.00647174
0.0146413
0.0244379
0.00644754
0.0765688
0.0244233
0.0734816
0.00647339
0.0146458
0.00645214
0.0244387
0.0765636
0.0244596
0.00247426
0.0146927
0.0147032
0.00565058
0.00565781
0.0790535
0.0244371
0.00454531
0.00244574
0.00454582
0.0244793
0.00454238
0.00453703
0.0243859
0.00243908
0.00452381
0.00451393
0.0243405
0.00452062
0.00452709
0.0244445
0.072708
0.00646331
0.0146352
0.0244365
0.00646079
0.0725926
0.0244466
0.00645977
0.0726052
0.0146363
0.0244531
0.00645998
0.072601
0.0244537
0.0725856
0.0146306
0.00645839
0.00645864
0.0725937
0.0244537
0.0244508
0.00645911
0.0725971
0.0146321
0.0244502
0.00645864
0.0725937
0.0244515
0.0725891
0.00645771
0.0146303
0.00645771
0.0244515
0.0725891
0.0244515
0.00645757
0.0725891
0.0146303
0.0244523
0.00645771
0.0725891
0.024453
0.0725775
0.00645853
0.0146325
0.024453
0.00645828
0.0725934
0.0244538
0.00645757
0.0725891
0.0146311
0.0244538
0.00645776
0.0725891
0.0244515
0.0725891
0.00645771
0.0146303
0.0244515
0.00645771
0.0725891
0.0244515
0.00645757
0.0725891
0.0146303
0.0244523
0.00645771
0.0725891
0.024453
0.0725775
0.0146325
0.00645853
0.00645828
0.0725934
0.024453
0.0244538
0.00645757
0.0725891
0.0146311
0.0244538
0.00645776
0.0725891
0.0244451
0.0727198
0.00646298
0.0146358
0.00646
0.0244379
0.0726091
0.0244458
0.00645969
0.0725971
0.0146353
0.0244531
0.00646006
0.0725973
0.0244537
0.0725856
0.00645815
0.0146306
0.0244537
0.00645864
0.0725937
0.0244508
0.00645911
0.0725971
0.0146321
0.0244516
0.00645864
0.0725937
0.0244445
0.0727142
0.00646282
0.0146347
0.00646091
0.0244343
0.0726008
0.0244459
0.00645987
0.0726052
0.0146363
0.0244546
0.00645982
0.072601
0.0244537
0.0725856
0.00645839
0.0146306
0.0244537
0.00645864
0.0725937
0.0244508
0.00645899
0.0725971
0.0146321
0.0244502
0.00645864
0.0725937
0.0244978
0.00453668
0.00454335
0.00248734
0.0245156
0.00522178
0.00521923
0.0244261
0.073467
0.00647057
0.0146413
0.0244394
0.00644751
0.0765688
0.0244233
0.0734927
0.00647406
0.0146458
0.0244387
0.00645205
0.0765636
0.0244589
0.00247431
0.0146927
0.0147032
0.00565108
0.00565848
0.0790535
0.0244364
0.00244597
0.00454793
0.00454346
0.0244792
0.00453937
0.00454005
0.0243868
0.00243946
0.00452026
0.0045173
0.0243395
0.00452622
0.00452136
0.174336
0.174283
0.0244911
0.0244911
0.174308
0.174308
0.0244946
0.174336
0.174283
0.024491
0.0244911
0.174308
0.174308
0.0244946
0.174336
0.174283
0.0244911
0.0244911
0.174308
0.174308
0.0244946
0.174336
0.174283
0.0244911
0.0244911
0.174308
0.174308
0.0244946
0.0244198
0.0244207
0.0244292
0.0244292
0.0244206
0.0244206
0.0244297
0.0244196
0.024419
0.0244268
0.0244268
0.0244193
0.0244193
0.0244295
0.0244196
0.024429
0.0244195
0.0244277
0.0244194
0.0244204
0.0244296
0.0244196
0.024429
0.0244195
0.0244277
0.0244194
0.0244204
0.0244296
0.0244044
0.0243844
0.0243565
0.0244012
0.0243844
0.0244045
0.0243999
0.0244128
0.0244165
0.0244145
0.0244237
0.0244121
0.0244175
0.0244149
0.0244043
0.024356
0.0243849
0.0244001
0.024404
0.0243842
0.0244006
0.0244125
0.0244155
0.0244177
0.0244245
0.0244176
0.0244126
0.0244149
0.0244044
0.0243844
0.0244012
0.0243568
0.0244045
0.0243844
0.0243999
0.0244128
0.0244165
0.0244237
0.0244145
0.0244175
0.0244121
0.0244149
0.0244125
0.0244155
0.0244177
0.0244245
0.0244176
0.0244126
0.0244149
0.0244043
0.0243563
0.0243846
0.0244002
0.024404
0.0243842
0.0244006
0.0243935
0.0243673
0.0243527
0.024352
0.0243772
0.0243776
0.0243843
0.0244075
0.0244148
0.0244137
0.0244137
0.0244111
0.0244111
0.0244049
0.0244005
0.024357
0.0243844
0.0243997
0.024403
0.024383
0.0243935
0.0244005
0.0243563
0.0243848
0.0243997
0.0244034
0.0243823
0.0243928
0.0243935
0.0243673
0.024352
0.0243527
0.0243776
0.0243772
0.0243843
0.0244075
0.0244148
0.0244137
0.0244137
0.0244049
0.0244111
0.0244111
0.0244005
0.0243563
0.0243848
0.0243997
0.0243823
0.0243928
0.0244034
0.0244005
0.024357
0.0243844
0.0243997
0.024383
0.0243935
0.024403
0.0244044
0.0243844
0.0243568
0.0244011
0.0243843
0.0244045
0.0243999
0.0244128
0.0244165
0.0244145
0.0244237
0.0244175
0.0244121
0.0244149
0.0244043
0.0243566
0.024385
0.0244002
0.0243846
0.024404
0.0244006
0.0244125
0.0244155
0.0244177
0.0244245
0.0244176
0.0244126
0.0244149
0.0244044
0.0243844
0.0243568
0.0244012
0.0243843
0.0244045
0.0243999
0.0244128
0.0244165
0.0244145
0.0244237
0.0244149
0.0244121
0.0244175
0.0244043
0.0243564
0.0243846
0.0244002
0.0243842
0.0244006
0.024404
0.0244125
0.0244155
0.0244177
0.0244245
0.0244126
0.0244149
0.0244176
0.0243938
0.0243676
0.0243527
0.0243534
0.0243772
0.0243776
0.0243854
0.0244075
0.0244148
0.0244137
0.0244137
0.0244111
0.0244111
0.0244049
0.0244005
0.0243563
0.0243848
0.0243997
0.0243823
0.0244034
0.0243928
0.0244001
0.0243563
0.0243848
0.0243997
0.024403
0.024383
0.0243931
0.0244044
0.0243844
0.0243565
0.0244012
0.0243844
0.0244045
0.0243999
0.0244128
0.0244165
0.0244145
0.0244237
0.0244175
0.0244121
0.0244149
0.0244043
0.024356
0.0243845
0.0244001
0.0243843
0.0244039
0.0244006
0.0244125
0.0244155
0.0244177
0.0244245
0.0244176
0.0244126
0.0244149
0.0244044
0.0243844
0.0244012
0.0243564
0.0244045
0.0243844
0.0243999
0.0244128
0.0244165
0.0244237
0.0244145
0.0244149
0.0244175
0.0244121
0.0244125
0.0244155
0.0244177
0.0244245
0.0244126
0.0244149
0.0244176
0.0244043
0.024356
0.024385
0.0244002
0.0243842
0.0244006
0.024404
0.0244198
0.0244207
0.0244292
0.0244292
0.0244206
0.0244206
0.0244297
0.0244196
0.024419
0.0244268
0.0244268
0.0244193
0.0244193
0.0244295
0.0244196
0.024429
0.0244195
0.0244277
0.0244204
0.0244194
0.0244296
0.0244196
0.024429
0.0244195
0.0244277
0.0244194
0.0244204
0.0244296
0.0244198
0.0244207
0.0244292
0.0244292
0.0244206
0.0244206
0.0244297
0.0244196
0.024419
0.0244268
0.0244268
0.0244193
0.0244193
0.0244295
0.0244196
0.024429
0.0244195
0.0244277
0.0244204
0.0244194
0.0244296
0.0244196
0.024429
0.0244195
0.0244277
0.0244194
0.0244204
0.0244296
0.0244198
0.0244207
0.0244292
0.0244292
0.0244206
0.0244206
0.0244297
0.0244196
0.024419
0.0244268
0.0244268
0.0244295
0.0244193
0.0244193
0.0244196
0.024429
0.0244195
0.0244277
0.0244204
0.0244296
0.0244194
0.0244196
0.024429
0.0244195
0.0244277
0.0244204
0.0244296
0.0244194
0.0244044
0.0243844
0.0244012
0.0243565
0.0244045
0.0243844
0.0243999
0.0244128
0.0244165
0.0244237
0.0244145
0.0244121
0.0244175
0.0244149
0.0244125
0.0244155
0.0244177
0.0244245
0.0244126
0.0244176
0.0244149
0.0244043
0.024356
0.0243845
0.0244001
0.0244039
0.0243843
0.0244006
0.0243935
0.0243684
0.0243527
0.0243516
0.0243783
0.0243772
0.0243843
0.0244075
0.0244148
0.0244137
0.0244137
0.0244111
0.0244111
0.0244045
0.0243997
0.024357
0.0243848
0.0243997
0.0243834
0.024403
0.0243928
0.0244005
0.024357
0.0243848
0.0243997
0.0244034
0.0243826
0.0243931
0.0244044
0.0243844
0.0244011
0.0243568
0.0244045
0.0243843
0.0243999
0.0244128
0.0244165
0.0244237
0.0244145
0.0244121
0.0244175
0.0244149
0.0244125
0.0244155
0.0244177
0.0244245
0.0244126
0.0244176
0.0244149
0.0244043
0.0243566
0.024385
0.0244002
0.024404
0.0243846
0.0244006
)
;

boundaryField
{
    chip
    {
        type            zeroGradient;
    }
    chip_to_dbc_cu_top
    {
        type            calculated;
        value           uniform 0;
    }
}


// ************************************************************************* //
