/*--------------------------------*- C++ -*----------------------------------*\
| =========                 |                                                 |
| \\      /  F ield         | OpenFOAM: The Open Source CFD Toolbox           |
|  \\    /   O peration     | Version:  2412                                  |
|   \\  /    A nd           | Website:  www.openfoam.com                      |
|    \\/     M anipulation  |                                                 |
\*---------------------------------------------------------------------------*/
FoamFile
{
    version     2.0;
    format      ascii;
    arch        "LSB;label=32;scalar=64";
    class       volScalarField;
    location    "0.17/chip";
    object      T;
}
// * * * * * * * * * * * * * * * * * * * * * * * * * * * * * * * * * * * * * //

dimensions      [0 0 0 1 0 0 0];

internalField   nonuniform List<scalar> 
6620
(
329.479
329.41
329.41
329.341
330.105
329.97
329.97
329.837
329.289
329.324
329.324
329.289
329.324
329.324
329.359
329.359
329.359
329.359
329.324
329.324
329.289
329.324
329.324
329.289
329.341
329.774
329.41
329.41
329.907
329.907
329.341
329.774
329.41
329.41
329.907
329.907
329.479
329.479
329.479
330.043
330.043
330.043
330.043
329.41
329.907
329.907
329.341
329.774
329.41
329.907
329.907
329.774
329.837
329.97
329.97
329.837
329.97
329.97
330.105
330.105
330.105
329.97
329.837
329.97
328.938
328.633
329.456
329.059
329.161
329.355
329.028
328.994
328.727
329.29
329.456
329.06
329.161
329.355
329.934
329.588
329.588
329.788
329.698
329.861
329.861
329.541
329.145
329.517
329.651
329.247
329.472
329.722
329.028
328.994
328.728
329.29
329.541
329.517
329.145
329.651
329.247
329.722
329.472
329.165
329.078
329.078
329.517
328.817
329.34
329.34
329.22
329.634
329.734
329.568
329.308
329.634
329.734
330.178
330.178
330.251
329.795
330.04
329.863
329.568
329.308
330.04
329.795
329.863
329.665
329.665
329.493
328.588
328.941
328.635
328.941
328.635
328.984
328.984
328.68
328.974
329.092
328.974
329.092
329.017
329.449
329.136
329.017
329.449
329.136
328.941
328.635
328.588
328.984
328.984
328.68
328.941
328.635
328.974
329.093
329.017
329.449
329.136
328.974
329.093
329.449
329.017
329.136
329.485
329.485
329.614
329.485
329.485
329.614
329.485
329.485
329.614
329.485
329.485
329.614
329.017
329.449
329.136
328.974
329.093
329.449
329.017
329.136
328.974
329.093
328.941
328.635
328.984
328.984
328.68
328.588
328.941
328.635
329.449
329.017
329.136
329.449
329.017
329.136
328.974
329.093
328.974
329.093
328.984
328.984
328.68
328.941
328.635
328.941
328.635
328.588
329.028
328.994
328.727
329.29
329.028
328.994
328.728
329.29
329.165
329.078
329.078
329.516
328.817
329.34
329.34
329.017
329.185
329.107
329.536
329.369
329.275
329.107
329.537
329.369
329.275
329.321
329.668
329.602
329.602
329.495
329.495
329.428
329.456
329.059
329.161
329.355
329.541
329.145
329.517
329.651
329.247
329.472
329.722
329.541
329.145
329.517
329.651
329.247
329.472
329.722
329.535
329.601
329.434
329.702
329.535
329.601
329.434
329.702
329.694
329.801
329.732
329.978
329.625
329.872
329.801
329.694
329.801
329.732
329.978
329.625
329.872
329.801
328.938
328.633
329.165
329.078
329.078
329.517
328.817
329.34
329.34
329.028
328.994
328.728
329.29
329.107
329.536
329.369
329.275
329.017
329.185
329.321
329.668
329.602
329.602
329.495
329.495
329.428
329.107
329.537
329.369
329.275
329.541
329.145
329.517
329.651
329.247
329.472
329.722
329.456
329.059
329.161
329.355
329.541
329.517
329.145
329.651
329.247
329.722
329.472
329.535
329.601
329.434
329.702
329.694
329.801
329.733
329.978
329.626
329.872
329.801
329.535
329.601
329.434
329.702
329.694
329.801
329.978
329.733
329.872
329.626
329.801
329.934
329.588
329.588
329.788
329.698
329.861
329.861
329.934
329.588
329.588
329.788
329.698
329.861
329.861
329.934
329.588
329.588
329.788
329.698
329.861
329.861
329.456
329.06
329.161
329.355
329.541
329.517
329.145
329.651
329.247
329.722
329.472
329.456
329.06
329.161
329.355
329.694
329.801
329.733
329.978
329.626
329.872
329.801
329.535
329.601
329.434
329.702
329.694
329.801
329.978
329.733
329.872
329.626
329.801
329.535
329.601
329.434
329.702
329.165
329.078
329.078
329.516
328.817
329.34
329.34
328.938
328.633
329.028
328.994
328.728
329.29
329.107
329.536
329.369
329.275
329.321
329.668
329.602
329.602
329.495
329.495
329.428
329.017
329.185
329.107
329.536
329.369
329.275
329.541
329.517
329.145
329.651
329.247
329.722
329.472
329.456
329.059
329.161
329.355
329.456
329.059
329.161
329.355
329.694
329.801
329.978
329.733
329.872
329.626
329.801
329.694
329.801
329.978
329.732
329.872
329.626
329.801
329.535
329.601
329.434
329.702
329.535
329.601
329.434
329.702
329.028
328.994
328.728
329.29
329.028
328.994
328.727
329.29
328.938
328.633
329.321
329.668
329.602
329.602
329.495
329.495
329.428
329.107
329.537
329.369
329.275
329.107
329.536
329.369
329.275
329.017
329.185
329.568
329.308
329.568
329.308
329.665
329.665
329.493
329.634
329.734
329.795
330.04
329.863
329.795
330.04
329.863
329.22
329.665
329.665
329.493
329.568
329.308
329.795
330.04
329.863
329.634
329.734
330.04
329.795
329.863
330.178
330.178
330.251
330.178
330.178
330.251
330.178
330.178
330.251
329.634
329.734
330.04
329.795
329.863
329.634
329.734
329.665
329.665
329.493
329.22
329.568
329.308
330.04
329.795
329.863
329.634
329.734
329.634
329.734
329.568
329.308
329.568
329.308
329.22
329.692
329.532
329.532
329.586
329.586
329.639
329.639
329.487
329.328
329.462
329.516
329.38
329.436
329.569
329.487
329.462
329.328
329.516
329.38
329.569
329.436
329.288
329.26
329.26
329.448
329.181
329.368
329.368
329.167
329.167
329.048
329.202
329.404
329.279
329.202
329.404
329.279
329.167
329.167
329.048
329.202
329.404
329.279
329.404
329.202
329.279
329.439
329.439
329.52
329.439
329.439
329.52
329.439
329.439
329.52
329.439
329.439
329.52
329.202
329.404
329.28
329.404
329.202
329.28
329.167
329.167
329.048
329.404
329.202
329.279
329.404
329.202
329.279
329.167
329.167
329.048
329.288
329.26
329.26
329.448
329.181
329.368
329.368
329.487
329.328
329.462
329.516
329.569
329.38
329.436
329.487
329.328
329.462
329.516
329.38
329.436
329.569
329.288
329.26
329.26
329.448
329.368
329.181
329.368
329.487
329.328
329.462
329.516
329.569
329.38
329.436
329.487
329.462
329.328
329.516
329.38
329.569
329.436
329.692
329.532
329.532
329.586
329.639
329.586
329.639
329.692
329.532
329.532
329.586
329.639
329.586
329.639
329.692
329.533
329.532
329.586
329.586
329.639
329.639
329.487
329.462
329.328
329.516
329.436
329.38
329.569
329.288
329.26
329.26
329.448
329.368
329.181
329.368
329.487
329.462
329.328
329.516
329.436
329.38
329.569
328.613
328.847
328.861
328.862
328.767
328.767
328.775
328.551
328.746
328.544
328.544
328.338
328.661
328.662
329.291
329.368
329.398
329.439
329.308
329.351
329.381
329.157
328.99
329.109
329.169
329.04
329.107
329.219
329.191
329.27
329.09
329.144
329.073
329.208
329.253
329.257
329.405
329.267
329.298
329.207
329.317
329.348
328.971
328.939
328.959
329.122
328.866
329.034
329.062
328.963
328.925
328.915
329.104
328.845
329.042
329.025
328.87
328.839
328.644
328.824
328.752
328.762
328.935
329.063
329.211
329.202
329.233
329.142
329.123
329.154
329.291
329.369
329.439
329.398
329.352
329.308
329.381
329.157
328.99
329.109
329.17
329.04
329.107
329.219
329.191
329.271
329.144
329.09
329.073
329.253
329.208
329.257
329.405
329.268
329.298
329.207
329.317
329.348
329.729
329.569
329.642
329.694
329.623
329.675
329.748
329.729
329.569
329.642
329.694
329.623
329.675
329.748
329.767
329.804
329.679
329.679
329.661
329.785
329.785
329.395
329.236
329.195
329.254
329.287
329.344
329.304
329.523
329.498
329.434
329.623
329.416
329.605
329.541
329.43
329.356
329.23
329.34
329.322
329.338
329.447
328.972
328.939
329.122
328.959
329.034
328.866
329.062
328.963
328.925
328.915
329.104
328.845
329.042
329.025
328.871
328.839
328.824
328.644
328.753
328.935
328.762
329.063
329.211
329.202
329.233
329.142
329.124
329.154
329.523
329.498
329.434
329.623
329.416
329.605
329.541
329.395
329.236
329.195
329.253
329.287
329.344
329.304
329.43
329.356
329.34
329.23
329.322
329.447
329.338
329.198
329.169
329
329.187
329.09
329.277
329.109
329.198
329.169
329
329.187
329.09
329.277
329.109
329.108
328.927
328.91
328.909
328.999
329.019
329.019
329.108
329.253
329.203
329.203
329.102
329.242
329.156
329.156
329.066
329.179
329.179
329.676
329.764
329.702
329.747
329.647
329.576
329.683
329.653
329.625
329.598
329.702
329.681
329.753
329.676
329.717
329.659
329.698
329.736
329.66
329.664
329.585
329.713
329.392
329.341
329.249
329.432
329.455
329.511
329.491
329.588
329.433
329.533
329.511
329.366
329.33
329.247
329.401
329.343
329.271
329.422
329.436
329.598
329.554
329.521
329.677
329.764
329.747
329.702
329.647
329.576
329.683
329.653
329.625
329.598
329.702
329.681
329.753
329.717
329.676
329.659
329.737
329.698
329.66
329.664
329.585
329.713
330.241
330.278
330.259
330.259
330.167
330.063
330.115
330.115
330.204
330.169
330.151
330.222
330.204
330.169
330.151
330.222
329.911
329.842
329.825
329.928
329.967
329.994
329.916
330.046
329.876
329.741
329.826
329.791
330.002
330.099
330.081
330.02
329.392
329.341
329.433
329.249
329.455
329.511
329.491
329.588
329.433
329.533
329.511
329.366
329.33
329.401
329.248
329.343
329.422
329.271
329.436
329.598
329.554
329.522
329.911
329.842
329.928
329.825
329.967
329.994
330.046
329.916
330.002
330.099
330.081
330.02
329.876
329.741
329.826
329.791
329.594
329.423
329.511
329.511
329.772
329.926
329.849
329.849
329.683
329.675
329.76
329.599
329.683
329.675
329.76
329.599
328.46
328.46
328.258
328.836
328.823
328.716
328.509
328.777
328.671
328.836
328.823
328.717
328.51
328.777
328.671
329.121
328.866
329.001
329.121
328.866
329.001
328.82
328.82
328.955
328.868
329.05
328.943
328.986
329.067
328.96
328.868
329.05
328.943
328.986
329.067
328.96
329.155
329.093
329.232
329.422
329.324
329.297
329.11
329.276
329.25
329.155
329.093
329.232
329.422
329.324
329.297
329.11
329.276
329.25
328.836
328.823
328.716
328.509
328.777
328.671
328.46
328.46
328.258
329.121
328.866
329.001
329.121
328.866
329.001
328.82
328.82
328.955
328.836
328.823
328.717
328.51
328.777
328.671
328.868
329.05
328.944
329.067
328.986
328.96
329.155
329.093
329.232
329.422
329.324
329.297
329.111
329.277
329.25
328.868
329.05
328.943
328.986
329.067
328.96
329.422
329.324
329.297
329.155
329.093
329.232
329.277
329.11
329.25
329.457
329.567
329.539
329.457
329.567
329.539
329.586
329.586
329.558
329.457
329.567
329.539
329.457
329.567
329.539
329.586
329.586
329.558
329.457
329.567
329.539
329.457
329.567
329.539
329.586
329.586
329.558
329.457
329.567
329.539
329.457
329.567
329.539
329.586
329.586
329.558
329.155
329.093
329.232
329.422
329.324
329.297
329.111
329.277
329.25
328.869
329.05
328.944
329.067
328.986
328.96
329.422
329.324
329.297
329.155
329.093
329.232
329.277
329.111
329.25
328.868
329.05
328.944
328.986
329.067
328.96
328.836
328.823
328.717
328.777
328.509
328.671
329.121
328.866
329.001
329.121
328.866
329.001
328.82
328.82
328.955
328.46
328.46
328.258
328.836
328.823
328.717
328.777
328.509
328.671
329.422
329.324
329.297
329.155
329.093
329.232
329.277
329.11
329.25
329.422
329.324
329.297
329.155
329.093
329.232
329.277
329.11
329.25
328.868
329.05
328.943
329.067
328.986
328.96
328.868
329.05
328.943
329.067
328.986
328.96
329.121
328.866
329.001
329.121
328.866
329.001
328.82
328.82
328.955
328.836
328.823
328.717
328.777
328.51
328.671
328.836
328.823
328.716
328.777
328.509
328.671
328.46
328.46
328.258
328.971
328.939
328.959
329.122
328.866
329.034
329.062
328.963
328.925
328.915
329.104
329.042
328.845
329.025
328.87
328.839
328.644
328.824
328.762
328.752
328.935
329.063
329.211
329.202
329.233
329.142
329.123
329.154
328.973
328.939
328.96
329.122
328.867
329.034
329.063
328.963
328.925
328.915
329.104
329.042
328.846
329.025
328.871
328.839
328.644
328.824
328.762
328.753
328.935
329.064
329.211
329.202
329.233
329.143
329.124
329.154
329.198
329.169
329
329.187
329.09
329.109
329.277
329.198
329.169
329
329.187
329.09
329.109
329.277
329.108
328.927
328.909
328.91
328.999
329.019
329.019
328.939
328.944
328.944
329.085
328.821
329.015
329.015
328.971
329.141
329.121
329.121
329.047
329.074
329.074
329.211
329.04
329.2
329.175
329.142
329.111
329.27
329.36
329.482
329.496
329.458
329.417
329.439
329.403
329.303
329.29
329.313
329.439
329.234
329.359
329.382
329.269
329.232
329.215
329.369
329.169
329.327
329.313
329.213
329.041
329.201
329.175
329.143
329.112
329.271
329.361
329.482
329.496
329.458
329.417
329.439
329.404
329.304
329.29
329.313
329.439
329.235
329.36
329.383
329.27
329.232
329.216
329.369
329.17
329.328
329.314
329.291
329.368
329.398
329.439
329.308
329.351
329.381
329.157
328.99
329.109
329.169
329.107
329.04
329.219
329.191
329.27
329.09
329.144
329.208
329.073
329.253
329.257
329.405
329.267
329.298
329.207
329.317
329.348
329.395
329.236
329.195
329.253
329.304
329.287
329.344
329.523
329.498
329.434
329.623
329.605
329.416
329.541
329.43
329.356
329.23
329.34
329.338
329.322
329.447
329.395
329.236
329.195
329.253
329.287
329.304
329.344
329.523
329.498
329.434
329.623
329.416
329.541
329.605
329.43
329.356
329.23
329.34
329.322
329.338
329.447
329.53
329.478
329.518
329.605
329.461
329.547
329.588
329.553
329.547
329.56
329.651
329.596
329.504
329.611
329.497
329.484
329.378
329.504
329.428
329.447
329.554
329.587
329.661
329.647
329.685
329.63
329.604
329.644
329.53
329.478
329.518
329.605
329.461
329.547
329.588
329.553
329.547
329.56
329.651
329.611
329.504
329.596
329.497
329.484
329.378
329.504
329.428
329.554
329.447
329.587
329.661
329.647
329.685
329.604
329.644
329.63
328.613
328.847
328.861
328.862
328.767
328.767
328.775
328.551
328.746
328.544
328.544
328.661
328.338
328.662
329.198
329.169
329
329.187
329.109
329.09
329.277
329.198
329.169
329
329.187
329.277
329.09
329.109
329.108
328.927
328.909
328.91
329.019
328.999
329.019
328.973
328.939
328.96
329.122
328.867
329.034
329.063
328.963
328.925
328.915
329.104
328.846
329.025
329.042
328.871
328.839
328.644
328.824
328.753
328.762
328.935
329.064
329.211
329.202
329.233
329.124
329.154
329.143
329.211
329.04
329.2
329.175
329.142
329.111
329.27
329.36
329.482
329.496
329.458
329.403
329.439
329.417
329.303
329.29
329.313
329.439
329.234
329.382
329.359
329.269
329.232
329.215
329.369
329.313
329.169
329.327
328.939
328.944
328.944
329.085
328.821
329.015
329.015
328.971
329.141
329.121
329.121
329.074
329.074
329.047
329.213
329.041
329.201
329.175
329.143
329.112
329.271
329.361
329.482
329.496
329.458
329.417
329.439
329.404
329.304
329.29
329.314
329.439
329.235
329.36
329.383
329.27
329.232
329.216
329.369
329.17
329.328
329.314
329.395
329.236
329.195
329.254
329.304
329.287
329.344
329.523
329.498
329.434
329.623
329.605
329.416
329.541
329.43
329.356
329.23
329.34
329.338
329.322
329.447
329.291
329.369
329.398
329.439
329.308
329.351
329.381
329.157
328.99
329.109
329.169
329.107
329.04
329.219
329.191
329.27
329.09
329.144
329.208
329.073
329.253
329.257
329.405
329.268
329.298
329.207
329.317
329.348
329.523
329.498
329.434
329.623
329.416
329.541
329.605
329.395
329.236
329.195
329.253
329.287
329.304
329.344
329.43
329.356
329.34
329.23
329.322
329.447
329.338
329.53
329.518
329.478
329.605
329.461
329.588
329.547
329.554
329.547
329.561
329.651
329.596
329.504
329.611
329.497
329.484
329.378
329.504
329.428
329.447
329.554
329.587
329.661
329.685
329.647
329.63
329.644
329.604
329.53
329.478
329.518
329.605
329.461
329.547
329.588
329.554
329.547
329.56
329.651
329.611
329.504
329.596
329.497
329.484
329.378
329.504
329.428
329.554
329.447
329.587
329.661
329.647
329.685
329.604
329.644
329.63
329.729
329.569
329.642
329.694
329.748
329.623
329.675
329.729
329.569
329.642
329.694
329.675
329.623
329.748
329.767
329.804
329.679
329.679
329.785
329.661
329.785
329.729
329.569
329.642
329.694
329.748
329.623
329.675
329.729
329.569
329.642
329.694
329.675
329.623
329.748
329.767
329.804
329.679
329.679
329.785
329.661
329.785
329.729
329.569
329.642
329.694
329.623
329.748
329.675
329.729
329.569
329.642
329.694
329.623
329.748
329.675
329.767
329.804
329.679
329.679
329.661
329.785
329.785
329.291
329.369
329.439
329.398
329.352
329.308
329.381
329.157
328.99
329.109
329.17
329.219
329.04
329.107
329.191
329.271
329.144
329.091
329.253
329.074
329.208
329.257
329.405
329.268
329.298
329.317
329.208
329.348
329.523
329.498
329.434
329.623
329.541
329.416
329.605
329.395
329.236
329.195
329.254
329.344
329.287
329.304
329.43
329.356
329.34
329.23
329.447
329.322
329.338
329.291
329.369
329.398
329.439
329.308
329.352
329.381
329.157
328.99
329.109
329.17
329.04
329.219
329.107
329.191
329.271
329.091
329.144
329.074
329.208
329.253
329.257
329.405
329.268
329.298
329.317
329.348
329.207
329.53
329.518
329.478
329.605
329.461
329.588
329.547
329.554
329.547
329.561
329.651
329.504
329.611
329.596
329.497
329.484
329.378
329.504
329.447
329.428
329.554
329.587
329.661
329.685
329.647
329.644
329.604
329.63
329.53
329.478
329.518
329.605
329.461
329.547
329.588
329.554
329.547
329.561
329.651
329.611
329.504
329.596
329.497
329.484
329.378
329.504
329.428
329.554
329.447
329.587
329.661
329.647
329.685
329.604
329.644
329.63
329.198
329.169
329
329.187
329.109
329.09
329.277
329.198
329.169
329
329.187
329.277
329.09
329.109
329.108
328.927
328.91
328.91
329.019
328.999
329.019
328.613
328.847
328.862
328.862
328.767
328.767
328.775
328.551
328.746
328.544
328.544
328.661
328.338
328.661
328.972
328.939
329.122
328.959
329.034
328.866
329.063
328.963
328.925
328.915
329.104
328.846
329.025
329.042
328.871
328.839
328.824
328.644
328.753
328.935
328.762
329.063
329.211
329.202
329.233
329.124
329.154
329.143
329.212
329.201
329.041
329.175
329.143
329.27
329.111
329.36
329.482
329.496
329.458
329.404
329.439
329.417
329.303
329.29
329.313
329.439
329.234
329.382
329.36
329.269
329.232
329.369
329.215
329.313
329.328
329.17
328.939
328.944
328.944
329.085
328.821
329.015
329.015
328.971
329.141
329.121
329.121
329.074
329.074
329.047
329.212
329.201
329.041
329.175
329.143
329.27
329.111
329.36
329.482
329.496
329.458
329.417
329.439
329.404
329.303
329.29
329.313
329.439
329.234
329.36
329.382
329.269
329.232
329.369
329.215
329.327
329.17
329.313
329.523
329.498
329.434
329.623
329.541
329.416
329.605
329.395
329.236
329.195
329.253
329.344
329.287
329.304
329.43
329.356
329.34
329.23
329.447
329.322
329.338
329.291
329.369
329.439
329.398
329.351
329.308
329.381
329.157
328.99
329.109
329.169
329.219
329.04
329.107
329.191
329.27
329.144
329.09
329.253
329.073
329.208
329.257
329.405
329.268
329.298
329.317
329.207
329.348
329.291
329.369
329.439
329.398
329.351
329.308
329.381
329.157
328.99
329.109
329.169
329.04
329.219
329.107
329.191
329.27
329.144
329.09
329.073
329.253
329.208
329.257
329.405
329.268
329.298
329.317
329.348
329.207
329.53
329.518
329.478
329.605
329.461
329.588
329.547
329.554
329.547
329.56
329.651
329.504
329.611
329.596
329.497
329.484
329.378
329.504
329.447
329.428
329.554
329.587
329.661
329.685
329.647
329.644
329.604
329.63
329.53
329.518
329.478
329.605
329.461
329.588
329.547
329.553
329.547
329.56
329.651
329.611
329.504
329.596
329.497
329.484
329.378
329.504
329.428
329.554
329.447
329.587
329.661
329.685
329.647
329.644
329.604
329.63
328.973
328.939
329.122
328.96
329.034
328.867
329.063
328.963
328.925
328.915
329.104
329.025
328.846
329.042
328.871
328.839
328.824
328.644
328.935
328.753
328.762
329.064
329.211
329.202
329.233
329.124
329.143
329.154
328.972
328.939
329.122
328.959
329.034
328.866
329.062
328.963
328.925
328.915
329.104
329.025
328.845
329.042
328.87
328.839
328.824
328.644
328.935
328.752
328.762
329.063
329.211
329.202
329.233
329.124
329.142
329.154
328.613
328.847
328.862
328.861
328.767
328.767
328.775
328.551
328.746
328.544
328.544
328.338
328.662
328.661
329.213
329.201
329.041
329.175
329.143
329.271
329.112
329.361
329.482
329.496
329.458
329.439
329.417
329.404
329.304
329.29
329.313
329.439
329.383
329.235
329.36
329.27
329.232
329.369
329.216
329.328
329.17
329.314
329.211
329.2
329.04
329.175
329.142
329.27
329.111
329.36
329.482
329.496
329.458
329.439
329.417
329.403
329.303
329.29
329.313
329.439
329.382
329.234
329.359
329.269
329.232
329.369
329.215
329.327
329.169
329.313
328.939
328.944
328.944
329.085
328.821
329.015
329.015
328.971
329.141
329.121
329.121
329.074
329.074
329.047
329.392
329.341
329.249
329.432
329.455
329.511
329.491
329.588
329.533
329.433
329.511
329.366
329.33
329.247
329.401
329.271
329.343
329.422
329.436
329.598
329.554
329.521
329.393
329.341
329.25
329.433
329.455
329.512
329.491
329.588
329.534
329.433
329.511
329.366
329.33
329.248
329.402
329.271
329.344
329.422
329.436
329.599
329.554
329.522
329.594
329.423
329.511
329.511
329.772
329.926
329.849
329.849
329.683
329.675
329.599
329.76
329.683
329.675
329.599
329.76
329.676
329.764
329.702
329.747
329.647
329.576
329.683
329.653
329.598
329.625
329.702
329.681
329.753
329.676
329.717
329.698
329.659
329.736
329.66
329.664
329.585
329.713
329.911
329.842
329.825
329.928
329.967
329.994
330.046
329.916
329.876
329.741
329.791
329.826
330.002
330.099
330.081
330.02
329.911
329.842
329.825
329.928
329.967
329.994
329.916
330.046
329.876
329.741
329.791
329.826
330.002
330.099
330.02
330.081
329.108
329.253
329.203
329.203
329.102
329.242
329.156
329.156
329.179
329.066
329.179
329.594
329.423
329.511
329.511
329.772
329.926
329.849
329.849
329.683
329.675
329.599
329.76
329.683
329.675
329.76
329.599
329.393
329.341
329.25
329.433
329.455
329.512
329.491
329.588
329.433
329.511
329.534
329.366
329.33
329.248
329.402
329.344
329.271
329.422
329.436
329.599
329.522
329.554
329.911
329.842
329.825
329.928
329.967
329.994
330.046
329.916
329.876
329.741
329.791
329.826
330.002
330.099
330.081
330.02
329.676
329.764
329.702
329.747
329.647
329.576
329.683
329.653
329.598
329.625
329.702
329.681
329.753
329.676
329.717
329.698
329.659
329.736
329.66
329.664
329.585
329.713
329.911
329.842
329.928
329.825
329.967
329.994
330.046
329.916
330.002
330.099
330.02
330.081
329.876
329.741
329.791
329.826
330.241
330.278
330.259
330.259
330.167
330.063
330.115
330.115
330.204
330.169
330.222
330.151
330.204
330.169
330.151
330.222
330.241
330.278
330.259
330.259
330.167
330.063
330.115
330.115
330.204
330.169
330.222
330.151
330.204
330.169
330.151
330.222
330.241
330.278
330.259
330.259
330.167
330.063
330.115
330.115
330.204
330.169
330.222
330.151
330.204
330.169
330.222
330.151
329.677
329.764
329.747
329.702
329.647
329.576
329.683
329.653
329.702
329.625
329.598
329.681
329.753
329.717
329.676
329.737
329.659
329.698
329.66
329.664
329.713
329.585
329.911
329.842
329.928
329.825
329.967
329.994
329.916
330.046
330.002
330.099
330.02
330.081
329.876
329.741
329.826
329.791
329.677
329.764
329.702
329.747
329.647
329.576
329.683
329.653
329.625
329.702
329.598
329.681
329.753
329.676
329.717
329.659
329.698
329.737
329.66
329.664
329.713
329.585
329.594
329.423
329.511
329.511
329.772
329.926
329.849
329.849
329.683
329.675
329.599
329.76
329.683
329.675
329.76
329.599
329.108
329.253
329.203
329.203
329.102
329.242
329.156
329.156
329.179
329.066
329.179
329.392
329.341
329.433
329.249
329.455
329.511
329.491
329.588
329.433
329.511
329.533
329.366
329.33
329.401
329.248
329.343
329.422
329.271
329.436
329.598
329.522
329.554
329.911
329.842
329.928
329.825
329.967
329.994
329.916
330.046
330.002
330.099
330.02
330.081
329.876
329.741
329.826
329.791
329.676
329.764
329.747
329.702
329.647
329.576
329.683
329.653
329.702
329.625
329.598
329.681
329.753
329.717
329.676
329.736
329.659
329.698
329.66
329.664
329.713
329.585
329.676
329.764
329.747
329.702
329.647
329.576
329.683
329.653
329.625
329.702
329.598
329.681
329.753
329.717
329.676
329.659
329.736
329.698
329.66
329.664
329.713
329.585
329.393
329.341
329.433
329.25
329.455
329.512
329.491
329.588
329.511
329.433
329.534
329.366
329.33
329.402
329.248
329.422
329.343
329.271
329.436
329.598
329.522
329.554
329.392
329.341
329.432
329.249
329.455
329.511
329.491
329.588
329.511
329.433
329.533
329.366
329.33
329.401
329.248
329.422
329.343
329.271
329.436
329.598
329.521
329.554
329.108
329.253
329.203
329.203
329.102
329.242
329.156
329.156
329.066
329.179
329.179
329.152
329.228
329.251
329.251
329.19
329.19
329.214
329.255
329.263
329.286
329.355
329.225
329.293
329.316
329.255
329.263
329.286
329.355
329.225
329.293
329.316
329.152
329.228
329.251
329.251
329.19
329.19
329.214
329.255
329.263
329.286
329.355
329.225
329.293
329.317
329.255
329.263
329.355
329.286
329.293
329.225
329.317
329.36
329.298
329.39
329.39
329.421
329.329
329.329
329.36
329.298
329.39
329.39
329.329
329.329
329.421
329.36
329.298
329.39
329.39
329.329
329.329
329.421
329.36
329.298
329.39
329.39
329.329
329.329
329.421
329.255
329.263
329.286
329.355
329.317
329.225
329.293
329.255
329.263
329.355
329.286
329.293
329.225
329.317
329.152
329.228
329.251
329.251
329.19
329.19
329.214
329.255
329.263
329.355
329.286
329.317
329.293
329.225
329.255
329.263
329.355
329.286
329.293
329.225
329.317
329.152
329.228
329.251
329.251
329.214
329.19
329.19
328.428
328.524
328.54
328.54
328.493
328.475
328.476
328.8
328.9
328.878
328.905
328.841
328.837
328.864
328.573
328.571
328.588
328.682
328.524
328.618
328.638
328.801
328.901
328.878
328.905
328.842
328.837
328.864
328.574
328.571
328.588
328.682
328.524
328.618
328.638
328.93
329.029
328.921
328.948
328.885
328.966
328.992
328.93
329.029
328.921
328.948
328.885
328.966
328.992
328.709
328.616
328.727
328.727
328.663
328.663
328.772
328.899
328.933
328.911
329.003
328.962
328.87
328.94
328.983
329.03
329.051
329.088
329.047
328.988
329.025
328.899
328.933
328.911
329.003
328.94
328.87
328.962
328.983
329.03
329.051
329.088
328.988
329.025
329.047
329.029
329.062
328.955
329.047
329
328.984
329.092
329.345
329.445
329.388
329.41
329.349
329.383
329.406
329.116
329.074
329.132
329.182
329.069
329.12
329.178
329.029
329.062
328.955
329.047
328.984
329
329.092
329.345
329.445
329.388
329.41
329.349
329.383
329.406
329.116
329.074
329.132
329.182
329.069
329.12
329.178
328.8
328.9
328.878
328.905
328.864
328.837
328.841
328.573
328.571
328.588
328.682
328.638
328.524
328.618
328.428
328.524
328.54
328.54
328.475
328.476
328.493
328.93
329.029
328.921
328.948
328.966
328.885
328.992
328.93
329.029
328.921
328.948
328.885
328.966
328.992
328.709
328.616
328.727
328.727
328.663
328.663
328.772
328.801
328.901
328.878
328.905
328.842
328.837
328.864
328.574
328.571
328.588
328.682
328.524
328.618
328.638
328.899
328.933
328.911
329.003
328.962
328.87
328.94
328.983
329.03
329.088
329.051
329.047
329.025
328.988
329.03
329.062
328.955
329.047
329
328.984
329.092
329.345
329.445
329.388
329.41
329.349
329.383
329.406
329.116
329.074
329.132
329.182
329.07
329.12
329.178
328.899
328.933
328.911
329.003
328.94
328.87
328.962
328.983
329.03
329.051
329.088
328.988
329.025
329.047
329.345
329.445
329.388
329.41
329.349
329.383
329.406
329.029
329.062
328.955
329.047
328.984
329
329.092
329.116
329.074
329.182
329.132
329.12
329.07
329.178
329.451
329.48
329.424
329.517
329.512
329.419
329.456
329.451
329.48
329.424
329.517
329.512
329.419
329.456
329.544
329.553
329.609
329.609
329.605
329.548
329.548
329.451
329.48
329.424
329.517
329.419
329.456
329.512
329.451
329.48
329.424
329.517
329.456
329.419
329.512
329.544
329.553
329.609
329.609
329.548
329.548
329.605
329.451
329.48
329.424
329.517
329.419
329.456
329.512
329.451
329.48
329.424
329.517
329.456
329.419
329.512
329.544
329.553
329.609
329.609
329.548
329.548
329.605
329.451
329.48
329.424
329.517
329.456
329.419
329.512
329.451
329.48
329.424
329.517
329.456
329.419
329.512
329.544
329.553
329.609
329.609
329.548
329.548
329.605
329.03
329.062
328.955
329.047
329.092
329
328.984
329.345
329.445
329.388
329.41
329.406
329.383
329.349
329.116
329.074
329.132
329.182
329.178
329.07
329.12
328.899
328.933
328.911
329.003
328.87
328.94
328.962
328.983
329.03
329.088
329.051
329.025
328.988
329.047
329.345
329.445
329.388
329.41
329.383
329.349
329.406
329.03
329.062
328.955
329.047
328.984
329
329.092
329.116
329.074
329.182
329.132
329.12
329.07
329.178
328.899
328.933
328.911
329.003
328.94
328.87
328.962
328.983
329.03
329.051
329.088
328.988
329.025
329.047
328.801
328.9
328.878
328.905
328.864
328.837
328.842
328.574
328.571
328.682
328.588
328.638
328.618
328.524
328.93
329.029
328.921
328.948
328.966
328.885
328.992
328.93
329.029
328.921
328.948
328.885
328.966
328.992
328.709
328.616
328.727
328.727
328.663
328.663
328.772
328.428
328.524
328.54
328.54
328.476
328.476
328.493
328.801
328.9
328.878
328.905
328.842
328.837
328.864
328.574
328.571
328.682
328.588
328.618
328.524
328.638
329.345
329.445
329.388
329.41
329.406
329.383
329.349
329.029
329.062
328.955
329.047
329.092
329
328.984
329.116
329.074
329.182
329.132
329.178
329.12
329.069
329.345
329.445
329.388
329.41
329.383
329.349
329.406
329.029
329.062
328.955
329.047
328.984
329
329.092
329.116
329.074
329.182
329.132
329.12
329.069
329.178
328.899
328.933
328.911
329.003
328.87
328.94
328.962
328.983
329.03
329.088
329.051
329.025
328.988
329.047
328.899
328.933
328.911
329.003
328.94
328.87
328.962
328.983
329.03
329.088
329.051
329.025
328.988
329.047
328.93
329.029
328.921
328.948
328.992
328.966
328.885
328.93
329.029
328.921
328.948
328.992
328.966
328.885
328.709
328.616
328.727
328.727
328.772
328.663
328.663
328.801
328.901
328.878
328.905
328.837
328.842
328.864
328.574
328.571
328.682
328.588
328.618
328.524
328.638
328.8
328.9
328.878
328.905
328.837
328.842
328.864
328.573
328.571
328.682
328.588
328.618
328.524
328.638
328.428
328.524
328.54
328.54
328.476
328.475
328.493
329.112
329.211
329.106
329.13
329.149
329.174
329.068
329.112
329.211
329.106
329.13
329.149
329.174
329.068
329.072
328.985
329.091
329.091
329.134
329.029
329.029
329.214
329.245
329.14
329.232
329.184
329.276
329.17
329.281
329.381
329.342
329.365
329.32
329.343
329.304
329.24
329.218
329.258
329.324
329.302
329.196
329.262
329.214
329.245
329.14
329.232
329.184
329.276
329.17
329.281
329.381
329.342
329.365
329.32
329.343
329.304
329.24
329.218
329.258
329.324
329.302
329.196
329.262
329.112
329.211
329.106
329.13
329.149
329.174
329.068
329.112
329.211
329.106
329.13
329.149
329.174
329.068
329.072
328.985
329.091
329.091
329.134
329.029
329.029
329.214
329.245
329.14
329.232
329.184
329.276
329.17
329.281
329.381
329.342
329.365
329.32
329.343
329.304
329.24
329.218
329.258
329.324
329.302
329.196
329.262
329.281
329.381
329.342
329.365
329.32
329.343
329.304
329.214
329.245
329.14
329.232
329.184
329.276
329.17
329.24
329.218
329.324
329.258
329.302
329.262
329.196
329.386
329.416
329.47
329.378
329.448
329.355
329.409
329.386
329.416
329.47
329.378
329.448
329.355
329.409
329.413
329.459
329.497
329.497
329.475
329.436
329.436
329.386
329.416
329.378
329.47
329.355
329.448
329.409
329.386
329.416
329.378
329.47
329.355
329.448
329.409
329.413
329.459
329.497
329.497
329.475
329.436
329.436
329.386
329.416
329.378
329.47
329.355
329.448
329.409
329.386
329.416
329.378
329.47
329.355
329.448
329.409
329.413
329.459
329.497
329.497
329.475
329.436
329.436
329.387
329.416
329.378
329.47
329.355
329.448
329.409
329.386
329.416
329.378
329.47
329.355
329.448
329.409
329.413
329.459
329.497
329.497
329.475
329.436
329.436
329.214
329.245
329.232
329.14
329.276
329.184
329.17
329.281
329.381
329.365
329.342
329.343
329.32
329.304
329.24
329.218
329.258
329.324
329.302
329.196
329.262
329.281
329.381
329.342
329.365
329.32
329.343
329.304
329.214
329.245
329.14
329.232
329.184
329.276
329.17
329.24
329.218
329.324
329.258
329.302
329.262
329.196
329.112
329.211
329.106
329.13
329.149
329.174
329.068
329.112
329.211
329.106
329.13
329.149
329.174
329.068
329.072
328.985
329.091
329.091
329.134
329.029
329.029
329.281
329.381
329.365
329.342
329.343
329.32
329.304
329.214
329.245
329.232
329.14
329.276
329.184
329.17
329.24
329.218
329.324
329.258
329.302
329.262
329.196
329.281
329.381
329.342
329.365
329.32
329.343
329.304
329.214
329.245
329.14
329.232
329.184
329.276
329.17
329.24
329.218
329.324
329.258
329.302
329.262
329.196
329.112
329.211
329.13
329.106
329.174
329.149
329.068
329.112
329.211
329.13
329.106
329.174
329.149
329.068
329.072
328.985
329.091
329.091
329.134
329.029
329.029
328.748
328.665
328.665
328.671
328.698
328.717
328.717
328.796
328.725
328.813
328.813
328.766
328.766
328.84
328.59
328.485
328.61
328.61
328.646
328.551
328.551
328.532
328.414
328.425
328.425
328.49
328.49
328.471
329.153
329.127
329.128
329.111
329.149
329.13
329.13
329.185
329.161
329.217
329.206
329.182
329.164
329.221
329.185
329.161
329.217
329.206
329.182
329.164
329.222
329.134
329.093
329.122
329.122
329.143
329.114
329.114
329.122
329.081
329.087
329.087
329.102
329.102
329.107
329.707
329.689
329.692
329.679
329.704
329.692
329.695
329.716
329.698
329.717
329.705
329.713
329.7
329.72
329.658
329.639
329.674
329.663
329.677
329.655
329.642
329.631
329.615
329.602
329.588
329.628
329.617
329.605
329.365
329.344
329.404
329.394
329.363
329.348
329.408
329.315
329.298
329.268
329.252
329.311
329.3
329.271
329.495
329.479
329.453
329.439
329.456
329.491
329.481
329.537
329.517
329.566
329.556
329.534
329.52
329.57
329.707
329.692
329.689
329.679
329.704
329.695
329.692
329.716
329.698
329.717
329.705
329.713
329.7
329.72
329.658
329.639
329.674
329.663
329.677
329.655
329.642
329.632
329.615
329.602
329.588
329.628
329.617
329.605
329.365
329.404
329.345
329.395
329.363
329.408
329.348
329.315
329.298
329.268
329.253
329.311
329.3
329.271
329.495
329.479
329.454
329.439
329.456
329.491
329.481
329.537
329.517
329.566
329.556
329.534
329.52
329.57
328.38
328.491
328.411
328.392
328.445
328.343
328.426
328.38
328.491
328.411
328.392
328.446
328.343
328.426
328.342
328.169
328.36
328.36
328.407
328.29
328.29
328.762
328.862
328.769
328.799
328.732
328.798
328.826
328.761
328.865
328.759
328.782
328.718
328.802
328.824
328.722
328.649
328.76
328.743
328.693
328.679
328.786
328.527
328.54
328.442
328.563
328.476
328.495
328.592
328.624
328.73
328.713
328.736
328.672
328.667
328.688
328.583
328.603
328.618
328.697
328.551
328.633
328.647
328.762
328.863
328.769
328.8
328.733
328.799
328.827
328.761
328.865
328.76
328.782
328.718
328.802
328.825
328.723
328.65
328.761
328.744
328.693
328.68
328.787
328.528
328.541
328.442
328.564
328.476
328.496
328.593
328.624
328.73
328.714
328.736
328.672
328.667
328.688
328.583
328.604
328.619
328.698
328.552
328.633
328.648
328.976
329.074
329.059
329.084
329.022
329.012
329.038
328.89
328.908
328.803
328.91
328.845
328.848
328.953
328.936
328.939
329.044
328.956
328.982
328.893
328.998
328.976
329.075
329.059
329.084
329.022
329.012
329.038
328.89
328.908
328.803
328.91
328.846
328.848
328.953
328.936
328.939
329.044
328.956
328.982
328.893
328.998
328.755
328.774
328.757
328.865
328.71
328.802
328.818
328.756
328.774
328.757
328.865
328.71
328.802
328.819
328.801
328.893
328.91
328.91
328.847
328.847
328.864
328.86
328.895
328.897
328.801
328.83
328.924
328.831
328.924
329.028
329.008
328.987
328.987
328.945
328.965
328.885
328.876
328.922
328.97
328.855
328.949
328.906
328.944
329.012
328.981
328.919
329.008
328.914
328.948
328.975
329.08
329.025
329.004
329.038
328.962
329.017
328.936
328.893
328.973
328.987
329
328.906
328.923
328.86
328.895
328.801
328.898
328.83
328.831
328.924
328.924
329.028
328.987
329.008
328.945
328.965
328.987
328.885
328.876
328.922
328.97
328.855
328.906
328.949
328.944
329.012
328.919
328.981
328.948
328.914
329.008
328.975
329.08
329.004
329.025
328.962
329.017
329.038
328.936
328.893
328.973
328.987
328.906
328.923
329
329.076
329.108
329.093
329.185
329.123
329.046
329.138
329.055
329.072
329.03
329.139
329.009
329.076
329.117
329.101
329.17
329.21
329.185
329.149
329.123
329.163
329.336
329.436
329.361
329.383
329.322
329.374
329.397
329.303
329.369
329.263
329.32
329.258
329.307
329.364
329.294
329.236
329.342
329.311
329.28
329.249
329.355
329.107
329.123
329.048
329.156
329.061
329.094
329.169
329.163
329.229
329.215
329.272
329.21
329.167
329.225
329.154
329.188
329.203
329.263
329.141
329.201
329.216
329.076
329.108
329.093
329.185
329.123
329.046
329.138
329.055
329.072
329.03
329.139
329.009
329.076
329.117
329.101
329.17
329.21
329.185
329.149
329.123
329.163
329.336
329.436
329.361
329.383
329.322
329.374
329.397
329.303
329.369
329.263
329.32
329.307
329.258
329.364
329.294
329.236
329.342
329.311
329.28
329.249
329.355
329.107
329.123
329.048
329.156
329.061
329.094
329.169
329.163
329.229
329.215
329.272
329.167
329.21
329.225
329.154
329.188
329.203
329.263
329.141
329.201
329.216
328.762
328.862
328.799
328.769
328.732
328.826
328.798
328.761
328.865
328.782
328.759
328.824
328.718
328.802
328.722
328.649
328.76
328.743
328.693
328.786
328.679
328.528
328.54
328.563
328.442
328.592
328.495
328.476
328.624
328.73
328.736
328.714
328.688
328.672
328.667
328.583
328.603
328.618
328.697
328.647
328.551
328.633
328.38
328.491
328.392
328.411
328.426
328.343
328.445
328.38
328.491
328.392
328.411
328.343
328.426
328.446
328.342
328.169
328.36
328.36
328.29
328.29
328.407
328.976
329.075
329.059
329.084
329.022
329.012
329.038
328.89
328.908
328.803
328.91
328.845
328.848
328.953
328.936
328.939
329.044
328.956
328.982
328.893
328.998
328.976
329.075
329.059
329.084
329.022
329.012
329.038
328.89
328.908
328.803
328.91
328.848
328.846
328.953
328.936
328.939
329.044
328.956
328.982
328.893
328.998
328.755
328.774
328.757
328.865
328.71
328.802
328.818
328.756
328.774
328.757
328.865
328.802
328.71
328.819
328.801
328.893
328.91
328.91
328.847
328.847
328.864
328.763
328.863
328.769
328.8
328.733
328.799
328.827
328.761
328.865
328.76
328.782
328.802
328.718
328.825
328.723
328.65
328.761
328.744
328.693
328.68
328.787
328.528
328.541
328.442
328.564
328.476
328.496
328.593
328.624
328.73
328.714
328.736
328.667
328.672
328.688
328.583
328.604
328.619
328.698
328.552
328.633
328.648
328.86
328.895
328.898
328.802
328.83
328.924
328.831
328.924
329.028
329.008
328.987
328.987
328.945
328.965
328.885
328.876
328.922
328.97
328.855
328.949
328.906
328.975
329.08
329.025
329.004
329.038
328.962
329.017
328.944
329.013
328.981
328.919
329.008
328.914
328.949
328.936
328.893
328.987
328.973
329
328.923
328.906
329.076
329.108
329.093
329.185
329.123
329.046
329.138
329.055
329.072
329.031
329.139
329.009
329.076
329.117
329.102
329.17
329.21
329.185
329.149
329.123
329.164
329.336
329.436
329.361
329.383
329.322
329.374
329.397
329.303
329.369
329.263
329.32
329.258
329.308
329.364
329.294
329.236
329.342
329.311
329.28
329.249
329.355
329.107
329.123
329.048
329.156
329.061
329.094
329.169
329.163
329.229
329.215
329.272
329.21
329.167
329.225
329.154
329.188
329.203
329.263
329.141
329.201
329.216
328.86
328.895
328.801
328.898
328.83
328.831
328.924
328.924
329.028
328.987
329.008
328.945
328.965
328.987
328.885
328.876
328.922
328.97
328.855
328.906
328.949
328.944
329.013
328.919
328.981
328.949
328.914
329.008
328.975
329.08
329.004
329.025
328.962
329.017
329.038
328.936
328.893
328.973
328.987
328.906
328.923
329
329.336
329.436
329.361
329.383
329.322
329.374
329.397
329.303
329.369
329.263
329.32
329.308
329.258
329.364
329.294
329.236
329.342
329.311
329.28
329.249
329.355
329.076
329.108
329.093
329.185
329.123
329.046
329.138
329.055
329.072
329.03
329.139
329.009
329.076
329.117
329.101
329.17
329.21
329.185
329.149
329.123
329.164
329.163
329.229
329.215
329.272
329.167
329.21
329.225
329.107
329.123
329.048
329.156
329.061
329.094
329.169
329.154
329.188
329.263
329.203
329.201
329.141
329.216
329.442
329.471
329.489
329.396
329.428
329.503
329.41
329.478
329.544
329.562
329.506
329.539
329.501
329.483
329.469
329.478
329.516
329.553
329.455
329.53
329.492
329.442
329.471
329.489
329.396
329.428
329.503
329.41
329.478
329.544
329.562
329.506
329.539
329.501
329.483
329.469
329.478
329.516
329.553
329.455
329.53
329.492
329.534
329.6
329.581
329.525
329.595
329.52
329.539
329.534
329.6
329.581
329.525
329.595
329.52
329.539
329.525
329.497
329.572
329.572
329.586
329.511
329.511
329.442
329.471
329.396
329.489
329.428
329.41
329.503
329.478
329.544
329.506
329.562
329.483
329.501
329.539
329.469
329.478
329.516
329.553
329.455
329.492
329.53
329.442
329.471
329.396
329.489
329.428
329.41
329.503
329.478
329.544
329.506
329.562
329.501
329.483
329.539
329.469
329.478
329.516
329.553
329.455
329.492
329.53
329.534
329.6
329.525
329.581
329.539
329.52
329.595
329.534
329.6
329.525
329.581
329.52
329.539
329.595
329.525
329.497
329.572
329.572
329.511
329.511
329.586
329.442
329.471
329.396
329.489
329.428
329.41
329.503
329.478
329.544
329.506
329.562
329.483
329.501
329.539
329.469
329.478
329.516
329.553
329.455
329.492
329.53
329.442
329.471
329.396
329.489
329.428
329.41
329.503
329.478
329.544
329.506
329.562
329.501
329.483
329.539
329.469
329.478
329.516
329.553
329.455
329.492
329.53
329.534
329.6
329.525
329.581
329.539
329.52
329.595
329.534
329.6
329.525
329.581
329.52
329.539
329.595
329.525
329.497
329.572
329.572
329.511
329.511
329.586
329.442
329.471
329.396
329.489
329.428
329.41
329.503
329.478
329.544
329.506
329.562
329.483
329.501
329.539
329.469
329.478
329.516
329.553
329.455
329.492
329.53
329.442
329.471
329.396
329.489
329.428
329.41
329.503
329.478
329.544
329.506
329.562
329.483
329.501
329.539
329.469
329.478
329.516
329.553
329.455
329.492
329.53
329.534
329.6
329.525
329.581
329.539
329.52
329.595
329.534
329.6
329.525
329.581
329.539
329.52
329.595
329.525
329.497
329.572
329.572
329.511
329.511
329.586
329.076
329.108
329.185
329.093
329.123
329.138
329.046
329.055
329.072
329.139
329.031
329.117
329.076
329.009
329.102
329.17
329.21
329.185
329.149
329.164
329.123
329.336
329.436
329.383
329.361
329.322
329.397
329.374
329.303
329.369
329.32
329.263
329.364
329.258
329.308
329.294
329.236
329.342
329.311
329.28
329.355
329.249
329.107
329.124
329.156
329.048
329.169
329.094
329.061
329.163
329.229
329.272
329.215
329.225
329.21
329.167
329.154
329.188
329.203
329.263
329.216
329.141
329.202
328.86
328.895
328.802
328.898
328.83
328.831
328.924
328.924
329.028
328.987
329.008
328.965
328.945
328.987
328.885
328.876
328.922
328.97
328.855
328.906
328.949
328.975
329.08
329.004
329.026
329.017
328.962
329.038
328.944
329.013
328.919
328.981
328.914
328.949
329.008
328.936
328.893
328.987
328.973
328.923
328.906
329
329.336
329.436
329.361
329.383
329.322
329.374
329.397
329.303
329.369
329.263
329.32
329.308
329.258
329.364
329.294
329.236
329.342
329.311
329.28
329.249
329.355
329.076
329.108
329.093
329.185
329.123
329.046
329.138
329.055
329.072
329.031
329.139
329.076
329.009
329.117
329.102
329.17
329.21
329.185
329.149
329.123
329.164
329.163
329.229
329.215
329.272
329.167
329.21
329.225
329.107
329.124
329.048
329.156
329.094
329.061
329.169
329.154
329.188
329.263
329.203
329.202
329.141
329.216
328.86
328.895
328.802
328.898
328.83
328.831
328.924
328.924
329.028
328.987
329.008
328.965
328.945
328.987
328.885
328.876
328.922
328.97
328.855
328.906
328.949
328.944
329.013
328.919
328.981
328.949
328.914
329.008
328.975
329.08
329.004
329.026
329.017
328.962
329.038
328.936
328.893
328.973
328.987
328.906
328.923
329
328.762
328.863
328.8
328.769
328.733
328.826
328.798
328.761
328.865
328.782
328.759
328.825
328.718
328.802
328.722
328.649
328.76
328.744
328.693
328.787
328.679
328.624
328.73
328.736
328.714
328.688
328.672
328.667
328.528
328.54
328.563
328.442
328.592
328.496
328.476
328.583
328.603
328.697
328.619
328.647
328.633
328.552
328.976
329.075
329.059
329.084
329.022
329.012
329.038
328.89
328.908
328.803
328.91
328.845
328.848
328.953
328.936
328.939
329.044
328.956
328.982
328.893
328.998
328.976
329.075
329.059
329.084
329.022
329.012
329.038
328.89
328.908
328.803
328.91
328.848
328.845
328.953
328.936
328.939
329.044
328.956
328.982
328.893
328.998
328.756
328.774
328.757
328.865
328.71
328.802
328.819
328.756
328.774
328.757
328.865
328.802
328.71
328.819
328.801
328.893
328.91
328.91
328.847
328.847
328.864
328.38
328.491
328.392
328.411
328.426
328.343
328.446
328.38
328.491
328.392
328.411
328.343
328.426
328.446
328.342
328.169
328.36
328.36
328.29
328.29
328.407
328.762
328.863
328.769
328.8
328.733
328.799
328.826
328.761
328.865
328.759
328.782
328.802
328.718
328.825
328.722
328.65
328.76
328.744
328.693
328.679
328.787
328.624
328.73
328.714
328.736
328.667
328.672
328.688
328.528
328.541
328.442
328.563
328.476
328.496
328.592
328.583
328.603
328.697
328.619
328.633
328.552
328.647
329.336
329.436
329.383
329.361
329.322
329.397
329.374
329.303
329.369
329.32
329.263
329.364
329.258
329.307
329.294
329.236
329.342
329.311
329.28
329.355
329.249
329.076
329.108
329.185
329.093
329.123
329.138
329.046
329.055
329.072
329.139
329.03
329.117
329.076
329.009
329.101
329.17
329.21
329.185
329.149
329.164
329.123
329.163
329.229
329.272
329.215
329.225
329.21
329.167
329.107
329.123
329.156
329.048
329.169
329.094
329.061
329.154
329.188
329.263
329.203
329.216
329.201
329.141
329.336
329.436
329.361
329.383
329.322
329.374
329.397
329.303
329.369
329.263
329.32
329.307
329.258
329.364
329.294
329.236
329.342
329.311
329.28
329.249
329.355
329.076
329.108
329.093
329.185
329.123
329.046
329.138
329.055
329.072
329.03
329.139
329.076
329.009
329.117
329.101
329.17
329.21
329.185
329.149
329.123
329.163
329.163
329.229
329.215
329.272
329.167
329.21
329.225
329.107
329.123
329.048
329.156
329.094
329.061
329.169
329.154
329.188
329.263
329.203
329.201
329.141
329.216
328.86
328.895
328.801
328.898
328.83
328.831
328.924
328.924
329.028
328.987
329.008
328.965
328.945
328.987
328.885
328.876
328.922
328.97
328.855
328.906
328.949
328.975
329.08
329.004
329.025
329.017
328.962
329.038
328.944
329.012
328.919
328.981
328.914
328.949
329.008
328.936
328.893
328.987
328.973
328.923
328.906
329
328.86
328.895
328.801
328.898
328.83
328.831
328.924
328.924
329.028
328.987
329.008
328.965
328.945
328.987
328.885
328.876
328.922
328.97
328.855
328.906
328.949
328.975
329.08
329.004
329.025
329.017
328.962
329.038
328.944
329.012
328.919
328.981
328.949
328.914
329.008
328.936
328.893
328.987
328.973
328.923
328.906
329
328.976
329.075
329.084
329.059
329.022
329.038
329.012
328.89
328.908
328.91
328.803
328.953
328.848
328.846
328.936
328.939
329.044
328.956
328.982
328.998
328.893
328.976
329.075
329.084
329.059
329.022
329.038
329.012
328.89
328.908
328.91
328.803
328.953
328.848
328.845
328.936
328.939
329.044
328.956
328.982
328.998
328.893
328.756
328.774
328.865
328.757
328.819
328.802
328.71
328.755
328.774
328.865
328.757
328.818
328.802
328.71
328.801
328.893
328.91
328.91
328.864
328.847
328.847
328.762
328.863
328.769
328.8
328.733
328.799
328.827
328.761
328.865
328.76
328.782
328.802
328.718
328.825
328.723
328.65
328.761
328.744
328.693
328.68
328.787
328.624
328.73
328.714
328.736
328.667
328.672
328.688
328.528
328.541
328.442
328.564
328.496
328.476
328.592
328.583
328.604
328.698
328.619
328.633
328.552
328.648
328.762
328.862
328.769
328.799
328.732
328.798
328.826
328.761
328.865
328.759
328.782
328.802
328.718
328.825
328.722
328.649
328.76
328.743
328.693
328.679
328.786
328.624
328.73
328.714
328.736
328.667
328.672
328.688
328.528
328.54
328.442
328.563
328.495
328.476
328.592
328.583
328.603
328.697
328.619
328.633
328.551
328.647
328.38
328.491
328.392
328.411
328.426
328.343
328.446
328.38
328.491
328.392
328.411
328.426
328.343
328.445
328.342
328.169
328.36
328.36
328.29
328.29
328.407
328.956
328.903
328.966
328.966
328.932
328.932
328.988
328.92
328.864
328.855
328.855
328.882
328.896
328.896
329.045
329
328.996
328.996
329.018
329.024
329.024
329.069
329.025
329.069
329.07
329.089
329.048
329.048
328.748
328.665
328.665
328.671
328.698
328.717
328.717
328.796
328.725
328.813
328.813
328.766
328.766
328.84
328.59
328.61
328.485
328.61
328.646
328.551
328.551
328.532
328.414
328.425
328.425
328.471
328.49
328.49
328.956
328.903
328.966
328.966
328.932
328.932
328.988
328.92
328.864
328.855
328.855
328.882
328.896
328.896
329.045
328.996
328.996
329
329.018
329.024
329.024
329.069
329.025
329.069
329.07
329.048
329.048
329.089
328.748
328.665
328.665
328.671
328.698
328.717
328.717
328.796
328.725
328.813
328.813
328.766
328.766
328.84
328.59
328.61
328.485
328.61
328.646
328.551
328.551
328.532
328.414
328.425
328.425
328.471
328.49
328.49
328.956
328.903
328.966
328.966
328.932
328.932
328.988
328.92
328.864
328.855
328.855
328.882
328.896
328.896
329.045
328.996
328.996
329
329.018
329.024
329.024
329.069
329.025
329.069
329.07
329.048
329.048
329.089
328.748
328.665
328.665
328.671
328.698
328.718
328.717
328.796
328.725
328.813
328.813
328.766
328.766
328.84
328.59
328.485
328.61
328.61
328.646
328.551
328.551
328.532
328.414
328.425
328.425
328.471
328.49
328.49
328.956
328.903
328.966
328.966
328.932
328.932
328.988
328.92
328.864
328.855
328.855
328.882
328.896
328.896
329.045
328.996
328.996
329
329.018
329.024
329.024
329.069
329.025
329.07
329.069
329.048
329.048
329.089
329.365
329.344
329.404
329.394
329.363
329.348
329.408
329.315
329.298
329.268
329.252
329.271
329.311
329.3
329.495
329.479
329.453
329.439
329.456
329.491
329.481
329.537
329.517
329.566
329.556
329.57
329.534
329.52
329.366
329.345
329.405
329.395
329.363
329.348
329.409
329.315
329.298
329.269
329.253
329.271
329.311
329.301
329.495
329.479
329.454
329.439
329.456
329.492
329.482
329.537
329.518
329.567
329.557
329.57
329.534
329.521
329.707
329.689
329.692
329.679
329.704
329.692
329.695
329.716
329.698
329.717
329.705
329.72
329.713
329.7
329.658
329.639
329.674
329.663
329.677
329.655
329.642
329.631
329.615
329.602
329.588
329.605
329.628
329.617
329.153
329.127
329.128
329.111
329.149
329.13
329.13
329.185
329.161
329.217
329.206
329.221
329.182
329.164
329.185
329.161
329.217
329.206
329.182
329.164
329.222
329.134
329.122
329.093
329.122
329.143
329.114
329.114
329.122
329.081
329.087
329.087
329.107
329.102
329.102
329.366
329.345
329.405
329.395
329.363
329.348
329.409
329.315
329.298
329.269
329.253
329.271
329.311
329.301
329.495
329.454
329.439
329.479
329.456
329.492
329.482
329.537
329.518
329.567
329.557
329.534
329.521
329.57
329.707
329.689
329.692
329.679
329.704
329.692
329.695
329.716
329.698
329.717
329.705
329.72
329.713
329.7
329.658
329.639
329.674
329.663
329.677
329.655
329.642
329.631
329.615
329.602
329.588
329.605
329.628
329.617
329.707
329.692
329.69
329.679
329.704
329.695
329.692
329.716
329.698
329.717
329.705
329.713
329.7
329.72
329.658
329.674
329.639
329.663
329.677
329.655
329.642
329.632
329.615
329.602
329.588
329.605
329.628
329.617
329.707
329.69
329.692
329.679
329.704
329.692
329.695
329.716
329.698
329.717
329.705
329.72
329.713
329.7
329.658
329.674
329.663
329.639
329.677
329.655
329.642
329.632
329.615
329.602
329.588
329.628
329.617
329.605
329.153
329.128
329.128
329.111
329.149
329.13
329.13
329.185
329.161
329.217
329.206
329.222
329.182
329.164
329.185
329.161
329.217
329.206
329.182
329.164
329.222
329.134
329.122
329.093
329.122
329.143
329.114
329.114
329.122
329.081
329.087
329.087
329.107
329.102
329.102
329.365
329.404
329.345
329.395
329.363
329.408
329.348
329.315
329.298
329.268
329.253
329.271
329.311
329.3
329.495
329.454
329.439
329.479
329.456
329.491
329.482
329.537
329.517
329.567
329.556
329.534
329.52
329.57
329.707
329.692
329.689
329.679
329.704
329.695
329.692
329.716
329.698
329.717
329.705
329.713
329.7
329.72
329.658
329.674
329.639
329.663
329.677
329.655
329.642
329.631
329.615
329.602
329.588
329.605
329.628
329.617
329.707
329.692
329.689
329.679
329.704
329.695
329.692
329.716
329.698
329.717
329.705
329.72
329.713
329.7
329.658
329.674
329.663
329.639
329.677
329.655
329.642
329.631
329.615
329.602
329.588
329.628
329.617
329.605
329.366
329.405
329.345
329.395
329.363
329.409
329.348
329.315
329.298
329.269
329.253
329.311
329.301
329.271
329.495
329.454
329.479
329.439
329.456
329.492
329.482
329.537
329.518
329.567
329.557
329.57
329.534
329.521
329.365
329.404
329.345
329.394
329.363
329.408
329.348
329.315
329.298
329.268
329.253
329.311
329.3
329.271
329.495
329.453
329.479
329.439
329.456
329.491
329.481
329.537
329.517
329.566
329.556
329.57
329.534
329.52
329.153
329.128
329.128
329.111
329.149
329.13
329.13
329.185
329.161
329.217
329.206
329.222
329.182
329.164
329.185
329.161
329.217
329.206
329.221
329.182
329.164
329.134
329.093
329.122
329.122
329.143
329.114
329.114
329.122
329.081
329.087
329.087
329.107
329.102
329.102
330.083
329.937
330.115
330.115
330.01
330.01
330.188
330.083
329.937
330.115
330.115
330.01
330.01
330.188
330.083
329.937
330.115
330.115
330.01
330.01
330.188
330.083
329.937
330.115
330.115
330.01
330.01
330.188
)
;

boundaryField
{
    chip
    {
        type            zeroGradient;
    }
    chip_to_dbc_cu_top
    {
        type            compressible::turbulentTemperatureRadCoupledMixed;
        refValue        nonuniform List<scalar> 
1600
(
305.568
305.713
305.64
305.64
305.749
305.772
305.698
305.824
305.749
305.772
305.698
305.824
305.568
305.713
305.64
305.64
305.749
305.772
305.698
305.824
305.749
305.772
305.824
305.698
305.94
305.833
305.886
305.886
305.94
305.833
305.886
305.886
305.94
305.833
305.886
305.886
305.94
305.833
305.886
305.886
305.749
305.772
305.698
305.824
305.749
305.772
305.824
305.698
305.568
305.713
305.64
305.64
305.749
305.772
305.824
305.698
305.749
305.772
305.824
305.698
305.568
305.713
305.64
305.64
303.63
303.975
303.796
303.796
304.464
304.738
304.68
304.518
304.041
304.108
303.923
304.235
304.464
304.738
304.68
304.518
304.041
304.108
303.923
304.235
305.011
304.912
304.852
305.073
305.011
304.912
304.852
305.073
304.527
304.255
304.387
304.387
304.603
304.784
304.563
304.826
304.714
304.947
304.719
304.941
304.603
304.784
304.826
304.563
304.714
304.947
304.719
304.941
305.17
304.962
305.125
305.005
305.892
305.977
305.899
305.969
305.294
305.131
305.125
305.3
305.17
304.962
305.005
305.125
305.892
305.977
305.899
305.969
305.294
305.131
305.125
305.3
304.464
304.738
304.518
304.68
304.041
304.108
303.923
304.235
303.63
303.975
303.796
303.796
305.011
304.912
305.073
304.852
305.011
304.912
304.852
305.073
304.527
304.255
304.387
304.387
304.464
304.738
304.68
304.518
304.041
304.108
303.923
304.235
304.603
304.784
304.563
304.826
304.714
304.947
304.941
304.719
305.17
304.962
305.125
305.005
305.892
305.977
305.899
305.969
305.294
305.131
305.125
305.3
304.603
304.784
304.826
304.563
304.714
304.947
304.719
304.941
305.892
305.977
305.899
305.969
305.17
304.962
305.005
305.125
305.294
305.131
305.3
305.125
306.089
306.04
306.033
306.096
306.089
306.04
306.033
306.096
306.244
306.259
306.252
306.252
306.089
306.04
306.033
306.096
306.089
306.04
306.096
306.033
306.244
306.259
306.252
306.252
306.089
306.04
306.033
306.096
306.089
306.04
306.096
306.033
306.244
306.259
306.252
306.252
306.089
306.04
306.096
306.033
306.089
306.04
306.096
306.033
306.244
306.259
306.252
306.252
305.17
304.962
305.125
305.005
305.892
305.977
305.969
305.899
305.294
305.131
305.125
305.3
304.603
304.784
304.563
304.826
304.714
304.947
304.941
304.719
305.892
305.977
305.969
305.899
305.17
304.962
305.005
305.125
305.294
305.131
305.3
305.125
304.603
304.784
304.826
304.563
304.714
304.947
304.719
304.941
304.464
304.738
304.518
304.68
304.041
304.108
304.235
303.923
305.011
304.912
305.073
304.852
305.011
304.912
304.852
305.073
304.527
304.255
304.387
304.387
303.63
303.975
303.796
303.796
304.464
304.738
304.68
304.518
304.041
304.108
304.235
303.923
305.892
305.977
305.969
305.899
305.17
304.962
305.125
305.005
305.294
305.131
305.3
305.125
305.892
305.977
305.969
305.899
305.17
304.962
305.005
305.125
305.294
305.131
305.3
305.125
304.603
304.784
304.563
304.826
304.714
304.947
304.941
304.719
304.603
304.784
304.826
304.563
304.714
304.947
304.941
304.719
305.011
304.912
305.073
304.852
305.011
304.912
305.073
304.852
304.527
304.255
304.387
304.387
304.464
304.738
304.518
304.68
304.041
304.108
304.235
303.923
304.464
304.738
304.518
304.68
304.041
304.108
304.235
303.923
303.63
303.975
303.796
303.796
305.401
305.216
305.307
305.307
305.483
305.456
305.553
305.388
305.483
305.456
305.553
305.388
305.704
305.638
305.603
305.739
305.662
305.512
305.611
305.561
305.794
305.906
305.869
305.829
305.704
305.638
305.603
305.739
305.662
305.512
305.611
305.561
305.794
305.906
305.869
305.829
305.401
305.216
305.307
305.307
305.483
305.456
305.553
305.388
305.483
305.456
305.553
305.388
305.704
305.638
305.603
305.739
305.662
305.512
305.611
305.561
305.794
305.906
305.869
305.829
305.704
305.638
305.739
305.603
305.794
305.906
305.869
305.829
305.662
305.512
305.611
305.561
306.033
306.109
306.07
306.07
305.986
305.968
305.931
306.023
305.986
305.968
305.931
306.023
306.033
306.109
306.07
306.07
305.986
305.968
305.931
306.023
305.986
305.968
305.931
306.023
306.033
306.109
306.07
306.07
305.986
305.968
305.931
306.023
305.986
305.968
305.931
306.023
306.033
306.109
306.07
306.07
305.986
305.968
305.931
306.023
305.986
305.968
305.931
306.023
305.704
305.638
305.603
305.739
305.662
305.512
305.611
305.561
305.794
305.906
305.869
305.829
305.704
305.638
305.739
305.603
305.794
305.906
305.869
305.829
305.662
305.512
305.611
305.561
305.401
305.216
305.307
305.307
305.483
305.456
305.553
305.388
305.483
305.456
305.553
305.388
305.704
305.638
305.739
305.603
305.794
305.906
305.869
305.829
305.662
305.512
305.611
305.561
305.704
305.638
305.739
305.603
305.794
305.906
305.869
305.829
305.662
305.512
305.611
305.561
305.401
305.216
305.307
305.307
305.483
305.456
305.553
305.388
305.483
305.456
305.553
305.388
303.245
302.794
302.977
302.977
303.421
303.284
303.157
303.578
303.421
303.284
303.157
303.578
304.147
303.758
303.817
304.077
304.206
303.923
303.879
304.259
304.399
304.535
304.326
304.612
303.91
303.678
303.603
304
303.812
303.408
303.698
303.502
304.152
304.452
304.246
304.351
304.147
303.758
303.817
304.077
304.206
303.923
303.879
304.259
304.399
304.535
304.326
304.612
303.91
303.678
303.603
304
303.812
303.408
303.698
303.502
304.152
304.452
304.246
304.351
305.078
305.112
305.202
304.992
305.155
305.347
305.28
305.22
304.938
304.702
304.782
304.854
305.078
305.112
305.202
304.992
305.155
305.347
305.28
305.22
304.938
304.702
304.782
304.854
304.783
305.014
304.896
304.896
304.651
304.612
304.507
304.761
304.651
304.612
304.507
304.761
304.371
304.057
304.035
304.398
304.34
303.969
304.001
304.301
304.637
304.891
304.665
304.861
304.435
304.079
304.093
304.419
304.445
304.108
304.103
304.45
304.703
304.913
304.686
304.93
304.371
304.057
304.035
304.398
304.34
303.969
304.001
304.301
304.637
304.891
304.665
304.861
304.435
304.079
304.093
304.419
304.445
304.108
304.45
304.103
304.703
304.913
304.686
304.93
305.359
305.524
305.491
305.391
305.319
305.401
305.45
305.272
305.208
305.072
305.042
305.239
305.787
305.664
305.767
305.684
305.878
305.934
305.857
305.955
305.801
305.704
305.698
305.808
305.435
305.55
305.416
305.569
305.282
305.096
305.113
305.264
305.448
305.589
305.582
305.454
305.359
305.524
305.491
305.391
305.319
305.401
305.45
305.272
305.208
305.072
305.042
305.239
305.787
305.664
305.767
305.684
305.878
305.934
305.857
305.955
305.801
305.704
305.808
305.698
305.435
305.55
305.416
305.569
305.282
305.096
305.113
305.264
305.448
305.589
305.454
305.582
304.147
303.758
303.817
304.077
304.206
303.923
303.879
304.259
304.399
304.535
304.326
304.612
303.91
303.678
303.603
304
303.812
303.408
303.502
303.698
304.152
304.452
304.246
304.351
303.245
302.794
302.977
302.977
303.421
303.284
303.578
303.157
303.421
303.284
303.157
303.578
305.078
305.112
305.202
304.992
305.155
305.347
305.28
305.22
304.938
304.702
304.782
304.854
305.078
305.112
305.202
304.992
305.155
305.347
305.28
305.22
304.938
304.702
304.854
304.782
304.783
305.014
304.896
304.896
304.651
304.612
304.507
304.761
304.651
304.612
304.761
304.507
304.147
303.758
303.817
304.077
304.206
303.923
303.879
304.259
304.399
304.535
304.612
304.326
303.91
303.678
303.603
304
303.812
303.408
303.698
303.502
304.152
304.452
304.351
304.246
304.371
304.057
304.035
304.398
304.34
303.969
304.001
304.301
304.637
304.891
304.665
304.861
304.435
304.079
304.419
304.093
304.703
304.913
304.686
304.93
304.445
304.108
304.103
304.45
305.359
305.524
305.491
305.391
305.319
305.401
305.45
305.272
305.208
305.072
305.042
305.239
305.787
305.664
305.767
305.684
305.878
305.934
305.857
305.955
305.801
305.704
305.698
305.808
305.435
305.55
305.416
305.569
305.282
305.096
305.113
305.264
305.448
305.589
305.582
305.454
304.371
304.057
304.035
304.398
304.34
303.969
304.001
304.301
304.637
304.891
304.665
304.861
304.435
304.079
304.093
304.419
304.445
304.108
304.45
304.103
304.703
304.913
304.686
304.93
305.787
305.664
305.767
305.684
305.878
305.934
305.857
305.955
305.801
305.704
305.808
305.698
305.359
305.524
305.491
305.391
305.319
305.401
305.45
305.272
305.208
305.072
305.042
305.239
305.435
305.55
305.569
305.416
305.448
305.589
305.454
305.582
305.282
305.096
305.113
305.264
306.122
306.138
306.1
306.161
306.074
305.997
306.052
306.019
306.137
306.183
306.176
306.144
306.122
306.138
306.1
306.161
306.074
305.997
306.052
306.019
306.137
306.183
306.176
306.144
306.213
306.168
306.191
306.191
306.229
306.213
306.206
306.236
306.229
306.213
306.206
306.236
306.122
306.138
306.1
306.161
306.074
305.997
306.052
306.019
306.137
306.183
306.144
306.176
306.122
306.138
306.1
306.161
306.074
305.997
306.052
306.019
306.137
306.183
306.176
306.144
306.213
306.168
306.191
306.191
306.229
306.213
306.236
306.206
306.229
306.213
306.206
306.236
306.122
306.138
306.1
306.161
306.074
305.997
306.052
306.019
306.137
306.183
306.144
306.176
306.122
306.138
306.1
306.161
306.074
305.997
306.052
306.019
306.137
306.183
306.176
306.144
306.213
306.168
306.191
306.191
306.229
306.213
306.236
306.206
306.229
306.213
306.206
306.236
306.122
306.138
306.1
306.161
306.074
305.997
306.052
306.019
306.137
306.183
306.144
306.176
306.122
306.138
306.1
306.161
306.074
305.997
306.052
306.019
306.137
306.183
306.144
306.176
306.213
306.168
306.191
306.191
306.229
306.213
306.236
306.206
306.229
306.213
306.236
306.206
305.359
305.524
305.491
305.391
305.319
305.401
305.45
305.272
305.208
305.072
305.239
305.042
305.787
305.664
305.767
305.684
305.878
305.934
305.857
305.955
305.801
305.704
305.698
305.808
305.435
305.55
305.416
305.569
305.282
305.096
305.264
305.113
305.448
305.589
305.582
305.454
304.371
304.057
304.035
304.398
304.34
303.969
304.001
304.301
304.637
304.891
304.861
304.665
304.435
304.079
304.419
304.093
304.703
304.913
304.93
304.686
304.445
304.108
304.103
304.45
305.787
305.664
305.767
305.684
305.878
305.934
305.857
305.955
305.801
305.704
305.808
305.698
305.359
305.524
305.491
305.391
305.319
305.401
305.45
305.272
305.208
305.072
305.239
305.042
305.435
305.55
305.569
305.416
305.448
305.589
305.454
305.582
305.282
305.096
305.264
305.113
304.371
304.057
304.035
304.398
304.34
303.969
304.001
304.301
304.637
304.891
304.861
304.665
304.435
304.079
304.093
304.419
304.445
304.108
304.45
304.103
304.703
304.913
304.93
304.686
304.147
303.758
303.817
304.077
304.206
303.923
303.879
304.259
304.399
304.535
304.326
304.612
303.91
303.678
304
303.603
304.152
304.452
304.246
304.351
303.812
303.408
303.502
303.698
305.078
305.112
305.202
304.992
305.155
305.347
305.28
305.22
304.938
304.702
304.782
304.854
305.078
305.112
305.202
304.992
305.155
305.347
305.28
305.22
304.938
304.702
304.854
304.782
304.783
305.014
304.896
304.896
304.651
304.612
304.507
304.761
304.651
304.612
304.761
304.507
303.245
302.794
302.977
302.977
303.421
303.284
303.578
303.157
303.421
303.284
303.157
303.578
304.147
303.758
303.817
304.077
304.206
303.923
303.879
304.259
304.399
304.535
304.612
304.326
303.91
303.678
304
303.603
304.152
304.452
304.351
304.246
303.812
303.408
303.698
303.502
305.787
305.664
305.767
305.684
305.878
305.934
305.857
305.955
305.801
305.704
305.698
305.808
305.359
305.524
305.491
305.391
305.319
305.401
305.45
305.272
305.208
305.072
305.239
305.042
305.435
305.55
305.569
305.416
305.448
305.589
305.582
305.454
305.282
305.096
305.264
305.113
305.787
305.664
305.767
305.684
305.878
305.934
305.857
305.955
305.801
305.704
305.808
305.698
305.359
305.524
305.491
305.391
305.319
305.401
305.45
305.272
305.208
305.072
305.239
305.042
305.435
305.55
305.569
305.416
305.448
305.589
305.454
305.582
305.282
305.096
305.264
305.113
304.371
304.057
304.035
304.398
304.34
303.969
304.001
304.301
304.637
304.891
304.861
304.665
304.435
304.079
304.419
304.093
304.703
304.913
304.93
304.686
304.445
304.108
304.103
304.45
304.371
304.057
304.035
304.398
304.34
303.969
304.001
304.301
304.637
304.891
304.861
304.665
304.435
304.079
304.419
304.093
304.703
304.913
304.93
304.686
304.445
304.108
304.45
304.103
305.078
305.112
305.202
304.992
305.155
305.347
305.28
305.22
304.938
304.702
304.854
304.782
305.078
305.112
305.202
304.992
305.155
305.347
305.28
305.22
304.938
304.702
304.854
304.782
304.783
305.014
304.896
304.896
304.651
304.612
304.761
304.507
304.651
304.612
304.761
304.507
304.147
303.758
303.817
304.077
304.206
303.923
303.879
304.259
304.399
304.535
304.612
304.326
303.91
303.678
304
303.603
304.152
304.452
304.351
304.246
303.812
303.408
303.502
303.698
304.147
303.758
303.817
304.077
304.206
303.923
303.879
304.259
304.399
304.535
304.612
304.326
303.91
303.678
304
303.603
304.152
304.452
304.351
304.246
303.812
303.408
303.502
303.698
303.245
302.794
302.977
302.977
303.421
303.284
303.578
303.157
303.421
303.284
303.578
303.157
)
;
        refGradient     uniform 0;
        valueFraction   nonuniform List<scalar> 
1600
(
0.00136353
0.00136353
0.00136353
0.00136353
0.00136353
0.00136353
0.00136353
0.00136353
0.00136353
0.00136353
0.00136353
0.00136353
0.00136353
0.00136353
0.00136353
0.00136353
0.00136353
0.00136353
0.00136353
0.00136353
0.00136353
0.00136353
0.00136353
0.00136353
0.00136353
0.00136353
0.00136353
0.00136353
0.00136353
0.00136353
0.00136353
0.00136353
0.00136353
0.00136353
0.00136353
0.00136353
0.00136353
0.00136353
0.00136353
0.00136353
0.00136353
0.00136353
0.00136353
0.00136353
0.00136353
0.00136353
0.00136353
0.00136353
0.00136353
0.00136353
0.00136353
0.00136353
0.00136353
0.00136353
0.00136353
0.00136353
0.00136353
0.00136353
0.00136353
0.00136353
0.00136353
0.00136353
0.00136353
0.00136353
0.00136353
0.00136353
0.00136353
0.00136353
0.00136353
0.00136353
0.00136353
0.00136353
0.00136353
0.00136353
0.00136353
0.00136353
0.00136353
0.00136353
0.00136353
0.00136353
0.00136353
0.00136353
0.00136353
0.00136353
0.00136353
0.00136353
0.00136353
0.00136353
0.00136353
0.00136353
0.00136353
0.00136353
0.00136353
0.00136353
0.00136353
0.00136353
0.00136353
0.00136353
0.00136353
0.00136353
0.00136353
0.00136353
0.00136353
0.00136353
0.00136353
0.00136353
0.00136353
0.00136353
0.00136353
0.00136353
0.00136353
0.00136353
0.00136353
0.00136353
0.00136353
0.00136353
0.00136353
0.00136353
0.00136353
0.00136353
0.00136353
0.00136353
0.00136353
0.00136353
0.00136353
0.00136353
0.00136353
0.00136353
0.00136353
0.00136353
0.00136353
0.00136353
0.00136353
0.00136353
0.00136353
0.00136353
0.00136353
0.00136353
0.00136353
0.00136353
0.00136353
0.00136353
0.00136353
0.00136353
0.00136353
0.00136353
0.00136353
0.00136353
0.00136353
0.00136353
0.00136353
0.00136353
0.00136353
0.00136353
0.00136353
0.00136353
0.00136353
0.00136353
0.00136353
0.00136353
0.00136353
0.00136353
0.00136353
0.00136353
0.00136353
0.00136353
0.00136353
0.00136353
0.00136353
0.00136353
0.00136353
0.00136353
0.00136353
0.00136353
0.00136353
0.00136353
0.00136353
0.00136353
0.00136353
0.00136353
0.00136353
0.00136353
0.00136353
0.00136353
0.00136353
0.00136353
0.00136353
0.00136353
0.00136353
0.00136353
0.00136353
0.00136353
0.00136353
0.00136353
0.00136353
0.00136353
0.00136353
0.00136353
0.00136353
0.00136353
0.00136353
0.00136353
0.00136353
0.00136353
0.00136353
0.00136353
0.00136353
0.00136353
0.00136353
0.00136353
0.00136353
0.00136353
0.00136353
0.00136353
0.00136353
0.00136353
0.00136353
0.00136353
0.00136353
0.00136353
0.00136353
0.00136353
0.00136353
0.00136353
0.00136353
0.00136353
0.00136353
0.00136353
0.00136353
0.00136353
0.00136353
0.00136353
0.00136353
0.00136353
0.00136353
0.00136353
0.00136353
0.00136353
0.00136353
0.00136353
0.00136353
0.00136353
0.00136353
0.00136353
0.00136353
0.00136353
0.00136353
0.00136353
0.00136353
0.00136353
0.00136353
0.00136353
0.00136353
0.00136353
0.00136353
0.00136353
0.00136353
0.00136353
0.00136353
0.00136353
0.00136353
0.00136353
0.00136353
0.00136353
0.00136353
0.00136353
0.00136353
0.00136353
0.00136353
0.00136353
0.00136353
0.00136353
0.00136353
0.00136353
0.00136353
0.00136353
0.00136353
0.00136353
0.00136353
0.00136353
0.00136353
0.00136353
0.00136353
0.00136353
0.00136353
0.00136353
0.00136353
0.00136353
0.00136353
0.00136353
0.00136353
0.00136353
0.00136353
0.00136353
0.00136353
0.00136353
0.00136353
0.00136353
0.00136353
0.00136353
0.00136353
0.00136353
0.00136353
0.00136353
0.00136353
0.00136353
0.00136353
0.00136353
0.00136353
0.00136353
0.00136353
0.00136353
0.00136353
0.00136353
0.00136353
0.00136353
0.00136353
0.00136353
0.00136353
0.00136353
0.00136353
0.00136353
0.00136353
0.00136353
0.00136353
0.00136353
0.00136353
0.00136353
0.00136353
0.00136353
0.00136353
0.00136353
0.00136353
0.00136353
0.00136353
0.00136353
0.00136353
0.00136353
0.00136353
0.00136353
0.00136353
0.00136353
0.00136353
0.00136353
0.00136353
0.00136353
0.00136353
0.00136353
0.00136353
0.00136353
0.00136353
0.00136353
0.00136353
0.00136353
0.00136353
0.00136353
0.00136353
0.00136353
0.00136353
0.00136353
0.00136353
0.00136353
0.00136353
0.00136353
0.00136353
0.00136353
0.00136353
0.00136353
0.00136353
0.00136353
0.00136353
0.00136353
0.00136353
0.00136353
0.00136353
0.00136353
0.00136353
0.00136353
0.00136353
0.00136353
0.00136353
0.00136353
0.00136353
0.00136353
0.00136353
0.00136353
0.00136353
0.00136353
0.00136353
0.00136353
0.00136353
0.00136353
0.00136353
0.00136353
0.00136353
0.00136353
0.00136353
0.00136353
0.00136353
0.00136353
0.00136353
0.00136353
0.00136353
0.00136353
0.00136353
0.00136353
0.00136353
0.00136353
0.00136353
0.00136353
0.00136353
0.00136353
0.00136353
0.00136353
0.00136353
0.00136353
0.00136353
0.00136353
0.00136353
0.00136353
0.00136353
0.00136353
0.00136353
0.00136353
0.00136353
0.00136353
0.00136353
0.00136353
0.00136353
0.00136353
0.00136353
0.00136353
0.00136353
0.00136353
0.00136353
0.00136353
0.00136353
0.00136353
0.00136353
0.00136353
0.00136353
0.00136353
0.00136353
0.00136353
0.00136353
0.00136353
0.00136353
0.00136353
0.00136353
0.00136353
0.00136353
0.00136353
0.00136353
0.00136353
0.00136353
0.00136353
0.00136353
0.00136353
0.00136353
0.00136353
0.00136353
0.00136353
0.00136353
0.00136353
0.00136353
0.00136353
0.00136353
0.00136353
0.00136353
0.00136353
0.00136353
0.00136353
0.00136353
0.00136353
0.00136353
0.00136353
0.00136353
0.00136353
0.00136353
0.00136353
0.00136353
0.00136353
0.00136353
0.00136353
0.00136353
0.00136353
0.00136353
0.00136353
0.00136353
0.00136353
0.00136353
0.00136353
0.00136353
0.00136353
0.00136353
0.00136353
0.00136353
0.00136353
0.00136353
0.00136353
0.00136353
0.00136353
0.00136353
0.00136353
0.00136353
0.00136353
0.00136353
0.00136353
0.00136353
0.00136353
0.00136353
0.00136353
0.00136353
0.00136353
0.00136353
0.00136353
0.00136353
0.00136353
0.00136353
0.00136353
0.00136353
0.00136353
0.00136353
0.00136353
0.00136353
0.00136353
0.00136353
0.00136353
0.00136353
0.00136353
0.00136353
0.00136353
0.00136353
0.00136353
0.00136353
0.00136353
0.00136353
0.00136353
0.00136353
0.00136353
0.00136353
0.00136353
0.00136353
0.00136353
0.00136353
0.00136353
0.00136353
0.00136353
0.00136353
0.00136353
0.00136353
0.00136353
0.00136353
0.00136353
0.00136353
0.00136353
0.00136353
0.00136353
0.00136353
0.00136353
0.00136353
0.00136353
0.00136353
0.00136353
0.00136353
0.00136353
0.00136353
0.00136353
0.00136353
0.00136353
0.00136353
0.00136353
0.00136353
0.00136353
0.00136353
0.00136353
0.00136353
0.00136353
0.00136353
0.00136353
0.00136353
0.00136353
0.00136353
0.00136353
0.00136353
0.00136353
0.00136353
0.00136353
0.00136353
0.00136353
0.00136353
0.00136353
0.00135857
0.0012177
0.00128701
0.00128701
0.00136091
0.00128991
0.00128927
0.00136091
0.00136091
0.00128991
0.00128927
0.00136091
0.00136091
0.00129045
0.00129045
0.00136091
0.00136091
0.00129045
0.00129045
0.00136091
0.00136353
0.00136353
0.00136353
0.00136353
0.00136091
0.00129045
0.00129045
0.00136091
0.00136091
0.00129045
0.00136091
0.00129045
0.00136353
0.00136353
0.00136353
0.00136353
0.00136091
0.00129045
0.00129045
0.00136091
0.00136091
0.00129045
0.00129045
0.00136091
0.00136353
0.00136353
0.00136353
0.00136353
0.00136091
0.00129045
0.00129045
0.00136091
0.00136091
0.00129045
0.00136091
0.00129045
0.00136353
0.00136353
0.00136353
0.00136353
0.00136353
0.00136353
0.00136353
0.00136353
0.00136353
0.00136353
0.00136353
0.00136353
0.00136353
0.00136353
0.00136353
0.00136353
0.00136353
0.00136353
0.00136353
0.00136353
0.00136353
0.00136353
0.00136353
0.00136353
0.00136353
0.00136353
0.00136353
0.00136353
0.00136353
0.00136353
0.00136353
0.00136353
0.00136353
0.00136353
0.00136353
0.00136353
0.00136353
0.00136353
0.00136353
0.00136353
0.00136091
0.00129045
0.00129045
0.00136091
0.00136091
0.00129045
0.00129045
0.00136091
0.00136353
0.00136353
0.00136353
0.00136353
0.00136091
0.00129045
0.00129045
0.00136091
0.00136091
0.00129045
0.00129045
0.00136091
0.00136353
0.00136353
0.00136353
0.00136353
0.00136091
0.00129045
0.00129045
0.00136091
0.00136091
0.00129045
0.00129045
0.00136091
0.00136353
0.00136353
0.00136353
0.00136353
0.00136091
0.00129045
0.00129045
0.00136091
0.00136091
0.00129045
0.00136091
0.00129045
0.00136353
0.00136353
0.00136353
0.00136353
0.00136353
0.00136353
0.00136353
0.00136353
0.00136353
0.00136353
0.00136353
0.00136353
0.00136353
0.00136353
0.00136353
0.00136353
0.00136353
0.00136353
0.00136353
0.00136353
0.00136353
0.00136353
0.00136353
0.00136353
0.00136353
0.00136353
0.00136353
0.00136353
0.00136353
0.00136353
0.00136353
0.00136353
0.00136353
0.00136353
0.00136353
0.00136353
0.00136353
0.00136353
0.00136353
0.00136353
0.00136353
0.00136353
0.00136353
0.00136353
0.00136353
0.00136353
0.00136353
0.00136353
0.00136353
0.00136353
0.00136353
0.00136353
0.00136353
0.00136353
0.00136353
0.00136353
0.00136353
0.00136353
0.00136353
0.00136353
0.00136353
0.00136353
0.00136353
0.00136353
0.00136353
0.00136353
0.00136353
0.00136353
0.00136353
0.00136353
0.00136353
0.00136353
0.00136353
0.00136353
0.00136353
0.00136353
0.00136091
0.00129045
0.00129045
0.00136091
0.00136091
0.00129045
0.00129045
0.00136091
0.00136353
0.00136353
0.00136353
0.00136353
0.00136091
0.00129045
0.00129045
0.00136091
0.00136091
0.00129045
0.00129045
0.00136091
0.00136353
0.00136353
0.00136353
0.00136353
0.00135857
0.0012177
0.00128701
0.00128701
0.00136091
0.00128991
0.00136091
0.00128927
0.00136091
0.00128991
0.00128927
0.00136091
0.00136353
0.00136353
0.00136353
0.00136353
0.00136353
0.00136353
0.00136353
0.00136353
0.00136353
0.00136353
0.00136353
0.00136353
0.00136353
0.00136353
0.00136353
0.00136353
0.00136353
0.00136353
0.00136353
0.00136353
0.00136353
0.00136353
0.00136353
0.00136353
0.00136353
0.00136353
0.00136353
0.00136353
0.00136353
0.00136353
0.00136353
0.00136353
0.00136353
0.00136353
0.00136353
0.00136353
0.00136091
0.00129045
0.00129045
0.00136091
0.00136091
0.00129045
0.00129045
0.00136091
0.00136353
0.00136353
0.00136353
0.00136353
0.00136091
0.00129045
0.00129045
0.00136091
0.00136091
0.00129045
0.00136091
0.00129045
0.00136353
0.00136353
0.00136353
0.00136353
0.00136091
0.00129045
0.00129045
0.00136091
0.00136091
0.00129045
0.00129045
0.00136091
0.00136353
0.00136353
0.00136353
0.00136353
0.00136091
0.00129045
0.00136091
0.00129045
0.00136353
0.00136353
0.00136353
0.00136353
0.00136091
0.00129045
0.00129045
0.00136091
0.00136353
0.00136353
0.00136353
0.00136353
0.00136353
0.00136353
0.00136353
0.00136353
0.00136353
0.00136353
0.00136353
0.00136353
0.00136353
0.00136353
0.00136353
0.00136353
0.00136353
0.00136353
0.00136353
0.00136353
0.00136353
0.00136353
0.00136353
0.00136353
0.00136353
0.00136353
0.00136353
0.00136353
0.00136353
0.00136353
0.00136353
0.00136353
0.00136353
0.00136353
0.00136353
0.00136353
0.00136091
0.00129045
0.00129045
0.00136091
0.00136091
0.00129045
0.00129045
0.00136091
0.00136353
0.00136353
0.00136353
0.00136353
0.00136091
0.00129045
0.00129045
0.00136091
0.00136091
0.00129045
0.00136091
0.00129045
0.00136353
0.00136353
0.00136353
0.00136353
0.00136353
0.00136353
0.00136353
0.00136353
0.00136353
0.00136353
0.00136353
0.00136353
0.00136353
0.00136353
0.00136353
0.00136353
0.00136353
0.00136353
0.00136353
0.00136353
0.00136353
0.00136353
0.00136353
0.00136353
0.00136353
0.00136353
0.00136353
0.00136353
0.00136353
0.00136353
0.00136353
0.00136353
0.00136353
0.00136353
0.00136353
0.00136353
0.00136353
0.00136353
0.00136353
0.00136353
0.00136353
0.00136353
0.00136353
0.00136353
0.00136353
0.00136353
0.00136353
0.00136353
0.00136353
0.00136353
0.00136353
0.00136353
0.00136353
0.00136353
0.00136353
0.00136353
0.00136353
0.00136353
0.00136353
0.00136353
0.00136353
0.00136353
0.00136353
0.00136353
0.00136353
0.00136353
0.00136353
0.00136353
0.00136353
0.00136353
0.00136353
0.00136353
0.00136353
0.00136353
0.00136353
0.00136353
0.00136353
0.00136353
0.00136353
0.00136353
0.00136353
0.00136353
0.00136353
0.00136353
0.00136353
0.00136353
0.00136353
0.00136353
0.00136353
0.00136353
0.00136353
0.00136353
0.00136353
0.00136353
0.00136353
0.00136353
0.00136353
0.00136353
0.00136353
0.00136353
0.00136353
0.00136353
0.00136353
0.00136353
0.00136353
0.00136353
0.00136353
0.00136353
0.00136353
0.00136353
0.00136353
0.00136353
0.00136353
0.00136353
0.00136353
0.00136353
0.00136353
0.00136353
0.00136353
0.00136353
0.00136353
0.00136353
0.00136353
0.00136353
0.00136353
0.00136353
0.00136353
0.00136353
0.00136353
0.00136353
0.00136353
0.00136353
0.00136353
0.00136353
0.00136353
0.00136353
0.00136353
0.00136353
0.00136353
0.00136353
0.00136353
0.00136353
0.00136353
0.00136353
0.00136353
0.00136353
0.00136353
0.00136353
0.00136353
0.00136353
0.00136353
0.00136353
0.00136353
0.00136353
0.00136353
0.00136353
0.00136353
0.00136353
0.00136353
0.00136353
0.00136353
0.00136353
0.00136353
0.00136353
0.00136353
0.00136353
0.00136353
0.00136353
0.00136353
0.00136353
0.00136353
0.00136353
0.00136353
0.00136353
0.00136353
0.00136353
0.00136353
0.00136353
0.00136353
0.00136353
0.00136353
0.00136353
0.00136353
0.00136353
0.00136353
0.00136353
0.00136353
0.00136353
0.00136353
0.00136353
0.00136353
0.00136353
0.00136353
0.00136353
0.00136353
0.00136353
0.00136353
0.00136353
0.00136353
0.00136353
0.00136353
0.00136353
0.00136353
0.00136353
0.00136353
0.00136353
0.00136353
0.00136353
0.00136353
0.00136353
0.00136353
0.00136353
0.00136353
0.00136353
0.00136353
0.00136353
0.00136353
0.00136353
0.00136353
0.00136353
0.00136091
0.00129045
0.00129045
0.00136091
0.00136091
0.00129045
0.00129045
0.00136091
0.00136353
0.00136353
0.00136353
0.00136353
0.00136091
0.00129045
0.00136091
0.00129045
0.00136353
0.00136353
0.00136353
0.00136353
0.00136091
0.00129045
0.00129045
0.00136091
0.00136353
0.00136353
0.00136353
0.00136353
0.00136353
0.00136353
0.00136353
0.00136353
0.00136353
0.00136353
0.00136353
0.00136353
0.00136353
0.00136353
0.00136353
0.00136353
0.00136353
0.00136353
0.00136353
0.00136353
0.00136353
0.00136353
0.00136353
0.00136353
0.00136353
0.00136353
0.00136353
0.00136353
0.00136353
0.00136353
0.00136353
0.00136353
0.00136353
0.00136353
0.00136353
0.00136353
0.00136091
0.00129045
0.00129045
0.00136091
0.00136091
0.00129045
0.00129045
0.00136091
0.00136353
0.00136353
0.00136353
0.00136353
0.00136091
0.00129045
0.00129045
0.00136091
0.00136091
0.00129045
0.00136091
0.00129045
0.00136353
0.00136353
0.00136353
0.00136353
0.00136091
0.00129045
0.00129045
0.00136091
0.00136091
0.00129045
0.00129045
0.00136091
0.00136353
0.00136353
0.00136353
0.00136353
0.00136091
0.00129045
0.00136091
0.00129045
0.00136353
0.00136353
0.00136353
0.00136353
0.00136091
0.00129045
0.00129045
0.00136091
0.00136353
0.00136353
0.00136353
0.00136353
0.00136353
0.00136353
0.00136353
0.00136353
0.00136353
0.00136353
0.00136353
0.00136353
0.00136353
0.00136353
0.00136353
0.00136353
0.00136353
0.00136353
0.00136353
0.00136353
0.00136353
0.00136353
0.00136353
0.00136353
0.00136353
0.00136353
0.00136353
0.00136353
0.00136353
0.00136353
0.00136353
0.00136353
0.00136353
0.00136353
0.00136353
0.00136353
0.00135857
0.0012177
0.00128701
0.00128701
0.00136091
0.00128991
0.00136091
0.00128927
0.00136091
0.00128991
0.00128927
0.00136091
0.00136091
0.00129045
0.00129045
0.00136091
0.00136091
0.00129045
0.00129045
0.00136091
0.00136353
0.00136353
0.00136353
0.00136353
0.00136091
0.00129045
0.00136091
0.00129045
0.00136353
0.00136353
0.00136353
0.00136353
0.00136091
0.00129045
0.00136091
0.00129045
0.00136353
0.00136353
0.00136353
0.00136353
0.00136353
0.00136353
0.00136353
0.00136353
0.00136353
0.00136353
0.00136353
0.00136353
0.00136353
0.00136353
0.00136353
0.00136353
0.00136353
0.00136353
0.00136353
0.00136353
0.00136353
0.00136353
0.00136353
0.00136353
0.00136353
0.00136353
0.00136353
0.00136353
0.00136353
0.00136353
0.00136353
0.00136353
0.00136353
0.00136353
0.00136353
0.00136353
0.00136353
0.00136353
0.00136353
0.00136353
0.00136353
0.00136353
0.00136353
0.00136353
0.00136353
0.00136353
0.00136353
0.00136353
0.00136353
0.00136353
0.00136353
0.00136353
0.00136353
0.00136353
0.00136353
0.00136353
0.00136353
0.00136353
0.00136353
0.00136353
0.00136353
0.00136353
0.00136353
0.00136353
0.00136353
0.00136353
0.00136353
0.00136353
0.00136353
0.00136353
0.00136353
0.00136353
0.00136091
0.00129045
0.00129045
0.00136091
0.00136091
0.00129045
0.00129045
0.00136091
0.00136353
0.00136353
0.00136353
0.00136353
0.00136091
0.00129045
0.00136091
0.00129045
0.00136353
0.00136353
0.00136353
0.00136353
0.00136091
0.00129045
0.00129045
0.00136091
0.00136091
0.00129045
0.00129045
0.00136091
0.00136091
0.00129045
0.00129045
0.00136091
0.00136353
0.00136353
0.00136353
0.00136353
0.00136091
0.00129045
0.00136091
0.00129045
0.00136353
0.00136353
0.00136353
0.00136353
0.00136091
0.00129045
0.00136091
0.00129045
0.00136353
0.00136353
0.00136353
0.00136353
0.00136353
0.00136353
0.00136353
0.00136353
0.00136353
0.00136353
0.00136353
0.00136353
0.00136353
0.00136353
0.00136353
0.00136353
0.00136353
0.00136353
0.00136353
0.00136353
0.00136353
0.00136353
0.00136353
0.00136353
0.00136353
0.00136353
0.00136353
0.00136353
0.00136353
0.00136353
0.00136353
0.00136353
0.00136353
0.00136353
0.00136353
0.00136353
0.00136091
0.00129045
0.00129045
0.00136091
0.00136091
0.00129045
0.00129045
0.00136091
0.00136353
0.00136353
0.00136353
0.00136353
0.00136091
0.00129045
0.00136091
0.00129045
0.00136353
0.00136353
0.00136353
0.00136353
0.00136091
0.00129045
0.00129045
0.00136091
0.00136091
0.00129045
0.00129045
0.00136091
0.00136091
0.00129045
0.00129045
0.00136091
0.00136353
0.00136353
0.00136353
0.00136353
0.00136091
0.00129045
0.00136091
0.00129045
0.00136353
0.00136353
0.00136353
0.00136353
0.00136091
0.00129045
0.00129045
0.00136091
0.00135857
0.0012177
0.00128701
0.00128701
0.00136091
0.00128991
0.00136091
0.00128927
0.00136091
0.00128991
0.00136091
0.00128927
)
;
        source          uniform 0;
        value           nonuniform List<scalar> 
1600
(
329.12
329.196
329.158
329.158
329.223
329.231
329.192
329.261
329.223
329.231
329.192
329.261
329.12
329.196
329.158
329.158
329.223
329.231
329.192
329.261
329.223
329.231
329.261
329.192
329.328
329.266
329.297
329.297
329.328
329.266
329.297
329.297
329.328
329.266
329.297
329.297
329.328
329.266
329.297
329.297
329.223
329.231
329.192
329.261
329.223
329.231
329.261
329.192
329.12
329.196
329.158
329.158
329.223
329.231
329.261
329.192
329.223
329.231
329.261
329.192
329.12
329.196
329.158
329.158
328.394
328.49
328.442
328.442
328.767
328.845
328.809
328.804
328.54
328.537
328.49
328.585
328.767
328.845
328.809
328.804
328.54
328.537
328.49
328.585
328.897
328.888
328.852
328.934
328.897
328.889
328.852
328.934
328.676
328.583
328.63
328.63
328.866
328.878
328.837
328.907
328.95
328.997
328.954
328.992
328.866
328.878
328.907
328.837
328.95
328.997
328.954
328.992
328.997
328.922
328.967
328.951
329.313
329.356
329.317
329.351
329.083
329.041
329.037
329.087
328.997
328.922
328.951
328.967
329.313
329.356
329.317
329.351
329.083
329.041
329.037
329.087
328.767
328.845
328.804
328.809
328.54
328.537
328.49
328.585
328.394
328.49
328.442
328.442
328.897
328.888
328.934
328.852
328.897
328.889
328.852
328.934
328.676
328.583
328.63
328.63
328.767
328.845
328.809
328.804
328.54
328.537
328.49
328.585
328.866
328.878
328.837
328.908
328.95
328.997
328.992
328.954
328.997
328.922
328.967
328.951
329.313
329.356
329.317
329.352
329.083
329.041
329.037
329.087
328.866
328.878
328.907
328.837
328.95
328.997
328.954
328.992
329.313
329.356
329.317
329.352
328.997
328.922
328.951
328.967
329.083
329.041
329.087
329.037
329.419
329.392
329.387
329.424
329.419
329.392
329.387
329.424
329.512
329.521
329.517
329.517
329.419
329.392
329.387
329.424
329.419
329.392
329.424
329.387
329.512
329.521
329.517
329.517
329.419
329.392
329.387
329.424
329.419
329.392
329.424
329.387
329.512
329.521
329.517
329.517
329.419
329.392
329.424
329.387
329.419
329.392
329.424
329.387
329.512
329.521
329.517
329.517
328.997
328.922
328.967
328.951
329.313
329.356
329.352
329.317
329.083
329.041
329.037
329.087
328.866
328.878
328.837
328.908
328.95
328.997
328.992
328.955
329.313
329.356
329.352
329.317
328.997
328.922
328.951
328.967
329.083
329.041
329.087
329.037
328.866
328.878
328.908
328.837
328.95
328.997
328.955
328.992
328.767
328.845
328.804
328.809
328.54
328.537
328.585
328.49
328.897
328.888
328.934
328.852
328.897
328.888
328.852
328.934
328.676
328.583
328.63
328.63
328.394
328.49
328.442
328.442
328.767
328.845
328.809
328.804
328.54
328.537
328.585
328.49
329.313
329.356
329.352
329.317
328.997
328.922
328.967
328.951
329.083
329.041
329.087
329.037
329.313
329.356
329.352
329.317
328.997
328.922
328.951
328.967
329.083
329.041
329.087
329.037
328.866
328.878
328.837
328.907
328.95
328.997
328.992
328.954
328.866
328.878
328.907
328.837
328.95
328.997
328.992
328.954
328.897
328.889
328.934
328.852
328.897
328.888
328.934
328.852
328.676
328.583
328.63
328.63
328.767
328.845
328.804
328.809
328.54
328.537
328.585
328.49
328.767
328.845
328.804
328.809
328.54
328.537
328.585
328.49
328.394
328.49
328.442
328.442
329.04
328.953
328.996
328.996
329.08
329.073
329.117
329.036
329.08
329.073
329.117
329.036
329.208
329.186
329.164
329.23
329.182
329.108
329.152
329.138
329.249
329.31
329.288
329.272
329.208
329.186
329.164
329.23
329.182
329.108
329.152
329.138
329.249
329.31
329.288
329.272
329.04
328.953
328.996
328.996
329.08
329.073
329.117
329.036
329.08
329.073
329.117
329.036
329.208
329.186
329.164
329.23
329.182
329.108
329.152
329.138
329.249
329.31
329.288
329.272
329.208
329.186
329.23
329.164
329.249
329.31
329.288
329.272
329.182
329.108
329.152
329.138
329.382
329.427
329.404
329.404
329.355
329.346
329.323
329.377
329.355
329.346
329.323
329.377
329.382
329.427
329.404
329.404
329.355
329.346
329.323
329.377
329.355
329.346
329.323
329.377
329.382
329.427
329.404
329.404
329.355
329.346
329.323
329.377
329.355
329.346
329.323
329.377
329.382
329.427
329.404
329.404
329.355
329.346
329.323
329.377
329.355
329.346
329.323
329.377
329.208
329.186
329.164
329.23
329.182
329.108
329.152
329.138
329.249
329.31
329.288
329.272
329.208
329.186
329.23
329.164
329.249
329.31
329.288
329.272
329.182
329.108
329.152
329.138
329.04
328.953
328.996
328.996
329.08
329.073
329.117
329.036
329.08
329.073
329.117
329.036
329.208
329.186
329.23
329.164
329.249
329.31
329.288
329.272
329.182
329.108
329.152
329.138
329.208
329.186
329.23
329.164
329.249
329.31
329.288
329.272
329.182
329.108
329.152
329.138
329.04
328.953
328.996
328.996
329.08
329.073
329.117
329.036
329.08
329.073
329.117
329.036
328.307
328.138
328.257
328.257
328.346
328.36
328.311
328.392
328.346
328.36
328.311
328.392
328.689
328.617
328.661
328.646
328.729
328.737
328.7
328.765
328.728
328.726
328.685
328.769
328.549
328.571
328.519
328.599
328.494
328.409
328.442
328.463
328.59
328.68
328.639
328.633
328.689
328.618
328.661
328.646
328.729
328.737
328.701
328.765
328.728
328.726
328.685
328.769
328.55
328.572
328.52
328.6
328.494
328.41
328.442
328.464
328.591
328.681
328.639
328.634
328.903
328.907
328.95
328.86
328.943
329.027
328.99
328.98
328.858
328.77
328.812
328.815
328.903
328.907
328.95
328.861
328.943
329.027
328.99
328.98
328.858
328.77
328.813
328.815
328.768
328.86
328.814
328.814
328.723
328.724
328.677
328.769
328.723
328.724
328.677
328.769
328.852
328.844
328.823
328.873
328.827
328.769
328.798
328.798
328.891
328.954
328.912
328.932
328.902
328.861
328.874
328.89
328.911
328.886
328.882
328.915
328.942
328.971
328.929
328.984
328.852
328.844
328.823
328.873
328.827
328.769
328.798
328.798
328.891
328.954
328.912
328.932
328.902
328.861
328.874
328.89
328.911
328.886
328.915
328.882
328.942
328.971
328.929
328.984
329.069
329.138
329.116
329.091
329.043
329.061
329.09
329.014
329.022
328.998
328.976
329.044
329.262
329.204
329.248
329.217
329.303
329.329
329.29
329.342
329.271
329.23
329.226
329.275
329.121
329.156
329.108
329.169
329.074
329.015
329.028
329.061
329.13
329.183
329.178
329.135
329.069
329.138
329.116
329.091
329.043
329.061
329.09
329.014
329.022
328.998
328.976
329.044
329.262
329.204
329.248
329.217
329.303
329.329
329.29
329.342
329.271
329.23
329.275
329.226
329.121
329.156
329.108
329.169
329.074
329.015
329.028
329.061
329.13
329.183
329.135
329.178
328.689
328.617
328.661
328.646
328.729
328.737
328.7
328.765
328.728
328.726
328.685
328.769
328.549
328.571
328.519
328.599
328.494
328.409
328.463
328.442
328.59
328.68
328.639
328.633
328.307
328.138
328.257
328.257
328.346
328.36
328.392
328.311
328.346
328.36
328.311
328.392
328.903
328.907
328.95
328.86
328.943
329.027
328.99
328.98
328.858
328.77
328.812
328.815
328.903
328.907
328.95
328.861
328.943
329.027
328.99
328.98
328.858
328.77
328.815
328.813
328.768
328.86
328.814
328.814
328.723
328.724
328.677
328.769
328.723
328.724
328.769
328.677
328.689
328.618
328.661
328.646
328.729
328.737
328.701
328.765
328.728
328.726
328.769
328.685
328.55
328.572
328.52
328.6
328.494
328.41
328.442
328.464
328.591
328.681
328.634
328.639
328.852
328.844
328.823
328.873
328.827
328.769
328.798
328.798
328.891
328.954
328.912
328.933
328.902
328.861
328.89
328.874
328.942
328.971
328.929
328.984
328.911
328.887
328.882
328.915
329.069
329.138
329.116
329.091
329.043
329.061
329.091
329.014
329.022
328.998
328.977
329.044
329.262
329.204
329.248
329.217
329.304
329.329
329.29
329.342
329.271
329.23
329.226
329.275
329.122
329.156
329.108
329.169
329.074
329.015
329.028
329.061
329.13
329.183
329.178
329.135
328.852
328.844
328.823
328.873
328.827
328.769
328.798
328.798
328.891
328.954
328.912
328.932
328.902
328.861
328.874
328.89
328.911
328.887
328.915
328.882
328.942
328.971
328.929
328.984
329.262
329.204
329.248
329.217
329.304
329.329
329.29
329.342
329.271
329.23
329.275
329.226
329.069
329.138
329.116
329.091
329.043
329.061
329.091
329.014
329.022
328.998
328.976
329.044
329.122
329.156
329.169
329.108
329.13
329.183
329.135
329.178
329.074
329.015
329.028
329.061
329.437
329.446
329.423
329.46
329.41
329.364
329.396
329.378
329.446
329.474
329.469
329.451
329.437
329.446
329.423
329.46
329.41
329.364
329.396
329.378
329.446
329.474
329.469
329.451
329.493
329.465
329.479
329.479
329.503
329.493
329.488
329.507
329.503
329.493
329.488
329.507
329.437
329.446
329.423
329.46
329.41
329.364
329.396
329.378
329.446
329.474
329.451
329.469
329.437
329.446
329.423
329.46
329.41
329.364
329.396
329.378
329.446
329.474
329.469
329.451
329.493
329.465
329.479
329.479
329.503
329.493
329.507
329.488
329.503
329.493
329.488
329.507
329.437
329.446
329.423
329.46
329.41
329.364
329.396
329.378
329.446
329.474
329.451
329.469
329.437
329.446
329.423
329.46
329.41
329.364
329.396
329.378
329.446
329.474
329.469
329.451
329.493
329.465
329.479
329.479
329.503
329.493
329.507
329.488
329.503
329.493
329.488
329.507
329.437
329.446
329.423
329.46
329.41
329.364
329.396
329.378
329.446
329.474
329.451
329.469
329.437
329.446
329.423
329.46
329.41
329.364
329.396
329.378
329.446
329.474
329.451
329.469
329.493
329.465
329.479
329.479
329.503
329.493
329.507
329.488
329.503
329.493
329.507
329.488
329.069
329.138
329.116
329.091
329.043
329.061
329.091
329.014
329.022
328.998
329.044
328.977
329.262
329.204
329.248
329.217
329.304
329.329
329.29
329.342
329.271
329.23
329.226
329.275
329.122
329.156
329.108
329.169
329.074
329.015
329.061
329.028
329.13
329.183
329.178
329.135
328.852
328.844
328.823
328.873
328.827
328.769
328.798
328.798
328.891
328.954
328.933
328.912
328.902
328.861
328.89
328.874
328.942
328.971
328.984
328.929
328.911
328.887
328.882
328.915
329.262
329.204
329.248
329.217
329.304
329.329
329.29
329.342
329.271
329.23
329.275
329.226
329.069
329.138
329.116
329.091
329.043
329.061
329.091
329.014
329.022
328.998
329.044
328.977
329.122
329.156
329.169
329.108
329.13
329.183
329.135
329.178
329.074
329.015
329.061
329.028
328.852
328.844
328.823
328.873
328.827
328.769
328.798
328.798
328.891
328.954
328.933
328.912
328.902
328.861
328.874
328.89
328.911
328.887
328.915
328.882
328.942
328.971
328.984
328.929
328.689
328.617
328.661
328.646
328.729
328.737
328.7
328.765
328.728
328.726
328.685
328.769
328.549
328.571
328.599
328.519
328.59
328.68
328.639
328.633
328.494
328.41
328.463
328.442
328.903
328.907
328.95
328.86
328.943
329.027
328.99
328.98
328.858
328.77
328.813
328.815
328.903
328.907
328.95
328.86
328.943
329.027
328.99
328.98
328.858
328.77
328.815
328.813
328.768
328.86
328.814
328.814
328.723
328.724
328.677
328.769
328.723
328.724
328.769
328.677
328.307
328.138
328.257
328.257
328.346
328.36
328.392
328.311
328.346
328.36
328.311
328.392
328.689
328.617
328.661
328.646
328.729
328.737
328.701
328.765
328.728
328.726
328.769
328.685
328.549
328.571
328.599
328.52
328.59
328.681
328.633
328.639
328.494
328.41
328.442
328.463
329.262
329.204
329.248
329.217
329.304
329.329
329.29
329.342
329.271
329.23
329.226
329.275
329.069
329.138
329.116
329.091
329.043
329.061
329.091
329.014
329.022
328.998
329.044
328.976
329.121
329.156
329.169
329.108
329.13
329.183
329.178
329.135
329.074
329.015
329.061
329.028
329.262
329.204
329.248
329.217
329.304
329.329
329.29
329.342
329.271
329.23
329.275
329.226
329.069
329.138
329.116
329.091
329.043
329.061
329.09
329.014
329.022
328.998
329.044
328.976
329.121
329.156
329.169
329.108
329.13
329.183
329.135
329.178
329.074
329.015
329.061
329.028
328.852
328.844
328.823
328.873
328.827
328.769
328.798
328.798
328.891
328.954
328.932
328.912
328.902
328.861
328.89
328.874
328.942
328.971
328.984
328.929
328.911
328.887
328.882
328.915
328.852
328.844
328.823
328.873
328.827
328.769
328.798
328.798
328.891
328.954
328.932
328.912
328.902
328.861
328.89
328.874
328.942
328.971
328.984
328.929
328.911
328.886
328.915
328.882
328.903
328.907
328.95
328.861
328.943
329.027
328.99
328.98
328.858
328.77
328.815
328.813
328.903
328.907
328.95
328.86
328.943
329.027
328.99
328.98
328.858
328.77
328.815
328.813
328.768
328.86
328.814
328.814
328.723
328.724
328.769
328.677
328.723
328.724
328.769
328.677
328.689
328.618
328.661
328.646
328.729
328.737
328.701
328.765
328.728
328.726
328.769
328.685
328.55
328.572
328.6
328.52
328.591
328.681
328.634
328.639
328.494
328.41
328.464
328.442
328.689
328.617
328.661
328.646
328.729
328.737
328.7
328.765
328.728
328.726
328.769
328.685
328.549
328.571
328.599
328.519
328.59
328.68
328.633
328.639
328.494
328.41
328.463
328.442
328.307
328.138
328.257
328.257
328.346
328.36
328.392
328.311
328.346
328.36
328.392
328.311
)
;
        logInterval     -1;
        thicknessLayers List<scalar> 1(0.0001);
        kappaLayers     List<scalar> 1(3.333);
        writePrecision  6;
        updateHeader    1;
        writeToFile     0;
        useUserTime     1;
        kappaMethod     solidThermo;
    }
}


// ************************************************************************* //
