/*--------------------------------*- C++ -*----------------------------------*\
| =========                 |                                                 |
| \\      /  F ield         | OpenFOAM: The Open Source CFD Toolbox           |
|  \\    /   O peration     | Version:  2412                                  |
|   \\  /    A nd           | Website:  www.openfoam.com                      |
|    \\/     M anipulation  |                                                 |
\*---------------------------------------------------------------------------*/
FoamFile
{
    version     2.0;
    format      ascii;
    arch        "LSB;label=32;scalar=64";
    class       volScalarField;
    location    "0.32/chip";
    object      T;
}
// * * * * * * * * * * * * * * * * * * * * * * * * * * * * * * * * * * * * * //

dimensions      [0 0 0 1 0 0 0];

internalField   nonuniform List<scalar> 
6620
(
330.181
330.11
330.11
330.04
330.81
330.671
330.671
330.535
329.989
330.024
330.024
329.989
330.024
330.024
330.06
330.06
330.06
330.06
330.024
330.024
329.989
330.024
330.024
329.989
330.039
330.472
330.11
330.11
330.608
330.608
330.039
330.472
330.11
330.11
330.608
330.608
330.181
330.181
330.181
330.747
330.747
330.747
330.747
330.11
330.608
330.608
330.039
330.472
330.11
330.608
330.608
330.472
330.535
330.671
330.671
330.535
330.671
330.671
330.81
330.81
330.81
330.671
330.535
330.671
329.622
329.317
330.152
329.752
329.856
330.049
329.714
329.685
329.413
329.982
330.152
329.752
329.856
330.049
330.642
330.293
330.293
330.492
330.406
330.567
330.567
330.239
329.839
330.22
330.352
329.944
330.168
330.424
329.714
329.685
329.413
329.982
330.239
330.22
329.839
330.351
329.944
330.424
330.168
329.855
329.771
329.771
330.214
329.504
330.034
330.034
329.905
330.328
330.431
330.26
329.995
330.328
330.431
330.884
330.884
330.959
330.492
330.744
330.563
330.261
329.995
330.744
330.492
330.563
330.359
330.359
330.183
329.272
329.633
329.32
329.633
329.32
329.677
329.677
329.366
329.667
329.788
329.667
329.788
329.711
330.153
329.833
329.711
330.153
329.833
329.633
329.32
329.272
329.677
329.677
329.366
329.633
329.32
329.667
329.788
329.711
330.153
329.833
329.667
329.788
330.153
329.711
329.833
330.19
330.19
330.322
330.19
330.19
330.322
330.19
330.19
330.322
330.19
330.19
330.322
329.711
330.153
329.833
329.667
329.788
330.153
329.711
329.833
329.667
329.788
329.633
329.32
329.677
329.677
329.366
329.272
329.633
329.32
330.153
329.711
329.833
330.153
329.711
329.833
329.667
329.788
329.667
329.788
329.677
329.677
329.366
329.633
329.32
329.633
329.32
329.272
329.714
329.685
329.413
329.982
329.714
329.685
329.413
329.982
329.855
329.771
329.771
330.214
329.504
330.034
330.034
329.701
329.871
329.793
330.229
330.061
329.961
329.793
330.229
330.061
329.962
330.011
330.366
330.296
330.296
330.188
330.189
330.118
330.152
329.752
329.856
330.049
330.239
329.839
330.22
330.351
329.944
330.168
330.424
330.239
329.839
330.22
330.351
329.944
330.168
330.424
330.231
330.295
330.128
330.399
330.231
330.295
330.128
330.399
330.393
330.502
330.43
330.681
330.322
330.575
330.5
330.393
330.502
330.43
330.681
330.322
330.575
330.5
329.622
329.317
329.855
329.771
329.771
330.214
329.504
330.034
330.034
329.714
329.685
329.413
329.982
329.793
330.229
330.061
329.961
329.701
329.871
330.011
330.366
330.296
330.296
330.188
330.189
330.118
329.793
330.229
330.061
329.962
330.239
329.839
330.22
330.352
329.944
330.168
330.424
330.152
329.752
329.856
330.049
330.239
330.22
329.839
330.351
329.944
330.424
330.168
330.232
330.295
330.128
330.399
330.393
330.502
330.43
330.681
330.323
330.575
330.5
330.232
330.295
330.128
330.399
330.393
330.502
330.681
330.43
330.575
330.323
330.5
330.642
330.293
330.293
330.492
330.406
330.567
330.567
330.642
330.293
330.293
330.492
330.406
330.567
330.567
330.642
330.293
330.293
330.492
330.406
330.567
330.567
330.152
329.752
329.856
330.049
330.239
330.22
329.839
330.352
329.944
330.424
330.168
330.152
329.752
329.856
330.049
330.393
330.502
330.43
330.681
330.323
330.575
330.5
330.232
330.295
330.128
330.399
330.393
330.502
330.681
330.43
330.575
330.323
330.5
330.232
330.295
330.128
330.399
329.855
329.771
329.771
330.214
329.504
330.034
330.034
329.622
329.317
329.714
329.685
329.413
329.982
329.793
330.229
330.061
329.962
330.011
330.366
330.296
330.296
330.188
330.188
330.118
329.701
329.871
329.793
330.229
330.061
329.962
330.239
330.22
329.839
330.351
329.944
330.424
330.168
330.152
329.752
329.856
330.049
330.152
329.752
329.856
330.049
330.393
330.502
330.681
330.43
330.575
330.323
330.5
330.393
330.502
330.681
330.43
330.575
330.323
330.5
330.232
330.295
330.128
330.399
330.232
330.295
330.128
330.399
329.714
329.685
329.413
329.982
329.714
329.685
329.413
329.982
329.622
329.317
330.011
330.366
330.296
330.296
330.189
330.188
330.118
329.793
330.229
330.061
329.962
329.793
330.229
330.061
329.961
329.701
329.871
330.26
329.995
330.261
329.995
330.359
330.359
330.183
330.328
330.431
330.492
330.744
330.562
330.492
330.744
330.562
329.905
330.359
330.359
330.183
330.261
329.995
330.492
330.744
330.563
330.328
330.431
330.744
330.492
330.563
330.884
330.884
330.959
330.884
330.884
330.959
330.884
330.884
330.959
330.328
330.431
330.744
330.492
330.563
330.328
330.431
330.359
330.359
330.183
329.905
330.261
329.995
330.744
330.492
330.562
330.328
330.431
330.328
330.431
330.261
329.995
330.261
329.995
329.905
330.398
330.236
330.236
330.288
330.291
330.343
330.343
330.187
330.027
330.164
330.217
330.08
330.134
330.271
330.187
330.164
330.027
330.217
330.08
330.271
330.134
329.984
329.957
329.957
330.147
329.876
330.065
330.065
329.864
329.864
329.741
329.899
330.106
329.979
329.899
330.106
329.979
329.864
329.864
329.741
329.899
330.106
329.979
330.106
329.899
329.979
330.142
330.142
330.226
330.142
330.142
330.226
330.142
330.142
330.226
330.142
330.142
330.226
329.899
330.106
329.979
330.106
329.899
329.979
329.864
329.864
329.741
330.106
329.899
329.979
330.106
329.899
329.979
329.864
329.864
329.741
329.984
329.957
329.957
330.147
329.875
330.065
330.065
330.187
330.027
330.164
330.217
330.271
330.08
330.134
330.187
330.027
330.164
330.217
330.08
330.134
330.271
329.984
329.957
329.957
330.147
330.065
329.876
330.065
330.187
330.027
330.164
330.217
330.271
330.08
330.134
330.187
330.164
330.027
330.217
330.08
330.271
330.134
330.398
330.236
330.236
330.288
330.343
330.291
330.343
330.398
330.236
330.236
330.288
330.343
330.291
330.343
330.398
330.236
330.236
330.288
330.291
330.343
330.343
330.187
330.164
330.027
330.217
330.134
330.08
330.271
329.984
329.957
329.957
330.147
330.065
329.876
330.065
330.187
330.164
330.027
330.217
330.134
330.08
330.271
329.295
329.532
329.545
329.545
329.45
329.451
329.457
329.232
329.43
329.227
329.227
329.019
329.344
329.344
329.985
330.065
330.094
330.135
330.003
330.047
330.076
329.85
329.682
329.804
329.862
329.733
329.799
329.914
329.885
329.966
329.785
329.839
329.767
329.902
329.949
329.951
330.1
329.961
329.99
329.9
330.012
330.042
329.658
329.625
329.644
329.81
329.551
329.721
329.749
329.651
329.615
329.604
329.795
329.533
329.732
329.715
329.557
329.525
329.328
329.511
329.439
329.446
329.622
329.752
329.901
329.894
329.924
329.833
329.813
329.843
329.986
330.065
330.135
330.094
330.047
330.003
330.076
329.85
329.682
329.804
329.863
329.733
329.799
329.914
329.885
329.966
329.839
329.785
329.768
329.949
329.902
329.951
330.1
329.961
329.991
329.9
330.012
330.042
330.435
330.274
330.348
330.399
330.329
330.38
330.454
330.435
330.274
330.348
330.399
330.329
330.38
330.454
330.474
330.512
330.387
330.387
330.368
330.493
330.493
330.093
329.932
329.891
329.948
329.985
330.04
330
330.224
330.201
330.135
330.326
330.117
330.308
330.242
330.129
330.053
329.927
330.039
330.021
330.035
330.147
329.659
329.625
329.81
329.644
329.721
329.551
329.75
329.651
329.615
329.604
329.795
329.534
329.733
329.715
329.557
329.525
329.511
329.328
329.439
329.622
329.447
329.752
329.901
329.894
329.924
329.833
329.813
329.843
330.224
330.201
330.135
330.326
330.117
330.308
330.242
330.093
329.932
329.891
329.948
329.985
330.04
330
330.129
330.053
330.039
329.927
330.021
330.147
330.035
329.891
329.864
329.691
329.88
329.783
329.972
329.8
329.891
329.864
329.691
329.88
329.783
329.972
329.8
329.799
329.615
329.598
329.598
329.69
329.708
329.708
329.791
329.939
329.888
329.888
329.786
329.928
329.84
329.84
329.749
329.863
329.864
330.372
330.461
330.398
330.444
330.342
330.269
330.378
330.347
330.32
330.291
330.398
330.376
330.45
330.372
330.413
330.354
330.394
330.433
330.355
330.358
330.278
330.409
330.081
330.028
329.935
330.121
330.145
330.203
330.182
330.28
330.123
330.225
330.202
330.054
330.017
329.933
330.09
330.031
329.957
330.111
330.125
330.291
330.246
330.212
330.372
330.461
330.444
330.398
330.342
330.269
330.378
330.348
330.32
330.291
330.398
330.377
330.45
330.414
330.372
330.355
330.433
330.394
330.355
330.358
330.278
330.409
330.949
330.986
330.968
330.968
330.873
330.766
330.819
330.819
330.911
330.875
330.857
330.93
330.911
330.875
330.857
330.93
330.611
330.541
330.523
330.629
330.668
330.696
330.616
330.749
330.575
330.437
330.524
330.488
330.704
330.804
330.785
330.722
330.081
330.028
330.121
329.935
330.145
330.203
330.182
330.28
330.123
330.225
330.202
330.054
330.017
330.09
329.934
330.031
330.111
329.957
330.125
330.291
330.246
330.212
330.611
330.541
330.629
330.523
330.668
330.696
330.749
330.616
330.704
330.804
330.785
330.722
330.575
330.437
330.524
330.488
330.286
330.112
330.201
330.201
330.468
330.626
330.547
330.547
330.377
330.37
330.456
330.291
330.377
330.37
330.456
330.291
329.142
329.143
328.938
329.526
329.512
329.404
329.192
329.465
329.357
329.527
329.512
329.404
329.193
329.465
329.358
329.816
329.555
329.694
329.816
329.556
329.694
329.509
329.509
329.647
329.559
329.744
329.636
329.68
329.762
329.653
329.559
329.744
329.636
329.68
329.762
329.653
329.851
329.789
329.931
330.125
330.025
329.997
329.806
329.976
329.949
329.851
329.789
329.931
330.125
330.025
329.997
329.806
329.976
329.949
329.526
329.512
329.404
329.192
329.465
329.357
329.142
329.143
328.938
329.816
329.555
329.694
329.816
329.556
329.694
329.509
329.509
329.647
329.527
329.512
329.404
329.193
329.465
329.358
329.56
329.744
329.637
329.762
329.68
329.654
329.851
329.789
329.931
330.125
330.025
329.997
329.806
329.976
329.949
329.559
329.744
329.637
329.68
329.762
329.654
330.125
330.025
329.997
329.851
329.789
329.931
329.976
329.806
329.949
330.161
330.273
330.245
330.161
330.273
330.245
330.293
330.293
330.264
330.161
330.273
330.245
330.161
330.273
330.245
330.293
330.293
330.264
330.161
330.273
330.245
330.161
330.273
330.245
330.293
330.293
330.264
330.161
330.273
330.245
330.161
330.273
330.245
330.293
330.293
330.264
329.851
329.789
329.931
330.125
330.025
329.997
329.806
329.976
329.949
329.56
329.744
329.637
329.762
329.68
329.654
330.125
330.025
329.997
329.851
329.789
329.931
329.976
329.806
329.949
329.56
329.744
329.637
329.68
329.762
329.654
329.527
329.512
329.404
329.465
329.193
329.357
329.816
329.555
329.694
329.816
329.555
329.694
329.509
329.509
329.647
329.143
329.143
328.938
329.527
329.512
329.404
329.465
329.193
329.357
330.125
330.025
329.997
329.851
329.789
329.931
329.976
329.806
329.949
330.125
330.025
329.997
329.851
329.789
329.931
329.976
329.806
329.949
329.559
329.744
329.636
329.762
329.68
329.654
329.559
329.744
329.636
329.762
329.68
329.654
329.816
329.556
329.694
329.816
329.555
329.694
329.509
329.509
329.647
329.527
329.512
329.404
329.465
329.193
329.358
329.526
329.512
329.404
329.465
329.192
329.357
329.143
329.143
328.938
329.658
329.625
329.644
329.81
329.551
329.721
329.749
329.651
329.615
329.604
329.795
329.732
329.533
329.715
329.557
329.525
329.328
329.511
329.446
329.439
329.622
329.752
329.901
329.894
329.924
329.833
329.813
329.843
329.659
329.625
329.645
329.81
329.552
329.722
329.75
329.652
329.615
329.604
329.795
329.733
329.534
329.715
329.558
329.525
329.328
329.512
329.447
329.439
329.623
329.753
329.901
329.894
329.924
329.833
329.814
329.843
329.891
329.863
329.691
329.88
329.782
329.8
329.972
329.891
329.864
329.691
329.88
329.783
329.8
329.972
329.799
329.615
329.598
329.598
329.69
329.708
329.708
329.622
329.628
329.628
329.77
329.504
329.699
329.699
329.654
329.826
329.805
329.805
329.731
329.758
329.758
329.899
329.726
329.889
329.862
329.829
329.796
329.958
330.05
330.174
330.188
330.148
330.107
330.131
330.093
329.992
329.98
330.004
330.131
329.923
330.05
330.074
329.956
329.919
329.901
330.058
329.855
330.016
330
329.9
329.727
329.889
329.862
329.831
329.797
329.959
330.05
330.174
330.188
330.149
330.107
330.131
330.094
329.993
329.98
330.005
330.132
329.924
330.05
330.074
329.958
329.919
329.902
330.058
329.856
330.016
330.001
329.985
330.065
330.094
330.135
330.003
330.047
330.076
329.85
329.682
329.804
329.862
329.799
329.733
329.914
329.885
329.966
329.785
329.839
329.902
329.767
329.949
329.951
330.1
329.961
329.99
329.9
330.012
330.042
330.093
329.932
329.891
329.948
330
329.985
330.04
330.224
330.201
330.135
330.326
330.308
330.117
330.242
330.129
330.053
329.927
330.039
330.035
330.021
330.147
330.093
329.932
329.891
329.948
329.985
330
330.04
330.224
330.201
330.135
330.326
330.117
330.242
330.308
330.129
330.053
329.927
330.039
330.021
330.035
330.147
330.225
330.174
330.214
330.302
330.156
330.243
330.284
330.248
330.24
330.254
330.346
330.291
330.197
330.306
330.191
330.179
330.071
330.198
330.122
330.14
330.249
330.282
330.358
330.343
330.381
330.325
330.3
330.34
330.225
330.174
330.214
330.302
330.156
330.243
330.284
330.248
330.24
330.254
330.346
330.306
330.197
330.291
330.191
330.179
330.071
330.198
330.122
330.249
330.14
330.282
330.358
330.343
330.381
330.3
330.34
330.325
329.295
329.532
329.545
329.545
329.45
329.451
329.457
329.232
329.43
329.227
329.227
329.344
329.019
329.344
329.891
329.863
329.691
329.88
329.8
329.783
329.972
329.891
329.864
329.691
329.88
329.972
329.783
329.8
329.799
329.615
329.598
329.598
329.708
329.69
329.708
329.659
329.625
329.645
329.81
329.552
329.722
329.75
329.652
329.615
329.604
329.795
329.534
329.715
329.733
329.558
329.525
329.328
329.512
329.439
329.447
329.623
329.753
329.901
329.894
329.924
329.814
329.843
329.833
329.899
329.726
329.889
329.862
329.829
329.796
329.958
330.05
330.174
330.188
330.148
330.093
330.131
330.107
329.992
329.98
330.004
330.131
329.923
330.074
330.05
329.956
329.919
329.901
330.058
330
329.855
330.016
329.622
329.628
329.628
329.77
329.504
329.699
329.699
329.654
329.826
329.805
329.805
329.758
329.758
329.731
329.9
329.727
329.889
329.862
329.831
329.797
329.959
330.05
330.174
330.188
330.149
330.107
330.131
330.094
329.993
329.98
330.005
330.132
329.924
330.05
330.074
329.958
329.919
329.902
330.058
329.856
330.016
330.001
330.093
329.932
329.891
329.948
330
329.985
330.04
330.224
330.201
330.135
330.326
330.308
330.117
330.242
330.129
330.053
329.927
330.039
330.035
330.021
330.147
329.985
330.065
330.094
330.135
330.003
330.047
330.076
329.85
329.682
329.804
329.863
329.799
329.733
329.914
329.885
329.966
329.785
329.839
329.902
329.768
329.949
329.951
330.1
329.961
329.991
329.9
330.012
330.042
330.224
330.201
330.135
330.326
330.117
330.242
330.308
330.093
329.932
329.891
329.948
329.985
330
330.04
330.129
330.053
330.039
329.927
330.021
330.147
330.035
330.226
330.214
330.174
330.302
330.157
330.284
330.243
330.248
330.24
330.255
330.347
330.291
330.197
330.306
330.191
330.179
330.071
330.198
330.122
330.14
330.249
330.282
330.358
330.381
330.343
330.325
330.341
330.3
330.226
330.174
330.214
330.302
330.156
330.243
330.284
330.248
330.24
330.254
330.346
330.306
330.197
330.291
330.191
330.179
330.071
330.198
330.122
330.249
330.14
330.282
330.358
330.343
330.381
330.3
330.341
330.325
330.435
330.274
330.348
330.399
330.454
330.329
330.38
330.435
330.274
330.348
330.399
330.38
330.329
330.454
330.474
330.512
330.387
330.387
330.493
330.368
330.493
330.435
330.274
330.348
330.399
330.454
330.329
330.38
330.435
330.274
330.348
330.399
330.38
330.329
330.454
330.474
330.512
330.387
330.387
330.493
330.368
330.493
330.435
330.274
330.348
330.399
330.329
330.455
330.38
330.435
330.274
330.348
330.399
330.329
330.454
330.38
330.474
330.512
330.387
330.387
330.368
330.493
330.493
329.986
330.065
330.135
330.094
330.047
330.003
330.076
329.85
329.682
329.804
329.863
329.914
329.733
329.799
329.885
329.966
329.839
329.785
329.949
329.768
329.903
329.951
330.1
329.961
329.991
330.012
329.9
330.042
330.224
330.201
330.135
330.326
330.242
330.117
330.308
330.093
329.932
329.891
329.948
330.04
329.985
330
330.129
330.053
330.039
329.927
330.147
330.021
330.035
329.985
330.065
330.094
330.135
330.003
330.047
330.076
329.85
329.682
329.804
329.863
329.733
329.914
329.799
329.885
329.966
329.785
329.839
329.768
329.903
329.949
329.951
330.1
329.961
329.991
330.012
330.042
329.9
330.226
330.214
330.174
330.302
330.157
330.284
330.243
330.248
330.24
330.255
330.347
330.197
330.306
330.291
330.191
330.179
330.071
330.198
330.14
330.122
330.249
330.282
330.358
330.381
330.343
330.341
330.3
330.325
330.226
330.174
330.214
330.302
330.157
330.243
330.284
330.248
330.24
330.255
330.347
330.306
330.197
330.291
330.191
330.179
330.071
330.198
330.122
330.249
330.14
330.282
330.358
330.343
330.381
330.3
330.341
330.325
329.891
329.864
329.691
329.88
329.8
329.783
329.972
329.891
329.864
329.691
329.88
329.972
329.783
329.8
329.799
329.615
329.598
329.598
329.708
329.69
329.708
329.295
329.532
329.545
329.545
329.45
329.451
329.457
329.232
329.43
329.227
329.227
329.344
329.019
329.344
329.659
329.625
329.81
329.644
329.722
329.551
329.75
329.652
329.615
329.604
329.795
329.534
329.715
329.733
329.557
329.525
329.511
329.328
329.439
329.622
329.447
329.752
329.901
329.894
329.924
329.813
329.843
329.833
329.9
329.889
329.726
329.862
329.83
329.959
329.797
330.05
330.174
330.188
330.149
330.093
330.131
330.107
329.993
329.98
330.004
330.131
329.923
330.074
330.05
329.957
329.919
330.058
329.901
330.001
330.016
329.856
329.622
329.628
329.628
329.77
329.504
329.699
329.699
329.654
329.826
329.805
329.805
329.758
329.758
329.731
329.899
329.889
329.726
329.862
329.83
329.959
329.797
330.05
330.174
330.188
330.149
330.107
330.131
330.093
329.993
329.98
330.004
330.131
329.923
330.05
330.074
329.957
329.919
330.058
329.901
330.016
329.856
330.001
330.224
330.201
330.135
330.326
330.242
330.117
330.308
330.093
329.932
329.891
329.948
330.04
329.985
330
330.129
330.053
330.039
329.927
330.147
330.021
330.035
329.985
330.065
330.135
330.094
330.047
330.003
330.076
329.85
329.682
329.804
329.863
329.914
329.733
329.799
329.885
329.966
329.839
329.785
329.949
329.768
329.902
329.951
330.1
329.961
329.991
330.012
329.9
330.042
329.985
330.065
330.135
330.094
330.047
330.003
330.076
329.85
329.682
329.804
329.863
329.733
329.914
329.799
329.885
329.966
329.839
329.785
329.768
329.949
329.902
329.951
330.1
329.961
329.99
330.012
330.042
329.9
330.226
330.214
330.174
330.302
330.156
330.284
330.243
330.248
330.24
330.254
330.346
330.197
330.306
330.291
330.191
330.179
330.071
330.198
330.14
330.122
330.249
330.282
330.358
330.381
330.343
330.341
330.3
330.325
330.226
330.214
330.174
330.302
330.156
330.284
330.243
330.248
330.24
330.254
330.346
330.306
330.197
330.291
330.191
330.179
330.071
330.198
330.122
330.249
330.14
330.282
330.358
330.381
330.343
330.34
330.3
330.325
329.659
329.625
329.81
329.645
329.722
329.552
329.75
329.652
329.615
329.604
329.795
329.715
329.534
329.733
329.558
329.525
329.512
329.328
329.623
329.439
329.447
329.753
329.901
329.894
329.924
329.814
329.833
329.843
329.658
329.625
329.81
329.644
329.721
329.551
329.749
329.651
329.615
329.604
329.795
329.715
329.533
329.732
329.557
329.525
329.511
329.328
329.622
329.439
329.446
329.752
329.901
329.894
329.924
329.813
329.833
329.843
329.295
329.532
329.545
329.545
329.451
329.45
329.457
329.232
329.43
329.227
329.227
329.019
329.344
329.344
329.9
329.889
329.727
329.862
329.831
329.959
329.797
330.05
330.174
330.188
330.149
330.131
330.107
330.094
329.993
329.98
330.005
330.132
330.074
329.924
330.05
329.958
329.919
330.058
329.902
330.016
329.856
330.001
329.899
329.889
329.726
329.862
329.829
329.958
329.796
330.05
330.174
330.188
330.148
330.131
330.107
330.093
329.993
329.98
330.004
330.131
330.074
329.923
330.05
329.956
329.919
330.058
329.901
330.016
329.855
330.001
329.622
329.628
329.628
329.77
329.504
329.699
329.699
329.654
329.826
329.805
329.805
329.758
329.758
329.731
330.081
330.028
329.935
330.121
330.145
330.203
330.182
330.28
330.225
330.123
330.202
330.054
330.017
329.933
330.09
329.957
330.031
330.111
330.125
330.291
330.246
330.212
330.081
330.028
329.935
330.122
330.145
330.203
330.182
330.281
330.225
330.123
330.202
330.054
330.017
329.934
330.09
329.957
330.031
330.111
330.126
330.291
330.246
330.213
330.286
330.112
330.201
330.201
330.468
330.626
330.547
330.547
330.377
330.37
330.291
330.456
330.377
330.37
330.291
330.456
330.372
330.461
330.398
330.444
330.342
330.269
330.378
330.347
330.291
330.32
330.398
330.376
330.45
330.372
330.413
330.394
330.354
330.433
330.355
330.358
330.278
330.409
330.611
330.541
330.523
330.629
330.668
330.696
330.749
330.616
330.575
330.437
330.488
330.523
330.704
330.804
330.785
330.722
330.611
330.541
330.523
330.629
330.668
330.696
330.616
330.749
330.575
330.437
330.488
330.523
330.704
330.804
330.722
330.785
329.791
329.939
329.888
329.888
329.786
329.928
329.84
329.84
329.863
329.749
329.864
330.286
330.112
330.201
330.201
330.468
330.626
330.547
330.547
330.377
330.37
330.291
330.456
330.377
330.37
330.456
330.291
330.081
330.028
329.935
330.122
330.145
330.203
330.182
330.281
330.123
330.202
330.225
330.054
330.017
329.934
330.09
330.031
329.957
330.111
330.126
330.291
330.213
330.246
330.611
330.541
330.523
330.629
330.668
330.696
330.749
330.616
330.575
330.437
330.488
330.524
330.704
330.804
330.785
330.722
330.372
330.461
330.398
330.444
330.342
330.269
330.378
330.348
330.291
330.32
330.398
330.377
330.45
330.372
330.414
330.394
330.354
330.433
330.355
330.358
330.278
330.409
330.611
330.541
330.629
330.523
330.668
330.696
330.749
330.616
330.704
330.804
330.722
330.785
330.575
330.437
330.488
330.524
330.949
330.986
330.968
330.968
330.873
330.766
330.819
330.819
330.911
330.875
330.93
330.857
330.911
330.875
330.857
330.93
330.949
330.986
330.968
330.968
330.873
330.766
330.819
330.819
330.911
330.875
330.93
330.857
330.911
330.875
330.857
330.93
330.949
330.986
330.968
330.968
330.873
330.766
330.819
330.819
330.911
330.875
330.93
330.857
330.911
330.875
330.93
330.857
330.372
330.461
330.444
330.398
330.342
330.269
330.378
330.348
330.398
330.32
330.291
330.377
330.45
330.414
330.372
330.433
330.355
330.394
330.355
330.358
330.409
330.278
330.611
330.541
330.629
330.523
330.668
330.696
330.616
330.749
330.704
330.804
330.722
330.785
330.575
330.437
330.524
330.488
330.372
330.461
330.398
330.444
330.342
330.269
330.378
330.348
330.32
330.398
330.291
330.377
330.45
330.372
330.414
330.355
330.394
330.433
330.355
330.358
330.409
330.278
330.286
330.112
330.201
330.201
330.468
330.626
330.547
330.547
330.377
330.37
330.291
330.456
330.377
330.37
330.456
330.291
329.791
329.939
329.888
329.888
329.786
329.928
329.84
329.84
329.863
329.749
329.863
330.081
330.028
330.121
329.935
330.145
330.203
330.182
330.28
330.123
330.202
330.225
330.054
330.017
330.09
329.934
330.031
330.111
329.957
330.125
330.291
330.212
330.246
330.611
330.541
330.629
330.523
330.668
330.696
330.616
330.749
330.704
330.804
330.722
330.785
330.575
330.437
330.523
330.488
330.372
330.461
330.444
330.398
330.342
330.269
330.378
330.348
330.398
330.32
330.291
330.377
330.45
330.414
330.372
330.433
330.354
330.394
330.355
330.358
330.409
330.278
330.372
330.461
330.444
330.398
330.342
330.269
330.378
330.347
330.32
330.398
330.291
330.376
330.45
330.414
330.372
330.354
330.433
330.394
330.355
330.358
330.409
330.278
330.081
330.028
330.122
329.935
330.145
330.203
330.182
330.281
330.202
330.123
330.225
330.054
330.017
330.09
329.934
330.111
330.031
329.957
330.126
330.291
330.213
330.246
330.081
330.028
330.121
329.935
330.145
330.203
330.182
330.28
330.202
330.123
330.225
330.054
330.017
330.09
329.934
330.111
330.031
329.957
330.125
330.291
330.212
330.246
329.791
329.939
329.888
329.888
329.786
329.928
329.84
329.84
329.749
329.864
329.863
329.85
329.927
329.95
329.95
329.888
329.888
329.912
329.955
329.963
329.985
330.056
329.924
329.994
330.017
329.955
329.963
329.985
330.056
329.924
329.994
330.017
329.85
329.927
329.95
329.95
329.888
329.888
329.912
329.955
329.963
329.985
330.056
329.924
329.994
330.017
329.955
329.963
330.056
329.985
329.994
329.924
330.017
330.062
329.999
330.092
330.092
330.124
330.031
330.031
330.062
329.999
330.092
330.092
330.031
330.031
330.124
330.062
329.999
330.092
330.092
330.031
330.031
330.124
330.062
329.999
330.092
330.092
330.031
330.031
330.124
329.955
329.963
329.985
330.056
330.017
329.924
329.994
329.955
329.963
330.056
329.985
329.994
329.924
330.017
329.85
329.927
329.95
329.95
329.888
329.888
329.912
329.955
329.963
330.056
329.985
330.017
329.994
329.924
329.955
329.963
330.056
329.985
329.994
329.924
330.017
329.85
329.927
329.95
329.95
329.912
329.888
329.888
329.111
329.208
329.223
329.223
329.176
329.159
329.159
329.49
329.591
329.57
329.595
329.532
329.528
329.554
329.258
329.255
329.272
329.368
329.208
329.304
329.323
329.491
329.592
329.57
329.596
329.532
329.528
329.554
329.259
329.255
329.272
329.368
329.208
329.304
329.323
329.622
329.722
329.614
329.639
329.576
329.66
329.685
329.622
329.722
329.614
329.639
329.576
329.66
329.685
329.396
329.302
329.413
329.413
329.35
329.35
329.46
329.591
329.625
329.604
329.697
329.655
329.561
329.634
329.678
329.725
329.746
329.784
329.742
329.682
329.721
329.591
329.625
329.604
329.697
329.634
329.561
329.655
329.678
329.725
329.746
329.784
329.682
329.721
329.742
329.724
329.757
329.648
329.741
329.694
329.678
329.787
330.047
330.148
330.092
330.113
330.052
330.087
330.108
329.813
329.77
329.829
329.88
329.766
329.817
329.875
329.724
329.757
329.648
329.741
329.678
329.694
329.787
330.047
330.148
330.092
330.113
330.052
330.087
330.108
329.813
329.77
329.829
329.88
329.766
329.817
329.875
329.49
329.591
329.57
329.596
329.554
329.528
329.532
329.258
329.255
329.272
329.368
329.323
329.208
329.304
329.111
329.208
329.223
329.223
329.159
329.159
329.176
329.622
329.722
329.614
329.639
329.66
329.576
329.685
329.622
329.722
329.614
329.639
329.576
329.66
329.685
329.396
329.302
329.413
329.413
329.35
329.35
329.46
329.491
329.592
329.57
329.596
329.532
329.528
329.554
329.259
329.255
329.272
329.368
329.208
329.304
329.323
329.591
329.625
329.604
329.697
329.655
329.562
329.634
329.678
329.725
329.784
329.746
329.742
329.721
329.683
329.725
329.757
329.648
329.741
329.694
329.678
329.787
330.047
330.148
330.092
330.113
330.052
330.087
330.108
329.813
329.77
329.829
329.88
329.766
329.817
329.875
329.591
329.625
329.604
329.697
329.634
329.562
329.655
329.678
329.725
329.746
329.784
329.683
329.721
329.742
330.047
330.148
330.092
330.113
330.052
330.087
330.108
329.724
329.757
329.648
329.741
329.678
329.694
329.787
329.813
329.77
329.88
329.829
329.817
329.766
329.875
330.156
330.185
330.128
330.222
330.217
330.124
330.161
330.156
330.185
330.128
330.222
330.217
330.124
330.161
330.251
330.261
330.317
330.317
330.312
330.256
330.256
330.156
330.185
330.128
330.222
330.124
330.161
330.217
330.156
330.185
330.128
330.222
330.161
330.124
330.217
330.251
330.261
330.317
330.317
330.256
330.256
330.312
330.156
330.185
330.128
330.222
330.124
330.161
330.217
330.156
330.185
330.128
330.222
330.161
330.124
330.217
330.251
330.261
330.317
330.317
330.256
330.256
330.312
330.156
330.185
330.128
330.222
330.161
330.124
330.217
330.156
330.185
330.128
330.222
330.161
330.124
330.217
330.251
330.261
330.317
330.317
330.256
330.256
330.312
329.725
329.757
329.648
329.741
329.787
329.694
329.678
330.047
330.148
330.092
330.113
330.108
330.087
330.052
329.813
329.77
329.829
329.88
329.875
329.766
329.817
329.591
329.625
329.604
329.697
329.562
329.634
329.655
329.678
329.725
329.784
329.746
329.721
329.683
329.742
330.047
330.148
330.092
330.113
330.087
330.052
330.108
329.725
329.757
329.648
329.741
329.678
329.694
329.787
329.813
329.77
329.88
329.829
329.817
329.766
329.875
329.591
329.625
329.604
329.697
329.634
329.562
329.655
329.678
329.725
329.746
329.784
329.683
329.721
329.742
329.49
329.591
329.57
329.596
329.554
329.528
329.532
329.258
329.255
329.368
329.272
329.323
329.304
329.208
329.622
329.722
329.614
329.639
329.66
329.576
329.685
329.622
329.722
329.614
329.639
329.576
329.66
329.685
329.396
329.302
329.413
329.413
329.35
329.35
329.46
329.111
329.208
329.223
329.223
329.159
329.159
329.176
329.491
329.591
329.57
329.596
329.532
329.528
329.554
329.259
329.255
329.368
329.272
329.304
329.208
329.323
330.047
330.148
330.092
330.113
330.108
330.087
330.052
329.724
329.757
329.648
329.741
329.787
329.694
329.678
329.813
329.77
329.88
329.829
329.875
329.817
329.766
330.047
330.148
330.092
330.113
330.087
330.052
330.108
329.724
329.757
329.648
329.741
329.678
329.694
329.787
329.813
329.77
329.88
329.829
329.817
329.766
329.875
329.591
329.625
329.604
329.697
329.562
329.634
329.655
329.678
329.725
329.784
329.746
329.721
329.683
329.742
329.591
329.625
329.604
329.697
329.634
329.561
329.655
329.678
329.725
329.784
329.746
329.721
329.683
329.742
329.622
329.722
329.614
329.639
329.685
329.66
329.576
329.622
329.722
329.614
329.639
329.685
329.66
329.576
329.396
329.302
329.413
329.413
329.46
329.35
329.35
329.491
329.592
329.57
329.596
329.528
329.532
329.554
329.259
329.255
329.368
329.272
329.304
329.208
329.323
329.49
329.591
329.57
329.596
329.528
329.532
329.554
329.258
329.255
329.368
329.272
329.304
329.208
329.323
329.111
329.208
329.223
329.223
329.159
329.159
329.176
329.808
329.909
329.802
329.826
329.847
329.87
329.764
329.808
329.909
329.802
329.826
329.847
329.87
329.764
329.767
329.679
329.785
329.785
329.829
329.723
329.723
329.913
329.944
329.837
329.93
329.882
329.975
329.868
329.982
330.083
330.045
330.067
330.022
330.044
330.005
329.94
329.917
329.956
330.024
330.002
329.895
329.963
329.913
329.944
329.837
329.93
329.882
329.975
329.868
329.982
330.083
330.045
330.067
330.022
330.044
330.005
329.94
329.917
329.956
330.024
330.002
329.895
329.963
329.808
329.909
329.802
329.826
329.847
329.87
329.764
329.808
329.909
329.802
329.826
329.847
329.87
329.764
329.767
329.679
329.785
329.785
329.829
329.723
329.723
329.913
329.944
329.837
329.93
329.882
329.975
329.868
329.982
330.083
330.045
330.067
330.022
330.044
330.005
329.94
329.917
329.956
330.024
330.002
329.895
329.963
329.982
330.083
330.045
330.067
330.022
330.044
330.005
329.913
329.944
329.837
329.93
329.882
329.975
329.868
329.94
329.917
330.024
329.956
330.002
329.963
329.895
330.09
330.119
330.174
330.081
330.151
330.058
330.113
330.09
330.119
330.174
330.081
330.151
330.058
330.113
330.118
330.164
330.202
330.202
330.179
330.141
330.141
330.09
330.119
330.081
330.174
330.058
330.151
330.113
330.09
330.119
330.081
330.174
330.058
330.151
330.113
330.118
330.164
330.202
330.202
330.179
330.141
330.141
330.09
330.119
330.081
330.174
330.058
330.151
330.113
330.09
330.119
330.081
330.174
330.058
330.151
330.113
330.118
330.164
330.202
330.202
330.179
330.141
330.141
330.09
330.119
330.081
330.174
330.058
330.151
330.113
330.09
330.119
330.081
330.174
330.058
330.151
330.113
330.118
330.164
330.202
330.202
330.179
330.141
330.141
329.913
329.944
329.93
329.837
329.975
329.882
329.868
329.982
330.083
330.067
330.045
330.044
330.022
330.005
329.94
329.917
329.956
330.024
330.002
329.895
329.963
329.982
330.083
330.045
330.067
330.022
330.044
330.005
329.913
329.944
329.837
329.93
329.882
329.975
329.868
329.94
329.917
330.024
329.956
330.002
329.963
329.895
329.808
329.909
329.802
329.826
329.847
329.87
329.764
329.808
329.909
329.802
329.826
329.847
329.87
329.764
329.767
329.679
329.785
329.785
329.829
329.723
329.723
329.982
330.083
330.067
330.045
330.044
330.022
330.005
329.913
329.944
329.93
329.837
329.975
329.882
329.868
329.94
329.917
330.024
329.956
330.002
329.963
329.895
329.982
330.083
330.045
330.067
330.022
330.044
330.005
329.913
329.944
329.837
329.93
329.882
329.975
329.868
329.94
329.917
330.024
329.956
330.002
329.963
329.895
329.808
329.909
329.826
329.802
329.87
329.847
329.764
329.808
329.909
329.826
329.802
329.87
329.847
329.764
329.767
329.679
329.785
329.785
329.829
329.723
329.723
329.431
329.347
329.347
329.353
329.381
329.4
329.4
329.479
329.407
329.495
329.496
329.449
329.449
329.523
329.272
329.166
329.292
329.292
329.328
329.233
329.233
329.214
329.095
329.107
329.107
329.172
329.172
329.153
329.837
329.811
329.811
329.794
329.833
329.814
329.814
329.87
329.845
329.902
329.89
329.867
329.848
329.907
329.87
329.846
329.902
329.891
329.867
329.848
329.907
329.818
329.777
329.806
329.806
329.827
329.798
329.798
329.806
329.765
329.771
329.771
329.786
329.786
329.791
330.403
330.385
330.388
330.375
330.399
330.388
330.391
330.412
330.394
330.413
330.401
330.409
330.396
330.416
330.353
330.333
330.369
330.358
330.372
330.349
330.336
330.325
330.308
330.295
330.281
330.322
330.311
330.298
330.053
330.032
330.093
330.083
330.05
330.035
330.097
330.001
329.985
329.954
329.938
329.997
329.987
329.957
330.186
330.169
330.143
330.128
330.146
330.182
330.172
330.228
330.208
330.259
330.249
330.226
330.212
330.263
330.403
330.388
330.385
330.375
330.4
330.391
330.388
330.412
330.394
330.413
330.401
330.409
330.396
330.416
330.353
330.333
330.369
330.358
330.373
330.35
330.336
330.326
330.309
330.295
330.281
330.322
330.311
330.298
330.053
330.093
330.032
330.083
330.05
330.097
330.035
330.002
329.985
329.954
329.938
329.997
329.987
329.957
330.186
330.17
330.143
330.128
330.146
330.182
330.172
330.229
330.209
330.259
330.249
330.226
330.212
330.263
329.062
329.173
329.092
329.074
329.127
329.025
329.108
329.062
329.173
329.092
329.074
329.128
329.025
329.108
329.023
328.849
329.041
329.041
329.089
328.971
328.971
329.452
329.553
329.459
329.489
329.421
329.489
329.516
329.45
329.555
329.448
329.47
329.406
329.492
329.514
329.411
329.336
329.448
329.431
329.381
329.367
329.475
329.212
329.224
329.125
329.247
329.159
329.179
329.276
329.309
329.417
329.401
329.423
329.359
329.353
329.374
329.268
329.289
329.304
329.384
329.236
329.319
329.333
329.452
329.553
329.459
329.489
329.422
329.489
329.516
329.45
329.555
329.448
329.47
329.406
329.492
329.514
329.411
329.337
329.449
329.432
329.381
329.367
329.475
329.212
329.224
329.125
329.248
329.159
329.18
329.277
329.31
329.417
329.401
329.423
329.359
329.353
329.374
329.269
329.29
329.305
329.384
329.237
329.32
329.333
329.669
329.769
329.754
329.779
329.716
329.707
329.731
329.582
329.599
329.492
329.601
329.536
329.538
329.644
329.628
329.632
329.738
329.647
329.676
329.585
329.691
329.669
329.769
329.754
329.779
329.716
329.707
329.731
329.582
329.599
329.492
329.601
329.536
329.538
329.645
329.628
329.632
329.738
329.647
329.676
329.585
329.691
329.444
329.461
329.445
329.554
329.398
329.491
329.507
329.444
329.461
329.446
329.554
329.398
329.491
329.507
329.491
329.584
329.6
329.6
329.537
329.538
329.553
329.552
329.587
329.589
329.492
329.522
329.616
329.522
329.617
329.722
329.702
329.681
329.681
329.639
329.659
329.578
329.569
329.615
329.663
329.547
329.642
329.599
329.638
329.707
329.675
329.613
329.703
329.608
329.643
329.669
329.775
329.72
329.699
329.733
329.656
329.712
329.63
329.586
329.667
329.681
329.694
329.599
329.617
329.552
329.587
329.492
329.589
329.522
329.522
329.616
329.617
329.722
329.681
329.702
329.639
329.659
329.681
329.578
329.569
329.615
329.663
329.547
329.599
329.642
329.638
329.707
329.613
329.675
329.643
329.608
329.703
329.669
329.775
329.699
329.72
329.656
329.712
329.733
329.63
329.586
329.667
329.681
329.599
329.617
329.694
329.772
329.804
329.789
329.882
329.82
329.741
329.834
329.75
329.767
329.726
329.835
329.704
329.773
329.813
329.798
329.869
329.908
329.882
329.846
329.82
329.86
330.038
330.139
330.063
330.085
330.024
330.077
330.099
330.004
330.071
329.963
330.02
329.959
330.009
330.066
329.995
329.936
330.043
330.011
329.981
329.949
330.057
329.804
329.82
329.744
329.853
329.757
329.79
329.866
329.861
329.928
329.914
329.972
329.91
329.865
329.923
329.852
329.887
329.9
329.962
329.838
329.901
329.914
329.772
329.804
329.789
329.882
329.82
329.741
329.834
329.75
329.767
329.726
329.835
329.704
329.773
329.813
329.798
329.869
329.908
329.882
329.846
329.82
329.86
330.038
330.139
330.063
330.085
330.024
330.077
330.099
330.004
330.071
329.963
330.02
330.009
329.959
330.066
329.995
329.936
330.043
330.011
329.981
329.949
330.057
329.804
329.82
329.744
329.853
329.757
329.79
329.866
329.861
329.928
329.914
329.972
329.865
329.91
329.923
329.852
329.887
329.9
329.962
329.838
329.901
329.914
329.452
329.553
329.489
329.459
329.421
329.516
329.489
329.45
329.555
329.47
329.448
329.514
329.406
329.492
329.411
329.336
329.448
329.431
329.381
329.475
329.367
329.212
329.224
329.247
329.125
329.276
329.179
329.159
329.309
329.417
329.423
329.401
329.374
329.359
329.353
329.268
329.289
329.304
329.384
329.333
329.236
329.319
329.062
329.173
329.074
329.092
329.108
329.025
329.127
329.062
329.173
329.074
329.092
329.025
329.108
329.128
329.023
328.849
329.041
329.041
328.971
328.971
329.089
329.669
329.769
329.754
329.779
329.716
329.707
329.731
329.582
329.599
329.492
329.601
329.536
329.538
329.644
329.628
329.632
329.738
329.647
329.676
329.585
329.691
329.669
329.769
329.754
329.779
329.716
329.707
329.731
329.582
329.599
329.492
329.601
329.538
329.536
329.645
329.628
329.632
329.738
329.647
329.676
329.585
329.691
329.444
329.461
329.445
329.554
329.398
329.491
329.507
329.444
329.461
329.446
329.554
329.491
329.398
329.507
329.491
329.584
329.6
329.6
329.538
329.538
329.553
329.452
329.553
329.459
329.489
329.422
329.489
329.516
329.45
329.555
329.448
329.47
329.492
329.406
329.514
329.411
329.337
329.449
329.432
329.381
329.367
329.475
329.212
329.224
329.125
329.248
329.159
329.18
329.277
329.31
329.417
329.401
329.423
329.353
329.359
329.374
329.269
329.29
329.305
329.384
329.237
329.32
329.333
329.552
329.587
329.589
329.492
329.522
329.616
329.523
329.617
329.723
329.702
329.681
329.681
329.639
329.659
329.578
329.569
329.615
329.663
329.548
329.642
329.599
329.669
329.775
329.72
329.699
329.733
329.656
329.712
329.639
329.707
329.675
329.613
329.703
329.608
329.643
329.63
329.586
329.681
329.667
329.694
329.617
329.6
329.772
329.804
329.789
329.882
329.82
329.741
329.834
329.751
329.767
329.726
329.835
329.704
329.773
329.813
329.798
329.869
329.908
329.882
329.846
329.82
329.86
330.038
330.139
330.063
330.085
330.024
330.077
330.099
330.004
330.071
329.963
330.02
329.959
330.009
330.066
329.995
329.936
330.043
330.011
329.981
329.949
330.057
329.804
329.82
329.744
329.853
329.757
329.791
329.866
329.861
329.928
329.914
329.972
329.91
329.866
329.923
329.852
329.887
329.901
329.962
329.838
329.901
329.914
329.552
329.587
329.492
329.589
329.522
329.522
329.616
329.617
329.722
329.681
329.702
329.639
329.659
329.681
329.578
329.569
329.615
329.663
329.548
329.599
329.642
329.639
329.707
329.613
329.675
329.643
329.608
329.703
329.669
329.775
329.699
329.72
329.656
329.712
329.733
329.63
329.586
329.667
329.681
329.599
329.617
329.694
330.038
330.139
330.063
330.085
330.024
330.077
330.099
330.004
330.071
329.963
330.02
330.009
329.959
330.066
329.995
329.936
330.043
330.011
329.981
329.949
330.057
329.772
329.804
329.789
329.882
329.82
329.741
329.834
329.751
329.767
329.726
329.835
329.704
329.773
329.813
329.798
329.869
329.908
329.882
329.846
329.82
329.86
329.861
329.928
329.914
329.972
329.866
329.91
329.923
329.804
329.82
329.744
329.853
329.757
329.791
329.866
329.852
329.887
329.962
329.901
329.901
329.838
329.914
330.147
330.175
330.193
330.1
330.132
330.208
330.114
330.184
330.25
330.269
330.212
330.245
330.208
330.189
330.174
330.184
330.221
330.259
330.16
330.235
330.198
330.147
330.175
330.193
330.1
330.132
330.208
330.114
330.184
330.25
330.269
330.212
330.245
330.208
330.189
330.174
330.184
330.221
330.259
330.16
330.235
330.198
330.242
330.307
330.288
330.232
330.303
330.227
330.246
330.242
330.307
330.288
330.232
330.303
330.227
330.246
330.232
330.203
330.278
330.278
330.293
330.217
330.217
330.147
330.175
330.1
330.193
330.132
330.114
330.208
330.184
330.25
330.212
330.269
330.189
330.208
330.245
330.174
330.184
330.221
330.259
330.16
330.198
330.235
330.147
330.175
330.1
330.193
330.132
330.114
330.208
330.184
330.25
330.212
330.269
330.208
330.189
330.245
330.174
330.184
330.221
330.259
330.16
330.198
330.236
330.242
330.307
330.232
330.288
330.246
330.227
330.303
330.242
330.307
330.232
330.288
330.227
330.246
330.303
330.232
330.203
330.278
330.278
330.217
330.217
330.293
330.147
330.175
330.1
330.193
330.132
330.114
330.208
330.184
330.25
330.212
330.269
330.189
330.208
330.245
330.174
330.184
330.221
330.259
330.16
330.198
330.235
330.147
330.175
330.1
330.193
330.132
330.114
330.208
330.184
330.25
330.212
330.269
330.208
330.189
330.245
330.174
330.184
330.221
330.259
330.16
330.198
330.235
330.242
330.307
330.232
330.288
330.246
330.227
330.303
330.242
330.307
330.232
330.288
330.227
330.246
330.303
330.232
330.203
330.278
330.278
330.217
330.217
330.293
330.147
330.175
330.1
330.193
330.132
330.114
330.208
330.184
330.25
330.212
330.269
330.189
330.208
330.245
330.174
330.184
330.221
330.259
330.16
330.198
330.236
330.147
330.175
330.1
330.193
330.132
330.114
330.208
330.184
330.25
330.212
330.269
330.189
330.208
330.245
330.174
330.184
330.221
330.259
330.16
330.198
330.235
330.242
330.307
330.232
330.288
330.246
330.227
330.303
330.242
330.307
330.232
330.288
330.246
330.227
330.303
330.232
330.203
330.278
330.278
330.217
330.217
330.293
329.772
329.804
329.882
329.789
329.82
329.834
329.741
329.751
329.767
329.835
329.726
329.813
329.773
329.704
329.798
329.869
329.908
329.883
329.846
329.86
329.82
330.038
330.139
330.085
330.063
330.024
330.099
330.077
330.004
330.071
330.02
329.963
330.066
329.959
330.009
329.995
329.936
330.043
330.011
329.981
330.057
329.949
329.804
329.82
329.853
329.744
329.866
329.791
329.757
329.861
329.928
329.972
329.914
329.923
329.91
329.866
329.852
329.887
329.901
329.962
329.914
329.838
329.901
329.552
329.587
329.492
329.59
329.522
329.523
329.616
329.617
329.723
329.681
329.702
329.659
329.639
329.681
329.578
329.569
329.615
329.663
329.548
329.599
329.642
329.669
329.775
329.699
329.72
329.712
329.656
329.733
329.639
329.707
329.613
329.675
329.608
329.643
329.703
329.63
329.586
329.681
329.667
329.617
329.6
329.694
330.038
330.139
330.063
330.085
330.024
330.077
330.099
330.004
330.071
329.963
330.02
330.009
329.959
330.066
329.995
329.936
330.043
330.011
329.981
329.949
330.057
329.772
329.804
329.789
329.882
329.82
329.741
329.834
329.751
329.767
329.726
329.835
329.773
329.704
329.813
329.798
329.869
329.908
329.883
329.846
329.82
329.86
329.861
329.928
329.914
329.972
329.866
329.91
329.923
329.804
329.82
329.744
329.853
329.791
329.757
329.866
329.852
329.887
329.962
329.901
329.901
329.838
329.914
329.552
329.587
329.492
329.589
329.522
329.523
329.616
329.617
329.723
329.681
329.702
329.659
329.639
329.681
329.578
329.569
329.615
329.663
329.548
329.599
329.642
329.639
329.707
329.613
329.675
329.643
329.608
329.703
329.669
329.775
329.699
329.72
329.712
329.656
329.733
329.63
329.586
329.667
329.681
329.6
329.617
329.694
329.452
329.553
329.489
329.459
329.422
329.516
329.489
329.45
329.555
329.47
329.448
329.514
329.406
329.492
329.411
329.337
329.449
329.431
329.381
329.475
329.367
329.31
329.417
329.423
329.401
329.374
329.359
329.353
329.212
329.224
329.248
329.125
329.277
329.18
329.159
329.268
329.289
329.384
329.304
329.333
329.319
329.237
329.669
329.769
329.754
329.779
329.716
329.707
329.731
329.582
329.599
329.492
329.601
329.536
329.538
329.645
329.628
329.632
329.738
329.647
329.676
329.585
329.691
329.669
329.769
329.754
329.779
329.716
329.707
329.731
329.582
329.599
329.492
329.601
329.538
329.536
329.645
329.628
329.632
329.738
329.647
329.676
329.585
329.691
329.444
329.461
329.446
329.554
329.398
329.491
329.507
329.444
329.461
329.446
329.554
329.491
329.398
329.507
329.491
329.584
329.6
329.6
329.538
329.538
329.553
329.062
329.173
329.074
329.092
329.108
329.025
329.127
329.062
329.173
329.074
329.092
329.025
329.108
329.127
329.023
328.849
329.041
329.041
328.971
328.971
329.089
329.452
329.553
329.459
329.489
329.422
329.489
329.516
329.45
329.555
329.448
329.47
329.492
329.406
329.514
329.411
329.337
329.449
329.431
329.381
329.367
329.475
329.31
329.417
329.401
329.423
329.353
329.359
329.374
329.212
329.224
329.125
329.248
329.159
329.18
329.277
329.268
329.289
329.384
329.304
329.319
329.237
329.333
330.038
330.139
330.085
330.063
330.024
330.099
330.077
330.004
330.071
330.02
329.963
330.066
329.959
330.009
329.995
329.936
330.043
330.011
329.981
330.057
329.949
329.772
329.804
329.882
329.789
329.82
329.834
329.741
329.751
329.767
329.835
329.726
329.813
329.773
329.704
329.798
329.869
329.908
329.882
329.846
329.86
329.82
329.861
329.928
329.972
329.914
329.923
329.91
329.866
329.804
329.82
329.853
329.744
329.866
329.791
329.757
329.852
329.887
329.962
329.901
329.914
329.901
329.838
330.038
330.139
330.063
330.085
330.024
330.077
330.099
330.004
330.071
329.963
330.02
330.009
329.959
330.066
329.995
329.936
330.043
330.011
329.981
329.949
330.057
329.772
329.804
329.789
329.882
329.82
329.741
329.834
329.75
329.767
329.726
329.835
329.773
329.704
329.813
329.798
329.869
329.908
329.882
329.846
329.82
329.86
329.861
329.928
329.914
329.972
329.866
329.91
329.923
329.804
329.82
329.744
329.853
329.791
329.757
329.866
329.852
329.887
329.962
329.901
329.901
329.838
329.914
329.552
329.587
329.492
329.589
329.522
329.522
329.616
329.617
329.722
329.681
329.702
329.659
329.639
329.681
329.578
329.569
329.615
329.663
329.548
329.599
329.642
329.669
329.775
329.699
329.72
329.712
329.656
329.733
329.639
329.707
329.613
329.675
329.608
329.643
329.703
329.63
329.586
329.681
329.667
329.617
329.599
329.694
329.552
329.587
329.492
329.589
329.522
329.522
329.616
329.617
329.722
329.681
329.702
329.659
329.639
329.681
329.578
329.569
329.615
329.663
329.547
329.599
329.642
329.669
329.775
329.699
329.72
329.712
329.656
329.733
329.639
329.707
329.613
329.675
329.643
329.608
329.703
329.63
329.586
329.681
329.667
329.617
329.599
329.694
329.669
329.769
329.779
329.754
329.716
329.731
329.707
329.582
329.599
329.601
329.492
329.645
329.538
329.536
329.628
329.632
329.738
329.647
329.676
329.691
329.585
329.669
329.769
329.779
329.754
329.716
329.731
329.707
329.582
329.599
329.601
329.492
329.645
329.538
329.536
329.628
329.632
329.738
329.647
329.676
329.691
329.585
329.444
329.461
329.554
329.446
329.507
329.491
329.398
329.444
329.461
329.554
329.445
329.507
329.491
329.398
329.491
329.584
329.6
329.6
329.553
329.538
329.538
329.452
329.553
329.459
329.489
329.422
329.489
329.516
329.45
329.555
329.448
329.47
329.492
329.406
329.514
329.411
329.337
329.449
329.432
329.381
329.367
329.475
329.31
329.417
329.401
329.423
329.353
329.359
329.374
329.212
329.224
329.125
329.248
329.18
329.159
329.277
329.269
329.29
329.384
329.305
329.32
329.237
329.333
329.452
329.553
329.459
329.489
329.422
329.489
329.516
329.45
329.555
329.448
329.47
329.492
329.406
329.514
329.411
329.336
329.448
329.431
329.381
329.367
329.475
329.309
329.417
329.401
329.423
329.353
329.359
329.374
329.212
329.224
329.125
329.247
329.179
329.159
329.277
329.268
329.289
329.384
329.304
329.319
329.236
329.333
329.062
329.173
329.074
329.092
329.108
329.025
329.128
329.062
329.173
329.074
329.092
329.108
329.025
329.127
329.023
328.849
329.041
329.041
328.971
328.971
329.089
329.639
329.586
329.649
329.649
329.615
329.615
329.672
329.603
329.547
329.538
329.538
329.565
329.579
329.579
329.728
329.683
329.68
329.68
329.702
329.708
329.708
329.752
329.708
329.753
329.753
329.773
329.732
329.732
329.431
329.347
329.347
329.353
329.381
329.4
329.4
329.479
329.407
329.496
329.496
329.449
329.449
329.523
329.272
329.292
329.166
329.292
329.328
329.233
329.233
329.214
329.095
329.107
329.107
329.153
329.172
329.172
329.639
329.586
329.649
329.649
329.615
329.615
329.672
329.603
329.547
329.538
329.538
329.565
329.579
329.579
329.729
329.68
329.68
329.683
329.702
329.708
329.708
329.752
329.708
329.753
329.753
329.732
329.732
329.773
329.431
329.347
329.347
329.353
329.381
329.4
329.4
329.479
329.407
329.496
329.496
329.449
329.449
329.523
329.272
329.292
329.166
329.292
329.328
329.233
329.233
329.214
329.095
329.107
329.107
329.153
329.172
329.172
329.639
329.586
329.649
329.649
329.615
329.615
329.672
329.603
329.547
329.538
329.538
329.565
329.579
329.579
329.728
329.68
329.68
329.683
329.702
329.708
329.708
329.752
329.708
329.753
329.753
329.732
329.732
329.773
329.431
329.347
329.347
329.353
329.381
329.4
329.4
329.479
329.407
329.496
329.496
329.449
329.449
329.523
329.272
329.166
329.292
329.292
329.328
329.233
329.233
329.214
329.095
329.107
329.107
329.153
329.172
329.172
329.639
329.586
329.649
329.649
329.615
329.615
329.672
329.603
329.547
329.538
329.538
329.565
329.579
329.579
329.729
329.68
329.68
329.683
329.702
329.708
329.708
329.752
329.708
329.753
329.753
329.732
329.732
329.773
330.053
330.032
330.093
330.083
330.05
330.035
330.097
330.001
329.985
329.954
329.938
329.957
329.997
329.987
330.186
330.169
330.143
330.128
330.146
330.182
330.172
330.228
330.208
330.259
330.249
330.263
330.226
330.212
330.053
330.032
330.093
330.083
330.051
330.036
330.097
330.002
329.985
329.954
329.938
329.957
329.998
329.987
330.186
330.17
330.143
330.129
330.146
330.182
330.172
330.229
330.209
330.259
330.249
330.263
330.226
330.212
330.403
330.385
330.388
330.375
330.399
330.388
330.391
330.412
330.394
330.413
330.401
330.416
330.409
330.396
330.353
330.333
330.369
330.358
330.372
330.35
330.336
330.325
330.308
330.295
330.281
330.298
330.322
330.311
329.837
329.811
329.811
329.794
329.833
329.814
329.814
329.87
329.845
329.902
329.89
329.907
329.867
329.848
329.87
329.846
329.902
329.891
329.867
329.848
329.907
329.818
329.806
329.777
329.806
329.827
329.798
329.798
329.806
329.765
329.771
329.771
329.791
329.786
329.786
330.053
330.032
330.093
330.083
330.051
330.036
330.097
330.002
329.985
329.954
329.938
329.957
329.998
329.987
330.186
330.143
330.129
330.17
330.146
330.182
330.172
330.229
330.209
330.259
330.249
330.226
330.212
330.263
330.403
330.385
330.388
330.375
330.4
330.388
330.391
330.412
330.394
330.413
330.401
330.416
330.409
330.396
330.353
330.333
330.369
330.358
330.372
330.35
330.336
330.325
330.308
330.295
330.281
330.298
330.322
330.311
330.403
330.388
330.385
330.375
330.4
330.391
330.388
330.412
330.394
330.413
330.401
330.409
330.397
330.416
330.353
330.369
330.333
330.358
330.373
330.35
330.336
330.326
330.309
330.295
330.281
330.298
330.322
330.311
330.403
330.385
330.388
330.375
330.4
330.388
330.391
330.412
330.394
330.413
330.401
330.416
330.409
330.397
330.353
330.369
330.358
330.333
330.373
330.35
330.336
330.326
330.309
330.295
330.281
330.322
330.311
330.298
329.837
329.811
329.811
329.794
329.833
329.814
329.814
329.87
329.846
329.902
329.891
329.907
329.867
329.848
329.87
329.846
329.902
329.891
329.867
329.848
329.907
329.818
329.806
329.777
329.806
329.827
329.798
329.798
329.806
329.765
329.771
329.771
329.791
329.786
329.786
330.053
330.093
330.032
330.083
330.051
330.097
330.035
330.002
329.985
329.954
329.938
329.957
329.997
329.987
330.186
330.143
330.129
330.17
330.146
330.182
330.172
330.229
330.209
330.259
330.249
330.226
330.212
330.263
330.403
330.388
330.385
330.375
330.4
330.391
330.388
330.412
330.394
330.413
330.401
330.409
330.396
330.416
330.353
330.369
330.333
330.358
330.372
330.35
330.336
330.325
330.308
330.295
330.281
330.298
330.322
330.311
330.403
330.388
330.385
330.375
330.4
330.391
330.388
330.412
330.394
330.413
330.401
330.416
330.409
330.396
330.353
330.369
330.358
330.333
330.372
330.35
330.336
330.325
330.308
330.295
330.281
330.322
330.311
330.298
330.053
330.093
330.032
330.083
330.051
330.097
330.036
330.002
329.985
329.954
329.938
329.998
329.987
329.957
330.186
330.143
330.17
330.129
330.146
330.182
330.172
330.229
330.209
330.259
330.249
330.263
330.226
330.212
330.053
330.093
330.032
330.083
330.05
330.097
330.035
330.001
329.985
329.954
329.938
329.997
329.987
329.957
330.186
330.143
330.169
330.128
330.146
330.182
330.172
330.228
330.209
330.259
330.249
330.263
330.226
330.212
329.837
329.811
329.811
329.794
329.833
329.814
329.814
329.87
329.846
329.902
329.891
329.907
329.867
329.848
329.87
329.846
329.902
329.891
329.907
329.867
329.848
329.818
329.777
329.806
329.806
329.827
329.798
329.798
329.806
329.765
329.771
329.771
329.791
329.786
329.786
330.791
330.642
330.821
330.821
330.716
330.716
330.896
330.791
330.642
330.821
330.821
330.716
330.716
330.896
330.791
330.642
330.821
330.821
330.716
330.716
330.896
330.791
330.642
330.821
330.821
330.716
330.716
330.896
)
;

boundaryField
{
    chip
    {
        type            zeroGradient;
    }
    chip_to_dbc_cu_top
    {
        type            compressible::turbulentTemperatureRadCoupledMixed;
        refValue        nonuniform List<scalar> 
1600
(
306.219
306.368
306.293
306.293
306.406
306.429
306.353
306.483
306.406
306.429
306.353
306.483
306.219
306.368
306.293
306.293
306.406
306.429
306.353
306.483
306.406
306.429
306.483
306.353
306.602
306.491
306.546
306.546
306.602
306.491
306.546
306.546
306.602
306.491
306.546
306.546
306.602
306.491
306.546
306.546
306.406
306.429
306.353
306.483
306.406
306.429
306.483
306.353
306.219
306.368
306.293
306.293
306.406
306.429
306.483
306.353
306.406
306.429
306.483
306.353
306.219
306.368
306.293
306.293
304.232
304.586
304.402
304.402
305.09
305.37
305.31
305.147
304.654
304.722
304.533
304.852
305.09
305.37
305.31
305.147
304.654
304.722
304.533
304.852
305.648
305.548
305.486
305.713
305.648
305.548
305.486
305.713
305.151
304.872
305.008
305.008
305.234
305.418
305.193
305.461
305.349
305.587
305.355
305.581
305.234
305.418
305.461
305.193
305.349
305.587
305.355
305.581
305.813
305.599
305.766
305.644
306.553
306.64
306.56
306.632
305.941
305.775
305.768
305.948
305.813
305.599
305.644
305.766
306.553
306.64
306.56
306.632
305.941
305.775
305.768
305.948
305.09
305.37
305.147
305.31
304.654
304.722
304.533
304.852
304.232
304.586
304.402
304.402
305.648
305.548
305.713
305.486
305.648
305.548
305.486
305.713
305.151
304.872
305.008
305.008
305.09
305.37
305.31
305.147
304.654
304.722
304.533
304.852
305.234
305.418
305.193
305.461
305.349
305.587
305.581
305.355
305.813
305.599
305.766
305.644
306.553
306.64
306.56
306.632
305.941
305.775
305.768
305.948
305.234
305.418
305.461
305.193
305.349
305.587
305.355
305.581
306.553
306.64
306.56
306.632
305.813
305.599
305.644
305.766
305.941
305.775
305.948
305.768
306.755
306.705
306.698
306.763
306.755
306.705
306.698
306.763
306.915
306.931
306.923
306.923
306.755
306.705
306.698
306.763
306.755
306.705
306.763
306.698
306.915
306.931
306.923
306.923
306.755
306.705
306.698
306.763
306.755
306.705
306.763
306.698
306.915
306.931
306.923
306.923
306.755
306.705
306.763
306.698
306.755
306.705
306.763
306.698
306.915
306.931
306.923
306.923
305.813
305.599
305.766
305.644
306.553
306.64
306.632
306.56
305.941
305.775
305.768
305.948
305.234
305.418
305.193
305.461
305.349
305.587
305.581
305.355
306.553
306.64
306.632
306.56
305.813
305.599
305.644
305.766
305.941
305.775
305.948
305.768
305.234
305.418
305.461
305.193
305.349
305.587
305.355
305.581
305.09
305.37
305.147
305.31
304.654
304.722
304.852
304.533
305.648
305.548
305.713
305.486
305.648
305.548
305.486
305.713
305.151
304.872
305.008
305.008
304.232
304.586
304.402
304.402
305.09
305.37
305.31
305.147
304.654
304.722
304.852
304.533
306.553
306.64
306.632
306.56
305.813
305.599
305.766
305.644
305.941
305.775
305.948
305.768
306.553
306.64
306.632
306.56
305.813
305.599
305.644
305.766
305.941
305.775
305.948
305.768
305.234
305.418
305.193
305.461
305.349
305.587
305.581
305.355
305.234
305.418
305.461
305.193
305.349
305.587
305.581
305.355
305.648
305.548
305.713
305.486
305.648
305.548
305.713
305.486
305.151
304.872
305.008
305.008
305.09
305.37
305.147
305.31
304.654
304.722
304.852
304.533
305.09
305.37
305.147
305.31
304.654
304.722
304.852
304.533
304.232
304.586
304.402
304.402
306.048
305.857
305.951
305.951
306.132
306.104
306.204
306.034
306.132
306.104
306.204
306.034
306.36
306.292
306.256
306.396
306.316
306.162
306.264
306.213
306.451
306.567
306.529
306.488
306.36
306.292
306.256
306.396
306.316
306.162
306.264
306.213
306.451
306.567
306.529
306.488
306.048
305.857
305.951
305.951
306.132
306.104
306.204
306.034
306.132
306.104
306.204
306.034
306.36
306.292
306.256
306.396
306.316
306.162
306.264
306.213
306.451
306.567
306.529
306.488
306.36
306.292
306.396
306.256
306.451
306.567
306.529
306.488
306.316
306.162
306.264
306.213
306.697
306.776
306.736
306.736
306.649
306.631
306.593
306.688
306.649
306.631
306.593
306.688
306.697
306.776
306.736
306.736
306.649
306.631
306.593
306.688
306.649
306.631
306.593
306.688
306.697
306.776
306.736
306.736
306.649
306.631
306.593
306.688
306.649
306.631
306.593
306.688
306.697
306.776
306.736
306.736
306.649
306.631
306.593
306.688
306.649
306.631
306.593
306.688
306.36
306.292
306.256
306.396
306.316
306.162
306.264
306.213
306.451
306.567
306.529
306.488
306.36
306.292
306.396
306.256
306.451
306.567
306.529
306.488
306.316
306.162
306.264
306.213
306.048
305.857
305.951
305.951
306.132
306.104
306.204
306.034
306.132
306.104
306.204
306.034
306.36
306.292
306.396
306.256
306.451
306.567
306.529
306.488
306.316
306.162
306.264
306.213
306.36
306.292
306.396
306.256
306.451
306.567
306.529
306.488
306.316
306.162
306.264
306.213
306.048
305.857
305.951
305.951
306.132
306.104
306.204
306.034
306.132
306.104
306.204
306.034
303.839
303.38
303.566
303.566
304.02
303.881
303.751
304.18
304.02
303.881
303.751
304.18
304.767
304.371
304.432
304.694
304.828
304.542
304.496
304.882
305.023
305.161
304.948
305.24
304.522
304.288
304.211
304.615
304.421
304.009
304.304
304.106
304.768
305.075
304.865
304.971
304.767
304.371
304.432
304.694
304.828
304.542
304.496
304.882
305.023
305.161
304.948
305.24
304.522
304.288
304.211
304.615
304.421
304.009
304.304
304.106
304.768
305.075
304.865
304.971
305.717
305.751
305.843
305.628
305.796
305.993
305.924
305.862
305.573
305.331
305.413
305.487
305.717
305.751
305.843
305.628
305.796
305.993
305.924
305.862
305.573
305.331
305.413
305.487
305.414
305.65
305.53
305.53
305.278
305.238
305.131
305.391
305.278
305.238
305.131
305.391
305
304.682
304.658
305.028
304.967
304.59
304.623
304.927
305.27
305.528
305.299
305.498
305.066
304.705
304.719
305.049
305.076
304.735
304.73
305.082
305.338
305.552
305.321
305.569
305
304.682
304.658
305.028
304.967
304.59
304.623
304.927
305.27
305.528
305.299
305.498
305.066
304.705
304.719
305.049
305.076
304.735
305.082
304.73
305.338
305.552
305.321
305.569
306.006
306.175
306.141
306.04
305.965
306.049
306.098
305.917
305.852
305.713
305.682
305.884
306.445
306.319
306.424
306.34
306.538
306.596
306.517
306.618
306.46
306.361
306.354
306.467
306.085
306.202
306.065
306.222
305.929
305.738
305.756
305.91
306.098
306.242
306.236
306.105
306.006
306.175
306.141
306.04
305.965
306.049
306.098
305.917
305.852
305.713
305.682
305.884
306.445
306.319
306.424
306.34
306.538
306.596
306.517
306.618
306.46
306.361
306.467
306.354
306.085
306.202
306.065
306.222
305.929
305.738
305.756
305.91
306.098
306.242
306.105
306.236
304.767
304.371
304.432
304.694
304.828
304.542
304.496
304.882
305.023
305.161
304.948
305.24
304.522
304.288
304.211
304.615
304.421
304.009
304.106
304.304
304.768
305.075
304.865
304.971
303.839
303.38
303.566
303.566
304.02
303.881
304.18
303.751
304.02
303.881
303.751
304.18
305.717
305.751
305.843
305.628
305.796
305.993
305.924
305.862
305.573
305.331
305.413
305.487
305.717
305.751
305.843
305.628
305.796
305.993
305.924
305.862
305.573
305.331
305.487
305.413
305.414
305.65
305.53
305.53
305.278
305.238
305.131
305.391
305.278
305.238
305.391
305.131
304.767
304.371
304.432
304.694
304.828
304.542
304.496
304.882
305.023
305.161
305.24
304.948
304.522
304.288
304.211
304.615
304.421
304.009
304.304
304.106
304.768
305.075
304.971
304.865
305
304.682
304.658
305.028
304.967
304.59
304.623
304.927
305.27
305.528
305.299
305.498
305.066
304.705
305.049
304.719
305.338
305.552
305.321
305.569
305.076
304.735
304.73
305.082
306.006
306.175
306.141
306.04
305.965
306.049
306.098
305.917
305.852
305.713
305.682
305.885
306.445
306.319
306.424
306.34
306.538
306.596
306.517
306.618
306.46
306.361
306.354
306.467
306.085
306.202
306.065
306.222
305.929
305.738
305.756
305.91
306.098
306.242
306.236
306.105
305
304.682
304.658
305.028
304.967
304.59
304.623
304.927
305.27
305.528
305.299
305.498
305.066
304.705
304.719
305.049
305.076
304.735
305.082
304.73
305.338
305.552
305.321
305.569
306.445
306.319
306.424
306.34
306.538
306.596
306.517
306.618
306.46
306.361
306.467
306.354
306.006
306.175
306.141
306.04
305.965
306.049
306.098
305.917
305.852
305.713
305.682
305.884
306.085
306.202
306.222
306.065
306.098
306.242
306.105
306.236
305.929
305.738
305.756
305.91
306.789
306.806
306.766
306.829
306.74
306.661
306.718
306.683
306.805
306.852
306.845
306.812
306.789
306.806
306.766
306.829
306.74
306.661
306.718
306.683
306.805
306.852
306.845
306.812
306.884
306.837
306.86
306.86
306.899
306.884
306.876
306.907
306.899
306.884
306.876
306.907
306.789
306.806
306.766
306.829
306.74
306.661
306.718
306.683
306.805
306.852
306.812
306.845
306.789
306.806
306.767
306.829
306.74
306.661
306.718
306.683
306.805
306.852
306.845
306.812
306.884
306.837
306.86
306.86
306.899
306.884
306.907
306.876
306.899
306.884
306.876
306.907
306.789
306.806
306.766
306.829
306.74
306.661
306.718
306.683
306.805
306.852
306.812
306.845
306.789
306.806
306.766
306.829
306.74
306.661
306.718
306.683
306.805
306.852
306.845
306.812
306.884
306.837
306.86
306.86
306.899
306.884
306.907
306.876
306.899
306.884
306.876
306.907
306.789
306.806
306.767
306.829
306.74
306.661
306.718
306.683
306.805
306.852
306.812
306.845
306.789
306.806
306.767
306.829
306.74
306.661
306.718
306.683
306.805
306.852
306.812
306.845
306.884
306.837
306.86
306.86
306.899
306.884
306.907
306.876
306.899
306.884
306.907
306.876
306.006
306.175
306.141
306.04
305.965
306.049
306.098
305.917
305.852
305.713
305.885
305.682
306.445
306.319
306.424
306.34
306.538
306.596
306.517
306.618
306.46
306.361
306.354
306.467
306.085
306.202
306.065
306.222
305.929
305.738
305.91
305.756
306.098
306.242
306.236
306.105
305
304.682
304.658
305.028
304.967
304.59
304.623
304.927
305.27
305.528
305.498
305.299
305.066
304.705
305.049
304.719
305.338
305.552
305.569
305.321
305.076
304.735
304.73
305.082
306.445
306.319
306.424
306.34
306.538
306.596
306.517
306.618
306.46
306.361
306.467
306.354
306.006
306.175
306.141
306.04
305.965
306.049
306.098
305.917
305.852
305.713
305.885
305.682
306.085
306.202
306.222
306.065
306.098
306.242
306.105
306.236
305.929
305.738
305.91
305.756
305
304.682
304.658
305.028
304.967
304.59
304.623
304.927
305.27
305.528
305.498
305.299
305.066
304.705
304.719
305.049
305.076
304.735
305.082
304.73
305.338
305.552
305.569
305.321
304.767
304.371
304.432
304.694
304.828
304.542
304.496
304.882
305.023
305.161
304.948
305.24
304.522
304.288
304.615
304.211
304.768
305.075
304.865
304.971
304.421
304.009
304.106
304.304
305.717
305.751
305.843
305.628
305.796
305.993
305.924
305.862
305.573
305.331
305.413
305.487
305.717
305.751
305.843
305.628
305.796
305.993
305.924
305.862
305.573
305.331
305.487
305.413
305.414
305.65
305.53
305.53
305.278
305.238
305.131
305.391
305.278
305.238
305.391
305.131
303.839
303.38
303.566
303.566
304.02
303.881
304.18
303.751
304.02
303.881
303.751
304.18
304.767
304.371
304.432
304.694
304.828
304.542
304.496
304.882
305.023
305.161
305.24
304.948
304.522
304.288
304.615
304.211
304.768
305.075
304.971
304.865
304.421
304.009
304.304
304.106
306.445
306.319
306.424
306.34
306.538
306.596
306.517
306.618
306.46
306.361
306.354
306.467
306.006
306.175
306.141
306.04
305.965
306.049
306.098
305.917
305.852
305.713
305.884
305.682
306.085
306.202
306.222
306.065
306.098
306.242
306.236
306.105
305.929
305.738
305.91
305.756
306.445
306.319
306.424
306.34
306.538
306.596
306.517
306.618
306.46
306.361
306.467
306.354
306.006
306.175
306.141
306.04
305.965
306.049
306.098
305.917
305.852
305.713
305.884
305.682
306.085
306.202
306.222
306.065
306.098
306.242
306.105
306.236
305.929
305.738
305.91
305.756
305
304.682
304.658
305.028
304.967
304.59
304.623
304.927
305.27
305.528
305.498
305.299
305.066
304.705
305.049
304.719
305.338
305.552
305.569
305.321
305.076
304.735
304.73
305.082
305
304.682
304.658
305.028
304.967
304.59
304.623
304.927
305.27
305.528
305.498
305.299
305.066
304.705
305.049
304.719
305.338
305.552
305.569
305.321
305.076
304.735
305.082
304.73
305.717
305.751
305.843
305.628
305.796
305.993
305.924
305.862
305.573
305.331
305.487
305.413
305.717
305.751
305.843
305.628
305.796
305.993
305.924
305.862
305.573
305.331
305.487
305.413
305.414
305.65
305.53
305.53
305.278
305.238
305.391
305.131
305.278
305.238
305.391
305.131
304.767
304.371
304.432
304.694
304.828
304.542
304.496
304.882
305.023
305.161
305.24
304.948
304.522
304.288
304.615
304.211
304.768
305.075
304.971
304.865
304.421
304.009
304.106
304.304
304.767
304.371
304.432
304.694
304.828
304.542
304.496
304.882
305.023
305.161
305.24
304.948
304.522
304.288
304.615
304.211
304.768
305.075
304.971
304.865
304.421
304.009
304.106
304.304
303.839
303.38
303.566
303.566
304.02
303.881
304.18
303.751
304.02
303.881
304.18
303.751
)
;
        refGradient     uniform 0;
        valueFraction   nonuniform List<scalar> 
1600
(
0.00136353
0.00136353
0.00136353
0.00136353
0.00136353
0.00136353
0.00136353
0.00136353
0.00136353
0.00136353
0.00136353
0.00136353
0.00136353
0.00136353
0.00136353
0.00136353
0.00136353
0.00136353
0.00136353
0.00136353
0.00136353
0.00136353
0.00136353
0.00136353
0.00136353
0.00136353
0.00136353
0.00136353
0.00136353
0.00136353
0.00136353
0.00136353
0.00136353
0.00136353
0.00136353
0.00136353
0.00136353
0.00136353
0.00136353
0.00136353
0.00136353
0.00136353
0.00136353
0.00136353
0.00136353
0.00136353
0.00136353
0.00136353
0.00136353
0.00136353
0.00136353
0.00136353
0.00136353
0.00136353
0.00136353
0.00136353
0.00136353
0.00136353
0.00136353
0.00136353
0.00136353
0.00136353
0.00136353
0.00136353
0.00136353
0.00136353
0.00136353
0.00136353
0.00136353
0.00136353
0.00136353
0.00136353
0.00136353
0.00136353
0.00136353
0.00136353
0.00136353
0.00136353
0.00136353
0.00136353
0.00136353
0.00136353
0.00136353
0.00136353
0.00136353
0.00136353
0.00136353
0.00136353
0.00136353
0.00136353
0.00136353
0.00136353
0.00136353
0.00136353
0.00136353
0.00136353
0.00136353
0.00136353
0.00136353
0.00136353
0.00136353
0.00136353
0.00136353
0.00136353
0.00136353
0.00136353
0.00136353
0.00136353
0.00136353
0.00136353
0.00136353
0.00136353
0.00136353
0.00136353
0.00136353
0.00136353
0.00136353
0.00136353
0.00136353
0.00136353
0.00136353
0.00136353
0.00136353
0.00136353
0.00136353
0.00136353
0.00136353
0.00136353
0.00136353
0.00136353
0.00136353
0.00136353
0.00136353
0.00136353
0.00136353
0.00136353
0.00136353
0.00136353
0.00136353
0.00136353
0.00136353
0.00136353
0.00136353
0.00136353
0.00136353
0.00136353
0.00136353
0.00136353
0.00136353
0.00136353
0.00136353
0.00136353
0.00136353
0.00136353
0.00136353
0.00136353
0.00136353
0.00136353
0.00136353
0.00136353
0.00136353
0.00136353
0.00136353
0.00136353
0.00136353
0.00136353
0.00136353
0.00136353
0.00136353
0.00136353
0.00136353
0.00136353
0.00136353
0.00136353
0.00136353
0.00136353
0.00136353
0.00136353
0.00136353
0.00136353
0.00136353
0.00136353
0.00136353
0.00136353
0.00136353
0.00136353
0.00136353
0.00136353
0.00136353
0.00136353
0.00136353
0.00136353
0.00136353
0.00136353
0.00136353
0.00136353
0.00136353
0.00136353
0.00136353
0.00136353
0.00136353
0.00136353
0.00136353
0.00136353
0.00136353
0.00136353
0.00136353
0.00136353
0.00136353
0.00136353
0.00136353
0.00136353
0.00136353
0.00136353
0.00136353
0.00136353
0.00136353
0.00136353
0.00136353
0.00136353
0.00136353
0.00136353
0.00136353
0.00136353
0.00136353
0.00136353
0.00136353
0.00136353
0.00136353
0.00136353
0.00136353
0.00136353
0.00136353
0.00136353
0.00136353
0.00136353
0.00136353
0.00136353
0.00136353
0.00136353
0.00136353
0.00136353
0.00136353
0.00136353
0.00136353
0.00136353
0.00136353
0.00136353
0.00136353
0.00136353
0.00136353
0.00136353
0.00136353
0.00136353
0.00136353
0.00136353
0.00136353
0.00136353
0.00136353
0.00136353
0.00136353
0.00136353
0.00136353
0.00136353
0.00136353
0.00136353
0.00136353
0.00136353
0.00136353
0.00136353
0.00136353
0.00136353
0.00136353
0.00136353
0.00136353
0.00136353
0.00136353
0.00136353
0.00136353
0.00136353
0.00136353
0.00136353
0.00136353
0.00136353
0.00136353
0.00136353
0.00136353
0.00136353
0.00136353
0.00136353
0.00136353
0.00136353
0.00136353
0.00136353
0.00136353
0.00136353
0.00136353
0.00136353
0.00136353
0.00136353
0.00136353
0.00136353
0.00136353
0.00136353
0.00136353
0.00136353
0.00136353
0.00136353
0.00136353
0.00136353
0.00136353
0.00136353
0.00136353
0.00136353
0.00136353
0.00136353
0.00136353
0.00136353
0.00136353
0.00136353
0.00136353
0.00136353
0.00136353
0.00136353
0.00136353
0.00136353
0.00136353
0.00136353
0.00136353
0.00136353
0.00136353
0.00136353
0.00136353
0.00136353
0.00136353
0.00136353
0.00136353
0.00136353
0.00136353
0.00136353
0.00136353
0.00136353
0.00136353
0.00136353
0.00136353
0.00136353
0.00136353
0.00136353
0.00136353
0.00136353
0.00136353
0.00136353
0.00136353
0.00136353
0.00136353
0.00136353
0.00136353
0.00136353
0.00136353
0.00136353
0.00136353
0.00136353
0.00136353
0.00136353
0.00136353
0.00136353
0.00136353
0.00136353
0.00136353
0.00136353
0.00136353
0.00136353
0.00136353
0.00136353
0.00136353
0.00136353
0.00136353
0.00136353
0.00136353
0.00136353
0.00136353
0.00136353
0.00136353
0.00136353
0.00136353
0.00136353
0.00136353
0.00136353
0.00136353
0.00136353
0.00136353
0.00136353
0.00136353
0.00136353
0.00136353
0.00136353
0.00136353
0.00136353
0.00136353
0.00136353
0.00136353
0.00136353
0.00136353
0.00136353
0.00136353
0.00136353
0.00136353
0.00136353
0.00136353
0.00136353
0.00136353
0.00136353
0.00136353
0.00136353
0.00136353
0.00136353
0.00136353
0.00136353
0.00136353
0.00136353
0.00136353
0.00136353
0.00136353
0.00136353
0.00136353
0.00136353
0.00136353
0.00136353
0.00136353
0.00136353
0.00136353
0.00136353
0.00136353
0.00136353
0.00136353
0.00136353
0.00136353
0.00136353
0.00136353
0.00136353
0.00136353
0.00136353
0.00136353
0.00136353
0.00136353
0.00136353
0.00136353
0.00136353
0.00136353
0.00136353
0.00136353
0.00136353
0.00136353
0.00136353
0.00136353
0.00136353
0.00136353
0.00136353
0.00136353
0.00136353
0.00136353
0.00136353
0.00136353
0.00136353
0.00136353
0.00136353
0.00136353
0.00136353
0.00136353
0.00136353
0.00136353
0.00136353
0.00136353
0.00136353
0.00136353
0.00136353
0.00136353
0.00136353
0.00136353
0.00136353
0.00136353
0.00136353
0.00136353
0.00136353
0.00136353
0.00136353
0.00136353
0.00136353
0.00136353
0.00136353
0.00136353
0.00136353
0.00136353
0.00136353
0.00136353
0.00136353
0.00136353
0.00136353
0.00136353
0.00136353
0.00136353
0.00136353
0.00136353
0.00136353
0.00136353
0.00136353
0.00136353
0.00136353
0.00136353
0.00136353
0.00136353
0.00136353
0.00136353
0.00136353
0.00136353
0.00136353
0.00136353
0.00136353
0.00136353
0.00136353
0.00136353
0.00136353
0.00136353
0.00136353
0.00136353
0.00136353
0.00136353
0.00136353
0.00136353
0.00136353
0.00136353
0.00136353
0.00136353
0.00136353
0.00136353
0.00136353
0.00136353
0.00136353
0.00136353
0.00136353
0.00136353
0.00136353
0.00136353
0.00136353
0.00136353
0.00136353
0.00136353
0.00136353
0.00136353
0.00136353
0.00136353
0.00136353
0.00136353
0.00136353
0.00136353
0.00136353
0.00136353
0.00136353
0.00136353
0.00136353
0.00136353
0.00136353
0.00136353
0.00136353
0.00136353
0.00136353
0.00136353
0.00136353
0.00136353
0.00136353
0.00136353
0.00136353
0.00136353
0.00136353
0.00136353
0.00136353
0.00136353
0.00136353
0.00136353
0.00136353
0.00136353
0.00136353
0.00136353
0.00136353
0.00136353
0.00136353
0.00136353
0.00136353
0.00136353
0.00136353
0.00136353
0.00136353
0.00135857
0.0012177
0.00128701
0.00128701
0.00136091
0.00128991
0.00128927
0.00136091
0.00136091
0.00128991
0.00128927
0.00136091
0.00136091
0.00129045
0.00129045
0.00136091
0.00136091
0.00129045
0.00129045
0.00136091
0.00136353
0.00136353
0.00136353
0.00136353
0.00136091
0.00129045
0.00129045
0.00136091
0.00136091
0.00129045
0.00136091
0.00129045
0.00136353
0.00136353
0.00136353
0.00136353
0.00136091
0.00129045
0.00129045
0.00136091
0.00136091
0.00129045
0.00129045
0.00136091
0.00136353
0.00136353
0.00136353
0.00136353
0.00136091
0.00129045
0.00129045
0.00136091
0.00136091
0.00129045
0.00136091
0.00129045
0.00136353
0.00136353
0.00136353
0.00136353
0.00136353
0.00136353
0.00136353
0.00136353
0.00136353
0.00136353
0.00136353
0.00136353
0.00136353
0.00136353
0.00136353
0.00136353
0.00136353
0.00136353
0.00136353
0.00136353
0.00136353
0.00136353
0.00136353
0.00136353
0.00136353
0.00136353
0.00136353
0.00136353
0.00136353
0.00136353
0.00136353
0.00136353
0.00136353
0.00136353
0.00136353
0.00136353
0.00136353
0.00136353
0.00136353
0.00136353
0.00136091
0.00129045
0.00129045
0.00136091
0.00136091
0.00129045
0.00129045
0.00136091
0.00136353
0.00136353
0.00136353
0.00136353
0.00136091
0.00129045
0.00129045
0.00136091
0.00136091
0.00129045
0.00129045
0.00136091
0.00136353
0.00136353
0.00136353
0.00136353
0.00136091
0.00129045
0.00129045
0.00136091
0.00136091
0.00129045
0.00129045
0.00136091
0.00136353
0.00136353
0.00136353
0.00136353
0.00136091
0.00129045
0.00129045
0.00136091
0.00136091
0.00129045
0.00136091
0.00129045
0.00136353
0.00136353
0.00136353
0.00136353
0.00136353
0.00136353
0.00136353
0.00136353
0.00136353
0.00136353
0.00136353
0.00136353
0.00136353
0.00136353
0.00136353
0.00136353
0.00136353
0.00136353
0.00136353
0.00136353
0.00136353
0.00136353
0.00136353
0.00136353
0.00136353
0.00136353
0.00136353
0.00136353
0.00136353
0.00136353
0.00136353
0.00136353
0.00136353
0.00136353
0.00136353
0.00136353
0.00136353
0.00136353
0.00136353
0.00136353
0.00136353
0.00136353
0.00136353
0.00136353
0.00136353
0.00136353
0.00136353
0.00136353
0.00136353
0.00136353
0.00136353
0.00136353
0.00136353
0.00136353
0.00136353
0.00136353
0.00136353
0.00136353
0.00136353
0.00136353
0.00136353
0.00136353
0.00136353
0.00136353
0.00136353
0.00136353
0.00136353
0.00136353
0.00136353
0.00136353
0.00136353
0.00136353
0.00136353
0.00136353
0.00136353
0.00136353
0.00136091
0.00129045
0.00129045
0.00136091
0.00136091
0.00129045
0.00129045
0.00136091
0.00136353
0.00136353
0.00136353
0.00136353
0.00136091
0.00129045
0.00129045
0.00136091
0.00136091
0.00129045
0.00129045
0.00136091
0.00136353
0.00136353
0.00136353
0.00136353
0.00135857
0.0012177
0.00128701
0.00128701
0.00136091
0.00128991
0.00136091
0.00128927
0.00136091
0.00128991
0.00128927
0.00136091
0.00136353
0.00136353
0.00136353
0.00136353
0.00136353
0.00136353
0.00136353
0.00136353
0.00136353
0.00136353
0.00136353
0.00136353
0.00136353
0.00136353
0.00136353
0.00136353
0.00136353
0.00136353
0.00136353
0.00136353
0.00136353
0.00136353
0.00136353
0.00136353
0.00136353
0.00136353
0.00136353
0.00136353
0.00136353
0.00136353
0.00136353
0.00136353
0.00136353
0.00136353
0.00136353
0.00136353
0.00136091
0.00129045
0.00129045
0.00136091
0.00136091
0.00129045
0.00129045
0.00136091
0.00136353
0.00136353
0.00136353
0.00136353
0.00136091
0.00129045
0.00129045
0.00136091
0.00136091
0.00129045
0.00136091
0.00129045
0.00136353
0.00136353
0.00136353
0.00136353
0.00136091
0.00129045
0.00129045
0.00136091
0.00136091
0.00129045
0.00129045
0.00136091
0.00136353
0.00136353
0.00136353
0.00136353
0.00136091
0.00129045
0.00136091
0.00129045
0.00136353
0.00136353
0.00136353
0.00136353
0.00136091
0.00129045
0.00129045
0.00136091
0.00136353
0.00136353
0.00136353
0.00136353
0.00136353
0.00136353
0.00136353
0.00136353
0.00136353
0.00136353
0.00136353
0.00136353
0.00136353
0.00136353
0.00136353
0.00136353
0.00136353
0.00136353
0.00136353
0.00136353
0.00136353
0.00136353
0.00136353
0.00136353
0.00136353
0.00136353
0.00136353
0.00136353
0.00136353
0.00136353
0.00136353
0.00136353
0.00136353
0.00136353
0.00136353
0.00136353
0.00136091
0.00129045
0.00129045
0.00136091
0.00136091
0.00129045
0.00129045
0.00136091
0.00136353
0.00136353
0.00136353
0.00136353
0.00136091
0.00129045
0.00129045
0.00136091
0.00136091
0.00129045
0.00136091
0.00129045
0.00136353
0.00136353
0.00136353
0.00136353
0.00136353
0.00136353
0.00136353
0.00136353
0.00136353
0.00136353
0.00136353
0.00136353
0.00136353
0.00136353
0.00136353
0.00136353
0.00136353
0.00136353
0.00136353
0.00136353
0.00136353
0.00136353
0.00136353
0.00136353
0.00136353
0.00136353
0.00136353
0.00136353
0.00136353
0.00136353
0.00136353
0.00136353
0.00136353
0.00136353
0.00136353
0.00136353
0.00136353
0.00136353
0.00136353
0.00136353
0.00136353
0.00136353
0.00136353
0.00136353
0.00136353
0.00136353
0.00136353
0.00136353
0.00136353
0.00136353
0.00136353
0.00136353
0.00136353
0.00136353
0.00136353
0.00136353
0.00136353
0.00136353
0.00136353
0.00136353
0.00136353
0.00136353
0.00136353
0.00136353
0.00136353
0.00136353
0.00136353
0.00136353
0.00136353
0.00136353
0.00136353
0.00136353
0.00136353
0.00136353
0.00136353
0.00136353
0.00136353
0.00136353
0.00136353
0.00136353
0.00136353
0.00136353
0.00136353
0.00136353
0.00136353
0.00136353
0.00136353
0.00136353
0.00136353
0.00136353
0.00136353
0.00136353
0.00136353
0.00136353
0.00136353
0.00136353
0.00136353
0.00136353
0.00136353
0.00136353
0.00136353
0.00136353
0.00136353
0.00136353
0.00136353
0.00136353
0.00136353
0.00136353
0.00136353
0.00136353
0.00136353
0.00136353
0.00136353
0.00136353
0.00136353
0.00136353
0.00136353
0.00136353
0.00136353
0.00136353
0.00136353
0.00136353
0.00136353
0.00136353
0.00136353
0.00136353
0.00136353
0.00136353
0.00136353
0.00136353
0.00136353
0.00136353
0.00136353
0.00136353
0.00136353
0.00136353
0.00136353
0.00136353
0.00136353
0.00136353
0.00136353
0.00136353
0.00136353
0.00136353
0.00136353
0.00136353
0.00136353
0.00136353
0.00136353
0.00136353
0.00136353
0.00136353
0.00136353
0.00136353
0.00136353
0.00136353
0.00136353
0.00136353
0.00136353
0.00136353
0.00136353
0.00136353
0.00136353
0.00136353
0.00136353
0.00136353
0.00136353
0.00136353
0.00136353
0.00136353
0.00136353
0.00136353
0.00136353
0.00136353
0.00136353
0.00136353
0.00136353
0.00136353
0.00136353
0.00136353
0.00136353
0.00136353
0.00136353
0.00136353
0.00136353
0.00136353
0.00136353
0.00136353
0.00136353
0.00136353
0.00136353
0.00136353
0.00136353
0.00136353
0.00136353
0.00136353
0.00136353
0.00136353
0.00136353
0.00136353
0.00136353
0.00136353
0.00136353
0.00136353
0.00136353
0.00136353
0.00136353
0.00136353
0.00136353
0.00136353
0.00136353
0.00136353
0.00136353
0.00136353
0.00136353
0.00136353
0.00136353
0.00136353
0.00136353
0.00136353
0.00136091
0.00129045
0.00129045
0.00136091
0.00136091
0.00129045
0.00129045
0.00136091
0.00136353
0.00136353
0.00136353
0.00136353
0.00136091
0.00129045
0.00136091
0.00129045
0.00136353
0.00136353
0.00136353
0.00136353
0.00136091
0.00129045
0.00129045
0.00136091
0.00136353
0.00136353
0.00136353
0.00136353
0.00136353
0.00136353
0.00136353
0.00136353
0.00136353
0.00136353
0.00136353
0.00136353
0.00136353
0.00136353
0.00136353
0.00136353
0.00136353
0.00136353
0.00136353
0.00136353
0.00136353
0.00136353
0.00136353
0.00136353
0.00136353
0.00136353
0.00136353
0.00136353
0.00136353
0.00136353
0.00136353
0.00136353
0.00136353
0.00136353
0.00136353
0.00136353
0.00136091
0.00129045
0.00129045
0.00136091
0.00136091
0.00129045
0.00129045
0.00136091
0.00136353
0.00136353
0.00136353
0.00136353
0.00136091
0.00129045
0.00129045
0.00136091
0.00136091
0.00129045
0.00136091
0.00129045
0.00136353
0.00136353
0.00136353
0.00136353
0.00136091
0.00129045
0.00129045
0.00136091
0.00136091
0.00129045
0.00129045
0.00136091
0.00136353
0.00136353
0.00136353
0.00136353
0.00136091
0.00129045
0.00136091
0.00129045
0.00136353
0.00136353
0.00136353
0.00136353
0.00136091
0.00129045
0.00129045
0.00136091
0.00136353
0.00136353
0.00136353
0.00136353
0.00136353
0.00136353
0.00136353
0.00136353
0.00136353
0.00136353
0.00136353
0.00136353
0.00136353
0.00136353
0.00136353
0.00136353
0.00136353
0.00136353
0.00136353
0.00136353
0.00136353
0.00136353
0.00136353
0.00136353
0.00136353
0.00136353
0.00136353
0.00136353
0.00136353
0.00136353
0.00136353
0.00136353
0.00136353
0.00136353
0.00136353
0.00136353
0.00135857
0.0012177
0.00128701
0.00128701
0.00136091
0.00128991
0.00136091
0.00128927
0.00136091
0.00128991
0.00128927
0.00136091
0.00136091
0.00129045
0.00129045
0.00136091
0.00136091
0.00129045
0.00129045
0.00136091
0.00136353
0.00136353
0.00136353
0.00136353
0.00136091
0.00129045
0.00136091
0.00129045
0.00136353
0.00136353
0.00136353
0.00136353
0.00136091
0.00129045
0.00136091
0.00129045
0.00136353
0.00136353
0.00136353
0.00136353
0.00136353
0.00136353
0.00136353
0.00136353
0.00136353
0.00136353
0.00136353
0.00136353
0.00136353
0.00136353
0.00136353
0.00136353
0.00136353
0.00136353
0.00136353
0.00136353
0.00136353
0.00136353
0.00136353
0.00136353
0.00136353
0.00136353
0.00136353
0.00136353
0.00136353
0.00136353
0.00136353
0.00136353
0.00136353
0.00136353
0.00136353
0.00136353
0.00136353
0.00136353
0.00136353
0.00136353
0.00136353
0.00136353
0.00136353
0.00136353
0.00136353
0.00136353
0.00136353
0.00136353
0.00136353
0.00136353
0.00136353
0.00136353
0.00136353
0.00136353
0.00136353
0.00136353
0.00136353
0.00136353
0.00136353
0.00136353
0.00136353
0.00136353
0.00136353
0.00136353
0.00136353
0.00136353
0.00136353
0.00136353
0.00136353
0.00136353
0.00136353
0.00136353
0.00136091
0.00129045
0.00129045
0.00136091
0.00136091
0.00129045
0.00129045
0.00136091
0.00136353
0.00136353
0.00136353
0.00136353
0.00136091
0.00129045
0.00136091
0.00129045
0.00136353
0.00136353
0.00136353
0.00136353
0.00136091
0.00129045
0.00129045
0.00136091
0.00136091
0.00129045
0.00129045
0.00136091
0.00136091
0.00129045
0.00129045
0.00136091
0.00136353
0.00136353
0.00136353
0.00136353
0.00136091
0.00129045
0.00136091
0.00129045
0.00136353
0.00136353
0.00136353
0.00136353
0.00136091
0.00129045
0.00136091
0.00129045
0.00136353
0.00136353
0.00136353
0.00136353
0.00136353
0.00136353
0.00136353
0.00136353
0.00136353
0.00136353
0.00136353
0.00136353
0.00136353
0.00136353
0.00136353
0.00136353
0.00136353
0.00136353
0.00136353
0.00136353
0.00136353
0.00136353
0.00136353
0.00136353
0.00136353
0.00136353
0.00136353
0.00136353
0.00136353
0.00136353
0.00136353
0.00136353
0.00136353
0.00136353
0.00136353
0.00136353
0.00136091
0.00129045
0.00129045
0.00136091
0.00136091
0.00129045
0.00129045
0.00136091
0.00136353
0.00136353
0.00136353
0.00136353
0.00136091
0.00129045
0.00136091
0.00129045
0.00136353
0.00136353
0.00136353
0.00136353
0.00136091
0.00129045
0.00129045
0.00136091
0.00136091
0.00129045
0.00129045
0.00136091
0.00136091
0.00129045
0.00129045
0.00136091
0.00136353
0.00136353
0.00136353
0.00136353
0.00136091
0.00129045
0.00136091
0.00129045
0.00136353
0.00136353
0.00136353
0.00136353
0.00136091
0.00129045
0.00129045
0.00136091
0.00135857
0.0012177
0.00128701
0.00128701
0.00136091
0.00128991
0.00136091
0.00128927
0.00136091
0.00128991
0.00136091
0.00128927
)
;
        source          uniform 0;
        value           nonuniform List<scalar> 
1600
(
329.818
329.895
329.856
329.856
329.923
329.931
329.892
329.962
329.923
329.931
329.892
329.962
329.818
329.895
329.856
329.856
329.923
329.931
329.892
329.962
329.923
329.931
329.962
329.892
330.03
329.967
329.999
329.999
330.03
329.967
329.999
329.999
330.03
329.967
329.999
329.999
330.03
329.967
329.999
329.999
329.923
329.931
329.892
329.962
329.923
329.931
329.962
329.892
329.818
329.895
329.856
329.856
329.923
329.931
329.962
329.892
329.923
329.931
329.962
329.892
329.818
329.895
329.856
329.856
329.077
329.174
329.125
329.125
329.457
329.537
329.499
329.494
329.225
329.222
329.174
329.271
329.457
329.537
329.499
329.495
329.225
329.222
329.174
329.271
329.589
329.581
329.543
329.627
329.59
329.581
329.544
329.627
329.363
329.268
329.316
329.316
329.558
329.571
329.528
329.601
329.645
329.692
329.649
329.688
329.558
329.571
329.601
329.528
329.645
329.692
329.649
329.688
329.692
329.615
329.661
329.645
330.015
330.06
330.02
330.055
329.78
329.738
329.733
329.785
329.692
329.615
329.645
329.661
330.015
330.06
330.02
330.055
329.78
329.738
329.733
329.785
329.457
329.537
329.494
329.499
329.225
329.222
329.174
329.271
329.077
329.174
329.125
329.125
329.589
329.581
329.627
329.543
329.59
329.581
329.544
329.627
329.363
329.268
329.316
329.316
329.457
329.537
329.499
329.495
329.225
329.222
329.174
329.271
329.558
329.571
329.528
329.601
329.645
329.692
329.688
329.649
329.692
329.615
329.662
329.645
330.015
330.06
330.02
330.055
329.78
329.738
329.733
329.785
329.558
329.571
329.601
329.528
329.645
329.692
329.649
329.688
330.015
330.06
330.02
330.055
329.692
329.615
329.645
329.662
329.78
329.738
329.785
329.733
330.124
330.096
330.092
330.129
330.124
330.096
330.092
330.129
330.219
330.229
330.224
330.224
330.124
330.096
330.092
330.129
330.124
330.096
330.129
330.092
330.219
330.229
330.224
330.224
330.124
330.096
330.092
330.129
330.124
330.096
330.129
330.092
330.219
330.229
330.224
330.224
330.124
330.096
330.129
330.092
330.124
330.096
330.129
330.092
330.219
330.229
330.224
330.224
329.692
329.615
329.662
329.645
330.015
330.06
330.055
330.02
329.78
329.738
329.733
329.785
329.558
329.571
329.528
329.601
329.645
329.692
329.688
329.649
330.015
330.06
330.055
330.02
329.692
329.615
329.645
329.662
329.78
329.738
329.785
329.733
329.558
329.571
329.601
329.528
329.645
329.692
329.649
329.688
329.457
329.537
329.494
329.499
329.225
329.222
329.271
329.174
329.589
329.581
329.627
329.543
329.589
329.581
329.543
329.627
329.363
329.268
329.316
329.316
329.077
329.174
329.125
329.125
329.457
329.537
329.499
329.494
329.225
329.222
329.271
329.174
330.015
330.06
330.055
330.02
329.692
329.615
329.662
329.645
329.78
329.738
329.785
329.733
330.015
330.06
330.055
330.02
329.692
329.615
329.645
329.661
329.78
329.738
329.785
329.733
329.558
329.571
329.528
329.601
329.645
329.692
329.688
329.649
329.558
329.571
329.601
329.528
329.645
329.692
329.688
329.649
329.59
329.581
329.627
329.544
329.589
329.581
329.627
329.543
329.363
329.268
329.316
329.316
329.457
329.537
329.495
329.499
329.225
329.222
329.271
329.174
329.457
329.537
329.494
329.499
329.225
329.222
329.271
329.174
329.077
329.174
329.125
329.125
329.735
329.646
329.691
329.691
329.776
329.77
329.815
329.732
329.776
329.77
329.815
329.732
329.908
329.885
329.862
329.931
329.881
329.805
329.85
329.836
329.95
330.013
329.99
329.973
329.908
329.885
329.862
329.931
329.881
329.805
329.85
329.836
329.95
330.013
329.99
329.973
329.735
329.646
329.691
329.691
329.776
329.77
329.815
329.732
329.776
329.77
329.815
329.732
329.908
329.885
329.862
329.931
329.881
329.805
329.85
329.836
329.95
330.013
329.99
329.973
329.908
329.885
329.931
329.862
329.95
330.013
329.99
329.973
329.881
329.805
329.85
329.836
330.086
330.133
330.109
330.109
330.058
330.049
330.026
330.081
330.058
330.049
330.026
330.081
330.086
330.133
330.109
330.109
330.058
330.049
330.026
330.081
330.058
330.049
330.026
330.081
330.086
330.133
330.109
330.109
330.058
330.049
330.026
330.081
330.058
330.049
330.026
330.081
330.086
330.133
330.109
330.109
330.058
330.049
330.026
330.081
330.058
330.049
330.026
330.081
329.908
329.885
329.862
329.931
329.881
329.805
329.85
329.836
329.95
330.013
329.99
329.973
329.908
329.885
329.931
329.862
329.95
330.013
329.99
329.973
329.881
329.805
329.85
329.836
329.735
329.646
329.691
329.691
329.776
329.77
329.815
329.732
329.776
329.77
329.815
329.732
329.908
329.885
329.931
329.862
329.95
330.013
329.99
329.973
329.881
329.805
329.85
329.836
329.908
329.885
329.931
329.862
329.95
330.013
329.99
329.973
329.881
329.805
329.85
329.836
329.735
329.646
329.691
329.691
329.776
329.77
329.815
329.732
329.776
329.77
329.815
329.732
328.989
328.818
328.938
328.938
329.028
329.042
328.992
329.074
329.028
329.042
328.992
329.074
329.377
329.304
329.349
329.333
329.418
329.427
329.389
329.455
329.416
329.415
329.373
329.459
329.234
329.257
329.204
329.285
329.178
329.092
329.125
329.147
329.276
329.368
329.326
329.32
329.378
329.305
329.349
329.334
329.418
329.427
329.39
329.455
329.417
329.415
329.373
329.459
329.235
329.258
329.205
329.286
329.179
329.093
329.126
329.148
329.276
329.368
329.326
329.32
329.596
329.599
329.643
329.552
329.636
329.722
329.684
329.674
329.549
329.459
329.503
329.505
329.596
329.599
329.643
329.552
329.637
329.722
329.684
329.674
329.549
329.459
329.503
329.505
329.458
329.552
329.505
329.505
329.411
329.412
329.365
329.458
329.411
329.413
329.365
329.458
329.544
329.537
329.515
329.566
329.518
329.46
329.49
329.489
329.584
329.648
329.605
329.626
329.596
329.554
329.567
329.583
329.605
329.58
329.576
329.609
329.636
329.666
329.623
329.679
329.544
329.537
329.515
329.566
329.518
329.46
329.49
329.489
329.584
329.648
329.605
329.626
329.596
329.554
329.567
329.583
329.605
329.58
329.609
329.576
329.636
329.666
329.623
329.679
329.766
329.836
329.814
329.788
329.739
329.757
329.787
329.709
329.718
329.693
329.671
329.74
329.963
329.903
329.949
329.917
330.006
330.031
329.992
330.045
329.972
329.931
329.926
329.977
329.819
329.855
329.806
329.868
329.771
329.711
329.724
329.758
329.829
329.882
329.877
329.833
329.766
329.836
329.814
329.788
329.739
329.757
329.787
329.709
329.718
329.693
329.671
329.74
329.963
329.903
329.949
329.917
330.006
330.031
329.992
330.045
329.972
329.931
329.977
329.926
329.819
329.855
329.806
329.868
329.771
329.711
329.724
329.758
329.829
329.882
329.833
329.877
329.377
329.304
329.349
329.333
329.418
329.427
329.389
329.455
329.416
329.415
329.373
329.459
329.234
329.257
329.204
329.285
329.178
329.092
329.147
329.125
329.276
329.368
329.326
329.32
328.989
328.818
328.938
328.938
329.028
329.042
329.074
328.992
329.028
329.042
328.992
329.075
329.596
329.599
329.643
329.552
329.636
329.722
329.684
329.674
329.549
329.459
329.503
329.505
329.596
329.599
329.643
329.552
329.637
329.722
329.684
329.674
329.549
329.459
329.505
329.503
329.458
329.552
329.505
329.505
329.411
329.412
329.365
329.458
329.411
329.413
329.458
329.365
329.378
329.305
329.349
329.334
329.418
329.427
329.39
329.455
329.417
329.415
329.459
329.373
329.235
329.258
329.205
329.286
329.179
329.093
329.126
329.148
329.276
329.368
329.32
329.326
329.544
329.537
329.515
329.566
329.519
329.46
329.49
329.489
329.584
329.648
329.605
329.626
329.596
329.554
329.583
329.567
329.636
329.666
329.623
329.679
329.605
329.581
329.576
329.61
329.766
329.836
329.814
329.788
329.739
329.757
329.788
329.709
329.718
329.693
329.671
329.74
329.963
329.903
329.949
329.917
330.006
330.031
329.992
330.045
329.972
329.931
329.926
329.977
329.82
329.855
329.806
329.868
329.771
329.711
329.724
329.758
329.829
329.882
329.877
329.833
329.544
329.537
329.515
329.566
329.519
329.46
329.49
329.489
329.584
329.648
329.605
329.626
329.596
329.554
329.567
329.583
329.605
329.581
329.61
329.576
329.636
329.666
329.623
329.679
329.963
329.903
329.949
329.917
330.006
330.031
329.992
330.045
329.972
329.931
329.977
329.926
329.766
329.836
329.814
329.788
329.739
329.757
329.787
329.709
329.718
329.693
329.671
329.74
329.82
329.855
329.868
329.806
329.829
329.882
329.833
329.877
329.771
329.711
329.724
329.758
330.142
330.152
330.128
330.166
330.115
330.068
330.1
330.082
330.152
330.181
330.176
330.157
330.142
330.152
330.128
330.166
330.115
330.068
330.1
330.082
330.152
330.181
330.176
330.157
330.2
330.171
330.186
330.186
330.21
330.2
330.195
330.215
330.21
330.2
330.195
330.215
330.142
330.152
330.128
330.166
330.115
330.068
330.1
330.082
330.152
330.181
330.157
330.176
330.142
330.152
330.128
330.166
330.115
330.068
330.1
330.082
330.152
330.181
330.176
330.157
330.2
330.171
330.186
330.186
330.21
330.2
330.215
330.195
330.21
330.2
330.195
330.215
330.142
330.152
330.128
330.166
330.115
330.068
330.1
330.082
330.152
330.181
330.157
330.176
330.142
330.152
330.128
330.166
330.115
330.068
330.1
330.082
330.152
330.181
330.176
330.157
330.2
330.171
330.186
330.186
330.21
330.2
330.215
330.195
330.21
330.2
330.195
330.215
330.142
330.152
330.128
330.166
330.115
330.068
330.1
330.082
330.152
330.181
330.157
330.176
330.142
330.152
330.128
330.166
330.115
330.068
330.1
330.082
330.152
330.181
330.157
330.176
330.2
330.171
330.186
330.186
330.21
330.2
330.215
330.195
330.21
330.2
330.215
330.195
329.766
329.836
329.814
329.788
329.739
329.757
329.788
329.709
329.718
329.693
329.74
329.671
329.963
329.903
329.949
329.917
330.006
330.031
329.992
330.045
329.972
329.931
329.926
329.977
329.82
329.855
329.806
329.868
329.771
329.711
329.758
329.724
329.829
329.882
329.877
329.833
329.544
329.537
329.515
329.566
329.519
329.46
329.49
329.489
329.584
329.648
329.626
329.605
329.596
329.554
329.583
329.567
329.636
329.666
329.679
329.623
329.605
329.581
329.576
329.61
329.963
329.903
329.949
329.917
330.006
330.031
329.992
330.045
329.972
329.931
329.977
329.926
329.766
329.836
329.814
329.788
329.739
329.757
329.788
329.709
329.718
329.693
329.74
329.671
329.82
329.855
329.868
329.806
329.829
329.882
329.833
329.877
329.771
329.711
329.758
329.724
329.544
329.537
329.515
329.566
329.519
329.46
329.49
329.489
329.584
329.648
329.626
329.605
329.596
329.554
329.567
329.583
329.605
329.581
329.61
329.576
329.636
329.666
329.679
329.623
329.377
329.304
329.349
329.333
329.418
329.427
329.389
329.455
329.417
329.415
329.373
329.459
329.235
329.257
329.286
329.204
329.276
329.368
329.326
329.32
329.178
329.093
329.147
329.125
329.596
329.599
329.643
329.552
329.636
329.722
329.684
329.674
329.549
329.459
329.503
329.505
329.596
329.599
329.643
329.552
329.636
329.722
329.684
329.674
329.549
329.459
329.505
329.503
329.458
329.552
329.505
329.505
329.411
329.412
329.365
329.458
329.411
329.413
329.458
329.365
328.989
328.818
328.938
328.938
329.028
329.042
329.074
328.992
329.028
329.042
328.992
329.074
329.377
329.304
329.349
329.333
329.418
329.427
329.39
329.455
329.417
329.415
329.459
329.373
329.235
329.257
329.286
329.205
329.276
329.368
329.32
329.326
329.178
329.093
329.125
329.147
329.963
329.903
329.949
329.917
330.006
330.031
329.992
330.045
329.972
329.931
329.926
329.977
329.766
329.836
329.814
329.788
329.739
329.757
329.787
329.709
329.718
329.693
329.74
329.671
329.82
329.855
329.868
329.806
329.829
329.882
329.877
329.833
329.771
329.711
329.758
329.724
329.963
329.903
329.949
329.917
330.006
330.031
329.992
330.045
329.972
329.931
329.977
329.926
329.766
329.836
329.814
329.788
329.739
329.757
329.787
329.709
329.718
329.693
329.74
329.671
329.82
329.855
329.868
329.806
329.829
329.882
329.833
329.877
329.771
329.711
329.758
329.724
329.544
329.537
329.515
329.566
329.519
329.46
329.49
329.489
329.584
329.648
329.626
329.605
329.596
329.554
329.583
329.567
329.636
329.666
329.679
329.623
329.605
329.58
329.576
329.609
329.544
329.537
329.515
329.566
329.518
329.46
329.49
329.489
329.584
329.648
329.626
329.605
329.596
329.554
329.583
329.567
329.636
329.666
329.679
329.623
329.605
329.58
329.609
329.576
329.596
329.599
329.643
329.552
329.637
329.722
329.684
329.674
329.549
329.459
329.505
329.503
329.596
329.599
329.643
329.552
329.636
329.722
329.684
329.674
329.549
329.459
329.505
329.503
329.458
329.552
329.505
329.505
329.411
329.413
329.458
329.365
329.411
329.412
329.458
329.365
329.378
329.305
329.349
329.334
329.418
329.427
329.39
329.455
329.417
329.415
329.459
329.373
329.235
329.258
329.286
329.205
329.276
329.368
329.32
329.326
329.179
329.093
329.148
329.126
329.377
329.304
329.349
329.333
329.418
329.427
329.389
329.455
329.417
329.415
329.459
329.373
329.234
329.257
329.285
329.204
329.276
329.368
329.32
329.326
329.178
329.092
329.147
329.125
328.989
328.818
328.938
328.938
329.028
329.042
329.074
328.992
329.028
329.042
329.074
328.992
)
;
        logInterval     -1;
        thicknessLayers List<scalar> 1(0.0001);
        kappaLayers     List<scalar> 1(3.333);
        writePrecision  6;
        updateHeader    1;
        writeToFile     0;
        useUserTime     1;
        kappaMethod     solidThermo;
    }
}


// ************************************************************************* //
