1	0.0100282
2	0.0109476
3	0.00839797
4	0.00548047
5	0.00466781
6	0.00218789
7	0.00198873
8	0.00206875
9	0.00212186
10	0.00214179
11	0.00215587
12	0.00215042
13	0.00210407
14	0.00205185
15	0.00195694
16	0.00185076
17	0.00175972
18	0.00166381
19	0.00158591
20	0.00148965
21	0.00140414
22	0.00133019
23	0.00124869
24	0.00119053
25	0.00112427
26	0.00107207
27	0.00102287
28	0.000982283
29	0.000933773
30	0.000899092
31	0.000862848
32	0.00083256
33	0.000803476
34	0.000784291
35	0.000748888
36	0.000729951
37	0.000703978
38	0.000681649
39	0.000660918
40	0.000637299
41	0.000615833
42	0.000599397
43	0.000572941
44	0.000553176
45	0.000535605
46	0.000515483
47	0.000499822
48	0.000477934
49	0.00045999
50	0.0004429
51	0.000424074
52	0.000411105
53	0.000396941
54	0.00038204
55	0.000370584
56	0.000360779
57	0.000346289
58	0.000336596
59	0.000330163
60	0.00032418
61	0.000320209
62	0.00031315
63	0.000310962
64	0.000308012
65	0.000306536
66	0.000302903
67	0.000301435
68	0.000300648
69	0.000299493
70	0.000297077
71	0.000296344
72	0.000296354
73	0.000298013
74	0.000297965
75	0.000299414
76	0.000300542
77	0.000300662
78	0.00030241
79	0.000302067
80	0.000304278
81	0.000305857
82	0.000307434
83	0.000306681
84	0.000308846
85	0.000309207
86	0.000309684
87	0.000310754
88	0.000310201
89	0.000309842
90	0.000310076
91	0.000309861
92	0.000309665
93	0.000309418
94	0.000308075
95	0.000306394
96	0.00030634
97	0.000304614
98	0.000304065
99	0.000301651
100	0.000300456
101	0.000298735
102	0.000297061
103	0.00029476
104	0.000292347
105	0.000290411
106	0.000289342
107	0.000287359
108	0.000284554
109	0.000283595
110	0.000283147
111	0.000280621
112	0.000281078
113	0.000275194
114	0.000274207
115	0.000272839
116	0.000271674
117	0.000266522
118	0.000265939
119	0.000263257
120	0.000261072
121	0.000256296
122	0.000253978
123	0.000252062
124	0.000247605
125	0.000247109
126	0.000243204
127	0.000239805
128	0.000237999
129	0.000235631
130	0.000232552
131	0.000229028
132	0.000228415
133	0.000224796
134	0.000223375
135	0.000220493
136	0.000216572
137	0.000215795
138	0.000212867
139	0.000212331
140	0.000208786
141	0.000205355
142	0.000203733
143	0.000199367
144	0.000197064
145	0.000196427
146	0.000191484
147	0.000185534
148	0.000184538
149	0.000179441
150	0.000178144
151	0.000172188
152	0.000170676
153	0.000164982
154	0.000162555
155	0.000158507
156	0.000156774
157	0.000153683
158	0.000150621
159	0.000146807
160	0.000146486
161	0.000142347
162	0.000140514
163	0.000138733
164	0.000135381
165	0.000132908
166	0.000131357
167	0.000129349
168	0.000127225
169	0.000124342
170	0.00012239
171	0.000122333
172	0.000118749
173	0.000118306
174	0.000116349
175	0.000114413
176	0.000112302
177	0.000111121
178	0.000109428
179	0.000108054
180	0.000108894
181	0.000106123
182	0.00010427
183	0.000103479
184	0.0001025
185	0.00010154
186	9.99528e-05
187	9.86977e-05
188	9.65133e-05
189	9.54081e-05
190	9.31735e-05
191	9.14184e-05
192	9.00923e-05
193	8.80146e-05
194	8.65723e-05
195	8.3835e-05
196	8.13543e-05
197	7.9314e-05
198	7.72722e-05
199	7.53006e-05
200	7.31571e-05
201	7.11729e-05
202	6.9279e-05
203	6.75053e-05
204	6.55767e-05
205	6.39814e-05
206	6.20456e-05
207	6.05616e-05
208	5.9095e-05
209	5.78066e-05
210	5.62039e-05
211	5.56987e-05
212	5.46911e-05
213	5.34112e-05
214	5.2241e-05
215	5.0595e-05
216	4.91694e-05
217	4.76478e-05
218	4.60343e-05
219	4.47044e-05
220	4.32878e-05
221	4.1919e-05
222	4.05617e-05
223	3.98443e-05
224	3.88628e-05
225	3.84877e-05
226	3.77424e-05
227	3.68612e-05
228	3.6352e-05
229	3.56759e-05
230	3.5098e-05
231	3.43452e-05
232	3.34472e-05
233	3.24962e-05
234	3.19552e-05
235	3.07876e-05
236	3.01143e-05
237	2.92688e-05
238	2.84649e-05
239	2.76855e-05
240	2.70907e-05
241	2.63316e-05
242	2.56755e-05
243	2.50606e-05
244	2.464e-05
245	2.40247e-05
246	2.36364e-05
247	2.31849e-05
248	2.27739e-05
249	2.2242e-05
250	2.18736e-05
251	2.12869e-05
252	2.07951e-05
253	2.0189e-05
254	1.96767e-05
255	1.90733e-05
256	1.84974e-05
257	1.79047e-05
258	1.73248e-05
259	1.66557e-05
260	1.6137e-05
261	1.5385e-05
262	1.48352e-05
263	1.41006e-05
264	1.35547e-05
265	1.283e-05
266	1.2277e-05
267	1.17003e-05
268	1.11839e-05
269	1.06302e-05
270	1.01621e-05
271	9.64841e-06
272	9.26398e-06
273	8.8119e-06
274	8.48457e-06
275	8.10565e-06
276	7.84271e-06
277	7.54515e-06
278	7.3705e-06
279	7.12803e-06
280	7.03183e-06
281	6.88789e-06
