1	1
2	0.437824
3	0.123694
4	0.0683409
5	0.0574847
6	0.0517273
7	0.0480508
8	0.0439677
9	0.0407161
10	0.0381992
11	0.0358154
12	0.0334868
13	0.0315954
14	0.0298535
15	0.0280045
16	0.026192
17	0.0245964
18	0.0232551
19	0.0219793
20	0.0207129
21	0.0195713
22	0.0184214
23	0.0173909
24	0.0164167
25	0.0154889
26	0.014585
27	0.0137021
28	0.0128376
29	0.012024
30	0.0112924
31	0.010579
32	0.00989415
33	0.00929154
34	0.00870461
35	0.00817449
36	0.00766202
37	0.00719441
38	0.00677
39	0.00638534
40	0.00604003
41	0.00572739
42	0.00545026
43	0.00517672
44	0.00495222
45	0.00476302
46	0.00459867
47	0.0044673
48	0.00434834
49	0.00424718
50	0.00415516
51	0.00408093
52	0.00401642
53	0.00395931
54	0.00390896
55	0.00386049
56	0.00381358
57	0.00376901
58	0.00373005
59	0.00369633
60	0.00366553
61	0.00363618
62	0.00360944
63	0.00358132
64	0.00356878
65	0.00353792
66	0.00354163
67	0.0035223
68	0.00353028
69	0.00351273
70	0.00351655
71	0.0035323
72	0.00353608
73	0.0035304
74	0.00354248
75	0.00353049
76	0.00356236
77	0.00354937
78	0.00356743
79	0.00357066
80	0.00356582
81	0.00357494
82	0.00356116
83	0.00356738
84	0.00356438
85	0.00355964
86	0.00355925
87	0.00355184
88	0.0035459
89	0.00354041
90	0.00353477
91	0.00352619
92	0.00351785
93	0.00350741
94	0.00349541
95	0.00348656
96	0.00347555
97	0.00345954
98	0.00344477
99	0.00343174
100	0.00341688
101	0.00340033
102	0.00338286
103	0.00336452
104	0.00334629
105	0.00332695
106	0.00330829
107	0.00329026
108	0.00326328
109	0.00324153
110	0.00322673
111	0.00320137
112	0.00318536
113	0.00316023
114	0.00314887
115	0.00312942
116	0.00312048
117	0.00310744
118	0.00310404
119	0.00309627
120	0.0030965
121	0.00309283
122	0.00309591
123	0.00309616
124	0.00309516
125	0.0031002
126	0.00310337
127	0.0031045
128	0.0031093
129	0.00311103
130	0.00311153
131	0.00311407
132	0.00311324
133	0.00311
134	0.00310801
135	0.00310229
136	0.00309516
137	0.00308689
138	0.00307443
139	0.00306087
140	0.00304659
141	0.00303091
142	0.00300728
143	0.00298523
144	0.00296057
145	0.00292528
146	0.00289492
147	0.00286187
148	0.0028269
149	0.00278972
150	0.00275211
151	0.00271606
152	0.00268115
153	0.00264895
154	0.00261978
155	0.00259507
156	0.00257469
157	0.00255842
158	0.00254699
159	0.00253903
160	0.00253456
161	0.00253136
162	0.00253065
163	0.00253011
164	0.00252253
165	0.00251678
166	0.0025081
167	0.00249647
168	0.00248156
169	0.00246418
170	0.00244343
171	0.00242376
172	0.00239954
173	0.00237814
174	0.00235186
175	0.00232803
176	0.00230222
177	0.00227663
178	0.00225165
179	0.00222506
180	0.00219903
181	0.00217302
182	0.00214693
183	0.00212111
184	0.00209568
185	0.00206948
186	0.00204427
187	0.00201977
188	0.00199529
189	0.00197026
190	0.00194695
191	0.00192335
192	0.00189994
193	0.00187673
194	0.00185399
195	0.00183014
196	0.00180691
197	0.00178346
198	0.00175993
199	0.00173587
200	0.0017107
201	0.00168558
202	0.00165874
203	0.00163239
204	0.00160527
205	0.00157722
206	0.00154913
207	0.00152027
208	0.00149083
209	0.00145986
210	0.00142904
211	0.00139909
212	0.00136721
213	0.00133223
214	0.00129509
215	0.00125524
216	0.00121269
217	0.0011712
218	0.00112779
219	0.00108265
220	0.00103626
221	0.000996696
222	0.000955395
223	0.000913946
224	0.000873501
225	0.000835595
226	0.000800085
227	0.000763118
228	0.000732064
229	0.000704707
230	0.00068162
231	0.000662235
232	0.00064452
233	0.000628897
234	0.000614764
235	0.000600832
236	0.000587081
237	0.00057371
238	0.000560123
239	0.000546516
240	0.000531691
241	0.000516803
242	0.000500837
243	0.000486725
244	0.000470178
245	0.000453978
246	0.000438734
247	0.000423936
248	0.000408842
249	0.000395061
250	0.000381313
251	0.000368378
252	0.000355706
253	0.000343678
254	0.000331977
255	0.000321138
256	0.000310851
257	0.000301155
258	0.000292289
259	0.000283785
260	0.000275839
261	0.0002682
262	0.000260718
263	0.000253797
264	0.00024661
265	0.000239447
266	0.000231832
267	0.000224158
268	0.000216536
269	0.000208495
270	0.000200015
271	0.00019141
272	0.000182779
273	0.000175305
274	0.00016766
275	0.000159986
276	0.00015243
277	0.000145235
278	0.000138477
279	0.000132372
280	0.000126751
281	0.000121693
