/*--------------------------------*- C++ -*----------------------------------*\
| =========                 |                                                 |
| \\      /  F ield         | OpenFOAM: The Open Source CFD Toolbox           |
|  \\    /   O peration     | Version:  2412                                  |
|   \\  /    A nd           | Website:  www.openfoam.com                      |
|    \\/     M anipulation  |                                                 |
\*---------------------------------------------------------------------------*/
FoamFile
{
    version     2.0;
    format      ascii;
    arch        "LSB;label=32;scalar=64";
    class       volScalarField;
    location    "0.31/chip";
    object      T;
}
// * * * * * * * * * * * * * * * * * * * * * * * * * * * * * * * * * * * * * //

dimensions      [0 0 0 1 0 0 0];

internalField   nonuniform List<scalar> 
6620
(
308.932
308.806
308.806
308.683
309.589
309.332
309.332
309.089
308.666
308.727
308.727
308.666
308.727
308.727
308.79
308.79
308.79
308.79
308.727
308.727
308.666
308.727
308.727
308.666
308.683
309.028
308.806
308.806
309.272
309.272
308.683
309.028
308.806
308.806
309.272
309.272
308.932
308.932
308.932
309.528
309.528
309.528
309.528
308.806
309.272
309.272
308.683
309.028
308.806
309.272
309.272
309.028
309.089
309.332
309.332
309.089
309.332
309.332
309.589
309.589
309.589
309.332
309.089
309.332
307.487
307.174
308.423
307.976
308.129
308.269
307.682
307.871
307.381
308.164
308.423
307.976
308.129
308.269
309.531
309.117
309.117
309.28
309.308
309.404
309.404
308.737
308.219
308.986
309.024
308.378
308.628
309.141
307.682
307.871
307.381
308.164
308.737
308.986
308.219
309.024
308.378
309.141
308.628
308.052
308.108
308.108
308.78
307.597
308.402
308.402
307.777
308.559
308.713
308.451
307.967
308.559
308.713
309.713
309.713
309.84
308.943
309.45
309.052
308.451
307.967
309.45
308.943
309.052
308.717
308.717
308.372
307.189
307.87
307.293
307.87
307.293
307.991
307.991
307.402
307.923
308.103
307.923
308.103
308.046
308.939
308.23
308.046
308.939
308.23
307.87
307.293
307.189
307.991
307.991
307.402
307.87
307.293
307.923
308.103
308.046
308.939
308.23
307.923
308.103
308.939
308.046
308.23
309.004
309.004
309.228
309.004
309.004
309.228
309.004
309.004
309.228
309.004
309.004
309.228
308.046
308.939
308.23
307.923
308.103
308.939
308.046
308.23
307.923
308.103
307.87
307.293
307.991
307.991
307.402
307.189
307.87
307.293
308.939
308.046
308.23
308.939
308.046
308.23
307.923
308.103
307.923
308.103
307.991
307.991
307.402
307.87
307.293
307.87
307.293
307.189
307.682
307.871
307.381
308.164
307.682
307.871
307.381
308.164
308.052
308.108
308.108
308.78
307.597
308.402
308.402
307.568
307.741
307.761
308.412
308.242
307.93
307.761
308.412
308.243
307.93
308.201
308.925
308.656
308.656
308.549
308.549
308.307
308.423
307.976
308.129
308.269
308.737
308.219
308.986
309.024
308.378
308.628
309.141
308.737
308.219
308.986
309.024
308.378
308.628
309.141
308.502
308.518
308.348
308.672
308.502
308.518
308.348
308.672
308.883
309.169
308.882
309.39
308.774
309.287
308.992
308.883
309.169
308.882
309.39
308.774
309.287
308.992
307.487
307.174
308.052
308.108
308.108
308.78
307.597
308.402
308.402
307.682
307.871
307.381
308.164
307.761
308.412
308.242
307.93
307.568
307.741
308.201
308.925
308.656
308.656
308.549
308.549
308.307
307.761
308.412
308.243
307.93
308.737
308.219
308.986
309.024
308.378
308.628
309.141
308.423
307.976
308.129
308.269
308.737
308.986
308.219
309.024
308.378
309.141
308.628
308.502
308.518
308.348
308.672
308.883
309.169
308.882
309.39
308.774
309.287
308.992
308.502
308.518
308.348
308.672
308.883
309.169
309.39
308.882
309.287
308.774
308.992
309.531
309.117
309.117
309.28
309.308
309.404
309.404
309.531
309.117
309.117
309.28
309.308
309.404
309.404
309.531
309.117
309.117
309.28
309.308
309.404
309.404
308.423
307.976
308.129
308.269
308.737
308.986
308.219
309.024
308.378
309.141
308.628
308.423
307.976
308.129
308.269
308.883
309.169
308.882
309.39
308.774
309.287
308.992
308.502
308.518
308.348
308.672
308.883
309.169
309.39
308.882
309.287
308.774
308.992
308.502
308.518
308.348
308.672
308.052
308.108
308.108
308.78
307.597
308.402
308.402
307.487
307.174
307.682
307.871
307.381
308.164
307.761
308.412
308.242
307.93
308.201
308.925
308.656
308.656
308.549
308.549
308.307
307.568
307.741
307.761
308.412
308.242
307.93
308.737
308.986
308.219
309.024
308.378
309.141
308.628
308.423
307.976
308.129
308.269
308.423
307.976
308.129
308.269
308.883
309.169
309.39
308.882
309.287
308.774
308.992
308.883
309.169
309.39
308.882
309.287
308.774
308.992
308.502
308.518
308.348
308.672
308.502
308.518
308.348
308.672
307.682
307.871
307.381
308.164
307.682
307.871
307.381
308.164
307.487
307.174
308.201
308.925
308.656
308.656
308.549
308.549
308.307
307.761
308.412
308.243
307.93
307.761
308.412
308.242
307.93
307.568
307.741
308.451
307.967
308.451
307.967
308.717
308.717
308.372
308.559
308.713
308.943
309.45
309.052
308.943
309.45
309.052
307.777
308.717
308.717
308.372
308.451
307.967
308.943
309.45
309.052
308.559
308.713
309.45
308.943
309.052
309.713
309.713
309.84
309.713
309.713
309.84
309.713
309.713
309.84
308.559
308.713
309.45
308.943
309.052
308.559
308.713
308.717
308.717
308.372
307.777
308.451
307.967
309.45
308.943
309.052
308.559
308.713
308.559
308.713
308.451
307.967
308.451
307.967
307.777
309.225
309.026
309.026
309.036
309.121
309.129
309.129
308.834
308.643
308.897
308.909
308.731
308.747
309
308.834
308.897
308.643
308.909
308.731
309
308.747
308.474
308.523
308.523
308.786
308.37
308.627
308.627
308.424
308.424
308.195
308.484
308.865
308.614
308.484
308.865
308.614
308.424
308.424
308.195
308.484
308.865
308.614
308.865
308.484
308.614
308.929
308.929
309.072
308.929
308.929
309.072
308.929
308.929
309.072
308.929
308.929
309.072
308.484
308.865
308.614
308.865
308.484
308.614
308.424
308.424
308.195
308.865
308.484
308.614
308.865
308.484
308.614
308.424
308.424
308.195
308.474
308.523
308.523
308.786
308.37
308.627
308.627
308.834
308.643
308.897
308.909
309
308.731
308.747
308.834
308.643
308.897
308.909
308.731
308.747
309
308.474
308.523
308.523
308.786
308.627
308.37
308.627
308.834
308.643
308.897
308.909
309
308.731
308.747
308.834
308.897
308.643
308.909
308.731
309
308.747
309.225
309.026
309.026
309.036
309.129
309.121
309.129
309.225
309.026
309.026
309.036
309.129
309.121
309.129
309.225
309.026
309.026
309.036
309.121
309.129
309.129
308.834
308.897
308.643
308.909
308.747
308.731
309
308.474
308.523
308.523
308.786
308.627
308.37
308.627
308.834
308.897
308.643
308.909
308.747
308.731
309
306.954
307.394
307.315
307.315
307.213
307.213
307.14
306.882
307.29
306.97
306.97
306.637
307.098
307.098
308.117
308.336
308.24
308.398
308.141
308.311
308.215
307.96
307.758
308.053
308.086
307.832
307.885
308.163
308.009
308.238
307.905
308.104
307.881
308.033
308.214
308.068
308.347
308.183
308.091
307.993
308.26
308.166
307.6
307.593
307.51
307.864
307.411
307.777
307.696
307.653
307.657
307.737
307.98
307.526
307.784
307.846
307.493
307.493
307.172
307.571
307.366
307.3
307.68
307.76
308.028
308.077
307.988
307.891
307.942
307.857
308.117
308.336
308.398
308.24
308.311
308.141
308.215
307.96
307.758
308.053
308.086
307.832
307.885
308.163
308.009
308.239
308.104
307.905
307.881
308.214
308.033
308.068
308.347
308.183
308.091
307.993
308.26
308.166
309.286
309.087
309.214
309.22
309.183
309.19
309.317
309.286
309.087
309.214
309.22
309.183
309.19
309.317
309.349
309.412
309.277
309.277
309.246
309.38
309.38
308.632
308.443
308.299
308.325
308.528
308.547
308.406
308.892
308.956
308.817
309.089
308.788
309.059
308.92
308.687
308.485
308.352
308.61
308.583
308.459
308.714
307.6
307.593
307.864
307.511
307.777
307.411
307.697
307.653
307.657
307.737
307.98
307.526
307.784
307.846
307.493
307.493
307.571
307.172
307.366
307.68
307.3
307.76
308.028
308.077
307.989
307.891
307.942
307.857
308.892
308.956
308.817
309.089
308.788
309.059
308.92
308.632
308.443
308.299
308.325
308.528
308.547
308.406
308.687
308.485
308.61
308.352
308.583
308.714
308.459
308.284
308.329
307.968
308.215
308.18
308.433
308.074
308.284
308.329
307.968
308.215
308.18
308.433
308.074
308.104
307.706
307.793
307.793
307.999
307.9
307.899
307.519
307.812
307.701
307.701
307.513
307.8
307.635
307.635
307.471
307.661
307.661
308.531
308.743
308.569
308.718
308.498
308.396
308.636
308.577
308.472
308.421
308.654
308.548
308.731
308.547
308.688
308.522
308.572
308.706
308.507
308.588
308.392
308.665
308.065
308
307.795
308.182
308.186
308.293
308.318
308.47
308.16
308.318
308.336
308.027
307.989
307.821
308.15
308.001
307.847
308.17
308.142
308.481
308.342
308.347
308.531
308.743
308.718
308.569
308.498
308.396
308.636
308.577
308.472
308.421
308.654
308.548
308.732
308.688
308.547
308.522
308.706
308.572
308.507
308.588
308.392
308.666
309.813
309.876
309.844
309.844
309.688
309.498
309.592
309.592
309.75
309.683
309.653
309.781
309.75
309.683
309.653
309.781
309.154
308.967
308.941
309.182
309.299
309.371
309.21
309.463
309.099
308.806
309.013
308.887
309.357
309.552
309.522
309.385
308.065
308
308.182
307.795
308.186
308.293
308.318
308.47
308.161
308.318
308.336
308.027
307.989
308.151
307.821
308.001
308.171
307.847
308.142
308.481
308.342
308.347
309.154
308.967
309.182
308.941
309.299
309.371
309.463
309.21
309.357
309.552
309.522
309.385
309.099
308.806
309.013
308.887
308.573
308.197
308.381
308.381
308.939
309.248
309.09
309.09
308.751
308.694
308.899
308.555
308.751
308.694
308.899
308.555
306.887
306.887
306.544
307.549
307.665
307.354
306.988
307.581
307.276
307.549
307.666
307.355
306.988
307.581
307.276
308.326
307.782
308.101
308.326
307.782
308.101
307.695
307.695
308.009
307.599
308.04
307.71
307.77
308.065
307.734
307.599
308.04
307.71
307.77
308.065
307.734
308.383
308.165
308.512
308.894
308.685
308.642
308.191
308.581
308.539
308.383
308.165
308.512
308.894
308.685
308.642
308.191
308.581
308.539
307.549
307.665
307.354
306.988
307.581
307.276
306.887
306.887
306.544
308.326
307.782
308.101
308.326
307.782
308.101
307.695
307.695
308.009
307.549
307.666
307.355
306.988
307.581
307.276
307.599
308.04
307.71
308.065
307.77
307.734
308.383
308.165
308.512
308.894
308.685
308.642
308.191
308.581
308.539
307.599
308.04
307.71
307.77
308.065
307.734
308.894
308.685
308.642
308.383
308.165
308.512
308.581
308.191
308.539
308.959
309.149
309.103
308.959
309.149
309.103
309.181
309.181
309.134
308.959
309.149
309.103
308.959
309.149
309.103
309.181
309.181
309.134
308.959
309.149
309.103
308.959
309.149
309.103
309.181
309.181
309.134
308.959
309.149
309.103
308.959
309.149
309.103
309.181
309.181
309.134
308.383
308.165
308.512
308.894
308.685
308.642
308.191
308.581
308.539
307.599
308.04
307.71
308.065
307.77
307.734
308.894
308.685
308.642
308.383
308.165
308.512
308.581
308.191
308.539
307.599
308.04
307.71
307.77
308.065
307.734
307.549
307.666
307.354
307.581
306.988
307.276
308.326
307.782
308.101
308.326
307.782
308.101
307.695
307.695
308.009
306.887
306.887
306.544
307.549
307.666
307.355
307.581
306.988
307.276
308.894
308.685
308.642
308.383
308.165
308.512
308.581
308.191
308.539
308.894
308.685
308.642
308.383
308.165
308.512
308.581
308.191
308.539
307.599
308.04
307.71
308.065
307.77
307.734
307.599
308.04
307.71
308.065
307.77
307.734
308.326
307.782
308.101
308.326
307.782
308.101
307.695
307.695
308.009
307.549
307.666
307.355
307.581
306.988
307.276
307.549
307.665
307.354
307.581
306.988
307.276
306.887
306.887
306.544
307.6
307.593
307.51
307.864
307.411
307.777
307.696
307.653
307.657
307.737
307.98
307.784
307.526
307.846
307.493
307.493
307.172
307.571
307.3
307.366
307.68
307.76
308.028
308.077
307.988
307.891
307.942
307.857
307.601
307.593
307.511
307.864
307.412
307.777
307.698
307.653
307.657
307.737
307.98
307.784
307.527
307.846
307.493
307.493
307.172
307.571
307.3
307.366
307.68
307.76
308.029
308.077
307.989
307.891
307.943
307.857
308.284
308.329
307.968
308.215
308.18
308.074
308.433
308.284
308.329
307.968
308.215
308.18
308.074
308.433
308.104
307.706
307.793
307.793
307.999
307.899
307.9
307.327
307.405
307.405
307.637
307.193
307.482
307.482
307.363
307.695
307.597
307.597
307.45
307.546
307.546
307.857
307.598
307.942
307.829
307.782
307.674
308.011
308.08
308.26
308.369
308.276
308.233
308.213
308.128
308.018
308.106
308.075
308.312
307.943
308.175
308.15
307.919
307.886
307.786
308.112
307.737
308.069
307.967
307.859
307.599
307.943
307.829
307.784
307.675
308.012
308.081
308.26
308.369
308.276
308.233
308.213
308.128
308.019
308.107
308.076
308.312
307.944
308.175
308.151
307.921
307.887
307.787
308.113
307.738
308.069
307.968
308.117
308.336
308.24
308.398
308.141
308.311
308.215
307.96
307.758
308.053
308.086
307.885
307.832
308.163
308.009
308.238
307.905
308.104
308.033
307.881
308.214
308.068
308.347
308.183
308.091
307.993
308.26
308.166
308.632
308.443
308.299
308.325
308.406
308.528
308.547
308.892
308.956
308.817
309.089
309.059
308.788
308.92
308.687
308.485
308.352
308.61
308.459
308.583
308.714
308.632
308.443
308.299
308.325
308.528
308.406
308.547
308.892
308.956
308.817
309.089
308.788
308.92
309.059
308.687
308.485
308.352
308.61
308.583
308.459
308.714
308.379
308.328
308.477
308.572
308.303
308.404
308.546
308.392
308.363
308.475
308.596
308.439
308.316
308.553
308.329
308.426
308.178
308.417
308.254
308.253
308.496
308.441
308.63
308.514
308.647
308.489
308.466
308.604
308.379
308.328
308.477
308.572
308.303
308.404
308.546
308.392
308.363
308.475
308.596
308.553
308.316
308.439
308.329
308.426
308.178
308.417
308.254
308.496
308.253
308.441
308.63
308.514
308.647
308.466
308.604
308.489
306.954
307.394
307.315
307.315
307.213
307.213
307.14
306.882
307.29
306.97
306.97
307.098
306.637
307.098
308.284
308.329
307.968
308.215
308.074
308.18
308.433
308.284
308.329
307.968
308.215
308.433
308.18
308.074
308.104
307.706
307.793
307.793
307.899
307.999
307.9
307.601
307.593
307.511
307.864
307.412
307.777
307.698
307.653
307.657
307.737
307.98
307.527
307.846
307.784
307.493
307.493
307.172
307.571
307.367
307.3
307.68
307.76
308.029
308.077
307.989
307.943
307.857
307.891
307.857
307.598
307.942
307.829
307.782
307.674
308.011
308.08
308.26
308.369
308.276
308.128
308.213
308.233
308.018
308.106
308.075
308.312
307.943
308.15
308.175
307.919
307.886
307.786
308.112
307.967
307.737
308.069
307.327
307.405
307.405
307.637
307.193
307.482
307.482
307.363
307.695
307.597
307.597
307.546
307.546
307.45
307.859
307.599
307.943
307.829
307.784
307.675
308.012
308.081
308.26
308.369
308.276
308.233
308.213
308.128
308.019
308.107
308.076
308.312
307.944
308.175
308.151
307.921
307.887
307.787
308.113
307.738
308.069
307.968
308.632
308.443
308.299
308.325
308.406
308.528
308.547
308.892
308.956
308.817
309.089
309.059
308.788
308.92
308.687
308.485
308.352
308.61
308.459
308.583
308.714
308.117
308.336
308.24
308.398
308.141
308.311
308.215
307.96
307.758
308.053
308.086
307.885
307.832
308.163
308.009
308.239
307.905
308.104
308.033
307.881
308.214
308.068
308.347
308.183
308.091
307.993
308.26
308.166
308.892
308.956
308.817
309.089
308.788
308.92
309.059
308.632
308.443
308.299
308.325
308.528
308.406
308.547
308.687
308.485
308.61
308.352
308.583
308.714
308.459
308.379
308.477
308.328
308.572
308.303
308.547
308.404
308.392
308.363
308.475
308.596
308.439
308.316
308.553
308.329
308.426
308.178
308.417
308.254
308.254
308.496
308.441
308.63
308.647
308.514
308.489
308.604
308.466
308.379
308.328
308.477
308.572
308.303
308.404
308.547
308.392
308.363
308.475
308.596
308.553
308.316
308.439
308.329
308.426
308.178
308.417
308.254
308.496
308.253
308.441
308.63
308.514
308.647
308.466
308.604
308.489
309.286
309.087
309.214
309.22
309.317
309.183
309.19
309.286
309.087
309.214
309.22
309.19
309.183
309.317
309.349
309.412
309.277
309.277
309.38
309.246
309.38
309.286
309.087
309.214
309.22
309.317
309.183
309.19
309.286
309.087
309.214
309.22
309.19
309.183
309.317
309.349
309.412
309.277
309.277
309.38
309.246
309.38
309.286
309.087
309.214
309.22
309.183
309.317
309.19
309.286
309.087
309.214
309.22
309.183
309.317
309.19
309.349
309.412
309.277
309.277
309.246
309.38
309.38
308.117
308.336
308.398
308.24
308.311
308.141
308.216
307.96
307.758
308.053
308.086
308.163
307.832
307.885
308.009
308.239
308.104
307.905
308.214
307.881
308.033
308.068
308.347
308.183
308.091
308.26
307.993
308.166
308.892
308.956
308.817
309.089
308.92
308.788
309.059
308.632
308.443
308.299
308.325
308.547
308.528
308.406
308.687
308.485
308.61
308.352
308.714
308.583
308.459
308.117
308.336
308.24
308.398
308.141
308.311
308.215
307.96
307.758
308.053
308.086
307.832
308.163
307.885
308.009
308.239
307.905
308.104
307.881
308.033
308.214
308.068
308.347
308.183
308.091
308.26
308.166
307.993
308.379
308.477
308.328
308.572
308.303
308.547
308.404
308.392
308.363
308.475
308.596
308.316
308.553
308.439
308.329
308.426
308.178
308.417
308.254
308.254
308.496
308.441
308.63
308.647
308.514
308.604
308.466
308.489
308.379
308.328
308.477
308.572
308.303
308.404
308.547
308.392
308.363
308.475
308.596
308.553
308.316
308.439
308.329
308.426
308.178
308.417
308.254
308.496
308.254
308.441
308.63
308.514
308.647
308.466
308.604
308.489
308.284
308.329
307.968
308.215
308.074
308.18
308.433
308.284
308.329
307.968
308.215
308.433
308.18
308.074
308.104
307.706
307.793
307.793
307.9
307.999
307.9
306.954
307.394
307.315
307.315
307.213
307.213
307.14
306.882
307.29
306.97
306.97
307.098
306.637
307.098
307.6
307.593
307.864
307.511
307.777
307.412
307.697
307.653
307.657
307.737
307.98
307.526
307.846
307.784
307.493
307.493
307.571
307.172
307.366
307.68
307.3
307.76
308.028
308.077
307.989
307.942
307.857
307.891
307.858
307.942
307.599
307.829
307.783
308.011
307.674
308.081
308.26
308.369
308.276
308.128
308.213
308.233
308.019
308.106
308.075
308.312
307.944
308.151
308.175
307.92
307.886
308.113
307.787
307.968
308.069
307.738
307.327
307.405
307.405
307.637
307.193
307.482
307.482
307.363
307.695
307.597
307.597
307.546
307.546
307.45
307.857
307.942
307.598
307.829
307.783
308.011
307.674
308.08
308.26
308.369
308.276
308.233
308.213
308.128
308.018
308.106
308.075
308.312
307.943
308.175
308.151
307.92
307.886
308.113
307.787
308.069
307.737
307.968
308.892
308.956
308.817
309.089
308.92
308.788
309.059
308.632
308.443
308.299
308.325
308.547
308.528
308.406
308.687
308.485
308.61
308.352
308.714
308.583
308.459
308.117
308.336
308.398
308.24
308.311
308.141
308.215
307.96
307.758
308.053
308.086
308.163
307.832
307.885
308.009
308.239
308.104
307.905
308.214
307.881
308.033
308.068
308.347
308.183
308.091
308.26
307.993
308.166
308.117
308.336
308.398
308.24
308.311
308.141
308.215
307.96
307.758
308.053
308.086
307.832
308.163
307.885
308.009
308.239
308.104
307.905
307.881
308.214
308.033
308.068
308.347
308.183
308.091
308.26
308.166
307.993
308.379
308.477
308.328
308.572
308.303
308.546
308.404
308.392
308.363
308.475
308.596
308.316
308.553
308.439
308.329
308.426
308.178
308.417
308.253
308.254
308.496
308.441
308.63
308.647
308.514
308.604
308.466
308.489
308.379
308.477
308.328
308.572
308.303
308.546
308.404
308.392
308.363
308.475
308.596
308.553
308.316
308.439
308.329
308.426
308.178
308.417
308.254
308.496
308.253
308.441
308.63
308.647
308.514
308.604
308.466
308.489
307.601
307.593
307.864
307.511
307.777
307.412
307.698
307.653
307.657
307.737
307.98
307.846
307.527
307.784
307.493
307.493
307.571
307.172
307.68
307.366
307.3
307.76
308.029
308.077
307.989
307.943
307.891
307.857
307.6
307.593
307.864
307.51
307.777
307.411
307.696
307.653
307.657
307.737
307.98
307.846
307.526
307.784
307.493
307.493
307.571
307.172
307.68
307.366
307.3
307.76
308.028
308.077
307.988
307.942
307.891
307.857
306.954
307.394
307.315
307.315
307.213
307.213
307.14
306.882
307.29
306.97
306.97
306.637
307.098
307.098
307.859
307.943
307.599
307.829
307.784
308.012
307.675
308.081
308.26
308.369
308.276
308.213
308.233
308.128
308.019
308.107
308.076
308.312
308.151
307.944
308.175
307.92
307.887
308.113
307.787
308.069
307.738
307.968
307.857
307.942
307.598
307.829
307.782
308.011
307.674
308.08
308.26
308.369
308.276
308.213
308.233
308.128
308.018
308.106
308.075
308.312
308.151
307.943
308.175
307.919
307.886
308.112
307.786
308.069
307.737
307.967
307.327
307.405
307.405
307.637
307.193
307.482
307.482
307.363
307.695
307.597
307.597
307.546
307.546
307.45
308.065
308
307.795
308.182
308.186
308.293
308.318
308.47
308.318
308.16
308.336
308.027
307.989
307.821
308.15
307.847
308.001
308.17
308.142
308.481
308.342
308.347
308.065
308.001
307.795
308.182
308.186
308.293
308.318
308.47
308.318
308.161
308.336
308.027
307.989
307.821
308.151
307.848
308.001
308.171
308.143
308.481
308.342
308.347
308.573
308.197
308.381
308.381
308.939
309.248
309.09
309.09
308.751
308.694
308.555
308.899
308.751
308.694
308.555
308.899
308.531
308.743
308.569
308.718
308.498
308.396
308.636
308.577
308.421
308.472
308.654
308.548
308.731
308.547
308.688
308.572
308.522
308.706
308.507
308.588
308.392
308.665
309.154
308.967
308.941
309.182
309.299
309.371
309.463
309.21
309.099
308.806
308.887
309.013
309.357
309.552
309.522
309.385
309.154
308.967
308.941
309.182
309.299
309.371
309.21
309.463
309.099
308.806
308.887
309.013
309.357
309.552
309.385
309.522
307.519
307.812
307.701
307.701
307.513
307.8
307.635
307.635
307.661
307.471
307.661
308.573
308.197
308.381
308.381
308.939
309.248
309.09
309.09
308.751
308.694
308.555
308.899
308.751
308.694
308.899
308.555
308.065
308.001
307.795
308.182
308.186
308.293
308.318
308.47
308.161
308.336
308.318
308.027
307.989
307.821
308.151
308.001
307.848
308.171
308.143
308.481
308.347
308.342
309.154
308.967
308.941
309.182
309.299
309.371
309.463
309.21
309.099
308.806
308.887
309.013
309.357
309.552
309.522
309.385
308.531
308.743
308.569
308.718
308.498
308.396
308.636
308.577
308.421
308.472
308.654
308.548
308.732
308.547
308.688
308.572
308.522
308.706
308.507
308.588
308.392
308.666
309.154
308.967
309.182
308.941
309.299
309.371
309.463
309.21
309.357
309.552
309.385
309.522
309.099
308.806
308.887
309.013
309.813
309.876
309.844
309.844
309.688
309.498
309.592
309.592
309.75
309.683
309.781
309.653
309.75
309.683
309.653
309.781
309.813
309.876
309.844
309.844
309.688
309.498
309.592
309.592
309.75
309.683
309.781
309.653
309.75
309.683
309.653
309.781
309.813
309.876
309.844
309.844
309.688
309.498
309.592
309.592
309.75
309.683
309.781
309.653
309.75
309.683
309.781
309.653
308.531
308.743
308.718
308.569
308.498
308.396
308.636
308.577
308.654
308.472
308.421
308.548
308.732
308.688
308.547
308.706
308.522
308.572
308.507
308.588
308.666
308.392
309.154
308.967
309.182
308.941
309.299
309.371
309.21
309.463
309.357
309.552
309.385
309.522
309.099
308.806
309.013
308.887
308.531
308.743
308.569
308.718
308.498
308.396
308.636
308.577
308.472
308.654
308.421
308.548
308.732
308.547
308.688
308.522
308.572
308.706
308.507
308.588
308.666
308.392
308.573
308.197
308.381
308.381
308.939
309.248
309.09
309.09
308.751
308.694
308.555
308.899
308.751
308.694
308.899
308.555
307.519
307.812
307.701
307.701
307.513
307.8
307.635
307.635
307.661
307.471
307.661
308.065
308
308.182
307.795
308.186
308.293
308.318
308.47
308.161
308.336
308.318
308.027
307.989
308.151
307.821
308.001
308.171
307.847
308.142
308.481
308.347
308.342
309.154
308.967
309.182
308.941
309.299
309.371
309.21
309.463
309.357
309.552
309.385
309.522
309.099
308.806
309.013
308.887
308.531
308.743
308.718
308.569
308.498
308.396
308.636
308.577
308.654
308.472
308.421
308.548
308.731
308.688
308.547
308.706
308.522
308.572
308.507
308.588
308.666
308.392
308.531
308.743
308.718
308.569
308.498
308.396
308.636
308.577
308.472
308.654
308.421
308.548
308.731
308.688
308.547
308.522
308.706
308.572
308.507
308.588
308.665
308.392
308.065
308.001
308.182
307.795
308.186
308.293
308.318
308.47
308.336
308.161
308.318
308.027
307.989
308.151
307.821
308.171
308.001
307.848
308.143
308.481
308.347
308.342
308.065
308
308.182
307.795
308.186
308.293
308.318
308.47
308.336
308.16
308.318
308.027
307.989
308.151
307.821
308.17
308.001
307.847
308.142
308.481
308.347
308.342
307.519
307.812
307.701
307.701
307.513
307.8
307.635
307.635
307.471
307.661
307.661
308.465
308.606
308.594
308.594
308.535
308.535
308.525
308.649
308.668
308.655
308.781
308.596
308.722
308.708
308.649
308.668
308.655
308.781
308.596
308.722
308.708
308.465
308.606
308.594
308.594
308.535
308.535
308.525
308.649
308.668
308.655
308.781
308.596
308.722
308.708
308.649
308.668
308.781
308.655
308.722
308.596
308.708
308.84
308.73
308.844
308.844
308.899
308.785
308.785
308.84
308.73
308.844
308.844
308.785
308.785
308.899
308.84
308.73
308.844
308.844
308.785
308.785
308.899
308.84
308.73
308.844
308.844
308.785
308.785
308.899
308.649
308.668
308.655
308.781
308.708
308.596
308.722
308.649
308.668
308.781
308.655
308.722
308.596
308.708
308.465
308.606
308.594
308.594
308.535
308.535
308.525
308.649
308.668
308.781
308.655
308.708
308.722
308.596
308.649
308.668
308.781
308.655
308.722
308.596
308.708
308.465
308.606
308.594
308.594
308.525
308.535
308.535
306.904
307.125
307.076
307.076
306.971
307.011
307.011
307.623
307.747
307.807
307.809
307.747
307.682
307.688
307.215
307.23
307.18
307.395
307.115
307.332
307.28
307.624
307.747
307.807
307.809
307.747
307.682
307.688
307.215
307.23
307.18
307.395
307.115
307.332
307.28
307.984
308.109
307.93
307.929
307.868
308.048
308.045
307.985
308.109
307.93
307.929
307.868
308.048
308.045
307.55
307.339
307.505
307.505
307.443
307.443
307.611
307.779
307.799
307.86
307.969
307.844
307.734
307.906
307.904
308.04
307.975
308.097
307.969
307.91
308.034
307.779
307.799
307.86
307.969
307.906
307.734
307.844
307.904
308.04
307.975
308.097
307.91
308.034
307.969
308.152
308.164
307.984
308.093
308.103
308.031
308.212
308.797
308.931
308.879
308.864
308.804
308.872
308.856
308.285
308.168
308.224
308.353
308.162
308.292
308.346
308.152
308.164
307.984
308.093
308.031
308.103
308.212
308.797
308.931
308.879
308.864
308.804
308.872
308.856
308.285
308.168
308.224
308.353
308.162
308.292
308.346
307.623
307.747
307.807
307.809
307.688
307.682
307.747
307.215
307.23
307.18
307.395
307.28
307.115
307.332
306.904
307.125
307.076
307.076
307.011
307.011
306.971
307.984
308.109
307.93
307.929
308.048
307.868
308.045
307.985
308.109
307.93
307.929
307.868
308.048
308.045
307.55
307.339
307.505
307.505
307.443
307.443
307.611
307.624
307.747
307.807
307.809
307.747
307.682
307.688
307.215
307.23
307.18
307.395
307.115
307.332
307.28
307.779
307.799
307.86
307.969
307.844
307.734
307.906
307.904
308.04
308.097
307.975
307.969
308.034
307.91
308.152
308.164
307.984
308.093
308.104
308.031
308.212
308.797
308.931
308.879
308.864
308.804
308.872
308.856
308.285
308.168
308.224
308.353
308.162
308.292
308.346
307.779
307.799
307.86
307.969
307.906
307.734
307.844
307.904
308.04
307.975
308.097
307.91
308.034
307.969
308.797
308.931
308.879
308.864
308.804
308.872
308.856
308.152
308.164
307.984
308.093
308.031
308.103
308.212
308.285
308.168
308.353
308.224
308.292
308.162
308.346
308.994
308.997
308.945
309.061
309.053
308.937
309.001
308.994
308.997
308.945
309.061
309.053
308.937
309.001
309.153
309.168
309.22
309.22
309.212
309.161
309.161
308.994
308.997
308.945
309.061
308.937
309.001
309.053
308.994
308.997
308.945
309.061
309.001
308.937
309.053
309.153
309.168
309.22
309.22
309.161
309.161
309.212
308.994
308.997
308.945
309.061
308.937
309.001
309.053
308.994
308.997
308.945
309.061
309.001
308.937
309.053
309.153
309.168
309.22
309.22
309.161
309.161
309.212
308.994
308.997
308.945
309.061
309.001
308.937
309.053
308.994
308.997
308.945
309.061
309.001
308.937
309.053
309.153
309.168
309.22
309.22
309.161
309.161
309.212
308.152
308.164
307.984
308.093
308.212
308.104
308.031
308.797
308.931
308.879
308.864
308.856
308.872
308.804
308.285
308.168
308.224
308.353
308.346
308.162
308.292
307.779
307.799
307.86
307.969
307.734
307.906
307.844
307.904
308.04
308.097
307.975
308.034
307.91
307.969
308.797
308.931
308.879
308.864
308.872
308.804
308.856
308.152
308.164
307.984
308.093
308.031
308.104
308.212
308.285
308.168
308.353
308.224
308.292
308.162
308.346
307.779
307.799
307.86
307.969
307.906
307.734
307.844
307.904
308.04
307.975
308.097
307.91
308.034
307.969
307.623
307.747
307.807
307.809
307.688
307.682
307.747
307.215
307.23
307.395
307.18
307.28
307.332
307.115
307.985
308.109
307.93
307.929
308.048
307.868
308.045
307.984
308.109
307.93
307.929
307.868
308.048
308.045
307.55
307.339
307.505
307.505
307.443
307.443
307.611
306.904
307.125
307.076
307.076
307.011
307.011
306.971
307.623
307.747
307.807
307.809
307.747
307.682
307.688
307.215
307.23
307.395
307.18
307.332
307.115
307.28
308.797
308.931
308.879
308.864
308.856
308.872
308.804
308.152
308.164
307.984
308.093
308.212
308.103
308.031
308.285
308.168
308.353
308.224
308.346
308.292
308.162
308.797
308.931
308.879
308.864
308.872
308.804
308.856
308.152
308.164
307.984
308.093
308.031
308.103
308.212
308.285
308.168
308.353
308.224
308.292
308.162
308.346
307.779
307.799
307.86
307.969
307.734
307.906
307.844
307.904
308.04
308.097
307.975
308.034
307.91
307.969
307.779
307.799
307.86
307.969
307.906
307.734
307.844
307.904
308.04
308.097
307.975
308.034
307.91
307.969
307.985
308.109
307.93
307.929
308.045
308.048
307.868
307.984
308.109
307.93
307.929
308.045
308.048
307.868
307.55
307.339
307.505
307.505
307.611
307.443
307.443
307.624
307.747
307.807
307.809
307.682
307.747
307.688
307.215
307.23
307.395
307.18
307.332
307.115
307.28
307.623
307.747
307.807
307.809
307.682
307.747
307.688
307.215
307.23
307.395
307.18
307.332
307.115
307.28
306.904
307.125
307.076
307.076
307.011
307.011
306.971
308.386
308.514
308.365
308.357
308.455
308.445
308.297
308.386
308.514
308.365
308.357
308.455
308.445
308.297
308.308
308.136
308.281
308.281
308.368
308.221
308.221
308.567
308.574
308.424
308.535
308.515
308.626
308.475
308.694
308.827
308.805
308.791
308.767
308.754
308.731
308.611
308.554
308.578
308.707
308.671
308.519
308.648
308.567
308.574
308.424
308.535
308.515
308.626
308.475
308.694
308.827
308.805
308.791
308.767
308.754
308.731
308.611
308.554
308.578
308.707
308.671
308.519
308.648
308.386
308.514
308.365
308.357
308.455
308.445
308.297
308.386
308.514
308.365
308.357
308.455
308.445
308.297
308.308
308.136
308.281
308.281
308.368
308.221
308.221
308.567
308.574
308.424
308.535
308.515
308.626
308.475
308.694
308.827
308.805
308.791
308.767
308.754
308.731
308.611
308.554
308.578
308.707
308.671
308.519
308.648
308.694
308.827
308.805
308.791
308.767
308.754
308.731
308.567
308.574
308.424
308.535
308.515
308.626
308.475
308.611
308.554
308.707
308.578
308.671
308.648
308.519
308.887
308.891
308.985
308.869
308.946
308.831
308.925
308.887
308.891
308.985
308.869
308.946
308.831
308.925
308.934
309.013
309.033
309.033
308.994
308.973
308.973
308.887
308.891
308.869
308.985
308.831
308.946
308.925
308.887
308.891
308.869
308.985
308.831
308.946
308.925
308.934
309.013
309.033
309.033
308.994
308.973
308.973
308.887
308.891
308.869
308.985
308.831
308.946
308.925
308.887
308.891
308.869
308.985
308.831
308.946
308.925
308.934
309.013
309.033
309.033
308.994
308.973
308.973
308.887
308.891
308.869
308.985
308.831
308.946
308.925
308.887
308.891
308.869
308.985
308.831
308.946
308.925
308.934
309.013
309.033
309.033
308.994
308.973
308.973
308.567
308.574
308.535
308.424
308.626
308.515
308.475
308.694
308.827
308.791
308.805
308.754
308.767
308.731
308.611
308.554
308.578
308.707
308.671
308.519
308.648
308.694
308.827
308.805
308.791
308.767
308.754
308.731
308.567
308.574
308.424
308.535
308.515
308.626
308.475
308.611
308.554
308.707
308.578
308.671
308.648
308.519
308.386
308.514
308.365
308.357
308.455
308.445
308.297
308.386
308.514
308.365
308.357
308.455
308.445
308.297
308.308
308.136
308.281
308.281
308.368
308.221
308.221
308.694
308.827
308.791
308.805
308.754
308.767
308.731
308.567
308.574
308.535
308.424
308.626
308.515
308.475
308.611
308.554
308.707
308.578
308.671
308.648
308.519
308.694
308.827
308.805
308.791
308.767
308.754
308.731
308.567
308.574
308.424
308.535
308.515
308.626
308.475
308.611
308.554
308.707
308.578
308.671
308.648
308.519
308.386
308.514
308.357
308.365
308.445
308.455
308.297
308.386
308.514
308.357
308.365
308.445
308.455
308.297
308.308
308.136
308.281
308.281
308.368
308.221
308.221
307.149
307.033
307.033
307.02
307.094
307.093
307.093
307.201
307.082
307.201
307.201
307.148
307.148
307.25
306.974
306.806
306.971
306.971
307.035
306.903
306.903
306.91
306.724
306.759
306.759
306.834
306.834
306.843
307.598
307.554
307.554
307.523
307.592
307.558
307.558
307.664
307.618
307.732
307.704
307.66
307.622
307.738
307.664
307.618
307.732
307.704
307.66
307.622
307.738
307.576
307.503
307.548
307.548
307.586
307.539
307.539
307.562
307.489
307.51
307.51
307.527
307.527
307.546
308.595
308.55
308.573
308.535
308.59
308.554
308.578
308.609
308.562
308.61
308.572
308.604
308.566
308.614
308.522
308.475
308.546
308.511
308.551
308.517
308.479
308.481
308.438
308.435
308.396
308.475
308.441
308.439
308.024
307.978
308.097
308.068
308.02
307.982
308.103
307.927
307.89
307.838
307.799
307.921
307.893
307.841
308.257
308.217
308.185
308.147
308.189
308.252
308.22
308.328
308.281
308.378
308.345
308.324
308.286
308.383
308.595
308.573
308.55
308.535
308.59
308.578
308.554
308.609
308.562
308.61
308.573
308.604
308.566
308.614
308.522
308.475
308.546
308.511
308.551
308.517
308.479
308.481
308.438
308.435
308.396
308.475
308.441
308.439
308.024
308.097
307.978
308.068
308.02
308.103
307.982
307.927
307.89
307.838
307.799
307.921
307.893
307.841
308.258
308.217
308.186
308.147
308.189
308.252
308.22
308.328
308.281
308.378
308.345
308.324
308.286
308.383
306.791
306.959
306.786
306.811
306.861
306.71
306.892
306.791
306.96
306.786
306.811
306.861
306.71
306.892
306.701
306.44
306.684
306.684
306.773
306.603
306.603
307.5
307.626
307.472
307.491
307.415
307.558
307.568
307.557
307.742
307.603
307.547
307.483
307.679
307.621
307.435
307.279
307.427
307.429
307.351
307.362
307.502
307.095
307.062
306.913
307.089
306.995
307.013
307.162
307.311
307.491
307.519
307.465
307.4
307.428
307.376
307.193
307.199
307.186
307.349
307.111
307.282
307.26
307.501
307.626
307.473
307.491
307.416
307.558
307.568
307.557
307.742
307.603
307.548
307.483
307.679
307.622
307.435
307.279
307.427
307.43
307.351
307.363
307.503
307.095
307.062
306.914
307.089
306.995
307.013
307.163
307.311
307.491
307.519
307.465
307.401
307.428
307.376
307.193
307.2
307.187
307.349
307.112
307.282
307.261
308.096
308.22
308.266
308.26
308.2
308.16
308.156
307.914
307.86
307.721
307.894
307.798
307.833
307.974
308.022
308.041
308.184
308
308.125
307.94
308.082
308.096
308.22
308.266
308.26
308.2
308.16
308.156
307.914
307.86
307.721
307.894
307.798
307.833
307.974
308.022
308.041
308.184
308
308.125
307.94
308.082
307.649
307.603
307.633
307.805
307.541
307.744
307.71
307.649
307.603
307.633
307.805
307.541
307.745
307.71
307.753
307.949
307.91
307.91
307.85
307.85
307.813
307.652
307.676
307.642
307.522
307.566
307.72
307.609
307.817
308.007
307.913
307.977
307.882
307.848
307.945
307.69
307.633
307.679
307.788
307.602
307.757
307.72
307.775
307.849
307.764
307.693
307.843
307.687
307.781
307.892
308.084
307.938
308.002
307.957
307.873
308.021
307.763
307.657
307.752
307.813
307.831
307.675
307.745
307.652
307.676
307.522
307.642
307.566
307.609
307.72
307.817
308.007
307.977
307.913
307.848
307.945
307.882
307.69
307.633
307.679
307.788
307.602
307.72
307.757
307.775
307.849
307.693
307.764
307.781
307.687
307.843
307.892
308.084
308.002
307.938
307.873
308.021
307.957
307.763
307.657
307.752
307.813
307.675
307.745
307.831
308.265
308.277
308.324
308.433
308.374
308.217
308.326
308.192
308.132
308.103
308.287
308.071
308.226
308.253
308.308
308.452
308.476
308.402
308.417
308.342
308.368
308.782
308.916
308.835
308.82
308.76
308.857
308.842
308.712
308.779
308.625
308.678
308.618
308.72
308.772
308.698
308.583
308.736
308.664
308.676
308.604
308.758
308.272
308.211
308.13
308.313
308.149
308.252
308.333
308.403
308.47
308.521
308.574
308.514
308.409
308.463
308.389
308.479
308.429
308.56
308.369
308.5
308.449
308.265
308.277
308.324
308.433
308.374
308.217
308.326
308.192
308.132
308.103
308.287
308.071
308.226
308.253
308.308
308.452
308.476
308.402
308.417
308.342
308.368
308.782
308.916
308.835
308.82
308.76
308.857
308.842
308.712
308.779
308.625
308.678
308.72
308.618
308.772
308.698
308.583
308.736
308.664
308.676
308.604
308.758
308.272
308.211
308.13
308.313
308.149
308.252
308.333
308.403
308.47
308.521
308.574
308.409
308.514
308.463
308.389
308.479
308.429
308.56
308.369
308.5
308.449
307.5
307.626
307.491
307.472
307.415
307.568
307.558
307.557
307.742
307.547
307.603
307.621
307.483
307.679
307.435
307.279
307.427
307.429
307.351
307.502
307.362
307.095
307.062
307.089
306.913
307.162
307.013
306.995
307.311
307.491
307.465
307.519
307.376
307.4
307.428
307.193
307.199
307.186
307.349
307.26
307.111
307.282
306.791
306.959
306.811
306.786
306.892
306.71
306.861
306.791
306.96
306.811
306.786
306.71
306.892
306.861
306.701
306.44
306.684
306.684
306.603
306.603
306.773
308.096
308.22
308.266
308.26
308.2
308.16
308.156
307.914
307.86
307.721
307.894
307.798
307.833
307.974
308.022
308.041
308.184
308
308.125
307.94
308.082
308.096
308.22
308.266
308.26
308.2
308.16
308.156
307.914
307.86
307.721
307.894
307.833
307.798
307.974
308.022
308.041
308.185
308
308.125
307.94
308.082
307.649
307.603
307.633
307.805
307.541
307.744
307.71
307.649
307.603
307.633
307.805
307.745
307.541
307.71
307.753
307.949
307.91
307.91
307.85
307.85
307.814
307.501
307.626
307.473
307.491
307.416
307.558
307.568
307.557
307.742
307.603
307.548
307.679
307.483
307.622
307.435
307.279
307.427
307.43
307.351
307.363
307.503
307.095
307.062
306.914
307.089
306.995
307.013
307.163
307.311
307.491
307.519
307.465
307.428
307.401
307.376
307.193
307.2
307.187
307.349
307.112
307.282
307.261
307.653
307.676
307.643
307.523
307.566
307.72
307.609
307.817
308.007
307.913
307.977
307.882
307.848
307.945
307.69
307.633
307.679
307.788
307.602
307.758
307.72
307.892
308.084
307.938
308.002
307.957
307.873
308.021
307.775
307.849
307.764
307.693
307.843
307.687
307.781
307.763
307.657
307.813
307.752
307.831
307.745
307.675
308.265
308.277
308.324
308.433
308.374
308.217
308.326
308.192
308.132
308.103
308.287
308.071
308.226
308.253
308.308
308.452
308.476
308.402
308.417
308.342
308.368
308.782
308.916
308.835
308.82
308.76
308.857
308.842
308.712
308.779
308.625
308.678
308.618
308.72
308.772
308.698
308.583
308.736
308.664
308.676
308.604
308.758
308.272
308.211
308.13
308.313
308.149
308.252
308.333
308.403
308.47
308.521
308.574
308.514
308.409
308.463
308.389
308.479
308.429
308.56
308.369
308.5
308.449
307.653
307.676
307.523
307.642
307.566
307.609
307.72
307.817
308.007
307.977
307.913
307.848
307.945
307.882
307.69
307.633
307.679
307.788
307.602
307.72
307.758
307.775
307.849
307.693
307.764
307.781
307.687
307.843
307.892
308.084
308.002
307.938
307.873
308.021
307.957
307.763
307.657
307.752
307.813
307.675
307.745
307.831
308.782
308.916
308.835
308.82
308.76
308.857
308.842
308.712
308.779
308.625
308.678
308.72
308.618
308.772
308.698
308.583
308.736
308.664
308.676
308.604
308.758
308.265
308.277
308.324
308.433
308.374
308.217
308.326
308.192
308.132
308.103
308.287
308.071
308.226
308.253
308.308
308.452
308.476
308.402
308.417
308.342
308.368
308.403
308.47
308.521
308.574
308.409
308.514
308.463
308.272
308.211
308.13
308.313
308.149
308.252
308.333
308.389
308.479
308.56
308.429
308.5
308.369
308.449
308.979
308.981
309.015
308.899
308.956
309.038
308.922
309.042
309.109
309.142
309.09
309.102
309.082
309.05
309.027
309.043
309.063
309.126
309.004
309.086
309.067
308.979
308.981
309.015
308.899
308.956
309.038
308.922
309.042
309.109
309.142
309.09
309.102
309.082
309.05
309.027
309.043
309.063
309.126
309.004
309.086
309.067
309.137
309.204
309.173
309.121
309.197
309.113
309.145
309.137
309.204
309.173
309.121
309.197
309.113
309.145
309.121
309.074
309.157
309.157
309.181
309.098
309.098
308.979
308.981
308.899
309.015
308.956
308.922
309.038
309.042
309.109
309.09
309.142
309.05
309.082
309.102
309.027
309.043
309.063
309.126
309.004
309.067
309.086
308.979
308.981
308.899
309.015
308.956
308.922
309.038
309.042
309.109
309.09
309.142
309.082
309.05
309.102
309.027
309.043
309.063
309.126
309.004
309.067
309.086
309.137
309.204
309.121
309.173
309.145
309.113
309.197
309.137
309.204
309.121
309.173
309.113
309.145
309.197
309.121
309.074
309.157
309.157
309.098
309.098
309.181
308.979
308.981
308.899
309.015
308.956
308.922
309.038
309.042
309.109
309.09
309.142
309.05
309.082
309.102
309.027
309.043
309.063
309.126
309.004
309.067
309.086
308.979
308.981
308.899
309.015
308.956
308.922
309.038
309.042
309.109
309.09
309.142
309.082
309.05
309.102
309.027
309.043
309.063
309.126
309.004
309.067
309.086
309.137
309.204
309.121
309.173
309.145
309.113
309.197
309.137
309.204
309.121
309.173
309.113
309.145
309.197
309.121
309.074
309.157
309.157
309.098
309.098
309.181
308.979
308.981
308.899
309.015
308.956
308.922
309.038
309.042
309.109
309.09
309.142
309.05
309.082
309.102
309.027
309.043
309.063
309.126
309.004
309.067
309.086
308.979
308.981
308.899
309.015
308.956
308.922
309.038
309.042
309.109
309.09
309.142
309.05
309.082
309.102
309.027
309.043
309.063
309.126
309.004
309.067
309.086
309.137
309.204
309.121
309.173
309.145
309.113
309.197
309.137
309.204
309.121
309.173
309.145
309.113
309.197
309.121
309.074
309.157
309.157
309.098
309.098
309.181
308.265
308.277
308.433
308.324
308.374
308.326
308.217
308.192
308.132
308.287
308.103
308.253
308.226
308.071
308.308
308.452
308.476
308.402
308.417
308.368
308.342
308.782
308.916
308.82
308.835
308.76
308.842
308.857
308.712
308.779
308.678
308.625
308.772
308.618
308.72
308.698
308.583
308.736
308.664
308.676
308.758
308.604
308.272
308.211
308.313
308.13
308.333
308.252
308.149
308.403
308.47
308.574
308.521
308.463
308.514
308.409
308.389
308.479
308.429
308.56
308.449
308.369
308.5
307.653
307.676
307.523
307.643
307.566
307.609
307.72
307.817
308.007
307.977
307.913
307.945
307.848
307.882
307.69
307.633
307.679
307.788
307.602
307.72
307.758
307.892
308.084
308.002
307.938
308.021
307.873
307.957
307.775
307.849
307.693
307.764
307.687
307.781
307.843
307.763
307.657
307.813
307.752
307.745
307.675
307.831
308.782
308.916
308.835
308.82
308.76
308.857
308.842
308.712
308.779
308.625
308.678
308.72
308.618
308.772
308.698
308.583
308.736
308.664
308.676
308.604
308.758
308.265
308.277
308.324
308.433
308.374
308.217
308.326
308.192
308.132
308.103
308.287
308.226
308.071
308.253
308.308
308.452
308.476
308.402
308.417
308.342
308.368
308.403
308.47
308.521
308.574
308.409
308.514
308.463
308.272
308.211
308.13
308.313
308.252
308.149
308.333
308.389
308.479
308.56
308.429
308.5
308.369
308.449
307.653
307.676
307.523
307.643
307.566
307.609
307.72
307.817
308.007
307.977
307.913
307.945
307.848
307.882
307.69
307.633
307.679
307.788
307.602
307.72
307.758
307.775
307.849
307.693
307.764
307.781
307.687
307.843
307.892
308.084
308.002
307.938
308.021
307.873
307.957
307.763
307.657
307.752
307.813
307.675
307.745
307.831
307.5
307.626
307.491
307.473
307.416
307.568
307.558
307.557
307.742
307.547
307.603
307.621
307.483
307.679
307.435
307.279
307.427
307.43
307.351
307.502
307.362
307.311
307.491
307.465
307.519
307.376
307.4
307.428
307.095
307.062
307.089
306.913
307.162
307.013
306.995
307.193
307.2
307.349
307.186
307.26
307.282
307.111
308.096
308.22
308.266
308.26
308.2
308.16
308.156
307.914
307.86
307.721
307.894
307.798
307.833
307.974
308.022
308.041
308.184
308
308.125
307.94
308.082
308.096
308.22
308.266
308.26
308.2
308.16
308.156
307.914
307.86
307.721
307.894
307.833
307.798
307.974
308.022
308.041
308.184
308
308.125
307.94
308.082
307.649
307.603
307.633
307.805
307.541
307.744
307.71
307.649
307.603
307.633
307.805
307.744
307.541
307.71
307.753
307.949
307.91
307.91
307.85
307.85
307.813
306.791
306.959
306.811
306.786
306.892
306.71
306.861
306.791
306.959
306.811
306.786
306.71
306.892
306.861
306.701
306.44
306.684
306.684
306.603
306.603
306.773
307.5
307.626
307.473
307.491
307.416
307.558
307.568
307.557
307.742
307.603
307.547
307.679
307.483
307.621
307.435
307.279
307.427
307.43
307.351
307.362
307.502
307.311
307.491
307.519
307.465
307.428
307.4
307.376
307.095
307.062
306.913
307.089
306.995
307.013
307.162
307.193
307.2
307.349
307.186
307.282
307.111
307.26
308.782
308.916
308.82
308.835
308.76
308.842
308.857
308.712
308.779
308.678
308.625
308.772
308.618
308.72
308.698
308.583
308.736
308.664
308.676
308.758
308.604
308.265
308.277
308.433
308.324
308.374
308.326
308.217
308.192
308.132
308.287
308.103
308.253
308.226
308.071
308.308
308.452
308.476
308.402
308.417
308.368
308.342
308.403
308.47
308.574
308.521
308.463
308.514
308.409
308.272
308.211
308.313
308.13
308.333
308.252
308.149
308.389
308.479
308.56
308.429
308.449
308.5
308.369
308.782
308.916
308.835
308.82
308.76
308.857
308.842
308.712
308.779
308.625
308.678
308.72
308.618
308.772
308.698
308.583
308.736
308.664
308.676
308.604
308.758
308.265
308.277
308.324
308.433
308.374
308.217
308.326
308.192
308.132
308.103
308.287
308.226
308.071
308.253
308.308
308.452
308.476
308.402
308.417
308.342
308.368
308.403
308.47
308.521
308.574
308.409
308.514
308.463
308.272
308.211
308.13
308.313
308.252
308.149
308.333
308.389
308.479
308.56
308.429
308.5
308.369
308.449
307.653
307.676
307.523
307.642
307.566
307.609
307.72
307.817
308.007
307.977
307.913
307.945
307.848
307.882
307.69
307.633
307.679
307.788
307.602
307.72
307.758
307.892
308.084
308.002
307.938
308.021
307.873
307.957
307.775
307.849
307.693
307.764
307.687
307.781
307.843
307.763
307.657
307.813
307.752
307.745
307.675
307.831
307.652
307.676
307.522
307.642
307.566
307.609
307.72
307.817
308.007
307.977
307.913
307.945
307.848
307.882
307.69
307.633
307.679
307.788
307.602
307.72
307.757
307.892
308.084
308.002
307.938
308.021
307.873
307.957
307.775
307.849
307.693
307.764
307.781
307.687
307.843
307.763
307.657
307.813
307.752
307.745
307.675
307.831
308.096
308.22
308.26
308.266
308.2
308.156
308.16
307.914
307.86
307.894
307.721
307.974
307.833
307.798
308.022
308.041
308.184
308
308.125
308.082
307.94
308.096
308.22
308.26
308.266
308.2
308.156
308.16
307.914
307.86
307.894
307.721
307.974
307.833
307.798
308.022
308.041
308.184
308
308.125
308.082
307.94
307.649
307.603
307.805
307.633
307.71
307.745
307.541
307.649
307.603
307.805
307.633
307.71
307.744
307.541
307.753
307.949
307.91
307.91
307.814
307.85
307.85
307.501
307.626
307.473
307.491
307.416
307.558
307.568
307.557
307.742
307.603
307.548
307.679
307.483
307.622
307.435
307.279
307.427
307.43
307.351
307.363
307.503
307.311
307.491
307.519
307.465
307.428
307.401
307.376
307.095
307.062
306.913
307.089
307.013
306.995
307.162
307.193
307.2
307.349
307.187
307.282
307.112
307.261
307.5
307.626
307.472
307.491
307.415
307.558
307.568
307.557
307.742
307.603
307.547
307.679
307.483
307.621
307.435
307.279
307.427
307.429
307.351
307.362
307.502
307.311
307.491
307.519
307.465
307.428
307.4
307.376
307.095
307.062
306.913
307.089
307.013
306.995
307.162
307.193
307.199
307.349
307.186
307.282
307.111
307.26
306.791
306.96
306.811
306.786
306.892
306.71
306.861
306.791
306.959
306.811
306.786
306.892
306.71
306.861
306.701
306.44
306.684
306.684
306.603
306.603
306.773
307.378
307.286
307.374
307.374
307.336
307.336
307.414
307.339
307.242
307.249
307.249
307.296
307.295
307.295
307.477
307.396
307.408
307.408
307.447
307.439
307.439
307.503
307.425
307.49
307.49
307.526
307.466
307.466
307.149
307.033
307.033
307.02
307.094
307.093
307.093
307.201
307.082
307.201
307.201
307.148
307.148
307.25
306.974
306.971
306.806
306.971
307.035
306.903
306.903
306.91
306.724
306.759
306.759
306.843
306.834
306.834
307.378
307.286
307.374
307.374
307.336
307.336
307.414
307.339
307.242
307.249
307.249
307.296
307.295
307.295
307.477
307.408
307.408
307.396
307.447
307.439
307.439
307.503
307.425
307.49
307.49
307.466
307.466
307.526
307.149
307.033
307.033
307.02
307.094
307.093
307.093
307.201
307.082
307.201
307.201
307.148
307.148
307.25
306.974
306.971
306.806
306.971
307.035
306.903
306.903
306.91
306.724
306.759
306.759
306.843
306.834
306.834
307.378
307.286
307.374
307.374
307.336
307.336
307.414
307.339
307.242
307.249
307.249
307.296
307.295
307.295
307.477
307.408
307.408
307.396
307.447
307.439
307.439
307.503
307.425
307.49
307.49
307.466
307.466
307.526
307.149
307.033
307.033
307.02
307.094
307.093
307.093
307.201
307.082
307.201
307.201
307.148
307.148
307.25
306.974
306.806
306.971
306.971
307.035
306.903
306.903
306.91
306.724
306.759
306.759
306.843
306.834
306.834
307.378
307.286
307.374
307.374
307.336
307.336
307.414
307.339
307.242
307.249
307.249
307.296
307.295
307.295
307.477
307.408
307.408
307.396
307.447
307.439
307.439
307.503
307.425
307.49
307.49
307.466
307.466
307.526
308.024
307.978
308.097
308.068
308.02
307.982
308.103
307.927
307.89
307.838
307.799
307.841
307.921
307.893
308.257
308.217
308.185
308.147
308.189
308.252
308.22
308.328
308.281
308.378
308.345
308.383
308.324
308.286
308.024
307.978
308.098
308.068
308.021
307.983
308.103
307.927
307.89
307.838
307.8
307.841
307.922
307.893
308.258
308.218
308.186
308.147
308.189
308.252
308.221
308.328
308.282
308.378
308.345
308.383
308.324
308.286
308.595
308.55
308.573
308.535
308.59
308.554
308.578
308.609
308.562
308.61
308.572
308.614
308.604
308.566
308.522
308.475
308.546
308.511
308.551
308.517
308.479
308.481
308.438
308.435
308.396
308.439
308.475
308.441
307.598
307.554
307.554
307.523
307.592
307.558
307.558
307.664
307.618
307.732
307.704
307.738
307.66
307.622
307.664
307.618
307.732
307.704
307.66
307.622
307.738
307.576
307.548
307.503
307.548
307.586
307.539
307.539
307.562
307.489
307.51
307.51
307.546
307.527
307.527
308.024
307.978
308.098
308.068
308.021
307.983
308.103
307.927
307.89
307.838
307.8
307.841
307.922
307.893
308.258
308.186
308.147
308.218
308.189
308.252
308.221
308.328
308.282
308.378
308.345
308.324
308.286
308.383
308.595
308.55
308.573
308.535
308.59
308.554
308.578
308.609
308.562
308.61
308.573
308.614
308.604
308.566
308.522
308.475
308.546
308.511
308.551
308.517
308.479
308.481
308.438
308.435
308.396
308.439
308.475
308.441
308.595
308.573
308.55
308.535
308.59
308.578
308.554
308.609
308.562
308.61
308.573
308.604
308.566
308.614
308.522
308.546
308.475
308.511
308.551
308.517
308.479
308.481
308.438
308.435
308.396
308.439
308.476
308.441
308.595
308.55
308.573
308.535
308.59
308.554
308.578
308.609
308.562
308.61
308.573
308.614
308.604
308.566
308.522
308.546
308.511
308.475
308.551
308.517
308.479
308.481
308.438
308.435
308.396
308.475
308.441
308.439
307.598
307.554
307.554
307.523
307.592
307.558
307.558
307.664
307.618
307.732
307.704
307.738
307.66
307.622
307.664
307.618
307.732
307.704
307.66
307.622
307.738
307.576
307.548
307.503
307.548
307.586
307.539
307.539
307.562
307.489
307.51
307.51
307.546
307.527
307.527
308.024
308.097
307.978
308.068
308.02
308.103
307.982
307.927
307.89
307.838
307.799
307.841
307.921
307.893
308.258
308.186
308.147
308.217
308.189
308.252
308.22
308.328
308.281
308.378
308.345
308.324
308.286
308.383
308.595
308.573
308.55
308.535
308.59
308.578
308.554
308.609
308.562
308.61
308.572
308.604
308.566
308.614
308.522
308.546
308.475
308.511
308.551
308.517
308.479
308.481
308.438
308.435
308.396
308.439
308.475
308.441
308.595
308.573
308.55
308.535
308.59
308.578
308.554
308.609
308.562
308.61
308.572
308.614
308.604
308.566
308.522
308.546
308.511
308.475
308.551
308.517
308.479
308.481
308.438
308.435
308.396
308.475
308.441
308.439
308.024
308.098
307.978
308.068
308.021
308.103
307.983
307.927
307.89
307.838
307.8
307.921
307.893
307.841
308.258
308.186
308.218
308.147
308.189
308.252
308.221
308.328
308.282
308.378
308.345
308.383
308.324
308.286
308.024
308.097
307.978
308.068
308.02
308.103
307.982
307.927
307.89
307.838
307.799
307.921
307.893
307.841
308.257
308.186
308.217
308.147
308.189
308.252
308.22
308.328
308.281
308.378
308.345
308.383
308.324
308.286
307.598
307.554
307.554
307.523
307.592
307.558
307.558
307.664
307.618
307.732
307.704
307.738
307.66
307.622
307.664
307.618
307.732
307.704
307.738
307.66
307.622
307.576
307.503
307.548
307.548
307.586
307.539
307.539
307.563
307.489
307.51
307.51
307.546
307.527
307.527
309.677
309.425
309.652
309.652
309.549
309.549
309.779
309.677
309.426
309.652
309.652
309.549
309.549
309.779
309.677
309.426
309.652
309.652
309.549
309.549
309.779
309.677
309.426
309.652
309.652
309.549
309.549
309.779
)
;

boundaryField
{
    chip
    {
        type            zeroGradient;
    }
    chip_to_dbc_cu_top
    {
        type            compressible::turbulentTemperatureRadCoupledMixed;
        refValue        nonuniform List<scalar> 
1600
(
306.157
306.299
306.227
306.227
306.338
306.359
306.286
306.411
306.338
306.359
306.286
306.411
306.157
306.299
306.227
306.227
306.338
306.359
306.286
306.411
306.338
306.359
306.411
306.286
306.526
306.419
306.472
306.472
306.526
306.419
306.472
306.472
306.526
306.419
306.472
306.472
306.526
306.419
306.472
306.472
306.338
306.359
306.286
306.411
306.338
306.359
306.411
306.286
306.157
306.299
306.227
306.227
306.338
306.359
306.411
306.286
306.338
306.359
306.411
306.286
306.157
306.299
306.227
306.227
304.295
304.631
304.458
304.458
305.117
305.379
305.32
305.174
304.695
304.758
304.58
304.879
305.117
305.379
305.32
305.174
304.695
304.758
304.58
304.879
305.625
305.538
305.478
305.688
305.625
305.538
305.478
305.688
305.153
304.895
305.021
305.021
305.262
305.427
305.22
305.471
305.378
305.598
305.384
305.592
305.262
305.427
305.471
305.22
305.378
305.598
305.384
305.592
305.787
305.59
305.74
305.634
306.482
306.565
306.489
306.558
305.915
305.765
305.759
305.921
305.787
305.59
305.634
305.74
306.482
306.565
306.489
306.558
305.915
305.765
305.759
305.921
305.117
305.379
305.174
305.32
304.695
304.758
304.58
304.879
304.295
304.631
304.458
304.458
305.625
305.538
305.688
305.478
305.625
305.538
305.478
305.688
305.153
304.895
305.021
305.021
305.117
305.379
305.32
305.174
304.695
304.758
304.58
304.879
305.262
305.427
305.22
305.471
305.379
305.598
305.592
305.384
305.787
305.59
305.74
305.634
306.482
306.565
306.489
306.558
305.915
305.765
305.759
305.921
305.262
305.427
305.471
305.22
305.378
305.598
305.384
305.592
306.482
306.565
306.489
306.558
305.787
305.59
305.634
305.74
305.915
305.765
305.921
305.759
306.676
306.628
306.621
306.684
306.676
306.628
306.621
306.684
306.832
306.847
306.839
306.839
306.676
306.628
306.621
306.684
306.676
306.628
306.684
306.621
306.832
306.847
306.839
306.839
306.676
306.628
306.621
306.684
306.676
306.628
306.684
306.621
306.832
306.847
306.839
306.839
306.676
306.628
306.684
306.621
306.676
306.628
306.684
306.621
306.832
306.847
306.839
306.839
305.787
305.59
305.74
305.634
306.482
306.565
306.558
306.489
305.915
305.765
305.759
305.921
305.262
305.427
305.22
305.471
305.379
305.598
305.592
305.384
306.482
306.565
306.558
306.489
305.787
305.59
305.634
305.74
305.915
305.765
305.921
305.759
305.262
305.427
305.471
305.22
305.379
305.598
305.384
305.592
305.117
305.379
305.174
305.32
304.695
304.758
304.879
304.58
305.625
305.538
305.688
305.478
305.625
305.538
305.478
305.688
305.153
304.895
305.021
305.021
304.295
304.631
304.458
304.458
305.117
305.379
305.32
305.174
304.695
304.758
304.879
304.58
306.482
306.565
306.558
306.489
305.787
305.59
305.74
305.634
305.915
305.765
305.921
305.759
306.482
306.565
306.558
306.489
305.787
305.59
305.634
305.74
305.915
305.765
305.921
305.759
305.262
305.427
305.22
305.471
305.378
305.598
305.592
305.384
305.262
305.427
305.471
305.22
305.378
305.598
305.592
305.384
305.625
305.538
305.688
305.478
305.625
305.538
305.688
305.478
305.153
304.895
305.021
305.021
305.117
305.379
305.174
305.32
304.695
304.758
304.879
304.58
305.117
305.379
305.174
305.32
304.695
304.758
304.879
304.58
304.295
304.631
304.458
304.458
305.994
305.814
305.903
305.903
306.074
306.05
306.144
305.982
306.074
306.05
306.144
305.982
306.296
306.233
306.199
306.331
306.253
306.107
306.202
306.156
306.382
306.493
306.456
306.418
306.296
306.233
306.199
306.331
306.253
306.107
306.202
306.156
306.382
306.493
306.456
306.418
305.994
305.814
305.903
305.903
306.074
306.05
306.144
305.982
306.074
306.05
306.144
305.982
306.296
306.233
306.199
306.331
306.253
306.107
306.202
306.156
306.382
306.493
306.456
306.418
306.296
306.233
306.331
306.199
306.382
306.493
306.456
306.418
306.253
306.107
306.202
306.156
306.619
306.695
306.657
306.657
306.572
306.555
306.518
306.61
306.572
306.555
306.518
306.61
306.619
306.695
306.657
306.657
306.572
306.555
306.518
306.61
306.572
306.555
306.518
306.61
306.619
306.695
306.657
306.657
306.572
306.555
306.518
306.61
306.572
306.555
306.518
306.61
306.619
306.695
306.657
306.657
306.572
306.555
306.518
306.61
306.572
306.555
306.518
306.61
306.296
306.233
306.199
306.331
306.253
306.107
306.202
306.156
306.382
306.493
306.456
306.418
306.296
306.233
306.331
306.199
306.382
306.493
306.456
306.418
306.253
306.107
306.202
306.156
305.994
305.814
305.903
305.903
306.074
306.05
306.144
305.982
306.074
306.05
306.144
305.982
306.296
306.233
306.331
306.199
306.382
306.493
306.456
306.418
306.253
306.107
306.202
306.156
306.296
306.233
306.331
306.199
306.382
306.493
306.456
306.418
306.253
306.107
306.202
306.156
305.994
305.814
305.903
305.903
306.074
306.05
306.144
305.982
306.074
306.05
306.144
305.982
303.912
303.445
303.637
303.637
304.09
303.947
303.82
304.244
304.09
303.947
303.82
304.244
304.809
304.422
304.483
304.738
304.87
304.593
304.547
304.925
305.051
305.174
304.978
305.252
304.57
304.341
304.265
304.66
304.471
304.069
304.36
304.162
304.803
305.091
304.896
304.992
304.809
304.422
304.483
304.738
304.87
304.593
304.547
304.925
305.051
305.174
304.978
305.252
304.57
304.341
304.265
304.66
304.471
304.069
304.36
304.162
304.803
305.091
304.897
304.992
305.684
305.714
305.801
305.6
305.76
305.945
305.879
305.825
305.552
305.328
305.407
305.47
305.684
305.714
305.801
305.6
305.76
305.945
305.879
305.825
305.552
305.328
305.407
305.47
305.397
305.618
305.506
305.506
305.272
305.239
305.137
305.378
305.272
305.239
305.137
305.378
305.044
304.734
304.71
305.072
305.01
304.641
304.675
304.97
305.298
305.538
305.327
305.508
305.111
304.757
304.772
305.094
305.121
304.788
304.783
305.127
305.367
305.562
305.35
305.58
305.044
304.734
304.71
305.072
305.01
304.641
304.675
304.97
305.298
305.538
305.327
305.508
305.111
304.757
304.772
305.094
305.121
304.788
305.127
304.783
305.367
305.562
305.35
305.58
305.967
306.125
306.091
306
305.926
306
306.049
305.878
305.826
305.704
305.672
305.858
306.38
306.261
306.359
306.281
306.468
306.521
306.446
306.543
306.394
306.302
306.295
306.401
306.045
306.151
306.026
306.171
305.902
305.728
305.747
305.883
306.058
306.191
306.185
306.065
305.967
306.125
306.091
306
305.926
306
306.049
305.878
305.826
305.704
305.672
305.858
306.38
306.261
306.359
306.281
306.468
306.521
306.446
306.543
306.394
306.302
306.401
306.295
306.045
306.151
306.026
306.171
305.902
305.728
305.747
305.883
306.058
306.191
306.065
306.185
304.809
304.422
304.483
304.738
304.87
304.593
304.547
304.925
305.051
305.174
304.978
305.252
304.57
304.341
304.265
304.66
304.471
304.069
304.162
304.36
304.803
305.091
304.896
304.992
303.912
303.445
303.637
303.637
304.09
303.947
304.244
303.82
304.09
303.947
303.82
304.244
305.684
305.714
305.801
305.6
305.76
305.945
305.879
305.825
305.552
305.328
305.407
305.47
305.684
305.714
305.801
305.6
305.76
305.945
305.879
305.825
305.552
305.328
305.47
305.407
305.397
305.618
305.506
305.506
305.272
305.239
305.137
305.378
305.272
305.239
305.378
305.137
304.809
304.422
304.483
304.738
304.87
304.593
304.547
304.925
305.051
305.174
305.252
304.978
304.57
304.341
304.265
304.66
304.471
304.069
304.36
304.162
304.803
305.091
304.992
304.897
305.044
304.734
304.71
305.072
305.01
304.641
304.675
304.97
305.298
305.538
305.327
305.508
305.111
304.757
305.094
304.772
305.367
305.562
305.35
305.58
305.121
304.788
304.783
305.127
305.967
306.125
306.091
306
305.926
306
306.049
305.878
305.826
305.704
305.673
305.858
306.38
306.261
306.359
306.281
306.468
306.521
306.446
306.543
306.394
306.302
306.295
306.401
306.045
306.151
306.026
306.171
305.902
305.728
305.747
305.883
306.058
306.191
306.185
306.065
305.044
304.734
304.71
305.072
305.01
304.641
304.675
304.97
305.298
305.538
305.327
305.508
305.111
304.757
304.772
305.094
305.121
304.788
305.127
304.783
305.367
305.562
305.35
305.58
306.38
306.261
306.359
306.281
306.468
306.521
306.446
306.543
306.394
306.302
306.401
306.295
305.967
306.125
306.091
306
305.926
306
306.049
305.878
305.826
305.704
305.672
305.858
306.045
306.151
306.171
306.026
306.058
306.191
306.065
306.185
305.902
305.728
305.747
305.883
306.709
306.725
306.687
306.748
306.662
306.584
306.639
306.606
306.724
306.77
306.763
306.731
306.709
306.725
306.687
306.748
306.662
306.584
306.639
306.606
306.724
306.77
306.763
306.731
306.801
306.755
306.778
306.778
306.816
306.801
306.793
306.824
306.816
306.801
306.793
306.824
306.709
306.725
306.687
306.748
306.662
306.584
306.639
306.606
306.724
306.77
306.731
306.763
306.709
306.725
306.687
306.748
306.662
306.584
306.639
306.606
306.724
306.77
306.763
306.731
306.801
306.755
306.778
306.778
306.816
306.801
306.824
306.793
306.816
306.801
306.793
306.824
306.709
306.725
306.687
306.748
306.662
306.584
306.639
306.606
306.724
306.77
306.731
306.763
306.709
306.725
306.687
306.748
306.662
306.584
306.639
306.606
306.724
306.77
306.763
306.731
306.801
306.755
306.778
306.778
306.816
306.801
306.824
306.793
306.816
306.801
306.793
306.824
306.709
306.725
306.687
306.748
306.662
306.584
306.639
306.606
306.724
306.77
306.731
306.763
306.709
306.725
306.687
306.748
306.662
306.584
306.639
306.606
306.724
306.77
306.731
306.763
306.801
306.755
306.778
306.778
306.816
306.801
306.824
306.793
306.816
306.801
306.824
306.793
305.967
306.125
306.091
306
305.926
306
306.049
305.878
305.826
305.704
305.858
305.673
306.38
306.261
306.359
306.281
306.468
306.521
306.446
306.543
306.394
306.302
306.295
306.401
306.045
306.151
306.026
306.171
305.902
305.728
305.883
305.747
306.058
306.191
306.185
306.065
305.044
304.734
304.71
305.072
305.01
304.641
304.675
304.97
305.298
305.538
305.508
305.327
305.111
304.757
305.094
304.772
305.367
305.562
305.58
305.35
305.121
304.788
304.783
305.127
306.38
306.261
306.359
306.281
306.468
306.521
306.446
306.543
306.394
306.302
306.401
306.295
305.967
306.125
306.091
306
305.926
306
306.049
305.878
305.826
305.704
305.858
305.673
306.045
306.151
306.171
306.026
306.058
306.191
306.065
306.185
305.902
305.728
305.883
305.747
305.044
304.734
304.71
305.072
305.01
304.641
304.675
304.97
305.298
305.538
305.508
305.327
305.111
304.757
304.772
305.094
305.121
304.788
305.127
304.783
305.367
305.562
305.58
305.35
304.809
304.422
304.483
304.738
304.87
304.593
304.547
304.925
305.051
305.174
304.978
305.252
304.57
304.341
304.66
304.265
304.803
305.091
304.897
304.992
304.471
304.069
304.162
304.36
305.684
305.714
305.801
305.6
305.76
305.945
305.879
305.825
305.552
305.328
305.407
305.47
305.684
305.714
305.801
305.6
305.76
305.945
305.879
305.825
305.552
305.328
305.47
305.407
305.397
305.618
305.506
305.506
305.272
305.239
305.137
305.378
305.272
305.239
305.378
305.137
303.912
303.445
303.637
303.637
304.09
303.947
304.244
303.82
304.09
303.947
303.82
304.244
304.809
304.422
304.483
304.738
304.87
304.593
304.547
304.925
305.051
305.174
305.252
304.978
304.57
304.341
304.66
304.265
304.803
305.091
304.992
304.897
304.471
304.069
304.36
304.162
306.38
306.261
306.359
306.281
306.468
306.521
306.446
306.543
306.394
306.302
306.295
306.401
305.967
306.125
306.091
306
305.926
306
306.049
305.878
305.826
305.704
305.858
305.672
306.045
306.151
306.171
306.026
306.058
306.191
306.185
306.065
305.902
305.728
305.883
305.747
306.38
306.261
306.359
306.281
306.468
306.521
306.446
306.543
306.394
306.302
306.401
306.295
305.967
306.125
306.091
306
305.926
306
306.049
305.878
305.826
305.704
305.858
305.672
306.045
306.151
306.171
306.026
306.058
306.191
306.065
306.185
305.902
305.728
305.883
305.747
305.044
304.734
304.71
305.072
305.01
304.641
304.675
304.97
305.298
305.538
305.508
305.327
305.111
304.757
305.094
304.772
305.367
305.562
305.58
305.35
305.121
304.788
304.783
305.127
305.044
304.734
304.71
305.072
305.01
304.641
304.675
304.97
305.298
305.538
305.508
305.327
305.111
304.757
305.094
304.772
305.367
305.562
305.58
305.35
305.121
304.788
305.127
304.783
305.684
305.714
305.801
305.6
305.76
305.945
305.879
305.825
305.552
305.328
305.47
305.407
305.684
305.714
305.801
305.6
305.76
305.945
305.879
305.825
305.552
305.328
305.47
305.407
305.397
305.618
305.506
305.506
305.272
305.239
305.378
305.137
305.272
305.239
305.378
305.137
304.809
304.422
304.483
304.738
304.87
304.593
304.547
304.925
305.051
305.174
305.252
304.978
304.57
304.341
304.66
304.265
304.803
305.091
304.992
304.897
304.471
304.069
304.162
304.36
304.809
304.422
304.483
304.738
304.87
304.593
304.547
304.925
305.051
305.174
305.252
304.978
304.57
304.341
304.66
304.265
304.803
305.091
304.992
304.896
304.471
304.069
304.162
304.36
303.912
303.445
303.637
303.637
304.09
303.947
304.244
303.82
304.09
303.947
304.244
303.82
)
;
        refGradient     uniform 0;
        valueFraction   nonuniform List<scalar> 
1600
(
0.0134098
0.0134098
0.0134098
0.0134098
0.0134098
0.0134098
0.0134098
0.0134098
0.0134098
0.0134098
0.0134098
0.0134098
0.0134098
0.0134098
0.0134098
0.0134098
0.0134098
0.0134098
0.0134098
0.0134098
0.0134098
0.0134098
0.0134098
0.0134098
0.0134098
0.0134098
0.0134098
0.0134098
0.0134098
0.0134098
0.0134098
0.0134098
0.0134098
0.0134098
0.0134098
0.0134098
0.0134098
0.0134098
0.0134098
0.0134098
0.0134098
0.0134098
0.0134098
0.0134098
0.0134098
0.0134098
0.0134098
0.0134098
0.0134098
0.0134098
0.0134098
0.0134098
0.0134098
0.0134098
0.0134098
0.0134098
0.0134098
0.0134098
0.0134098
0.0134098
0.0134098
0.0134098
0.0134098
0.0134098
0.0134098
0.0134098
0.0134098
0.0134098
0.0134098
0.0134098
0.0134098
0.0134098
0.0134098
0.0134098
0.0134098
0.0134098
0.0134098
0.0134098
0.0134098
0.0134098
0.0134098
0.0134098
0.0134098
0.0134098
0.0134098
0.0134098
0.0134098
0.0134098
0.0134098
0.0134098
0.0134098
0.0134098
0.0134098
0.0134098
0.0134098
0.0134098
0.0134098
0.0134098
0.0134098
0.0134098
0.0134098
0.0134098
0.0134098
0.0134098
0.0134098
0.0134098
0.0134098
0.0134098
0.0134098
0.0134098
0.0134098
0.0134098
0.0134098
0.0134098
0.0134098
0.0134098
0.0134098
0.0134098
0.0134098
0.0134098
0.0134098
0.0134098
0.0134098
0.0134098
0.0134098
0.0134098
0.0134098
0.0134098
0.0134098
0.0134098
0.0134098
0.0134098
0.0134098
0.0134098
0.0134098
0.0134098
0.0134098
0.0134098
0.0134098
0.0134098
0.0134098
0.0134098
0.0134098
0.0134098
0.0134098
0.0134098
0.0134098
0.0134098
0.0134098
0.0134098
0.0134098
0.0134098
0.0134098
0.0134098
0.0134098
0.0134098
0.0134098
0.0134098
0.0134098
0.0134098
0.0134098
0.0134098
0.0134098
0.0134098
0.0134098
0.0134098
0.0134098
0.0134098
0.0134098
0.0134098
0.0134098
0.0134098
0.0134098
0.0134098
0.0134098
0.0134098
0.0134098
0.0134098
0.0134098
0.0134098
0.0134098
0.0134098
0.0134098
0.0134098
0.0134098
0.0134098
0.0134098
0.0134098
0.0134098
0.0134098
0.0134098
0.0134098
0.0134098
0.0134098
0.0134098
0.0134098
0.0134098
0.0134098
0.0134098
0.0134098
0.0134098
0.0134098
0.0134098
0.0134098
0.0134098
0.0134098
0.0134098
0.0134098
0.0134098
0.0134098
0.0134098
0.0134098
0.0134098
0.0134098
0.0134098
0.0134098
0.0134098
0.0134098
0.0134098
0.0134098
0.0134098
0.0134098
0.0134098
0.0134098
0.0134098
0.0134098
0.0134098
0.0134098
0.0134098
0.0134098
0.0134098
0.0134098
0.0134098
0.0134098
0.0134098
0.0134098
0.0134098
0.0134098
0.0134098
0.0134098
0.0134098
0.0134098
0.0134098
0.0134098
0.0134098
0.0134098
0.0134098
0.0134098
0.0134098
0.0134098
0.0134098
0.0134098
0.0134098
0.0134098
0.0134098
0.0134098
0.0134098
0.0134098
0.0134098
0.0134098
0.0134098
0.0134098
0.0134098
0.0134098
0.0134098
0.0134098
0.0134098
0.0134098
0.0134098
0.0134098
0.0134098
0.0134098
0.0134098
0.0134098
0.0134098
0.0134098
0.0134098
0.0134098
0.0134098
0.0134098
0.0134098
0.0134098
0.0134098
0.0134098
0.0134098
0.0134098
0.0134098
0.0134098
0.0134098
0.0134098
0.0134098
0.0134098
0.0134098
0.0134098
0.0134098
0.0134098
0.0134098
0.0134098
0.0134098
0.0134098
0.0134098
0.0134098
0.0134098
0.0134098
0.0134098
0.0134098
0.0134098
0.0134098
0.0134098
0.0134098
0.0134098
0.0134098
0.0134098
0.0134098
0.0134098
0.0134098
0.0134098
0.0134098
0.0134098
0.0134098
0.0134098
0.0134098
0.0134098
0.0134098
0.0134098
0.0134098
0.0134098
0.0134098
0.0134098
0.0134098
0.0134098
0.0134098
0.0134098
0.0134098
0.0134098
0.0134098
0.0134098
0.0134098
0.0134098
0.0134098
0.0134098
0.0134098
0.0134098
0.0134098
0.0134098
0.0134098
0.0134098
0.0134098
0.0134098
0.0134098
0.0134098
0.0134098
0.0134098
0.0134098
0.0134098
0.0134098
0.0134098
0.0134098
0.0134098
0.0134098
0.0134098
0.0134098
0.0134098
0.0134098
0.0134098
0.0134098
0.0134098
0.0134098
0.0134098
0.0134098
0.0134098
0.0134098
0.0134098
0.0134098
0.0134098
0.0134098
0.0134098
0.0134098
0.0134098
0.0134098
0.0134098
0.0134098
0.0134098
0.0134098
0.0134098
0.0134098
0.0134098
0.0134098
0.0134098
0.0134098
0.0134098
0.0134098
0.0134098
0.0134098
0.0134098
0.0134098
0.0134098
0.0134098
0.0134098
0.0134098
0.0134098
0.0134098
0.0134098
0.0134098
0.0134098
0.0134098
0.0134098
0.0134098
0.0134098
0.0134098
0.0134098
0.0134098
0.0134098
0.0134098
0.0134098
0.0134098
0.0134098
0.0134098
0.0134098
0.0134098
0.0134098
0.0134098
0.0134098
0.0134098
0.0134098
0.0134098
0.0134098
0.0134098
0.0134098
0.0134098
0.0134098
0.0134098
0.0134098
0.0134098
0.0134098
0.0134098
0.0134098
0.0134098
0.0134098
0.0134098
0.0134098
0.0134098
0.0134098
0.0134098
0.0134098
0.0134098
0.0134098
0.0134098
0.0134098
0.0134098
0.0134098
0.0134098
0.0134098
0.0134098
0.0134098
0.0134098
0.0134098
0.0134098
0.0134098
0.0134098
0.0134098
0.0134098
0.0134098
0.0134098
0.0134098
0.0134098
0.0134098
0.0134098
0.0134098
0.0134098
0.0134098
0.0134098
0.0134098
0.0134098
0.0134098
0.0134098
0.0134098
0.0134098
0.0134098
0.0134098
0.0134098
0.0134098
0.0134098
0.0134098
0.0134098
0.0134098
0.0134098
0.0134098
0.0134098
0.0134098
0.0134098
0.0134098
0.0134098
0.0134098
0.0134098
0.0134098
0.0134098
0.0134098
0.0134098
0.0134098
0.0134098
0.0134098
0.0134098
0.0134098
0.0134098
0.0134098
0.0134098
0.0134098
0.0134098
0.0134098
0.0134098
0.0134098
0.0134098
0.0134098
0.0134098
0.0134098
0.0134098
0.0134098
0.0134098
0.0134098
0.0134098
0.0134098
0.0134098
0.0134098
0.0134098
0.0134098
0.0134098
0.0134098
0.0134098
0.0134098
0.0134098
0.0134098
0.0134098
0.0134098
0.0134098
0.0134098
0.0134098
0.0134098
0.0134098
0.0134098
0.0134098
0.0134098
0.0134098
0.0134098
0.0134098
0.0134098
0.0134098
0.0134098
0.0134098
0.0134098
0.0134098
0.0134098
0.0134098
0.0134098
0.0134098
0.0134098
0.0134098
0.0134098
0.0134098
0.0134098
0.0134098
0.0134098
0.0134098
0.0134098
0.0134098
0.0134098
0.0134098
0.0134098
0.0134098
0.0134098
0.0134098
0.0134098
0.0134098
0.0134098
0.0134098
0.0134098
0.0134098
0.0134098
0.0134098
0.0134098
0.0134098
0.0134098
0.0134098
0.0134098
0.0134098
0.0134098
0.0134098
0.0134098
0.0134098
0.0134098
0.0134098
0.0134098
0.0133615
0.0119868
0.0126626
0.0126626
0.0133842
0.0126909
0.0126847
0.0133842
0.0133842
0.0126909
0.0126847
0.0133842
0.0133842
0.0126962
0.0126962
0.0133842
0.0133842
0.0126962
0.0126962
0.0133842
0.0134098
0.0134098
0.0134098
0.0134098
0.0133842
0.0126962
0.0126962
0.0133842
0.0133842
0.0126962
0.0133842
0.0126962
0.0134098
0.0134098
0.0134098
0.0134098
0.0133842
0.0126962
0.0126962
0.0133842
0.0133842
0.0126962
0.0126962
0.0133842
0.0134098
0.0134098
0.0134098
0.0134098
0.0133842
0.0126962
0.0126962
0.0133842
0.0133842
0.0126962
0.0133842
0.0126962
0.0134098
0.0134098
0.0134098
0.0134098
0.0134098
0.0134098
0.0134098
0.0134098
0.0134098
0.0134098
0.0134098
0.0134098
0.0134098
0.0134098
0.0134098
0.0134098
0.0134098
0.0134098
0.0134098
0.0134098
0.0134098
0.0134098
0.0134098
0.0134098
0.0134098
0.0134098
0.0134098
0.0134098
0.0134098
0.0134098
0.0134098
0.0134098
0.0134098
0.0134098
0.0134098
0.0134098
0.0134098
0.0134098
0.0134098
0.0134098
0.0133842
0.0126962
0.0126962
0.0133842
0.0133842
0.0126962
0.0126962
0.0133842
0.0134098
0.0134098
0.0134098
0.0134098
0.0133842
0.0126962
0.0126962
0.0133842
0.0133842
0.0126962
0.0126962
0.0133842
0.0134098
0.0134098
0.0134098
0.0134098
0.0133842
0.0126962
0.0126962
0.0133842
0.0133842
0.0126962
0.0126962
0.0133842
0.0134098
0.0134098
0.0134098
0.0134098
0.0133842
0.0126962
0.0126962
0.0133842
0.0133842
0.0126962
0.0133842
0.0126962
0.0134098
0.0134098
0.0134098
0.0134098
0.0134098
0.0134098
0.0134098
0.0134098
0.0134098
0.0134098
0.0134098
0.0134098
0.0134098
0.0134098
0.0134098
0.0134098
0.0134098
0.0134098
0.0134098
0.0134098
0.0134098
0.0134098
0.0134098
0.0134098
0.0134098
0.0134098
0.0134098
0.0134098
0.0134098
0.0134098
0.0134098
0.0134098
0.0134098
0.0134098
0.0134098
0.0134098
0.0134098
0.0134098
0.0134098
0.0134098
0.0134098
0.0134098
0.0134098
0.0134098
0.0134098
0.0134098
0.0134098
0.0134098
0.0134098
0.0134098
0.0134098
0.0134098
0.0134098
0.0134098
0.0134098
0.0134098
0.0134098
0.0134098
0.0134098
0.0134098
0.0134098
0.0134098
0.0134098
0.0134098
0.0134098
0.0134098
0.0134098
0.0134098
0.0134098
0.0134098
0.0134098
0.0134098
0.0134098
0.0134098
0.0134098
0.0134098
0.0133842
0.0126962
0.0126962
0.0133842
0.0133842
0.0126962
0.0126962
0.0133842
0.0134098
0.0134098
0.0134098
0.0134098
0.0133842
0.0126962
0.0126962
0.0133842
0.0133842
0.0126962
0.0126962
0.0133842
0.0134098
0.0134098
0.0134098
0.0134098
0.0133615
0.0119868
0.0126626
0.0126626
0.0133842
0.0126909
0.0133842
0.0126847
0.0133842
0.0126909
0.0126847
0.0133842
0.0134098
0.0134098
0.0134098
0.0134098
0.0134098
0.0134098
0.0134098
0.0134098
0.0134098
0.0134098
0.0134098
0.0134098
0.0134098
0.0134098
0.0134098
0.0134098
0.0134098
0.0134098
0.0134098
0.0134098
0.0134098
0.0134098
0.0134098
0.0134098
0.0134098
0.0134098
0.0134098
0.0134098
0.0134098
0.0134098
0.0134098
0.0134098
0.0134098
0.0134098
0.0134098
0.0134098
0.0133842
0.0126962
0.0126962
0.0133842
0.0133842
0.0126962
0.0126962
0.0133842
0.0134098
0.0134098
0.0134098
0.0134098
0.0133842
0.0126962
0.0126962
0.0133842
0.0133842
0.0126962
0.0133842
0.0126962
0.0134098
0.0134098
0.0134098
0.0134098
0.0133842
0.0126962
0.0126962
0.0133842
0.0133842
0.0126962
0.0126962
0.0133842
0.0134098
0.0134098
0.0134098
0.0134098
0.0133842
0.0126962
0.0133842
0.0126962
0.0134098
0.0134098
0.0134098
0.0134098
0.0133842
0.0126962
0.0126962
0.0133842
0.0134098
0.0134098
0.0134098
0.0134098
0.0134098
0.0134098
0.0134098
0.0134098
0.0134098
0.0134098
0.0134098
0.0134098
0.0134098
0.0134098
0.0134098
0.0134098
0.0134098
0.0134098
0.0134098
0.0134098
0.0134098
0.0134098
0.0134098
0.0134098
0.0134098
0.0134098
0.0134098
0.0134098
0.0134098
0.0134098
0.0134098
0.0134098
0.0134098
0.0134098
0.0134098
0.0134098
0.0133842
0.0126962
0.0126962
0.0133842
0.0133842
0.0126962
0.0126962
0.0133842
0.0134098
0.0134098
0.0134098
0.0134098
0.0133842
0.0126962
0.0126962
0.0133842
0.0133842
0.0126962
0.0133842
0.0126962
0.0134098
0.0134098
0.0134098
0.0134098
0.0134098
0.0134098
0.0134098
0.0134098
0.0134098
0.0134098
0.0134098
0.0134098
0.0134098
0.0134098
0.0134098
0.0134098
0.0134098
0.0134098
0.0134098
0.0134098
0.0134098
0.0134098
0.0134098
0.0134098
0.0134098
0.0134098
0.0134098
0.0134098
0.0134098
0.0134098
0.0134098
0.0134098
0.0134098
0.0134098
0.0134098
0.0134098
0.0134098
0.0134098
0.0134098
0.0134098
0.0134098
0.0134098
0.0134098
0.0134098
0.0134098
0.0134098
0.0134098
0.0134098
0.0134098
0.0134098
0.0134098
0.0134098
0.0134098
0.0134098
0.0134098
0.0134098
0.0134098
0.0134098
0.0134098
0.0134098
0.0134098
0.0134098
0.0134098
0.0134098
0.0134098
0.0134098
0.0134098
0.0134098
0.0134098
0.0134098
0.0134098
0.0134098
0.0134098
0.0134098
0.0134098
0.0134098
0.0134098
0.0134098
0.0134098
0.0134098
0.0134098
0.0134098
0.0134098
0.0134098
0.0134098
0.0134098
0.0134098
0.0134098
0.0134098
0.0134098
0.0134098
0.0134098
0.0134098
0.0134098
0.0134098
0.0134098
0.0134098
0.0134098
0.0134098
0.0134098
0.0134098
0.0134098
0.0134098
0.0134098
0.0134098
0.0134098
0.0134098
0.0134098
0.0134098
0.0134098
0.0134098
0.0134098
0.0134098
0.0134098
0.0134098
0.0134098
0.0134098
0.0134098
0.0134098
0.0134098
0.0134098
0.0134098
0.0134098
0.0134098
0.0134098
0.0134098
0.0134098
0.0134098
0.0134098
0.0134098
0.0134098
0.0134098
0.0134098
0.0134098
0.0134098
0.0134098
0.0134098
0.0134098
0.0134098
0.0134098
0.0134098
0.0134098
0.0134098
0.0134098
0.0134098
0.0134098
0.0134098
0.0134098
0.0134098
0.0134098
0.0134098
0.0134098
0.0134098
0.0134098
0.0134098
0.0134098
0.0134098
0.0134098
0.0134098
0.0134098
0.0134098
0.0134098
0.0134098
0.0134098
0.0134098
0.0134098
0.0134098
0.0134098
0.0134098
0.0134098
0.0134098
0.0134098
0.0134098
0.0134098
0.0134098
0.0134098
0.0134098
0.0134098
0.0134098
0.0134098
0.0134098
0.0134098
0.0134098
0.0134098
0.0134098
0.0134098
0.0134098
0.0134098
0.0134098
0.0134098
0.0134098
0.0134098
0.0134098
0.0134098
0.0134098
0.0134098
0.0134098
0.0134098
0.0134098
0.0134098
0.0134098
0.0134098
0.0134098
0.0134098
0.0134098
0.0134098
0.0134098
0.0134098
0.0134098
0.0134098
0.0134098
0.0134098
0.0134098
0.0134098
0.0134098
0.0134098
0.0134098
0.0134098
0.0134098
0.0134098
0.0133842
0.0126962
0.0126962
0.0133842
0.0133842
0.0126962
0.0126962
0.0133842
0.0134098
0.0134098
0.0134098
0.0134098
0.0133842
0.0126962
0.0133842
0.0126962
0.0134098
0.0134098
0.0134098
0.0134098
0.0133842
0.0126962
0.0126962
0.0133842
0.0134098
0.0134098
0.0134098
0.0134098
0.0134098
0.0134098
0.0134098
0.0134098
0.0134098
0.0134098
0.0134098
0.0134098
0.0134098
0.0134098
0.0134098
0.0134098
0.0134098
0.0134098
0.0134098
0.0134098
0.0134098
0.0134098
0.0134098
0.0134098
0.0134098
0.0134098
0.0134098
0.0134098
0.0134098
0.0134098
0.0134098
0.0134098
0.0134098
0.0134098
0.0134098
0.0134098
0.0133842
0.0126962
0.0126962
0.0133842
0.0133842
0.0126962
0.0126962
0.0133842
0.0134098
0.0134098
0.0134098
0.0134098
0.0133842
0.0126962
0.0126962
0.0133842
0.0133842
0.0126962
0.0133842
0.0126962
0.0134098
0.0134098
0.0134098
0.0134098
0.0133842
0.0126962
0.0126962
0.0133842
0.0133842
0.0126962
0.0126962
0.0133842
0.0134098
0.0134098
0.0134098
0.0134098
0.0133842
0.0126962
0.0133842
0.0126962
0.0134098
0.0134098
0.0134098
0.0134098
0.0133842
0.0126962
0.0126962
0.0133842
0.0134098
0.0134098
0.0134098
0.0134098
0.0134098
0.0134098
0.0134098
0.0134098
0.0134098
0.0134098
0.0134098
0.0134098
0.0134098
0.0134098
0.0134098
0.0134098
0.0134098
0.0134098
0.0134098
0.0134098
0.0134098
0.0134098
0.0134098
0.0134098
0.0134098
0.0134098
0.0134098
0.0134098
0.0134098
0.0134098
0.0134098
0.0134098
0.0134098
0.0134098
0.0134098
0.0134098
0.0133615
0.0119868
0.0126626
0.0126626
0.0133842
0.0126909
0.0133842
0.0126847
0.0133842
0.0126909
0.0126847
0.0133842
0.0133842
0.0126962
0.0126962
0.0133842
0.0133842
0.0126962
0.0126962
0.0133842
0.0134098
0.0134098
0.0134098
0.0134098
0.0133842
0.0126962
0.0133842
0.0126962
0.0134098
0.0134098
0.0134098
0.0134098
0.0133842
0.0126962
0.0133842
0.0126962
0.0134098
0.0134098
0.0134098
0.0134098
0.0134098
0.0134098
0.0134098
0.0134098
0.0134098
0.0134098
0.0134098
0.0134098
0.0134098
0.0134098
0.0134098
0.0134098
0.0134098
0.0134098
0.0134098
0.0134098
0.0134098
0.0134098
0.0134098
0.0134098
0.0134098
0.0134098
0.0134098
0.0134098
0.0134098
0.0134098
0.0134098
0.0134098
0.0134098
0.0134098
0.0134098
0.0134098
0.0134098
0.0134098
0.0134098
0.0134098
0.0134098
0.0134098
0.0134098
0.0134098
0.0134098
0.0134098
0.0134098
0.0134098
0.0134098
0.0134098
0.0134098
0.0134098
0.0134098
0.0134098
0.0134098
0.0134098
0.0134098
0.0134098
0.0134098
0.0134098
0.0134098
0.0134098
0.0134098
0.0134098
0.0134098
0.0134098
0.0134098
0.0134098
0.0134098
0.0134098
0.0134098
0.0134098
0.0133842
0.0126962
0.0126962
0.0133842
0.0133842
0.0126962
0.0126962
0.0133842
0.0134098
0.0134098
0.0134098
0.0134098
0.0133842
0.0126962
0.0133842
0.0126962
0.0134098
0.0134098
0.0134098
0.0134098
0.0133842
0.0126962
0.0126962
0.0133842
0.0133842
0.0126962
0.0126962
0.0133842
0.0133842
0.0126962
0.0126962
0.0133842
0.0134098
0.0134098
0.0134098
0.0134098
0.0133842
0.0126962
0.0133842
0.0126962
0.0134098
0.0134098
0.0134098
0.0134098
0.0133842
0.0126962
0.0133842
0.0126962
0.0134098
0.0134098
0.0134098
0.0134098
0.0134098
0.0134098
0.0134098
0.0134098
0.0134098
0.0134098
0.0134098
0.0134098
0.0134098
0.0134098
0.0134098
0.0134098
0.0134098
0.0134098
0.0134098
0.0134098
0.0134098
0.0134098
0.0134098
0.0134098
0.0134098
0.0134098
0.0134098
0.0134098
0.0134098
0.0134098
0.0134098
0.0134098
0.0134098
0.0134098
0.0134098
0.0134098
0.0133842
0.0126962
0.0126962
0.0133842
0.0133842
0.0126962
0.0126962
0.0133842
0.0134098
0.0134098
0.0134098
0.0134098
0.0133842
0.0126962
0.0133842
0.0126962
0.0134098
0.0134098
0.0134098
0.0134098
0.0133842
0.0126962
0.0126962
0.0133842
0.0133842
0.0126962
0.0126962
0.0133842
0.0133842
0.0126962
0.0126962
0.0133842
0.0134098
0.0134098
0.0134098
0.0134098
0.0133842
0.0126962
0.0133842
0.0126962
0.0134098
0.0134098
0.0134098
0.0134098
0.0133842
0.0126962
0.0126962
0.0133842
0.0133615
0.0119868
0.0126626
0.0126626
0.0133842
0.0126909
0.0133842
0.0126847
0.0133842
0.0126909
0.0133842
0.0126847
)
;
        source          uniform 0;
        logInterval     -1;
        thicknessLayers List<scalar> 1(0.0001);
        kappaLayers     List<scalar> 1(33.33);
        writePrecision  6;
        updateHeader    1;
        writeToFile     0;
        useUserTime     1;
        kappaMethod     solidThermo;
        value           nonuniform List<scalar> 
1600
(
308.434
308.575
308.504
308.504
308.618
308.637
308.565
308.691
308.618
308.637
308.565
308.691
308.434
308.575
308.504
308.504
308.618
308.637
308.565
308.691
308.618
308.637
308.691
308.565
308.809
308.699
308.754
308.754
308.809
308.699
308.754
308.754
308.809
308.699
308.754
308.754
308.809
308.699
308.754
308.754
308.618
308.637
308.565
308.691
308.618
308.637
308.691
308.565
308.434
308.575
308.504
308.504
308.618
308.637
308.691
308.565
308.618
308.637
308.691
308.565
308.434
308.575
308.504
308.504
306.869
307.091
306.976
306.976
307.59
307.775
307.714
307.649
307.181
307.197
307.081
307.299
307.59
307.775
307.714
307.649
307.181
307.197
307.081
307.299
307.953
307.897
307.836
308.016
307.953
307.898
307.836
308.016
307.517
307.306
307.41
307.41
307.745
307.828
307.701
307.874
307.87
308.007
307.876
308.001
307.745
307.828
307.874
307.701
307.87
308.007
307.876
308.001
308.12
307.952
308.072
307.999
308.766
308.848
308.773
308.841
308.254
308.136
308.13
308.26
308.12
307.952
307.999
308.072
308.766
308.848
308.773
308.841
308.254
308.136
308.13
308.26
307.59
307.775
307.649
307.714
307.181
307.197
307.081
307.299
306.869
307.091
306.976
306.976
307.953
307.897
308.016
307.836
307.953
307.898
307.836
308.016
307.517
307.306
307.41
307.41
307.59
307.775
307.714
307.649
307.181
307.197
307.081
307.299
307.745
307.828
307.701
307.874
307.87
308.007
308.001
307.876
308.12
307.952
308.072
307.999
308.766
308.848
308.773
308.841
308.254
308.136
308.13
308.26
307.745
307.828
307.874
307.701
307.87
308.007
307.876
308.001
308.766
308.848
308.773
308.841
308.12
307.952
307.999
308.072
308.254
308.136
308.26
308.13
308.963
308.913
308.906
308.97
308.963
308.913
308.906
308.97
309.122
309.137
309.129
309.129
308.963
308.913
308.906
308.97
308.963
308.913
308.97
308.906
309.122
309.137
309.129
309.129
308.963
308.913
308.906
308.97
308.963
308.913
308.97
308.906
309.122
309.137
309.129
309.129
308.963
308.913
308.97
308.906
308.963
308.913
308.97
308.906
309.122
309.137
309.129
309.129
308.12
307.952
308.072
307.999
308.766
308.848
308.841
308.773
308.254
308.136
308.13
308.26
307.745
307.828
307.701
307.874
307.87
308.007
308.001
307.876
308.766
308.848
308.841
308.773
308.12
307.952
307.999
308.072
308.254
308.136
308.26
308.13
307.745
307.828
307.874
307.701
307.87
308.007
307.876
308.001
307.59
307.775
307.649
307.714
307.181
307.197
307.299
307.081
307.953
307.897
308.016
307.836
307.953
307.897
307.836
308.016
307.517
307.306
307.41
307.41
306.869
307.091
306.976
306.976
307.59
307.775
307.714
307.649
307.181
307.197
307.299
307.081
308.766
308.848
308.841
308.773
308.12
307.952
308.072
307.999
308.254
308.136
308.26
308.13
308.766
308.848
308.841
308.773
308.12
307.952
307.999
308.072
308.254
308.136
308.26
308.13
307.745
307.828
307.701
307.874
307.87
308.007
308.001
307.876
307.745
307.828
307.874
307.701
307.87
308.007
308.001
307.876
307.953
307.898
308.016
307.836
307.953
307.897
308.016
307.836
307.517
307.306
307.41
307.41
307.59
307.775
307.649
307.714
307.181
307.197
307.299
307.081
307.59
307.775
307.649
307.714
307.181
307.197
307.299
307.081
306.869
307.091
306.976
306.976
308.277
308.105
308.19
308.19
308.355
308.334
308.424
308.266
308.355
308.334
308.424
308.266
308.58
308.523
308.487
308.617
308.536
308.393
308.484
308.444
308.663
308.774
308.736
308.7
308.58
308.523
308.487
308.617
308.536
308.393
308.484
308.444
308.663
308.774
308.736
308.7
308.277
308.105
308.19
308.19
308.355
308.334
308.424
308.266
308.355
308.334
308.424
308.266
308.58
308.523
308.487
308.617
308.536
308.393
308.484
308.444
308.663
308.774
308.736
308.7
308.58
308.523
308.617
308.487
308.663
308.774
308.736
308.7
308.536
308.393
308.484
308.444
308.903
308.981
308.942
308.942
308.856
308.838
308.8
308.894
308.856
308.838
308.8
308.894
308.903
308.981
308.942
308.942
308.856
308.838
308.8
308.894
308.856
308.838
308.8
308.894
308.903
308.981
308.942
308.942
308.856
308.838
308.8
308.894
308.856
308.838
308.8
308.894
308.903
308.981
308.942
308.942
308.856
308.838
308.8
308.894
308.856
308.838
308.8
308.894
308.58
308.523
308.487
308.617
308.536
308.393
308.484
308.444
308.663
308.774
308.736
308.7
308.58
308.523
308.617
308.487
308.663
308.774
308.736
308.7
308.536
308.393
308.484
308.444
308.277
308.105
308.19
308.19
308.355
308.334
308.424
308.266
308.355
308.334
308.424
308.266
308.58
308.523
308.617
308.487
308.663
308.774
308.736
308.7
308.536
308.393
308.484
308.444
308.58
308.523
308.617
308.487
308.663
308.774
308.736
308.7
308.536
308.393
308.484
308.444
308.277
308.105
308.19
308.19
308.355
308.334
308.424
308.266
308.355
308.334
308.424
308.266
306.664
306.404
306.566
306.566
306.755
306.774
306.673
306.856
306.755
306.775
306.673
306.856
307.4
307.243
307.314
307.327
307.465
307.436
307.379
307.523
307.523
307.57
307.449
307.647
307.158
307.163
307.075
307.247
307.06
306.877
306.959
306.977
307.278
307.486
307.367
307.395
307.4
307.243
307.315
307.327
307.465
307.436
307.379
307.523
307.523
307.571
307.449
307.647
307.158
307.164
307.075
307.247
307.06
306.877
306.96
306.977
307.278
307.486
307.367
307.395
307.99
308.01
308.094
307.909
308.064
308.235
308.169
308.129
307.882
307.688
307.766
307.801
307.99
308.01
308.094
307.909
308.064
308.235
308.169
308.129
307.882
307.689
307.766
307.802
307.721
307.918
307.818
307.818
307.617
307.601
307.508
307.713
307.617
307.601
307.509
307.713
307.654
307.596
307.566
307.685
307.617
307.486
307.529
307.573
307.783
307.944
307.814
307.912
307.727
307.62
307.638
307.709
307.74
307.656
307.65
307.746
307.858
307.97
307.839
307.989
307.654
307.596
307.566
307.685
307.617
307.486
307.529
307.573
307.783
307.944
307.814
307.912
307.727
307.62
307.638
307.709
307.74
307.656
307.746
307.65
307.858
307.97
307.839
307.989
308.276
308.421
308.385
308.31
308.234
308.292
308.343
308.185
308.16
308.071
308.038
308.194
308.667
308.552
308.645
308.573
308.751
308.804
308.729
308.826
308.681
308.594
308.587
308.688
308.358
308.448
308.337
308.469
308.241
308.097
308.117
308.221
308.371
308.49
308.483
308.378
308.276
308.421
308.385
308.31
308.234
308.292
308.343
308.185
308.16
308.071
308.038
308.194
308.667
308.552
308.645
308.573
308.751
308.804
308.729
308.826
308.681
308.594
308.688
308.587
308.358
308.448
308.337
308.469
308.241
308.097
308.117
308.221
308.371
308.49
308.378
308.483
307.4
307.243
307.314
307.327
307.465
307.436
307.379
307.523
307.523
307.57
307.449
307.647
307.158
307.163
307.075
307.247
307.06
306.877
306.977
306.959
307.278
307.486
307.367
307.395
306.664
306.404
306.566
306.566
306.755
306.774
306.856
306.673
306.755
306.775
306.673
306.856
307.99
308.01
308.094
307.909
308.064
308.235
308.169
308.129
307.882
307.688
307.766
307.801
307.99
308.01
308.094
307.909
308.064
308.235
308.169
308.129
307.882
307.689
307.802
307.766
307.721
307.918
307.818
307.818
307.617
307.601
307.508
307.713
307.617
307.601
307.713
307.509
307.4
307.243
307.315
307.327
307.465
307.436
307.379
307.523
307.523
307.571
307.647
307.449
307.158
307.164
307.075
307.247
307.06
306.877
306.96
306.977
307.278
307.486
307.395
307.367
307.654
307.596
307.566
307.685
307.617
307.486
307.529
307.574
307.783
307.944
307.814
307.912
307.727
307.62
307.709
307.638
307.858
307.97
307.839
307.989
307.74
307.656
307.65
307.746
308.276
308.421
308.385
308.31
308.234
308.292
308.343
308.185
308.16
308.071
308.038
308.194
308.667
308.552
308.645
308.573
308.751
308.804
308.729
308.826
308.681
308.594
308.587
308.688
308.358
308.448
308.337
308.469
308.241
308.097
308.117
308.221
308.371
308.49
308.483
308.378
307.654
307.596
307.566
307.685
307.617
307.486
307.529
307.573
307.783
307.944
307.814
307.912
307.727
307.62
307.638
307.709
307.74
307.656
307.746
307.65
307.858
307.97
307.839
307.989
308.667
308.552
308.645
308.573
308.751
308.804
308.729
308.826
308.681
308.594
308.688
308.587
308.276
308.421
308.385
308.31
308.234
308.292
308.343
308.185
308.16
308.071
308.038
308.194
308.358
308.448
308.469
308.337
308.371
308.49
308.378
308.483
308.241
308.097
308.117
308.221
308.996
309.012
308.973
309.035
308.948
308.868
308.925
308.891
309.011
309.059
309.051
309.019
308.996
309.012
308.973
309.035
308.948
308.868
308.925
308.891
309.011
309.059
309.051
309.019
309.09
309.043
309.067
309.067
309.106
309.09
309.082
309.114
309.106
309.09
309.082
309.114
308.996
309.012
308.973
309.035
308.948
308.868
308.925
308.891
309.011
309.059
309.019
309.051
308.996
309.012
308.973
309.035
308.948
308.868
308.925
308.891
309.011
309.059
309.051
309.019
309.09
309.043
309.067
309.067
309.106
309.09
309.114
309.082
309.106
309.09
309.082
309.114
308.996
309.012
308.973
309.035
308.948
308.868
308.925
308.891
309.011
309.059
309.019
309.051
308.996
309.012
308.973
309.035
308.948
308.868
308.925
308.891
309.011
309.059
309.051
309.019
309.09
309.043
309.067
309.067
309.106
309.09
309.114
309.082
309.106
309.09
309.082
309.114
308.996
309.012
308.973
309.035
308.948
308.868
308.925
308.891
309.011
309.059
309.019
309.051
308.996
309.012
308.973
309.035
308.948
308.868
308.925
308.891
309.011
309.059
309.019
309.051
309.09
309.043
309.067
309.067
309.106
309.09
309.114
309.082
309.106
309.09
309.114
309.082
308.276
308.421
308.385
308.31
308.234
308.292
308.343
308.185
308.16
308.071
308.194
308.038
308.667
308.552
308.645
308.573
308.751
308.804
308.729
308.826
308.681
308.594
308.587
308.688
308.358
308.448
308.337
308.469
308.241
308.097
308.221
308.117
308.371
308.49
308.483
308.378
307.654
307.596
307.566
307.685
307.617
307.486
307.529
307.574
307.783
307.944
307.912
307.814
307.727
307.62
307.709
307.638
307.858
307.97
307.989
307.839
307.74
307.656
307.65
307.746
308.667
308.552
308.645
308.573
308.751
308.804
308.729
308.826
308.681
308.594
308.688
308.587
308.276
308.421
308.385
308.31
308.234
308.292
308.343
308.185
308.16
308.071
308.194
308.038
308.358
308.448
308.469
308.337
308.371
308.49
308.378
308.483
308.241
308.097
308.221
308.117
307.654
307.596
307.566
307.685
307.617
307.486
307.529
307.574
307.783
307.944
307.912
307.814
307.727
307.62
307.638
307.709
307.74
307.656
307.746
307.65
307.858
307.97
307.989
307.839
307.4
307.243
307.314
307.327
307.465
307.436
307.379
307.523
307.523
307.57
307.449
307.647
307.158
307.163
307.247
307.075
307.278
307.486
307.367
307.395
307.06
306.877
306.977
306.959
307.99
308.01
308.094
307.909
308.064
308.235
308.169
308.129
307.882
307.688
307.766
307.802
307.99
308.01
308.094
307.909
308.064
308.235
308.169
308.129
307.882
307.688
307.802
307.766
307.721
307.918
307.818
307.818
307.617
307.601
307.509
307.713
307.617
307.601
307.713
307.509
306.664
306.404
306.566
306.566
306.755
306.774
306.856
306.673
306.755
306.774
306.673
306.856
307.4
307.243
307.314
307.327
307.465
307.436
307.379
307.523
307.523
307.57
307.647
307.449
307.158
307.163
307.247
307.075
307.278
307.486
307.395
307.367
307.06
306.877
306.96
306.977
308.667
308.552
308.645
308.573
308.751
308.804
308.729
308.826
308.681
308.594
308.587
308.688
308.276
308.421
308.385
308.31
308.234
308.292
308.343
308.185
308.16
308.071
308.194
308.038
308.358
308.448
308.469
308.337
308.371
308.49
308.483
308.378
308.241
308.097
308.221
308.117
308.667
308.552
308.645
308.573
308.751
308.804
308.729
308.826
308.681
308.594
308.688
308.587
308.276
308.421
308.385
308.31
308.234
308.292
308.343
308.185
308.16
308.071
308.194
308.038
308.358
308.448
308.469
308.337
308.371
308.49
308.378
308.483
308.241
308.097
308.221
308.117
307.654
307.596
307.566
307.685
307.617
307.486
307.529
307.573
307.783
307.944
307.912
307.814
307.727
307.62
307.709
307.638
307.858
307.97
307.989
307.839
307.74
307.656
307.65
307.746
307.654
307.596
307.566
307.685
307.617
307.486
307.529
307.573
307.783
307.944
307.912
307.814
307.727
307.62
307.709
307.638
307.858
307.97
307.989
307.839
307.74
307.656
307.746
307.65
307.99
308.01
308.094
307.909
308.064
308.235
308.169
308.129
307.882
307.689
307.802
307.766
307.99
308.01
308.094
307.909
308.064
308.235
308.169
308.129
307.882
307.688
307.801
307.766
307.721
307.918
307.818
307.818
307.617
307.601
307.713
307.509
307.617
307.601
307.713
307.508
307.4
307.243
307.315
307.327
307.465
307.436
307.379
307.523
307.523
307.571
307.647
307.449
307.158
307.164
307.247
307.075
307.278
307.486
307.395
307.367
307.06
306.877
306.977
306.96
307.4
307.243
307.314
307.327
307.465
307.436
307.379
307.523
307.523
307.57
307.647
307.449
307.158
307.163
307.247
307.075
307.278
307.486
307.395
307.367
307.06
306.877
306.977
306.959
306.664
306.404
306.566
306.566
306.755
306.775
306.856
306.673
306.755
306.774
306.856
306.673
)
;
    }
}


// ************************************************************************* //
