/*--------------------------------*- C++ -*----------------------------------*\
| =========                 |                                                 |
| \\      /  F ield         | OpenFOAM: The Open Source CFD Toolbox           |
|  \\    /   O peration     | Version:  2412                                  |
|   \\  /    A nd           | Website:  www.openfoam.com                      |
|    \\/     M anipulation  |                                                 |
\*---------------------------------------------------------------------------*/
FoamFile
{
    version     2.0;
    format      ascii;
    arch        "LSB;label=32;scalar=64";
    class       volScalarField;
    location    "0.16/chip";
    object      T;
}
// * * * * * * * * * * * * * * * * * * * * * * * * * * * * * * * * * * * * * //

dimensions      [0 0 0 1 0 0 0];

internalField   nonuniform List<scalar> 
7068
(
305.258
305.2
305.2
305.144
306.102
305.855
305.855
305.622
305.144
305.538
305.2
305.2
305.771
305.771
305.144
305.538
305.2
305.2
305.771
305.771
305.258
305.258
305.258
306.017
306.017
306.017
306.017
305.2
305.771
305.771
305.144
305.538
305.2
305.771
305.771
305.538
305.622
305.855
305.855
305.622
305.855
305.855
306.102
306.102
306.102
305.855
305.622
305.855
303.81
303.592
304.753
304.334
304.493
304.618
304.046
304.288
303.71
304.524
304.753
304.334
304.493
304.618
306.013
305.456
305.456
305.663
305.663
305.834
305.834
305.072
304.484
305.395
305.543
304.648
304.928
305.71
304.046
304.288
303.71
304.524
305.072
305.395
304.484
305.543
304.648
305.71
304.928
304.308
304.436
304.436
305.428
303.837
304.827
304.827
304.217
304.149
305.163
304.952
305.088
305.026
304.445
304.856
304.376
304.929
305.163
304.952
305.088
305.026
306.397
306.217
306.217
306.043
306.336
306.216
306.216
305.459
305.444
305.964
305.922
305.543
305.313
306.091
304.445
304.856
304.376
304.929
305.459
305.964
305.444
305.922
305.543
306.091
305.313
304.693
305.232
305.232
305.806
304.876
305.21
305.21
304.046
304.288
303.71
304.524
304.046
304.288
303.71
304.524
304.308
304.436
304.436
305.428
303.837
304.827
304.827
303.9
304.103
304.131
304.807
304.608
304.329
304.131
304.807
304.608
304.329
304.665
305.412
305.147
305.147
305.021
305.021
304.791
304.753
304.334
304.493
304.618
305.072
304.484
305.395
305.543
304.648
304.928
305.71
305.072
304.484
305.395
305.543
304.648
304.928
305.71
304.838
304.903
304.703
305.039
304.838
304.903
304.703
305.039
305.33
305.644
305.358
305.879
305.232
305.752
305.457
305.33
305.644
305.358
305.879
305.232
305.752
305.457
303.81
303.592
304.308
304.436
304.436
305.428
303.837
304.827
304.827
304.046
304.288
303.71
304.524
304.131
304.807
304.608
304.329
303.9
304.103
304.665
305.412
305.147
305.147
305.021
305.021
304.791
304.131
304.807
304.608
304.329
305.072
304.484
305.395
305.543
304.648
304.928
305.71
304.753
304.334
304.493
304.618
305.072
305.395
304.484
305.543
304.648
305.71
304.928
304.838
304.903
304.703
305.039
305.33
305.644
305.358
305.879
305.232
305.752
305.457
304.838
304.903
304.703
305.039
305.33
305.644
305.879
305.358
305.752
305.232
305.457
306.013
305.456
305.456
305.663
305.663
305.834
305.834
306.013
305.456
305.456
305.663
305.663
305.834
305.834
306.013
305.456
305.456
305.663
305.663
305.834
305.834
304.753
304.334
304.493
304.618
305.072
305.395
304.484
305.543
304.648
305.71
304.928
304.753
304.334
304.493
304.618
305.33
305.644
305.358
305.879
305.232
305.752
305.457
304.838
304.903
304.703
305.039
305.33
305.644
305.879
305.358
305.752
305.232
305.457
304.838
304.903
304.703
305.039
304.308
304.436
304.436
305.428
303.837
304.827
304.827
303.81
303.592
304.046
304.288
303.71
304.524
304.131
304.807
304.608
304.329
304.665
305.412
305.147
305.147
305.021
305.021
304.791
303.9
304.103
304.131
304.807
304.608
304.329
305.072
305.395
304.484
305.543
304.648
305.71
304.928
304.753
304.334
304.493
304.618
304.753
304.334
304.493
304.618
305.33
305.644
305.879
305.358
305.752
305.232
305.457
305.33
305.644
305.879
305.358
305.752
305.232
305.457
304.838
304.903
304.703
305.039
304.838
304.903
304.703
305.039
304.046
304.288
303.71
304.524
304.046
304.288
303.71
304.524
303.81
303.592
304.665
305.412
305.147
305.147
305.021
305.021
304.791
304.131
304.807
304.608
304.329
304.131
304.807
304.608
304.329
303.9
304.103
304.445
304.856
304.376
304.929
304.445
304.856
304.376
304.929
304.693
305.232
305.232
305.806
304.876
305.21
305.21
305.163
304.952
305.088
305.026
305.459
305.444
305.964
305.923
305.543
305.313
306.091
305.459
305.444
305.964
305.922
305.543
305.313
306.091
304.217
304.149
304.693
305.232
305.232
305.806
304.876
305.21
305.21
304.445
304.856
304.376
304.929
305.459
305.444
305.964
305.923
305.543
305.313
306.091
305.163
304.952
305.088
305.026
305.459
305.964
305.444
305.922
305.543
306.091
305.313
306.397
306.217
306.217
306.043
306.336
306.216
306.216
306.397
306.217
306.217
306.043
306.336
306.216
306.216
306.397
306.217
306.217
306.043
306.336
306.216
306.216
305.163
304.952
305.088
305.026
305.459
305.964
305.444
305.922
305.543
306.091
305.313
305.163
304.952
305.088
305.026
304.693
305.232
305.232
305.806
304.876
305.21
305.21
304.217
304.149
304.445
304.856
304.376
304.929
305.459
305.964
305.444
305.922
305.543
306.091
305.313
305.163
304.952
305.088
305.026
305.163
304.952
305.088
305.026
304.445
304.856
304.376
304.929
304.445
304.855
304.376
304.929
304.217
304.149
305.636
305.387
305.387
305.461
305.52
305.547
305.547
305.263
304.963
305.327
305.342
305.082
305.182
305.427
305.263
305.327
304.963
305.342
305.082
305.427
305.182
304.922
304.909
304.909
305.227
304.687
305.071
305.071
304.922
304.909
304.909
305.227
304.687
305.071
305.071
305.263
304.963
305.327
305.342
305.427
305.082
305.182
305.263
304.963
305.327
305.342
305.082
305.182
305.427
304.921
304.909
304.909
305.227
305.071
304.687
305.071
305.263
304.963
305.327
305.342
305.427
305.082
305.182
305.263
305.327
304.963
305.342
305.082
305.427
305.182
305.636
305.387
305.387
305.461
305.547
305.52
305.547
305.636
305.387
305.387
305.461
305.547
305.52
305.547
305.636
305.387
305.387
305.461
305.52
305.547
305.547
305.263
305.327
304.963
305.342
305.182
305.082
305.427
304.921
304.909
304.909
305.227
305.071
304.687
305.071
305.263
305.327
304.963
305.342
305.182
305.082
305.427
303.008
303.71
303.525
303.525
303.401
303.401
303.259
302.912
303.601
303.031
303.031
302.57
303.263
303.264
304.274
304.66
304.412
304.731
304.294
304.638
304.392
304.089
303.694
304.438
304.421
303.782
304.028
304.489
304.131
304.554
303.832
304.46
303.804
304.151
304.532
304.232
304.686
304.526
304.287
304.169
304.594
304.35
303.815
303.95
303.75
304.238
303.631
304.147
303.931
303.827
303.648
304.096
304.327
303.487
303.94
304.202
303.677
303.843
303.15
304.017
303.409
303.493
304.043
303.966
304.398
304.432
304.197
304.08
304.306
304.082
304.274
304.66
304.731
304.412
304.638
304.294
304.392
304.089
303.694
304.438
304.421
303.782
304.028
304.489
304.131
304.554
304.46
303.832
303.804
304.533
304.151
304.232
304.686
304.526
304.287
304.17
304.594
304.35
305.693
305.415
305.591
305.631
305.548
305.603
305.722
305.693
305.415
305.591
305.631
305.548
305.603
305.722
305.751
305.809
305.62
305.62
305.577
305.78
305.78
305.057
304.863
304.591
304.727
304.98
304.98
304.799
305.316
305.354
305.146
305.508
305.108
305.481
305.341
305.107
304.87
304.614
305.042
305.005
304.847
305.132
303.816
303.95
304.238
303.751
304.147
303.631
303.931
303.827
303.648
304.096
304.327
303.487
303.94
304.202
303.677
303.843
304.017
303.15
303.409
304.043
303.493
303.967
304.398
304.432
304.197
304.08
304.306
304.082
305.316
305.354
305.146
305.508
305.108
305.481
305.341
305.057
304.863
304.591
304.727
304.98
304.98
304.799
305.107
304.87
305.042
304.614
305.005
305.132
304.847
304.731
304.811
304.238
304.626
304.593
304.875
304.492
304.731
304.81
304.238
304.626
304.593
304.875
304.492
304.551
304.106
304.154
304.154
304.503
304.32
304.32
303.811
304.206
304.054
304.054
304.007
304.007
303.834
303.796
304.183
303.938
303.938
303.724
303.98
303.98
304.885
305.151
304.9
305.141
304.906
305.129
304.869
304.811
304.702
305.021
304.991
304.767
304.746
305.059
304.854
305.127
304.831
305.066
304.81
304.875
305.105
304.842
305.095
305.015
304.748
304.776
305.084
304.847
304.41
304.434
304.167
304.639
304.225
304.628
304.445
304.534
304.61
304.729
304.894
304.49
304.654
304.768
304.38
304.411
304.156
304.567
304.337
304.197
304.604
304.563
304.803
304.917
304.703
304.684
304.792
304.521
304.885
305.151
305.141
304.9
305.129
304.906
304.869
304.811
304.702
305.021
304.991
304.767
304.746
305.059
304.854
305.127
305.066
304.831
304.81
305.105
304.875
304.842
305.095
305.015
304.748
304.776
305.084
304.847
306.328
306.387
306.367
306.367
306.357
306.357
306.338
306.213
306.033
306.132
306.132
306.122
306.122
306.222
306.27
306.309
306.206
306.188
306.178
306.299
306.28
306.27
306.309
306.206
306.188
306.178
306.299
306.28
305.677
305.448
305.435
305.712
305.425
305.702
305.686
305.834
305.913
305.761
306.009
305.751
305.999
305.843
305.627
305.387
305.303
305.557
305.547
305.377
305.637
305.886
305.923
306.081
306.063
306.054
305.913
305.896
304.41
304.434
304.639
304.167
304.628
304.225
304.445
304.534
304.61
304.729
304.894
304.491
304.654
304.768
304.38
304.411
304.567
304.156
304.337
304.604
304.197
304.563
304.803
304.917
304.703
304.684
304.792
304.521
305.677
305.448
305.712
305.435
305.702
305.425
305.686
305.834
305.913
306.009
305.761
305.999
305.751
305.843
305.886
305.923
306.081
306.063
306.054
305.913
305.896
305.627
305.387
305.303
305.557
305.547
305.377
305.637
305.114
304.683
304.9
304.9
304.89
304.89
305.124
305.487
305.796
305.648
305.648
305.638
305.638
305.496
305.295
305.075
305.2
305.451
305.441
305.064
305.304
305.295
305.075
305.2
305.451
305.441
305.064
305.304
303.815
303.95
303.75
304.238
303.631
304.147
303.93
303.827
303.648
304.096
304.327
303.939
303.487
304.202
303.677
303.843
303.15
304.017
303.493
303.409
304.043
303.966
304.398
304.432
304.197
304.08
304.306
304.082
303.816
303.95
303.751
304.238
303.631
304.147
303.932
303.827
303.648
304.096
304.327
303.94
303.487
304.202
303.677
303.843
303.15
304.017
303.493
303.409
304.043
303.967
304.398
304.432
304.198
304.081
304.306
304.082
304.731
304.811
304.238
304.626
304.593
304.492
304.875
304.731
304.811
304.238
304.626
304.593
304.492
304.875
304.551
304.106
304.154
304.154
304.503
304.32
304.32
303.515
303.635
303.635
303.978
303.331
303.731
303.732
303.566
304.046
303.883
303.883
303.691
303.814
303.814
304.132
303.857
304.321
304.208
304.038
303.952
304.396
304.367
304.555
304.751
304.68
304.623
304.486
304.435
304.286
304.482
304.307
304.684
304.19
304.558
304.404
304.213
304.273
304.101
304.519
304.033
304.462
304.281
304.134
303.859
304.321
304.208
304.04
303.953
304.397
304.368
304.555
304.751
304.68
304.624
304.486
304.436
304.287
304.482
304.308
304.684
304.191
304.558
304.404
304.215
304.273
304.102
304.519
304.034
304.462
304.283
304.274
304.66
304.412
304.731
304.294
304.638
304.392
304.089
303.694
304.438
304.421
304.028
303.782
304.489
304.131
304.554
303.832
304.46
304.151
303.804
304.532
304.232
304.686
304.526
304.287
304.169
304.594
304.35
305.057
304.863
304.591
304.727
304.799
304.98
304.98
305.316
305.354
305.146
305.508
305.481
305.108
305.341
305.107
304.87
304.614
305.042
304.847
305.005
305.132
305.057
304.863
304.591
304.727
304.98
304.799
304.98
305.316
305.354
305.146
305.508
305.108
305.341
305.481
305.107
304.87
304.614
305.042
305.005
304.846
305.132
304.601
304.524
304.816
304.915
304.504
304.622
304.893
304.642
304.646
304.846
304.972
304.711
304.577
304.915
304.559
304.771
304.398
304.779
304.461
304.494
304.848
304.684
304.982
304.775
305.017
304.754
304.705
304.959
304.601
304.524
304.816
304.915
304.504
304.622
304.893
304.642
304.646
304.846
304.972
304.915
304.577
304.711
304.559
304.771
304.398
304.779
304.461
304.848
304.495
304.684
304.982
304.775
305.017
304.705
304.959
304.754
303.008
303.71
303.525
303.525
303.401
303.401
303.259
302.912
303.601
303.031
303.031
303.263
302.57
303.263
304.731
304.81
304.238
304.626
304.492
304.593
304.875
304.731
304.811
304.238
304.626
304.875
304.593
304.492
304.551
304.106
304.154
304.154
304.32
304.503
304.32
303.816
303.95
303.751
304.238
303.631
304.147
303.931
303.827
303.648
304.096
304.327
303.487
304.202
303.94
303.677
303.843
303.15
304.017
303.409
303.493
304.043
303.967
304.398
304.432
304.197
304.306
304.082
304.081
304.133
303.858
304.321
304.208
304.038
303.952
304.397
304.367
304.555
304.751
304.68
304.435
304.486
304.623
304.286
304.482
304.308
304.684
304.191
304.404
304.558
304.214
304.273
304.101
304.519
304.282
304.033
304.462
303.515
303.635
303.635
303.978
303.331
303.732
303.732
303.566
304.046
303.883
303.883
303.814
303.814
303.691
304.133
303.858
304.321
304.208
304.039
303.953
304.397
304.368
304.555
304.751
304.68
304.623
304.486
304.436
304.286
304.482
304.308
304.684
304.191
304.558
304.404
304.214
304.273
304.101
304.519
304.034
304.462
304.282
305.057
304.863
304.591
304.727
304.799
304.98
304.98
305.316
305.354
305.146
305.508
305.481
305.108
305.341
305.107
304.87
304.614
305.042
304.847
305.005
305.132
304.274
304.66
304.412
304.731
304.294
304.638
304.392
304.089
303.694
304.438
304.421
304.028
303.782
304.489
304.131
304.554
303.832
304.46
304.151
303.804
304.533
304.232
304.686
304.526
304.287
304.17
304.594
304.35
305.316
305.354
305.146
305.508
305.108
305.341
305.481
305.057
304.863
304.591
304.727
304.98
304.799
304.98
305.107
304.87
305.042
304.614
305.005
305.132
304.847
304.601
304.816
304.524
304.915
304.504
304.893
304.622
304.642
304.646
304.846
304.972
304.711
304.577
304.915
304.559
304.771
304.398
304.779
304.461
304.495
304.848
304.684
304.982
305.017
304.775
304.754
304.959
304.705
304.601
304.524
304.816
304.915
304.504
304.622
304.893
304.642
304.646
304.846
304.972
304.915
304.577
304.711
304.559
304.771
304.398
304.779
304.461
304.848
304.495
304.684
304.982
304.775
305.017
304.705
304.959
304.754
305.693
305.415
305.591
305.631
305.722
305.548
305.603
305.693
305.415
305.591
305.631
305.603
305.548
305.722
305.751
305.809
305.62
305.62
305.78
305.577
305.78
305.693
305.415
305.591
305.631
305.722
305.548
305.603
305.693
305.415
305.591
305.631
305.603
305.548
305.722
305.751
305.809
305.62
305.62
305.78
305.577
305.78
305.693
305.415
305.591
305.631
305.548
305.722
305.603
305.693
305.415
305.591
305.631
305.548
305.722
305.603
305.751
305.809
305.62
305.62
305.577
305.78
305.78
304.274
304.66
304.731
304.412
304.638
304.294
304.392
304.089
303.694
304.438
304.421
304.489
303.782
304.028
304.131
304.554
304.46
303.832
304.533
303.804
304.151
304.232
304.686
304.526
304.287
304.594
304.17
304.35
305.316
305.354
305.146
305.508
305.341
305.108
305.481
305.057
304.863
304.591
304.727
304.98
304.98
304.799
305.107
304.87
305.042
304.614
305.132
305.005
304.847
304.274
304.66
304.412
304.731
304.294
304.638
304.392
304.089
303.694
304.438
304.421
303.782
304.489
304.028
304.131
304.554
303.832
304.46
303.804
304.151
304.533
304.232
304.686
304.526
304.287
304.594
304.35
304.17
304.601
304.816
304.524
304.915
304.504
304.893
304.622
304.642
304.646
304.846
304.972
304.577
304.915
304.711
304.559
304.771
304.398
304.779
304.495
304.461
304.848
304.684
304.982
305.017
304.775
304.959
304.705
304.754
304.601
304.524
304.816
304.915
304.504
304.622
304.893
304.642
304.646
304.846
304.972
304.915
304.577
304.711
304.559
304.771
304.398
304.779
304.461
304.848
304.495
304.684
304.982
304.775
305.017
304.705
304.959
304.754
304.731
304.811
304.238
304.626
304.492
304.593
304.875
304.731
304.811
304.238
304.626
304.875
304.593
304.492
304.551
304.106
304.154
304.154
304.32
304.503
304.32
303.008
303.71
303.525
303.525
303.401
303.401
303.259
302.912
303.601
303.031
303.031
303.263
302.57
303.263
303.816
303.95
304.238
303.75
304.147
303.631
303.931
303.827
303.648
304.096
304.327
303.487
304.202
303.94
303.677
303.843
304.017
303.15
303.409
304.043
303.493
303.967
304.398
304.432
304.197
304.306
304.082
304.08
304.133
304.321
303.858
304.208
304.039
304.397
303.952
304.367
304.555
304.751
304.68
304.436
304.486
304.623
304.286
304.482
304.308
304.684
304.191
304.404
304.558
304.214
304.273
304.519
304.101
304.282
304.462
304.033
303.515
303.635
303.635
303.978
303.331
303.731
303.732
303.566
304.046
303.883
303.883
303.814
303.814
303.691
304.133
304.321
303.858
304.208
304.038
304.397
303.953
304.368
304.555
304.751
304.68
304.623
304.486
304.436
304.286
304.482
304.308
304.684
304.191
304.558
304.404
304.215
304.273
304.519
304.102
304.462
304.034
304.282
305.316
305.354
305.146
305.508
305.341
305.108
305.481
305.057
304.863
304.591
304.727
304.98
304.98
304.799
305.107
304.87
305.042
304.614
305.132
305.005
304.846
304.274
304.66
304.731
304.412
304.638
304.294
304.392
304.089
303.694
304.438
304.421
304.489
303.782
304.028
304.131
304.554
304.46
303.832
304.532
303.804
304.151
304.232
304.686
304.526
304.287
304.594
304.169
304.35
304.274
304.66
304.731
304.412
304.638
304.294
304.392
304.089
303.694
304.438
304.421
303.782
304.489
304.028
304.131
304.554
304.46
303.832
303.804
304.532
304.151
304.232
304.686
304.526
304.287
304.594
304.35
304.169
304.601
304.816
304.524
304.915
304.504
304.893
304.622
304.642
304.646
304.846
304.972
304.577
304.915
304.711
304.559
304.771
304.398
304.779
304.495
304.461
304.848
304.684
304.982
305.017
304.775
304.959
304.705
304.754
304.601
304.816
304.524
304.915
304.504
304.893
304.622
304.642
304.646
304.846
304.972
304.915
304.577
304.711
304.559
304.771
304.398
304.779
304.461
304.848
304.494
304.684
304.982
305.017
304.775
304.959
304.705
304.754
303.816
303.95
304.238
303.751
304.147
303.631
303.932
303.827
303.648
304.096
304.327
304.202
303.487
303.94
303.677
303.843
304.017
303.15
304.043
303.409
303.493
303.967
304.398
304.432
304.198
304.306
304.081
304.082
303.815
303.95
304.238
303.75
304.147
303.631
303.93
303.827
303.648
304.096
304.327
304.202
303.487
303.939
303.677
303.843
304.017
303.15
304.043
303.409
303.493
303.966
304.398
304.432
304.197
304.306
304.08
304.082
303.008
303.71
303.525
303.525
303.401
303.401
303.259
302.912
303.601
303.031
303.031
302.57
303.264
303.263
304.134
304.321
303.859
304.208
304.04
304.397
303.953
304.368
304.555
304.751
304.68
304.486
304.624
304.436
304.287
304.482
304.308
304.684
304.404
304.191
304.558
304.215
304.273
304.519
304.102
304.462
304.034
304.283
304.132
304.321
303.857
304.208
304.038
304.396
303.952
304.367
304.555
304.751
304.68
304.486
304.623
304.435
304.286
304.482
304.307
304.684
304.404
304.19
304.558
304.213
304.273
304.519
304.101
304.462
304.033
304.281
303.515
303.635
303.635
303.978
303.331
303.732
303.731
303.566
304.046
303.883
303.883
303.814
303.814
303.691
304.409
304.434
304.167
304.639
304.225
304.628
304.445
304.534
304.61
304.729
304.894
304.654
304.49
304.768
304.38
304.411
304.156
304.567
304.197
304.336
304.604
304.563
304.803
304.917
304.703
304.684
304.792
304.521
304.41
304.434
304.167
304.639
304.225
304.628
304.445
304.534
304.611
304.729
304.894
304.654
304.491
304.768
304.38
304.411
304.157
304.567
304.198
304.338
304.604
304.563
304.803
304.917
304.703
304.684
304.792
304.522
305.114
304.683
304.9
304.9
304.89
304.89
305.124
305.487
305.796
305.648
305.648
305.496
305.638
305.638
305.295
305.075
305.2
305.451
305.064
305.304
305.441
305.295
305.075
305.2
305.451
305.064
305.304
305.441
304.885
305.151
304.9
305.141
304.906
305.129
304.869
304.811
304.702
305.021
304.991
304.746
304.767
305.059
304.854
305.127
304.831
305.066
304.875
304.81
305.105
304.842
305.095
305.015
304.748
304.776
305.084
304.847
305.677
305.448
305.435
305.712
305.425
305.702
305.686
305.834
305.913
305.761
306.009
305.999
305.751
305.843
305.627
305.387
305.303
305.557
305.377
305.547
305.637
305.886
305.923
306.081
306.063
306.054
305.913
305.896
305.677
305.448
305.435
305.712
305.425
305.702
305.686
305.834
305.913
305.761
306.009
305.843
305.751
305.999
305.627
305.387
305.303
305.557
305.377
305.637
305.547
305.886
305.923
306.081
306.063
305.913
305.896
306.054
303.811
304.206
304.054
304.054
304.007
304.007
303.834
303.796
304.183
303.938
303.938
303.98
303.724
303.98
305.114
304.683
304.9
304.9
304.89
304.89
305.124
305.487
305.796
305.648
305.648
305.638
305.638
305.496
305.295
305.075
305.2
305.451
305.064
305.441
305.304
305.295
305.075
305.2
305.451
305.441
305.064
305.304
304.41
304.434
304.167
304.639
304.225
304.628
304.445
304.534
304.61
304.729
304.894
304.491
304.768
304.654
304.38
304.411
304.156
304.567
304.337
304.198
304.604
304.563
304.803
304.917
304.703
304.792
304.522
304.684
305.677
305.448
305.435
305.712
305.425
305.702
305.686
305.834
305.913
305.761
306.009
305.999
305.751
305.843
305.627
305.387
305.303
305.557
305.377
305.547
305.637
305.886
305.923
306.081
306.063
306.054
305.913
305.896
304.885
305.151
304.9
305.141
304.906
305.129
304.869
304.811
304.702
305.021
304.991
304.746
304.767
305.059
304.854
305.127
304.831
305.066
304.875
304.81
305.105
304.842
305.095
305.015
304.748
304.776
305.084
304.847
305.677
305.448
305.712
305.435
305.702
305.425
305.686
305.834
305.913
306.009
305.761
305.843
305.999
305.751
305.886
305.923
306.081
306.063
305.913
305.896
306.054
305.627
305.387
305.303
305.557
305.377
305.637
305.547
306.328
306.387
306.367
306.367
306.357
306.357
306.338
306.212
306.033
306.132
306.132
306.122
306.122
306.222
306.27
306.309
306.206
306.188
306.299
306.178
306.28
306.27
306.309
306.206
306.188
306.178
306.299
306.28
306.328
306.387
306.367
306.367
306.357
306.357
306.338
306.212
306.033
306.132
306.132
306.122
306.122
306.222
306.27
306.309
306.206
306.188
306.299
306.178
306.28
306.27
306.309
306.206
306.188
306.178
306.299
306.28
306.328
306.387
306.367
306.367
306.357
306.357
306.338
306.213
306.033
306.132
306.132
306.222
306.122
306.122
306.27
306.309
306.206
306.188
306.299
306.28
306.178
306.27
306.309
306.206
306.188
306.299
306.28
306.178
304.885
305.151
305.141
304.9
305.129
304.906
304.869
304.811
304.702
305.021
304.991
305.059
304.767
304.746
304.854
305.127
305.066
304.831
305.105
304.81
304.875
304.842
305.095
305.015
304.748
305.084
304.776
304.847
305.677
305.448
305.712
305.435
305.702
305.425
305.686
305.834
305.913
306.009
305.761
305.751
305.999
305.843
305.886
305.923
306.081
306.063
305.913
306.054
305.896
305.627
305.387
305.303
305.557
305.547
305.377
305.637
304.885
305.151
304.9
305.141
304.906
305.129
304.869
304.811
304.702
305.021
304.991
304.767
305.059
304.746
304.854
305.127
304.831
305.066
304.81
304.875
305.105
304.842
305.095
305.015
304.748
305.084
304.847
304.776
305.114
304.683
304.9
304.9
304.89
304.89
305.124
305.487
305.796
305.648
305.648
305.638
305.638
305.496
305.295
305.075
305.2
305.451
305.064
305.441
305.304
305.295
305.075
305.2
305.451
305.441
305.064
305.304
303.811
304.206
304.054
304.054
304.007
304.007
303.834
303.796
304.183
303.938
303.938
303.98
303.724
303.98
304.41
304.434
304.639
304.167
304.628
304.225
304.445
304.534
304.61
304.729
304.894
304.491
304.768
304.654
304.38
304.411
304.567
304.156
304.337
304.604
304.197
304.563
304.803
304.917
304.703
304.792
304.521
304.684
305.677
305.448
305.712
305.435
305.702
305.425
305.686
305.834
305.913
306.009
305.761
305.751
305.999
305.843
305.886
305.923
306.081
306.063
305.913
306.054
305.896
305.627
305.387
305.303
305.557
305.547
305.377
305.637
304.885
305.151
305.141
304.9
305.129
304.906
304.869
304.811
304.702
305.021
304.991
305.059
304.767
304.746
304.854
305.127
305.066
304.831
305.105
304.81
304.875
304.842
305.095
305.015
304.748
305.084
304.776
304.847
304.885
305.151
305.141
304.9
305.129
304.906
304.869
304.811
304.702
305.021
304.991
304.767
305.059
304.746
304.854
305.127
305.066
304.831
304.81
305.105
304.875
304.842
305.095
305.015
304.748
305.084
304.847
304.776
304.41
304.434
304.639
304.167
304.628
304.225
304.445
304.534
304.611
304.729
304.894
304.768
304.491
304.654
304.38
304.411
304.567
304.157
304.604
304.338
304.198
304.563
304.803
304.917
304.703
304.792
304.684
304.522
304.409
304.434
304.639
304.167
304.628
304.225
304.445
304.534
304.61
304.729
304.894
304.768
304.49
304.654
304.38
304.411
304.567
304.156
304.604
304.336
304.197
304.563
304.803
304.917
304.703
304.792
304.684
304.521
303.811
304.206
304.054
304.054
304.007
304.007
303.834
303.796
304.183
303.938
303.938
303.724
303.98
303.98
305.421
305.309
305.309
305.32
305.36
305.37
305.37
305.242
305.132
305.25
305.261
305.181
305.193
305.311
305.242
305.25
305.132
305.261
305.181
305.311
305.193
305.07
305.076
305.076
305.204
305.009
305.136
305.136
305.07
305.076
305.076
305.204
305.009
305.136
305.136
305.242
305.132
305.25
305.261
305.311
305.181
305.193
305.242
305.132
305.25
305.261
305.181
305.193
305.311
305.07
305.076
305.076
305.204
305.136
305.009
305.136
305.242
305.132
305.25
305.261
305.311
305.181
305.193
305.242
305.25
305.132
305.261
305.181
305.311
305.193
305.421
305.309
305.309
305.32
305.37
305.36
305.37
305.421
305.309
305.309
305.32
305.37
305.36
305.37
305.421
305.309
305.309
305.32
305.36
305.37
305.37
305.242
305.25
305.132
305.261
305.193
305.181
305.311
305.07
305.076
305.076
305.204
305.136
305.009
305.136
305.242
305.25
305.132
305.261
305.193
305.181
305.311
303.356
303.653
303.437
303.437
303.294
303.498
303.498
304.254
304.152
304.375
304.396
304.191
304.215
304.437
304.362
304.555
304.305
304.488
304.3
304.368
304.549
304.116
304.107
304.233
304.349
304.054
304.169
304.294
303.722
303.772
303.553
303.823
303.661
303.615
303.884
304.254
304.152
304.375
304.396
304.191
304.215
304.437
304.362
304.555
304.488
304.305
304.3
304.549
304.368
305.563
305.449
305.509
305.517
305.502
305.51
305.57
305.563
305.449
305.509
305.517
305.502
305.51
305.57
305.71
305.725
305.656
305.656
305.649
305.718
305.718
304.728
304.623
304.526
304.545
304.667
304.684
304.587
305.378
305.388
305.323
305.456
305.316
305.45
305.384
304.848
304.71
304.643
304.793
304.787
304.704
304.854
304.116
304.107
304.233
304.349
304.055
304.169
304.294
303.722
303.772
303.823
303.553
303.661
303.884
303.615
305.378
305.388
305.323
305.456
305.316
305.45
305.384
304.728
304.623
304.526
304.545
304.667
304.684
304.587
304.848
304.71
304.793
304.643
304.787
304.854
304.704
304.574
304.573
304.379
304.496
304.514
304.634
304.439
304.574
304.573
304.379
304.496
304.514
304.634
304.439
304.136
303.898
303.953
303.953
304.075
304.014
304.014
304.116
304.107
304.233
304.349
304.169
304.054
304.294
303.722
303.772
303.553
303.823
303.615
303.661
303.884
304.116
304.107
304.233
304.349
304.169
304.055
304.294
303.722
303.772
303.553
303.823
303.615
303.661
303.884
304.574
304.573
304.379
304.496
304.514
304.439
304.634
304.574
304.573
304.379
304.496
304.514
304.439
304.634
304.136
303.898
303.953
303.953
304.075
304.014
304.014
304.254
304.152
304.375
304.396
304.215
304.191
304.437
304.362
304.555
304.305
304.488
304.368
304.3
304.549
304.728
304.623
304.526
304.545
304.587
304.667
304.684
305.378
305.388
305.323
305.456
305.45
305.316
305.384
304.848
304.71
304.643
304.793
304.704
304.787
304.854
304.728
304.623
304.526
304.545
304.667
304.587
304.684
305.378
305.388
305.323
305.456
305.316
305.384
305.45
304.848
304.71
304.643
304.793
304.787
304.704
304.854
303.356
303.653
303.437
303.437
303.498
303.294
303.498
304.574
304.573
304.379
304.496
304.439
304.514
304.634
304.574
304.573
304.379
304.496
304.634
304.514
304.439
304.136
303.898
303.953
303.953
304.014
304.075
304.014
304.116
304.107
304.233
304.349
304.055
304.294
304.169
303.722
303.772
303.553
303.823
303.661
303.615
303.884
304.728
304.623
304.526
304.545
304.587
304.667
304.684
305.378
305.388
305.323
305.456
305.45
305.316
305.384
304.848
304.71
304.643
304.793
304.704
304.787
304.854
304.254
304.152
304.375
304.396
304.215
304.191
304.437
304.362
304.555
304.305
304.488
304.368
304.3
304.549
305.378
305.388
305.323
305.456
305.316
305.384
305.45
304.728
304.623
304.526
304.545
304.667
304.587
304.684
304.848
304.71
304.793
304.643
304.787
304.854
304.704
305.563
305.449
305.509
305.517
305.57
305.502
305.51
305.563
305.449
305.509
305.517
305.51
305.502
305.57
305.71
305.725
305.656
305.656
305.718
305.649
305.718
305.563
305.449
305.509
305.517
305.57
305.502
305.51
305.563
305.449
305.509
305.517
305.51
305.502
305.57
305.71
305.725
305.656
305.656
305.718
305.649
305.718
305.563
305.449
305.509
305.517
305.502
305.57
305.51
305.563
305.449
305.509
305.517
305.502
305.57
305.51
305.71
305.725
305.656
305.656
305.649
305.718
305.718
304.254
304.152
304.375
304.396
304.437
304.191
304.215
304.362
304.555
304.488
304.305
304.549
304.3
304.368
305.378
305.388
305.323
305.456
305.384
305.316
305.45
304.728
304.623
304.526
304.545
304.684
304.667
304.587
304.848
304.71
304.793
304.643
304.854
304.787
304.704
304.254
304.152
304.375
304.396
304.191
304.437
304.215
304.362
304.555
304.305
304.488
304.3
304.368
304.549
304.574
304.573
304.379
304.496
304.439
304.514
304.634
304.574
304.573
304.379
304.496
304.634
304.514
304.439
304.136
303.898
303.953
303.953
304.014
304.075
304.014
303.356
303.653
303.437
303.437
303.498
303.294
303.498
304.116
304.107
304.233
304.349
304.054
304.294
304.169
303.722
303.772
303.823
303.553
303.661
303.884
303.615
305.378
305.388
305.323
305.456
305.384
305.316
305.45
304.728
304.623
304.526
304.545
304.684
304.667
304.587
304.848
304.71
304.793
304.643
304.854
304.787
304.704
304.254
304.152
304.375
304.396
304.437
304.191
304.215
304.362
304.555
304.488
304.305
304.549
304.3
304.368
304.254
304.152
304.375
304.396
304.191
304.437
304.215
304.362
304.555
304.488
304.305
304.3
304.549
304.368
304.116
304.107
304.233
304.349
304.294
304.055
304.169
303.722
303.772
303.823
303.553
303.884
303.661
303.615
304.116
304.107
304.233
304.349
304.294
304.054
304.169
303.722
303.772
303.823
303.553
303.884
303.661
303.615
303.356
303.653
303.437
303.437
303.294
303.498
303.498
305.465
305.352
305.439
305.448
305.404
305.413
305.501
305.465
305.352
305.439
305.448
305.404
305.413
305.501
305.509
305.582
305.484
305.484
305.448
305.545
305.545
305.161
305.052
305.01
305.024
305.101
305.113
305.071
305.284
305.293
305.257
305.389
305.223
305.354
305.318
305.202
305.143
305.05
305.175
305.141
305.111
305.236
305.284
305.293
305.257
305.389
305.223
305.354
305.318
305.161
305.052
305.01
305.024
305.101
305.113
305.071
305.202
305.143
305.175
305.05
305.141
305.236
305.111
304.992
304.997
304.845
304.969
304.932
305.058
304.905
304.992
304.997
304.845
304.969
304.932
305.058
304.905
304.917
304.747
304.771
304.771
304.856
304.831
304.831
304.992
304.997
304.845
304.969
304.932
305.058
304.905
304.992
304.997
304.845
304.969
304.932
305.058
304.905
304.917
304.747
304.771
304.771
304.856
304.831
304.831
305.161
305.052
305.01
305.024
305.101
305.113
305.071
305.284
305.293
305.389
305.257
305.354
305.223
305.318
305.202
305.143
305.05
305.175
305.141
305.111
305.236
305.161
305.052
305.01
305.024
305.101
305.113
305.071
305.284
305.293
305.257
305.389
305.223
305.354
305.318
305.202
305.143
305.05
305.175
305.141
305.111
305.236
304.992
304.997
304.845
304.969
304.932
305.058
304.905
304.992
304.997
304.969
304.845
305.058
304.932
304.905
304.917
304.747
304.771
304.771
304.856
304.831
304.831
305.161
305.052
305.01
305.024
305.101
305.113
305.071
305.284
305.293
305.389
305.257
305.354
305.223
305.318
305.202
305.143
305.05
305.175
305.141
305.111
305.236
305.284
305.293
305.257
305.389
305.223
305.354
305.318
305.161
305.052
305.01
305.024
305.101
305.113
305.071
305.202
305.143
305.175
305.05
305.141
305.236
305.111
305.465
305.352
305.439
305.448
305.404
305.413
305.501
305.465
305.352
305.448
305.439
305.413
305.404
305.501
305.509
305.582
305.484
305.484
305.448
305.545
305.545
305.465
305.352
305.439
305.448
305.404
305.413
305.501
305.465
305.352
305.448
305.439
305.413
305.404
305.501
305.509
305.582
305.484
305.484
305.448
305.545
305.545
305.465
305.352
305.439
305.448
305.404
305.413
305.501
305.465
305.352
305.439
305.448
305.404
305.413
305.501
305.509
305.582
305.484
305.484
305.448
305.545
305.545
305.284
305.293
305.257
305.389
305.223
305.354
305.318
305.161
305.052
305.024
305.01
305.113
305.101
305.071
305.202
305.143
305.175
305.05
305.141
305.236
305.111
304.992
304.997
304.845
304.969
304.932
305.058
304.905
304.992
304.997
304.969
304.845
305.058
304.932
304.905
304.917
304.747
304.771
304.771
304.856
304.831
304.831
305.284
305.293
305.257
305.389
305.223
305.354
305.318
305.161
305.052
305.024
305.01
305.113
305.101
305.071
305.202
305.143
305.175
305.05
305.141
305.236
305.111
303.321
303.129
303.13
303.098
303.258
303.209
303.21
303.382
303.182
303.351
303.352
303.281
303.282
303.441
303.125
302.808
303.048
303.048
303.192
302.957
302.958
303.18
303.249
302.915
303.13
303.012
303.118
303.308
303.18
303.249
302.916
303.131
303.012
303.119
303.308
303.057
302.696
302.77
302.77
302.867
302.867
302.987
304.037
303.939
303.728
303.799
303.834
303.977
303.999
304.287
304.41
304.252
304.5
304.314
304.225
304.471
304.067
303.888
303.758
304.033
303.864
304.093
304.007
304.14
304.084
303.827
303.939
303.934
304.079
304.145
304.352
304.477
304.273
304.522
304.336
304.289
304.538
304.13
303.91
303.818
304.054
303.924
304.115
304.07
303.903
303.894
303.603
303.754
303.706
303.843
303.954
304.055
304.169
303.924
304.157
303.986
303.993
304.23
303.848
303.589
303.547
303.721
303.651
303.781
303.788
303.529
303.365
303.243
303.247
303.344
303.47
303.424
303.82
303.925
303.846
304.078
303.908
303.759
303.986
303.619
303.513
303.334
303.644
303.434
303.704
303.56
304.037
303.939
303.728
303.799
303.834
303.977
303.999
304.287
304.41
304.252
304.5
304.314
304.225
304.471
304.067
303.888
303.758
304.033
303.864
304.093
304.007
304.352
304.477
304.273
304.522
304.336
304.289
304.538
304.14
304.084
303.827
303.939
303.934
304.079
304.145
304.13
303.91
304.054
303.818
304.115
303.924
304.07
305.549
305.435
305.467
305.476
305.528
305.488
305.497
305.608
305.554
305.584
305.653
305.645
305.547
305.616
305.594
305.61
305.512
305.57
305.573
305.631
305.533
305.549
305.435
305.467
305.476
305.528
305.488
305.497
305.608
305.554
305.584
305.653
305.645
305.547
305.616
305.594
305.61
305.512
305.57
305.573
305.631
305.533
305.696
305.641
305.612
305.681
305.674
305.634
305.703
305.696
305.641
305.612
305.681
305.674
305.634
305.703
305.681
305.638
305.598
305.598
305.66
305.66
305.62
304.855
304.75
304.909
304.923
304.969
304.794
304.81
304.764
304.562
304.734
304.652
304.795
304.703
304.623
304.893
305.041
304.948
304.864
305.009
304.924
304.832
305.364
305.375
305.283
305.416
305.344
305.303
305.436
305.295
305.24
305.14
305.207
305.201
305.234
305.301
305.282
305.169
305.201
305.127
305.262
305.188
305.221
304.836
304.631
304.757
304.676
304.818
304.775
304.693
304.979
304.924
305.036
305.103
305.097
304.918
304.985
304.967
305.066
304.888
305.023
304.949
305.084
304.906
303.903
303.894
303.603
303.754
303.706
303.843
303.954
304.055
304.169
303.924
304.157
303.986
303.993
304.23
303.848
303.589
303.547
303.721
303.651
303.781
303.788
303.82
303.925
303.846
304.078
303.908
303.759
303.986
303.529
303.365
303.243
303.247
303.344
303.47
303.424
303.62
303.513
303.644
303.334
303.705
303.434
303.56
305.364
305.375
305.283
305.416
305.344
305.303
305.436
305.295
305.24
305.14
305.207
305.201
305.234
305.301
305.282
305.169
305.201
305.127
305.262
305.188
305.22
304.855
304.75
304.909
304.923
304.969
304.794
304.81
304.764
304.562
304.734
304.652
304.795
304.703
304.623
304.893
305.041
304.948
304.864
305.009
304.924
304.832
304.979
304.924
305.036
305.103
305.097
304.918
304.985
304.836
304.631
304.757
304.676
304.818
304.775
304.693
304.967
305.065
305.023
304.888
305.084
304.949
304.906
304.698
304.698
304.748
304.871
304.808
304.638
304.759
304.507
304.312
304.368
304.299
304.429
304.446
304.373
304.627
304.653
304.675
304.487
304.736
304.548
304.567
304.698
304.698
304.748
304.871
304.808
304.638
304.759
304.507
304.312
304.368
304.299
304.429
304.446
304.373
304.627
304.653
304.675
304.487
304.735
304.548
304.567
304.244
304.06
304.282
304.214
304.343
304.184
304.12
304.244
304.06
304.282
304.214
304.343
304.184
304.12
304.358
304.563
304.399
304.399
304.459
304.459
304.298
303.913
303.857
303.856
303.822
303.902
303.865
303.865
304.008
304.106
304.051
303.956
303.952
304.097
304.014
304.008
304.106
304.051
303.956
303.952
304.097
304.014
303.92
303.829
303.876
303.876
303.872
303.872
303.928
303.869
303.776
303.843
303.842
303.887
303.824
303.824
303.847
303.752
303.775
303.775
303.802
303.802
303.822
304.953
304.966
304.895
304.895
304.89
304.958
304.961
304.942
304.863
304.885
304.934
304.879
304.927
304.949
304.842
304.813
304.742
304.787
304.783
304.806
304.85
304.878
304.842
304.911
304.82
304.903
304.814
304.885
304.314
304.226
304.161
304.269
304.266
304.221
304.322
304.416
304.441
304.36
304.501
304.354
304.493
304.421
304.707
304.763
304.698
304.65
304.644
304.755
304.713
304.641
304.515
304.584
304.59
304.578
304.586
304.649
304.953
304.966
304.895
304.895
304.89
304.958
304.961
304.942
304.863
304.934
304.885
304.927
304.879
304.949
304.842
304.813
304.742
304.788
304.783
304.806
304.85
304.878
304.842
304.911
304.82
304.903
304.814
304.885
304.314
304.226
304.161
304.269
304.266
304.221
304.322
304.416
304.441
304.501
304.36
304.493
304.354
304.421
304.707
304.763
304.698
304.65
304.644
304.755
304.713
304.641
304.515
304.584
304.59
304.578
304.586
304.649
303.903
303.894
303.754
303.603
303.706
303.954
303.843
304.055
304.169
303.924
304.157
303.993
303.986
304.23
303.848
303.589
303.547
303.721
303.651
303.788
303.781
303.529
303.365
303.246
303.243
303.424
303.47
303.344
303.82
303.925
303.846
304.078
303.759
303.908
303.986
303.619
303.513
303.334
303.644
303.56
303.434
303.704
303.903
303.894
303.754
303.603
303.707
303.954
303.843
304.055
304.169
303.924
304.157
303.993
303.986
304.23
303.848
303.589
303.547
303.721
303.652
303.788
303.781
303.529
303.366
303.247
303.243
303.424
303.47
303.344
303.82
303.925
303.846
304.078
303.759
303.908
303.986
303.62
303.513
303.334
303.645
303.56
303.434
303.705
304.698
304.698
304.748
304.871
304.808
304.638
304.759
304.507
304.312
304.368
304.299
304.446
304.373
304.429
304.627
304.653
304.675
304.487
304.736
304.567
304.548
304.698
304.698
304.748
304.871
304.808
304.638
304.759
304.507
304.312
304.368
304.299
304.446
304.373
304.429
304.627
304.653
304.675
304.487
304.736
304.567
304.548
304.244
304.06
304.282
304.214
304.184
304.12
304.343
304.244
304.06
304.282
304.214
304.184
304.12
304.343
304.358
304.563
304.399
304.399
304.298
304.459
304.459
303.598
303.459
303.582
303.582
303.53
303.53
303.644
303.549
303.398
303.415
303.415
303.496
303.476
303.476
303.726
303.612
303.629
303.629
303.686
303.672
303.672
303.761
303.654
303.745
303.745
303.794
303.71
303.71
304.037
303.939
303.799
303.728
303.834
303.999
303.977
304.287
304.41
304.252
304.5
304.225
304.314
304.471
304.067
303.888
303.758
304.033
303.864
304.007
304.093
304.14
304.084
303.939
303.827
304.145
304.079
303.934
304.352
304.477
304.273
304.522
304.289
304.336
304.538
304.13
303.91
303.818
304.054
304.07
303.924
304.115
304.855
304.75
304.909
304.923
304.969
304.794
304.81
304.764
304.562
304.652
304.734
304.623
304.703
304.795
304.893
305.041
304.948
304.864
305.009
304.832
304.924
305.364
305.375
305.416
305.283
305.344
305.436
305.303
305.295
305.24
305.14
305.207
305.234
305.201
305.301
305.282
305.169
305.201
305.127
305.262
305.22
305.188
304.836
304.631
304.676
304.757
304.693
304.775
304.818
304.979
304.924
305.036
305.103
304.918
305.097
304.985
304.967
305.066
304.888
305.023
304.906
304.949
305.084
304.855
304.75
304.909
304.923
304.969
304.794
304.81
304.764
304.562
304.734
304.652
304.703
304.623
304.795
304.893
305.041
304.948
304.864
305.009
304.832
304.924
305.364
305.375
305.283
305.416
305.344
305.303
305.436
305.295
305.24
305.14
305.207
305.234
305.301
305.201
305.282
305.169
305.201
305.127
305.262
305.22
305.188
304.836
304.631
304.757
304.676
304.775
304.693
304.818
304.979
304.924
305.036
305.103
304.918
304.985
305.097
304.967
305.065
304.888
305.023
304.906
304.949
305.084
303.321
303.129
303.13
303.098
303.258
303.209
303.209
303.382
303.182
303.352
303.352
303.281
303.282
303.441
303.125
303.048
302.808
303.048
303.192
302.957
302.958
303.18
303.249
303.13
302.915
303.308
303.118
303.012
303.18
303.249
302.916
303.13
303.118
303.012
303.308
303.057
302.696
302.77
302.77
302.987
302.867
302.867
304.698
304.698
304.748
304.871
304.808
304.638
304.759
304.507
304.312
304.299
304.368
304.373
304.446
304.429
304.627
304.653
304.675
304.487
304.735
304.567
304.548
304.698
304.698
304.871
304.748
304.808
304.759
304.638
304.507
304.312
304.368
304.299
304.446
304.429
304.373
304.627
304.653
304.675
304.487
304.735
304.567
304.548
304.244
304.06
304.214
304.282
304.12
304.184
304.343
304.244
304.06
304.282
304.214
304.184
304.343
304.12
304.358
304.563
304.399
304.399
304.298
304.459
304.459
303.903
303.894
303.603
303.754
303.706
303.843
303.954
304.055
304.169
303.924
304.157
303.993
304.23
303.986
303.848
303.589
303.547
303.721
303.652
303.788
303.781
303.529
303.365
303.243
303.247
303.47
303.424
303.344
303.82
303.925
303.846
304.078
303.759
303.986
303.908
303.62
303.513
303.334
303.645
303.56
303.434
303.705
303.598
303.459
303.583
303.582
303.531
303.53
303.644
303.549
303.398
303.415
303.415
303.496
303.476
303.476
303.726
303.629
303.628
303.612
303.686
303.672
303.672
303.761
303.654
303.745
303.745
303.71
303.71
303.794
304.855
304.75
304.909
304.923
304.969
304.794
304.81
304.764
304.562
304.652
304.734
304.623
304.703
304.795
304.893
305.041
304.948
304.864
305.009
304.832
304.924
305.364
305.375
305.416
305.283
305.344
305.436
305.303
305.295
305.24
305.14
305.207
305.234
305.201
305.301
305.282
305.169
305.201
305.127
305.262
305.22
305.188
304.836
304.631
304.676
304.757
304.693
304.775
304.818
304.979
304.924
305.036
305.103
304.918
305.097
304.985
304.967
305.066
304.888
305.023
304.906
304.949
305.084
304.037
303.939
303.799
303.728
303.834
303.999
303.977
304.287
304.41
304.252
304.5
304.225
304.314
304.471
304.067
303.888
303.758
304.033
303.864
304.007
304.093
304.14
304.084
303.939
303.827
304.145
304.079
303.934
304.352
304.477
304.273
304.522
304.289
304.336
304.538
304.13
303.91
303.818
304.054
304.07
303.924
304.115
305.364
305.375
305.283
305.416
305.344
305.303
305.436
305.295
305.24
305.14
305.207
305.234
305.301
305.201
305.282
305.169
305.201
305.127
305.262
305.22
305.188
304.855
304.75
304.909
304.923
304.969
304.794
304.81
304.764
304.562
304.734
304.652
304.703
304.623
304.795
304.893
305.041
304.948
304.864
305.009
304.832
304.924
304.979
304.924
305.036
305.103
304.918
304.985
305.097
304.836
304.631
304.757
304.676
304.775
304.693
304.818
304.967
305.065
305.023
304.888
304.906
305.084
304.949
305.549
305.435
305.467
305.476
305.528
305.488
305.497
305.608
305.554
305.653
305.584
305.616
305.547
305.645
305.594
305.61
305.512
305.57
305.573
305.533
305.631
305.549
305.435
305.476
305.467
305.528
305.497
305.488
305.608
305.554
305.584
305.653
305.547
305.645
305.616
305.594
305.61
305.512
305.57
305.573
305.533
305.631
305.696
305.641
305.681
305.612
305.703
305.634
305.674
305.696
305.641
305.612
305.681
305.634
305.674
305.703
305.681
305.638
305.598
305.598
305.62
305.66
305.66
305.549
305.435
305.467
305.476
305.528
305.488
305.497
305.608
305.554
305.653
305.584
305.616
305.547
305.645
305.594
305.61
305.512
305.57
305.573
305.533
305.631
305.549
305.435
305.476
305.467
305.528
305.497
305.488
305.608
305.554
305.584
305.653
305.547
305.645
305.616
305.594
305.61
305.512
305.57
305.573
305.533
305.631
305.696
305.641
305.681
305.612
305.703
305.634
305.674
305.696
305.641
305.612
305.681
305.634
305.674
305.703
305.681
305.638
305.598
305.598
305.62
305.66
305.66
305.549
305.435
305.467
305.476
305.528
305.488
305.497
305.608
305.554
305.584
305.653
305.547
305.616
305.645
305.594
305.61
305.512
305.57
305.573
305.533
305.631
305.549
305.435
305.467
305.476
305.528
305.488
305.497
305.608
305.554
305.584
305.653
305.547
305.616
305.645
305.594
305.61
305.512
305.57
305.573
305.533
305.631
305.696
305.641
305.612
305.681
305.634
305.703
305.674
305.696
305.641
305.612
305.681
305.634
305.703
305.674
305.681
305.638
305.598
305.598
305.62
305.66
305.66
304.037
303.939
303.728
303.799
303.834
303.977
303.999
304.287
304.41
304.5
304.252
304.471
304.225
304.314
304.067
303.888
303.758
304.033
303.864
304.007
304.093
304.352
304.477
304.522
304.273
304.538
304.289
304.336
304.14
304.084
303.827
303.939
304.079
303.934
304.145
304.13
303.91
304.054
303.818
304.07
304.115
303.924
305.364
305.375
305.283
305.416
305.344
305.303
305.436
305.295
305.24
305.207
305.14
305.301
305.234
305.201
305.282
305.169
305.201
305.127
305.262
305.221
305.188
304.855
304.75
304.923
304.909
304.969
304.81
304.794
304.764
304.562
304.734
304.652
304.703
304.795
304.623
304.893
305.041
304.948
304.864
305.009
304.833
304.924
304.979
304.924
305.103
305.036
304.985
304.918
305.097
304.836
304.631
304.757
304.676
304.775
304.818
304.693
304.967
305.066
305.023
304.888
304.906
305.084
304.949
304.037
303.939
303.728
303.799
303.834
303.977
303.999
304.287
304.41
304.252
304.5
304.225
304.471
304.314
304.067
303.888
303.758
304.033
303.864
304.007
304.093
304.14
304.084
303.827
303.939
304.079
304.145
303.934
304.352
304.477
304.273
304.522
304.289
304.538
304.336
304.13
303.91
303.818
304.054
304.07
303.924
304.115
304.698
304.698
304.748
304.871
304.808
304.638
304.759
304.507
304.312
304.299
304.368
304.373
304.446
304.429
304.627
304.653
304.675
304.487
304.735
304.567
304.548
304.698
304.698
304.871
304.748
304.808
304.759
304.638
304.507
304.312
304.368
304.299
304.446
304.429
304.373
304.627
304.653
304.675
304.487
304.735
304.567
304.548
304.244
304.06
304.214
304.282
304.12
304.184
304.343
304.244
304.06
304.282
304.214
304.184
304.343
304.12
304.358
304.563
304.399
304.399
304.298
304.459
304.459
303.321
303.13
303.13
303.098
303.258
303.209
303.209
303.383
303.182
303.351
303.352
303.281
303.282
303.441
303.125
303.048
302.808
303.048
303.192
302.958
302.957
303.18
303.249
303.13
302.915
303.308
303.118
303.012
303.18
303.249
302.915
303.13
303.118
303.012
303.308
303.057
302.696
302.77
302.77
302.987
302.867
302.867
303.903
303.894
303.603
303.754
303.706
303.843
303.954
304.055
304.169
303.924
304.157
303.993
304.23
303.986
303.848
303.589
303.547
303.721
303.651
303.788
303.781
303.82
303.925
303.846
304.078
303.759
303.986
303.908
303.529
303.365
303.243
303.247
303.47
303.424
303.344
303.62
303.513
303.644
303.334
303.56
303.704
303.434
303.598
303.459
303.582
303.583
303.53
303.531
303.644
303.549
303.398
303.415
303.415
303.496
303.475
303.476
303.726
303.628
303.629
303.612
303.686
303.672
303.672
303.761
303.654
303.745
303.745
303.71
303.71
303.794
305.364
305.375
305.283
305.416
305.344
305.303
305.436
305.295
305.24
305.207
305.14
305.301
305.234
305.201
305.282
305.169
305.201
305.127
305.262
305.22
305.188
304.855
304.75
304.923
304.909
304.969
304.81
304.794
304.764
304.562
304.734
304.652
304.703
304.795
304.623
304.893
305.041
304.948
304.864
305.009
304.832
304.924
304.979
304.924
305.103
305.036
304.985
304.918
305.097
304.836
304.631
304.757
304.676
304.775
304.818
304.693
304.967
305.065
305.023
304.888
304.906
305.084
304.949
304.037
303.939
303.728
303.799
303.834
303.977
303.999
304.287
304.41
304.5
304.252
304.471
304.225
304.314
304.067
303.888
303.758
304.033
303.864
304.007
304.093
304.352
304.477
304.522
304.273
304.538
304.289
304.336
304.14
304.084
303.827
303.939
304.079
303.934
304.145
304.13
303.91
304.054
303.818
304.07
304.115
303.924
304.037
303.939
303.728
303.799
303.834
303.977
303.999
304.287
304.41
304.252
304.5
304.225
304.471
304.314
304.067
303.888
303.758
304.033
303.864
304.007
304.093
304.352
304.477
304.273
304.522
304.289
304.538
304.336
304.14
304.084
303.827
303.939
304.079
304.145
303.934
304.13
303.91
304.054
303.818
304.07
304.115
303.924
303.903
303.894
303.603
303.754
303.707
303.843
303.954
304.055
304.169
304.157
303.924
304.23
303.993
303.986
303.848
303.589
303.547
303.721
303.652
303.788
303.781
303.82
303.925
304.078
303.846
303.986
303.759
303.908
303.529
303.366
303.243
303.247
303.47
303.344
303.424
303.62
303.513
303.645
303.334
303.56
303.705
303.434
303.903
303.894
303.603
303.754
303.706
303.843
303.954
304.055
304.169
304.157
303.924
304.23
303.993
303.986
303.848
303.589
303.547
303.721
303.651
303.788
303.781
303.82
303.925
304.078
303.846
303.986
303.759
303.908
303.529
303.365
303.243
303.246
303.47
303.344
303.424
303.619
303.513
303.644
303.334
303.56
303.704
303.434
303.321
303.13
303.129
303.098
303.258
303.21
303.209
303.383
303.182
303.352
303.351
303.282
303.281
303.441
303.125
302.808
303.048
303.048
303.192
302.958
302.957
303.18
303.249
302.916
303.131
303.119
303.308
303.012
303.18
303.249
302.915
303.13
303.118
303.308
303.012
303.057
302.696
302.77
302.77
302.987
302.867
302.867
303.598
303.459
303.583
303.582
303.53
303.53
303.644
303.549
303.398
303.415
303.415
303.496
303.476
303.476
303.726
303.629
303.628
303.612
303.686
303.672
303.672
303.761
303.654
303.745
303.745
303.71
303.71
303.794
304.314
304.226
304.161
304.269
304.221
304.266
304.322
304.415
304.441
304.36
304.501
304.354
304.493
304.421
304.707
304.763
304.698
304.649
304.755
304.644
304.713
304.641
304.515
304.584
304.59
304.578
304.586
304.649
304.314
304.226
304.161
304.269
304.221
304.266
304.322
304.416
304.441
304.361
304.501
304.355
304.493
304.421
304.707
304.764
304.698
304.65
304.755
304.644
304.713
304.641
304.516
304.584
304.59
304.578
304.586
304.649
304.953
304.966
304.895
304.895
304.958
304.89
304.961
304.942
304.863
304.885
304.934
304.879
304.927
304.949
304.842
304.813
304.742
304.787
304.806
304.783
304.85
304.878
304.842
304.911
304.82
304.903
304.814
304.885
303.913
303.856
303.857
303.822
303.902
303.865
303.865
304.008
304.106
304.051
303.956
304.097
303.952
304.014
304.008
304.106
304.051
303.956
303.952
304.097
304.014
303.92
303.829
303.876
303.876
303.872
303.872
303.928
303.869
303.843
303.776
303.843
303.887
303.824
303.824
303.847
303.752
303.775
303.775
303.822
303.802
303.802
304.314
304.226
304.161
304.269
304.221
304.266
304.322
304.416
304.441
304.361
304.501
304.354
304.493
304.421
304.707
304.764
304.65
304.698
304.644
304.713
304.755
304.641
304.515
304.584
304.59
304.578
304.586
304.649
304.953
304.966
304.895
304.895
304.958
304.89
304.961
304.942
304.863
304.885
304.934
304.879
304.927
304.949
304.842
304.813
304.742
304.788
304.806
304.783
304.85
304.878
304.842
304.911
304.82
304.903
304.814
304.885
304.953
304.966
304.895
304.895
304.89
304.958
304.961
304.942
304.863
304.934
304.885
304.927
304.879
304.949
304.842
304.813
304.742
304.788
304.806
304.783
304.85
304.878
304.842
304.911
304.82
304.903
304.814
304.885
304.953
304.966
304.895
304.895
304.958
304.89
304.961
304.942
304.863
304.885
304.934
304.879
304.927
304.949
304.842
304.813
304.788
304.742
304.783
304.85
304.806
304.878
304.842
304.911
304.82
304.903
304.814
304.885
303.913
303.857
303.856
303.822
303.902
303.865
303.865
304.008
304.106
304.051
303.956
304.097
303.952
304.014
304.008
304.106
304.051
303.956
303.952
304.097
304.014
303.92
303.829
303.876
303.876
303.872
303.872
303.928
303.869
303.843
303.776
303.842
303.887
303.824
303.824
303.847
303.752
303.775
303.775
303.822
303.802
303.802
304.314
304.226
304.161
304.269
304.221
304.266
304.322
304.416
304.441
304.501
304.361
304.493
304.354
304.421
304.707
304.763
304.65
304.698
304.644
304.713
304.755
304.641
304.515
304.584
304.59
304.578
304.586
304.649
304.953
304.966
304.895
304.895
304.89
304.958
304.961
304.942
304.863
304.934
304.885
304.927
304.879
304.949
304.842
304.813
304.742
304.788
304.806
304.783
304.85
304.878
304.842
304.911
304.82
304.903
304.814
304.885
304.953
304.966
304.895
304.895
304.958
304.889
304.961
304.942
304.863
304.934
304.885
304.927
304.879
304.949
304.842
304.813
304.787
304.742
304.783
304.85
304.806
304.878
304.842
304.911
304.82
304.903
304.814
304.885
304.314
304.226
304.161
304.269
304.266
304.221
304.322
304.416
304.441
304.501
304.361
304.493
304.355
304.421
304.707
304.764
304.698
304.65
304.755
304.644
304.713
304.641
304.516
304.584
304.59
304.578
304.586
304.649
304.314
304.226
304.161
304.269
304.266
304.221
304.322
304.415
304.441
304.501
304.36
304.493
304.354
304.421
304.707
304.763
304.698
304.649
304.755
304.644
304.713
304.641
304.515
304.584
304.59
304.578
304.586
304.649
303.913
303.856
303.857
303.822
303.902
303.865
303.865
304.008
304.106
304.051
303.956
304.097
303.952
304.014
304.008
304.106
304.051
303.956
304.097
303.952
304.014
303.92
303.829
303.876
303.876
303.872
303.872
303.928
303.869
303.776
303.843
303.843
303.887
303.824
303.824
303.847
303.752
303.775
303.775
303.822
303.802
303.802
306.122
305.889
306.132
306.132
306.004
306.004
306.25
306.122
305.889
306.132
306.132
306.004
306.004
306.25
306.122
305.889
306.132
306.132
306.004
306.004
306.25
306.122
305.889
306.132
306.132
306.004
306.004
306.25
305.858
305.916
305.983
305.983
305.887
305.887
305.954
305.743
305.567
305.75
305.75
305.654
305.654
305.84
305.8
305.925
305.738
305.806
305.71
305.829
305.897
305.8
305.925
305.738
305.806
305.71
305.829
305.897
305.213
304.976
305.049
305.333
304.953
305.238
305.308
305.369
305.448
305.383
305.629
305.288
305.533
305.464
305.163
305.001
304.833
305.18
305.085
304.906
305.258
305.422
305.543
305.614
305.683
305.587
305.448
305.517
305.213
304.976
305.333
305.049
305.238
304.953
305.308
305.369
305.448
305.629
305.383
305.533
305.288
305.464
305.422
305.543
305.614
305.683
305.587
305.448
305.517
305.163
305.001
304.833
305.18
305.085
304.906
305.258
304.655
304.212
304.52
304.52
304.425
304.425
304.75
305.026
305.333
305.271
305.271
305.176
305.176
305.121
304.835
304.693
304.732
305.074
304.98
304.598
304.93
304.835
304.693
304.732
305.074
304.98
304.598
304.93
304.655
304.212
304.52
304.52
304.425
304.425
304.75
305.026
305.333
305.271
305.271
305.121
305.176
305.176
304.835
304.693
304.732
305.074
304.598
304.93
304.98
304.835
304.693
304.732
305.074
304.598
304.93
304.98
305.213
304.976
305.049
305.333
304.953
305.238
305.308
305.369
305.448
305.383
305.629
305.533
305.288
305.464
305.163
305.001
304.833
305.18
304.906
305.085
305.258
305.422
305.543
305.614
305.683
305.587
305.448
305.517
305.213
304.976
305.049
305.333
304.953
305.238
305.308
305.369
305.448
305.383
305.629
305.464
305.288
305.533
305.163
305.001
304.833
305.18
304.906
305.258
305.085
305.422
305.543
305.614
305.683
305.448
305.517
305.587
304.655
304.212
304.52
304.52
304.425
304.425
304.75
305.026
305.333
305.271
305.271
305.176
305.176
305.121
304.835
304.693
304.732
305.074
304.598
304.98
304.93
304.835
304.693
304.732
305.074
304.98
304.598
304.93
305.213
304.976
305.049
305.333
304.953
305.238
305.308
305.369
305.448
305.383
305.629
305.533
305.288
305.464
305.163
305.001
304.833
305.18
304.906
305.085
305.258
305.422
305.543
305.614
305.683
305.587
305.448
305.517
305.213
304.976
305.333
305.049
305.238
304.953
305.308
305.369
305.448
305.629
305.383
305.464
305.533
305.288
305.422
305.543
305.614
305.683
305.448
305.517
305.587
305.163
305.001
304.833
305.18
304.906
305.258
305.085
305.858
305.916
305.983
305.983
305.887
305.887
305.954
305.743
305.567
305.75
305.75
305.654
305.654
305.84
305.8
305.925
305.738
305.806
305.829
305.71
305.897
305.8
305.925
305.738
305.806
305.71
305.829
305.897
305.858
305.916
305.983
305.983
305.887
305.887
305.954
305.743
305.567
305.75
305.75
305.654
305.654
305.84
305.8
305.925
305.738
305.806
305.829
305.71
305.897
305.8
305.925
305.738
305.806
305.71
305.829
305.897
305.858
305.916
305.983
305.983
305.887
305.887
305.954
305.743
305.567
305.75
305.75
305.84
305.654
305.654
305.8
305.925
305.738
305.806
305.829
305.897
305.71
305.8
305.925
305.738
305.806
305.829
305.897
305.71
305.213
304.976
305.333
305.049
305.238
304.953
305.308
305.369
305.448
305.629
305.383
305.288
305.533
305.464
305.422
305.543
305.614
305.683
305.448
305.587
305.517
305.163
305.001
304.833
305.18
305.085
304.906
305.258
304.655
304.212
304.52
304.52
304.425
304.425
304.75
305.026
305.333
305.271
305.271
305.176
305.176
305.121
304.835
304.693
304.732
305.074
304.598
304.98
304.93
304.835
304.693
304.732
305.074
304.98
304.598
304.93
305.213
304.976
305.333
305.049
305.238
304.953
305.308
305.369
305.448
305.629
305.383
305.288
305.533
305.464
305.422
305.543
305.614
305.683
305.448
305.587
305.517
305.163
305.001
304.833
305.18
305.085
304.906
305.258
)
;

boundaryField
{
    chip
    {
        type            zeroGradient;
    }
    chip_to_dbc_cu_top
    {
        type            compressible::turbulentTemperatureRadCoupledMixed;
        refValue        nonuniform List<scalar> 
1600
(
305.215
305.157
305.157
305.1
305.1
305.157
305.157
305.1
305.157
305.157
305.215
305.215
305.215
305.157
305.1
305.157
303.548
304.29
304.449
304.245
303.667
304.291
304.449
305.412
305.412
305.619
304.441
305.351
304.605
304.245
303.667
305.351
304.441
304.605
304.392
304.392
303.794
304.245
303.667
304.245
303.667
304.392
304.392
303.794
304.29
304.449
304.441
305.351
304.605
304.441
305.351
304.605
303.548
304.392
304.392
303.794
304.245
303.667
304.441
305.351
304.605
304.291
304.449
305.351
304.441
304.605
305.412
305.412
305.619
305.412
305.412
305.619
305.412
305.412
305.619
304.291
304.449
305.351
304.441
304.605
304.291
304.449
304.392
304.392
303.794
303.548
304.245
303.667
305.351
304.441
304.605
304.29
304.449
304.29
304.449
304.245
303.667
304.245
303.667
303.548
305.343
305.343
305.476
304.919
305.284
305.039
305.284
304.919
305.039
304.865
304.865
304.644
304.865
304.865
304.644
304.919
305.284
305.039
304.919
305.284
305.039
304.865
304.865
304.644
304.919
305.284
305.039
305.284
304.919
305.039
305.343
305.343
305.476
305.343
305.343
305.476
305.343
305.343
305.476
305.284
304.919
305.039
304.865
304.865
304.644
305.284
304.919
305.039
302.964
302.965
302.514
303.623
304.394
303.71
303.76
304.416
303.732
303.577
304.053
303.418
303.084
303.974
303.339
303.623
304.394
303.71
304.416
303.76
303.732
305.371
305.547
305.504
305.371
305.547
305.504
305.575
305.575
305.533
304.819
304.547
304.937
305.311
305.103
305.064
304.57
304.999
304.961
303.577
304.053
303.419
303.974
303.084
303.339
305.311
305.103
305.064
304.819
304.547
304.937
304.999
304.57
304.961
304.767
304.195
304.55
304.767
304.195
304.55
304.111
304.111
304.46
303.577
304.053
303.418
303.084
303.974
303.339
303.577
304.053
303.419
303.084
303.974
303.339
304.767
304.195
304.55
304.767
304.195
304.55
304.111
304.111
304.46
303.623
304.394
303.71
303.76
304.416
303.732
304.819
304.547
304.937
305.311
305.103
305.064
304.57
304.999
304.961
304.819
304.547
304.937
305.311
305.103
305.064
304.57
304.999
304.961
302.965
302.965
302.514
304.767
304.195
304.55
304.767
304.195
304.55
304.111
304.111
304.46
303.577
304.053
303.419
303.084
303.974
303.339
304.819
304.547
304.937
305.311
305.103
305.064
304.57
304.999
304.961
303.623
304.394
303.71
303.76
304.416
303.732
305.311
305.103
305.064
304.819
304.547
304.937
304.999
304.57
304.961
305.371
305.547
305.504
305.371
305.547
305.504
305.575
305.575
305.533
305.371
305.547
305.504
305.371
305.547
305.504
305.575
305.575
305.533
305.371
305.547
305.504
305.371
305.547
305.504
305.575
305.575
305.533
303.623
304.394
303.71
304.416
303.76
303.732
305.311
305.103
305.064
304.819
304.547
304.937
304.999
304.57
304.961
303.623
304.394
303.71
303.76
304.416
303.732
304.767
304.195
304.55
304.767
304.195
304.55
304.111
304.111
304.46
302.965
302.965
302.514
303.577
304.053
303.419
303.974
303.084
303.339
305.311
305.103
305.064
304.819
304.547
304.937
304.999
304.57
304.961
303.623
304.394
303.71
304.416
303.76
303.732
303.623
304.394
303.71
304.416
303.76
303.732
303.577
304.053
303.419
303.974
303.084
303.339
303.577
304.053
303.418
303.974
303.084
303.339
302.965
302.964
302.514
305.265
305.265
305.316
305.088
305.207
305.137
305.207
305.088
305.137
305.032
305.032
304.966
305.032
305.032
304.966
305.088
305.207
305.137
305.088
305.207
305.137
305.032
305.032
304.966
305.088
305.207
305.137
305.207
305.088
305.137
305.265
305.265
305.316
305.265
305.265
305.316
305.265
305.265
305.316
305.207
305.088
305.137
305.032
305.032
304.966
305.207
305.088
305.137
303.393
303.393
303.25
304.108
304.331
304.147
304.261
304.444
304.255
304.063
304.189
304.01
303.509
303.779
303.617
304.108
304.331
304.147
304.444
304.261
304.255
305.405
305.465
305.458
305.405
305.465
305.458
305.612
305.612
305.604
304.579
304.482
304.623
305.344
305.279
305.273
304.599
304.749
304.743
304.063
304.189
304.01
303.779
303.509
303.617
305.344
305.279
305.273
304.579
304.482
304.623
304.749
304.599
304.743
304.53
304.335
304.47
304.53
304.335
304.47
303.91
303.91
304.032
304.063
304.189
304.01
303.509
303.779
303.617
304.063
304.189
304.011
303.509
303.779
303.617
304.53
304.335
304.47
304.53
304.335
304.47
303.91
303.91
304.032
304.108
304.331
304.147
304.261
304.444
304.255
304.579
304.482
304.623
305.344
305.279
305.273
304.599
304.749
304.743
304.579
304.482
304.623
305.344
305.279
305.273
304.599
304.749
304.743
303.393
303.393
303.25
304.53
304.335
304.47
304.53
304.335
304.47
303.91
303.91
304.032
304.063
304.189
304.01
303.509
303.779
303.617
304.579
304.482
304.623
305.344
305.279
305.273
304.599
304.749
304.743
304.108
304.331
304.147
304.261
304.444
304.255
305.344
305.279
305.273
304.579
304.482
304.623
304.749
304.599
304.743
305.405
305.465
305.458
305.405
305.465
305.458
305.612
305.612
305.604
305.405
305.465
305.458
305.405
305.465
305.458
305.612
305.612
305.604
305.405
305.465
305.458
305.405
305.465
305.458
305.612
305.612
305.604
304.108
304.331
304.147
304.444
304.261
304.255
305.344
305.279
305.273
304.579
304.482
304.623
304.749
304.599
304.743
304.108
304.331
304.147
304.261
304.444
304.255
304.53
304.335
304.47
304.53
304.335
304.47
303.91
303.91
304.032
303.393
303.393
303.25
304.063
304.189
304.01
303.779
303.509
303.617
305.344
305.279
305.273
304.579
304.482
304.623
304.749
304.599
304.743
304.108
304.331
304.147
304.444
304.261
304.255
304.108
304.331
304.147
304.444
304.261
304.255
304.063
304.189
304.011
303.779
303.509
303.617
304.063
304.189
304.01
303.779
303.509
303.617
303.393
303.393
303.25
305.308
305.395
305.36
305.308
305.395
305.36
305.44
305.44
305.404
305.009
304.966
305.057
305.249
305.213
305.179
305.006
305.131
305.098
305.249
305.213
305.179
305.009
304.966
305.057
305.131
305.006
305.098
304.954
304.801
304.888
304.954
304.801
304.888
304.727
304.727
304.813
304.954
304.801
304.888
304.954
304.801
304.888
304.727
304.727
304.813
305.009
304.966
305.057
305.249
305.213
305.179
305.006
305.131
305.098
305.009
304.966
305.057
305.249
305.213
305.179
305.006
305.131
305.098
304.954
304.801
304.888
304.954
304.801
304.888
304.727
304.727
304.813
305.009
304.966
305.057
305.249
305.213
305.179
305.006
305.131
305.098
305.249
305.213
305.179
305.009
304.966
305.057
305.131
305.006
305.098
305.308
305.395
305.36
305.308
305.395
305.36
305.44
305.44
305.404
305.308
305.395
305.36
305.308
305.395
305.36
305.44
305.44
305.404
305.308
305.395
305.36
305.308
305.395
305.36
305.44
305.44
305.404
305.249
305.213
305.179
305.009
304.966
305.057
305.131
305.006
305.098
304.954
304.801
304.888
304.954
304.801
304.888
304.727
304.727
304.813
305.249
305.213
305.179
305.009
304.966
305.057
305.131
305.006
305.098
303.207
302.851
303.075
303.207
302.851
303.075
302.706
302.707
302.938
303.896
303.657
303.934
304.366
304.207
304.18
303.687
303.989
303.963
304.041
303.756
304.036
304.433
304.229
304.245
303.746
304.011
304.027
303.851
303.533
303.8
304.125
303.88
303.949
303.477
303.678
303.746
303.323
303.175
303.428
303.882
303.803
303.715
303.266
303.601
303.517
303.896
303.657
303.934
304.366
304.207
304.18
303.687
303.989
303.963
304.433
304.229
304.245
304.041
303.756
304.036
304.011
303.746
304.027
305.391
305.423
305.444
305.51
305.54
305.503
305.468
305.525
305.489
305.391
305.423
305.444
305.51
305.54
305.503
305.468
305.525
305.489
305.597
305.568
305.59
305.597
305.568
305.59
305.554
305.554
305.576
304.706
304.865
304.751
304.518
304.69
304.66
304.904
304.82
304.789
305.331
305.239
305.259
305.196
305.096
305.19
305.157
305.084
305.177
304.587
304.713
304.731
304.881
304.992
304.875
304.844
304.98
304.862
303.851
303.533
303.8
304.125
303.88
303.949
303.477
303.678
303.746
303.882
303.803
303.715
303.324
303.175
303.429
303.602
303.266
303.517
305.331
305.239
305.259
305.196
305.096
305.19
305.157
305.084
305.177
304.706
304.865
304.751
304.518
304.69
304.66
304.904
304.82
304.789
304.881
304.992
304.875
304.587
304.713
304.731
304.98
304.844
304.862
304.655
304.705
304.594
304.269
304.325
304.403
304.632
304.444
304.523
304.655
304.705
304.594
304.269
304.325
304.403
304.632
304.444
304.523
304.016
304.239
304.141
304.016
304.239
304.141
304.356
304.356
304.255
303.851
303.533
303.8
304.125
303.88
303.949
303.477
303.678
303.746
303.323
303.175
303.428
303.882
303.803
303.715
303.266
303.601
303.517
303.851
303.533
303.8
304.125
303.88
303.949
303.477
303.679
303.746
303.324
303.175
303.429
303.882
303.803
303.715
303.266
303.602
303.517
304.655
304.705
304.594
304.269
304.325
304.403
304.632
304.444
304.523
304.655
304.705
304.594
304.269
304.325
304.403
304.632
304.444
304.523
304.016
304.239
304.141
304.016
304.239
304.141
304.356
304.356
304.255
303.896
303.657
303.934
304.366
304.207
304.18
303.687
303.989
303.963
304.041
303.756
304.036
304.433
304.229
304.245
303.746
304.011
304.027
304.706
304.865
304.751
304.518
304.69
304.66
304.904
304.82
304.789
305.331
305.239
305.259
305.196
305.096
305.19
305.157
305.084
305.177
304.587
304.713
304.731
304.881
304.992
304.875
304.844
304.98
304.862
304.706
304.865
304.751
304.518
304.69
304.66
304.904
304.82
304.789
305.331
305.239
305.259
305.196
305.096
305.19
305.157
305.084
305.177
304.587
304.713
304.731
304.881
304.992
304.875
304.844
304.98
304.862
303.207
302.851
303.075
303.207
302.851
303.075
302.706
302.706
302.938
304.655
304.705
304.594
304.269
304.325
304.403
304.632
304.444
304.523
304.655
304.705
304.594
304.269
304.325
304.403
304.632
304.444
304.523
304.016
304.239
304.141
304.016
304.239
304.141
304.356
304.356
304.255
303.851
303.533
303.8
304.125
303.88
303.949
303.477
303.679
303.746
303.324
303.175
303.429
303.882
303.803
303.715
303.266
303.602
303.517
304.706
304.865
304.751
304.518
304.69
304.66
304.904
304.82
304.789
305.331
305.239
305.259
305.196
305.096
305.19
305.157
305.084
305.177
304.587
304.713
304.731
304.881
304.992
304.875
304.844
304.98
304.862
303.896
303.657
303.934
304.366
304.207
304.18
303.687
303.989
303.963
304.041
303.756
304.036
304.433
304.229
304.245
303.746
304.011
304.027
305.331
305.239
305.259
305.196
305.096
305.19
305.157
305.084
305.177
304.706
304.865
304.751
304.518
304.69
304.66
304.904
304.82
304.789
304.881
304.992
304.875
304.587
304.713
304.731
304.98
304.844
304.862
305.391
305.423
305.444
305.51
305.54
305.503
305.468
305.525
305.489
305.391
305.423
305.444
305.51
305.54
305.503
305.468
305.525
305.489
305.597
305.568
305.59
305.597
305.568
305.59
305.554
305.554
305.576
305.391
305.423
305.444
305.51
305.54
305.503
305.468
305.525
305.489
305.391
305.423
305.444
305.51
305.54
305.503
305.468
305.525
305.489
305.597
305.568
305.59
305.597
305.568
305.59
305.554
305.554
305.576
305.391
305.423
305.444
305.51
305.54
305.503
305.468
305.525
305.489
305.391
305.423
305.444
305.51
305.54
305.503
305.468
305.525
305.489
305.597
305.568
305.59
305.597
305.568
305.59
305.554
305.554
305.576
303.896
303.657
303.934
304.366
304.207
304.18
303.687
303.989
303.963
304.433
304.229
304.245
304.041
303.756
304.036
304.011
303.746
304.027
305.331
305.239
305.259
305.196
305.096
305.19
305.157
305.084
305.177
304.706
304.865
304.751
304.518
304.69
304.66
304.904
304.82
304.789
304.881
304.992
304.875
304.587
304.713
304.731
304.98
304.844
304.862
303.896
303.657
303.934
304.366
304.207
304.18
303.687
303.989
303.963
304.041
303.756
304.036
304.433
304.229
304.245
303.746
304.011
304.027
304.655
304.705
304.594
304.269
304.325
304.403
304.632
304.444
304.523
304.655
304.705
304.594
304.269
304.325
304.403
304.632
304.444
304.523
304.016
304.239
304.141
304.016
304.239
304.141
304.356
304.356
304.255
303.207
302.851
303.075
303.207
302.851
303.075
302.706
302.706
302.938
303.851
303.533
303.8
304.125
303.88
303.949
303.477
303.678
303.746
303.882
303.803
303.715
303.324
303.175
303.428
303.602
303.266
303.517
305.331
305.239
305.259
305.196
305.096
305.19
305.157
305.084
305.177
304.706
304.865
304.751
304.518
304.69
304.66
304.904
304.82
304.789
304.881
304.992
304.875
304.587
304.713
304.731
304.98
304.844
304.862
303.896
303.657
303.934
304.366
304.207
304.18
303.687
303.989
303.963
304.433
304.229
304.245
304.041
303.756
304.036
304.011
303.746
304.027
303.896
303.657
303.934
304.366
304.207
304.18
303.687
303.989
303.963
304.433
304.229
304.245
304.041
303.756
304.036
304.011
303.746
304.027
303.851
303.533
303.8
304.125
303.88
303.949
303.477
303.679
303.746
303.882
303.803
303.715
303.324
303.175
303.429
303.602
303.266
303.517
303.851
303.533
303.8
304.125
303.88
303.949
303.477
303.678
303.746
303.882
303.803
303.715
303.323
303.175
303.428
303.601
303.266
303.517
303.207
302.851
303.075
303.207
302.851
303.075
302.707
302.706
302.939
)
;
        refGradient     uniform 0;
        valueFraction   nonuniform List<scalar> 
1600
(
0.729927
0.729927
0.729927
0.729927
0.729927
0.729927
0.729927
0.729927
0.729927
0.729927
0.729927
0.729927
0.729927
0.729927
0.729927
0.729927
0.729911
0.729924
0.729924
0.729924
0.729911
0.729924
0.729924
0.729927
0.729927
0.729927
0.729928
0.729927
0.729928
0.729924
0.729911
0.729927
0.729928
0.729928
0.729928
0.729928
0.729903
0.729924
0.729911
0.729924
0.72991
0.729928
0.729928
0.729903
0.729924
0.729924
0.729928
0.729927
0.729928
0.729928
0.729927
0.729928
0.729911
0.729928
0.729928
0.729903
0.729924
0.72991
0.729928
0.729927
0.729928
0.729924
0.729924
0.729927
0.729928
0.729928
0.729927
0.729927
0.729927
0.729927
0.729927
0.729927
0.729927
0.729927
0.729927
0.729924
0.729924
0.729927
0.729928
0.729928
0.729924
0.729924
0.729928
0.729928
0.729903
0.729911
0.729924
0.729911
0.729927
0.729928
0.729928
0.729924
0.729924
0.729924
0.729924
0.729924
0.72991
0.729924
0.729911
0.729911
0.729927
0.729927
0.729927
0.729927
0.729927
0.729927
0.729927
0.729927
0.729927
0.729927
0.729927
0.729927
0.729927
0.729927
0.729927
0.729927
0.729927
0.729927
0.729927
0.729927
0.729927
0.729927
0.729927
0.729927
0.729927
0.729927
0.729927
0.729927
0.729927
0.729927
0.729927
0.729927
0.729927
0.729927
0.729927
0.729927
0.729927
0.729927
0.729927
0.729927
0.729927
0.729927
0.729927
0.729927
0.729927
0.729927
0.729927
0.729927
0.700952
0.700948
0.678738
0.701233
0.729924
0.701233
0.701233
0.729924
0.701233
0.701225
0.729926
0.701222
0.701161
0.729927
0.701219
0.701233
0.729924
0.701233
0.729924
0.701233
0.701233
0.729927
0.729927
0.729927
0.729927
0.729927
0.729927
0.729927
0.729927
0.729927
0.729927
0.729928
0.729927
0.729927
0.729927
0.729927
0.729928
0.729927
0.729927
0.701225
0.729926
0.701222
0.729927
0.70118
0.70122
0.729927
0.729927
0.729927
0.729927
0.729928
0.729927
0.729927
0.729928
0.729927
0.729927
0.729928
0.729927
0.729927
0.729928
0.729927
0.72992
0.72992
0.729927
0.701225
0.729926
0.701222
0.701161
0.729927
0.701219
0.701225
0.729926
0.701222
0.701157
0.729927
0.701218
0.729927
0.729928
0.729927
0.729927
0.729928
0.729927
0.72992
0.72992
0.729927
0.701233
0.729924
0.701233
0.701233
0.729924
0.701233
0.729927
0.729928
0.729927
0.729927
0.729927
0.729927
0.729928
0.729927
0.729927
0.729927
0.729928
0.729927
0.729927
0.729927
0.729927
0.729928
0.729927
0.729927
0.700944
0.700953
0.678738
0.729927
0.729928
0.729927
0.729927
0.729928
0.729927
0.72992
0.72992
0.729927
0.701225
0.729926
0.701222
0.701158
0.729927
0.701218
0.729927
0.729928
0.729927
0.729927
0.729927
0.729927
0.729928
0.729927
0.729927
0.701233
0.729924
0.701233
0.701233
0.729924
0.701233
0.729927
0.729927
0.729927
0.729927
0.729928
0.729927
0.729927
0.729928
0.729927
0.729927
0.729927
0.729927
0.729927
0.729927
0.729927
0.729927
0.729927
0.729927
0.729927
0.729927
0.729927
0.729927
0.729927
0.729927
0.729927
0.729927
0.729927
0.729927
0.729927
0.729927
0.729927
0.729927
0.729927
0.729927
0.729927
0.729927
0.701233
0.729924
0.701233
0.729924
0.701233
0.701233
0.729927
0.729927
0.729927
0.729927
0.729928
0.729927
0.729927
0.729928
0.729927
0.701233
0.729924
0.701233
0.701233
0.729924
0.701233
0.729927
0.729928
0.729927
0.729927
0.729928
0.729927
0.72992
0.72992
0.729927
0.70095
0.700944
0.678736
0.701225
0.729926
0.701222
0.729927
0.701159
0.701218
0.729927
0.729927
0.729927
0.729927
0.729928
0.729927
0.729927
0.729928
0.729927
0.701233
0.729924
0.701233
0.729924
0.701233
0.701233
0.701233
0.729924
0.701233
0.729924
0.701233
0.701233
0.701225
0.729926
0.701222
0.729927
0.701157
0.701218
0.701225
0.729926
0.701222
0.729927
0.701161
0.701219
0.700944
0.700952
0.678738
0.729927
0.729927
0.729927
0.729927
0.729927
0.729927
0.729927
0.729927
0.729927
0.729927
0.729927
0.729927
0.729927
0.729927
0.729927
0.729927
0.729927
0.729927
0.729927
0.729927
0.729927
0.729927
0.729927
0.729927
0.729927
0.729927
0.729927
0.729927
0.729927
0.729927
0.729927
0.729927
0.729927
0.729927
0.729927
0.729927
0.729927
0.729927
0.729927
0.729927
0.729927
0.729927
0.729927
0.729927
0.729927
0.729927
0.729927
0.729927
0.729923
0.729924
0.72992
0.729938
0.729924
0.729938
0.729938
0.729924
0.729938
0.729938
0.729924
0.729938
0.729934
0.729914
0.729934
0.729938
0.729924
0.729938
0.729924
0.729938
0.729938
0.729927
0.729927
0.729927
0.729927
0.729927
0.729927
0.729927
0.729927
0.729927
0.729913
0.729928
0.729913
0.729927
0.729927
0.729927
0.729928
0.729913
0.729913
0.729938
0.729924
0.729938
0.729914
0.729935
0.729935
0.729927
0.729927
0.729927
0.729913
0.729928
0.729913
0.729913
0.729928
0.729913
0.729913
0.729928
0.729913
0.729913
0.729928
0.729913
0.729914
0.729914
0.729931
0.729938
0.729924
0.729938
0.729934
0.729914
0.729934
0.729938
0.729924
0.729938
0.729934
0.729914
0.729934
0.729913
0.729928
0.729913
0.729913
0.729928
0.729913
0.729914
0.729914
0.729931
0.729938
0.729924
0.729938
0.729938
0.729924
0.729938
0.729913
0.729928
0.729913
0.729927
0.729927
0.729927
0.729928
0.729913
0.729913
0.729913
0.729928
0.729913
0.729927
0.729927
0.729927
0.729928
0.729913
0.729913
0.729923
0.729924
0.72992
0.729913
0.729928
0.729913
0.729913
0.729928
0.729913
0.729914
0.729914
0.729932
0.729938
0.729924
0.729938
0.729934
0.729914
0.729934
0.729913
0.729928
0.729913
0.729927
0.729927
0.729927
0.729928
0.729913
0.729913
0.729938
0.729924
0.729938
0.729938
0.729924
0.729938
0.729927
0.729927
0.729927
0.729913
0.729928
0.729913
0.729913
0.729928
0.729913
0.729927
0.729927
0.729927
0.729927
0.729927
0.729927
0.729927
0.729927
0.729927
0.729927
0.729927
0.729927
0.729927
0.729927
0.729927
0.729927
0.729927
0.729927
0.729927
0.729927
0.729927
0.729927
0.729927
0.729927
0.729927
0.729927
0.729927
0.729938
0.729924
0.729938
0.729924
0.729938
0.729938
0.729927
0.729927
0.729927
0.729913
0.729928
0.729913
0.729913
0.729928
0.729913
0.729938
0.729924
0.729938
0.729938
0.729924
0.729938
0.729913
0.729928
0.729913
0.729913
0.729928
0.729913
0.729914
0.729914
0.729932
0.729923
0.729922
0.729917
0.729938
0.729924
0.729938
0.729914
0.729935
0.729935
0.729927
0.729927
0.729927
0.729913
0.729928
0.729913
0.729913
0.729928
0.729913
0.729938
0.729924
0.729938
0.729924
0.729938
0.729938
0.729938
0.729924
0.729938
0.729924
0.729938
0.729938
0.729938
0.729924
0.729938
0.729914
0.729934
0.729934
0.729938
0.729924
0.729938
0.729914
0.729934
0.729934
0.729924
0.729923
0.72992
0.729927
0.729927
0.729927
0.729927
0.729927
0.729927
0.729927
0.729927
0.729927
0.729927
0.729927
0.729927
0.729927
0.729927
0.729927
0.729927
0.729927
0.729927
0.729927
0.729927
0.729927
0.729927
0.729927
0.729927
0.729927
0.729927
0.729927
0.729927
0.729927
0.729927
0.729927
0.729927
0.729927
0.729927
0.729927
0.729927
0.729927
0.729927
0.729927
0.729927
0.729927
0.729927
0.729927
0.729927
0.729927
0.729927
0.729927
0.729927
0.729927
0.729927
0.729927
0.729927
0.729927
0.729927
0.729927
0.729927
0.729927
0.729927
0.729927
0.729927
0.729927
0.729927
0.729927
0.729927
0.729927
0.729927
0.729927
0.729927
0.729927
0.729927
0.729927
0.729927
0.729927
0.729927
0.729927
0.729927
0.729927
0.729927
0.729927
0.729927
0.729927
0.729927
0.729927
0.729927
0.729927
0.729927
0.729927
0.729927
0.729927
0.729927
0.729927
0.729927
0.729927
0.729927
0.729927
0.729927
0.729927
0.729927
0.729927
0.729927
0.729927
0.729927
0.729927
0.729927
0.729927
0.729927
0.729927
0.729927
0.729927
0.729927
0.729927
0.729927
0.729927
0.729927
0.729927
0.729927
0.729927
0.729927
0.729927
0.729927
0.729927
0.729927
0.729927
0.729927
0.729927
0.729927
0.729927
0.729927
0.729927
0.729927
0.729927
0.729927
0.729927
0.729927
0.729927
0.729927
0.729927
0.729927
0.729927
0.729927
0.729927
0.729927
0.729927
0.729927
0.728533
0.700702
0.728529
0.728529
0.700698
0.728524
0.699745
0.699744
0.727294
0.728553
0.701233
0.728553
0.729924
0.729938
0.729938
0.701233
0.728553
0.728553
0.728553
0.701233
0.728553
0.729924
0.729938
0.729938
0.701233
0.728553
0.728553
0.728553
0.701228
0.728557
0.729924
0.729935
0.729938
0.701232
0.728558
0.728557
0.728539
0.701195
0.728542
0.729919
0.729934
0.729934
0.701217
0.728558
0.72855
0.728553
0.701233
0.728553
0.729924
0.729938
0.729938
0.701233
0.728553
0.728553
0.729924
0.729938
0.729938
0.728553
0.701233
0.728553
0.728553
0.701233
0.728553
0.729927
0.729927
0.729927
0.729927
0.729927
0.729927
0.729927
0.729927
0.729927
0.729927
0.729927
0.729927
0.729927
0.729927
0.729927
0.729927
0.729927
0.729927
0.729927
0.729927
0.729927
0.729927
0.729927
0.729927
0.729927
0.729927
0.729927
0.729913
0.729927
0.729913
0.729928
0.729913
0.729913
0.729927
0.729913
0.729913
0.729927
0.729927
0.729927
0.729927
0.729927
0.729927
0.729927
0.729927
0.729927
0.729928
0.729913
0.729913
0.729913
0.729927
0.729913
0.729913
0.729927
0.729913
0.728553
0.701224
0.728553
0.729924
0.729931
0.729938
0.701227
0.728554
0.728553
0.729919
0.72993
0.729932
0.728544
0.701215
0.72855
0.728554
0.701217
0.728549
0.729927
0.729927
0.729927
0.729927
0.729927
0.729927
0.729927
0.729927
0.729927
0.729913
0.729927
0.729913
0.729928
0.729913
0.729913
0.729927
0.729913
0.729913
0.729913
0.729927
0.729913
0.729928
0.729913
0.729913
0.729927
0.729913
0.729913
0.729913
0.729927
0.729913
0.729928
0.72992
0.729913
0.729927
0.72992
0.729913
0.729913
0.729927
0.729913
0.729928
0.72992
0.729913
0.729927
0.72992
0.729913
0.729911
0.72992
0.72992
0.729911
0.72992
0.729923
0.729928
0.729928
0.729928
0.728553
0.701224
0.728553
0.729924
0.729935
0.729938
0.701227
0.728558
0.728553
0.728539
0.701195
0.728542
0.729919
0.729934
0.729934
0.701217
0.728558
0.72855
0.728553
0.701224
0.728553
0.729924
0.729931
0.729938
0.701227
0.728554
0.728553
0.728537
0.701195
0.728541
0.729919
0.72993
0.729932
0.701213
0.728556
0.728546
0.729913
0.729927
0.729913
0.729928
0.72992
0.729913
0.729927
0.72992
0.729913
0.729913
0.729927
0.729913
0.729928
0.72992
0.729913
0.729927
0.72992
0.729913
0.729911
0.72992
0.729923
0.729911
0.72992
0.72992
0.729928
0.729928
0.729928
0.728553
0.701233
0.728553
0.729924
0.729938
0.729938
0.701233
0.728553
0.728553
0.728553
0.701233
0.728553
0.729924
0.729938
0.729938
0.701233
0.728553
0.728553
0.729913
0.729927
0.729913
0.729928
0.729913
0.729913
0.729927
0.729913
0.729913
0.729927
0.729927
0.729927
0.729927
0.729927
0.729927
0.729927
0.729927
0.729927
0.729928
0.729913
0.729913
0.729913
0.729927
0.729913
0.729913
0.729927
0.729913
0.729913
0.729927
0.729913
0.729928
0.729913
0.729913
0.729927
0.729913
0.729913
0.729927
0.729927
0.729927
0.729927
0.729927
0.729927
0.729927
0.729927
0.729927
0.729928
0.729913
0.729913
0.729913
0.729927
0.729913
0.729913
0.729927
0.729913
0.728525
0.700694
0.728521
0.728533
0.700702
0.728528
0.699745
0.699744
0.727294
0.729913
0.729927
0.729913
0.729928
0.72992
0.729913
0.729927
0.72992
0.729913
0.729913
0.729927
0.729913
0.729928
0.72992
0.729913
0.729927
0.72992
0.729913
0.729911
0.72992
0.729922
0.729911
0.72992
0.729922
0.729928
0.729928
0.729927
0.728553
0.701228
0.728557
0.729924
0.729935
0.729938
0.701232
0.728558
0.728557
0.728533
0.701199
0.728541
0.729919
0.729934
0.729932
0.701217
0.72856
0.72855
0.729913
0.729927
0.729913
0.729928
0.729913
0.729913
0.729927
0.729913
0.729913
0.729927
0.729927
0.729927
0.729927
0.729927
0.729927
0.729927
0.729927
0.729927
0.729928
0.729913
0.729913
0.729913
0.729927
0.729913
0.729913
0.729927
0.729913
0.728553
0.701233
0.728553
0.729924
0.729938
0.729938
0.701233
0.728553
0.728553
0.728553
0.701233
0.728553
0.729924
0.729938
0.729938
0.701233
0.728553
0.728553
0.729927
0.729927
0.729927
0.729927
0.729927
0.729927
0.729927
0.729927
0.729927
0.729913
0.729927
0.729913
0.729928
0.729913
0.729913
0.729927
0.729913
0.729913
0.729913
0.729927
0.729913
0.729928
0.729913
0.729913
0.729927
0.729913
0.729913
0.729927
0.729927
0.729927
0.729927
0.729927
0.729927
0.729927
0.729927
0.729927
0.729927
0.729927
0.729927
0.729927
0.729927
0.729927
0.729927
0.729927
0.729927
0.729927
0.729927
0.729927
0.729927
0.729927
0.729927
0.729927
0.729927
0.729927
0.729927
0.729927
0.729927
0.729927
0.729927
0.729927
0.729927
0.729927
0.729927
0.729927
0.729927
0.729927
0.729927
0.729927
0.729927
0.729927
0.729927
0.729927
0.729927
0.729927
0.729927
0.729927
0.729927
0.729927
0.729927
0.729927
0.729927
0.729927
0.729927
0.729927
0.729927
0.729927
0.729927
0.729927
0.729927
0.729927
0.729927
0.729927
0.729927
0.729927
0.729927
0.729927
0.729927
0.729927
0.729927
0.729927
0.729927
0.729927
0.729927
0.729927
0.729927
0.729927
0.729927
0.729927
0.728553
0.701233
0.728553
0.729924
0.729938
0.729938
0.701233
0.728553
0.728553
0.729924
0.729938
0.729938
0.728553
0.701233
0.728553
0.728553
0.701233
0.728553
0.729927
0.729927
0.729927
0.729927
0.729927
0.729927
0.729927
0.729927
0.729927
0.729913
0.729927
0.729913
0.729928
0.729913
0.729913
0.729927
0.729913
0.729913
0.729913
0.729927
0.729913
0.729928
0.729913
0.729913
0.729927
0.729913
0.729913
0.728553
0.701233
0.728553
0.729924
0.729938
0.729938
0.701233
0.728553
0.728553
0.728553
0.701233
0.728553
0.729924
0.729938
0.729938
0.701233
0.728553
0.728553
0.729913
0.729927
0.729913
0.729928
0.72992
0.729913
0.729927
0.72992
0.729913
0.729913
0.729927
0.729913
0.729928
0.72992
0.729913
0.729927
0.72992
0.729913
0.729911
0.72992
0.729922
0.729911
0.72992
0.729922
0.729928
0.729928
0.729927
0.728532
0.700694
0.728523
0.728529
0.700701
0.728528
0.699745
0.699747
0.727295
0.728553
0.701228
0.728557
0.729924
0.729935
0.729938
0.701232
0.728558
0.728557
0.729919
0.729934
0.729932
0.728536
0.7012
0.728545
0.728558
0.701219
0.728548
0.729927
0.729927
0.729927
0.729927
0.729927
0.729927
0.729927
0.729927
0.729927
0.729913
0.729927
0.729913
0.729928
0.729913
0.729913
0.729927
0.729913
0.729913
0.729913
0.729927
0.729913
0.729928
0.729913
0.729913
0.729927
0.729913
0.729913
0.728553
0.701233
0.728553
0.729924
0.729938
0.729938
0.701233
0.728553
0.728553
0.729924
0.729938
0.729938
0.728553
0.701233
0.728553
0.728553
0.701233
0.728553
0.728553
0.701233
0.728553
0.729924
0.729938
0.729938
0.701233
0.728553
0.728553
0.729924
0.729938
0.729938
0.728553
0.701233
0.728553
0.728553
0.701233
0.728553
0.728553
0.701228
0.728557
0.729924
0.729935
0.729938
0.701232
0.728558
0.728557
0.729919
0.729934
0.729932
0.728537
0.701199
0.728545
0.72856
0.701217
0.72855
0.728553
0.701224
0.728553
0.729924
0.729931
0.729938
0.701227
0.728554
0.728553
0.729919
0.72993
0.729934
0.728539
0.701195
0.728542
0.728554
0.701217
0.72855
0.728525
0.700694
0.72852
0.728533
0.700702
0.728529
0.699744
0.699745
0.727294
)
;
        source          uniform 0;
        value           nonuniform List<scalar> 
1600
(
305.227
305.169
305.169
305.112
305.112
305.169
305.169
305.112
305.169
305.169
305.227
305.227
305.227
305.169
305.112
305.169
303.56
304.302
304.461
304.256
303.678
304.302
304.461
305.424
305.424
305.631
304.452
305.363
304.616
304.257
303.678
305.363
304.452
304.616
304.404
304.404
303.805
304.256
303.678
304.257
303.678
304.404
304.404
303.805
304.302
304.461
304.452
305.363
304.616
304.452
305.363
304.616
303.56
304.404
304.404
303.805
304.257
303.678
304.452
305.363
304.616
304.302
304.461
305.363
304.452
304.616
305.424
305.424
305.631
305.424
305.424
305.631
305.424
305.424
305.631
304.302
304.461
305.363
304.452
304.616
304.302
304.461
304.404
304.404
303.805
303.56
304.257
303.678
305.363
304.452
304.616
304.302
304.461
304.302
304.461
304.257
303.678
304.256
303.678
303.56
305.355
305.355
305.488
304.931
305.296
305.051
305.296
304.931
305.051
304.877
304.877
304.656
304.877
304.877
304.656
304.931
305.296
305.051
304.931
305.296
305.051
304.877
304.877
304.656
304.931
305.296
305.051
305.296
304.931
305.051
305.355
305.355
305.488
305.355
305.355
305.488
305.355
305.355
305.488
305.296
304.931
305.051
304.877
304.877
304.656
305.296
304.931
305.051
302.984
302.985
302.532
303.644
304.406
303.731
303.781
304.428
303.753
303.598
304.065
303.439
303.104
303.985
303.36
303.645
304.406
303.731
304.428
303.781
303.753
305.382
305.559
305.516
305.382
305.559
305.516
305.587
305.587
305.545
304.831
304.559
304.948
305.322
305.115
305.076
304.582
305.01
304.973
303.598
304.065
303.439
303.985
303.104
303.36
305.322
305.115
305.076
304.831
304.559
304.948
305.01
304.582
304.973
304.779
304.206
304.562
304.779
304.206
304.562
304.122
304.122
304.472
303.598
304.065
303.439
303.104
303.985
303.36
303.598
304.065
303.439
303.104
303.985
303.36
304.779
304.206
304.562
304.779
304.206
304.562
304.122
304.122
304.472
303.644
304.406
303.731
303.781
304.428
303.753
304.831
304.559
304.948
305.322
305.115
305.076
304.582
305.01
304.973
304.831
304.559
304.948
305.322
305.115
305.076
304.582
305.01
304.973
302.984
302.985
302.532
304.779
304.206
304.562
304.779
304.206
304.562
304.122
304.122
304.472
303.598
304.065
303.439
303.104
303.985
303.36
304.831
304.559
304.948
305.322
305.115
305.076
304.582
305.01
304.973
303.645
304.406
303.731
303.781
304.428
303.753
305.322
305.115
305.076
304.831
304.559
304.948
305.01
304.582
304.973
305.382
305.559
305.516
305.382
305.559
305.516
305.587
305.587
305.545
305.382
305.559
305.516
305.382
305.559
305.516
305.587
305.587
305.545
305.382
305.559
305.516
305.382
305.559
305.516
305.587
305.587
305.545
303.645
304.406
303.731
304.428
303.781
303.753
305.322
305.115
305.076
304.831
304.559
304.948
305.01
304.582
304.973
303.645
304.406
303.731
303.781
304.428
303.753
304.779
304.206
304.562
304.779
304.206
304.562
304.122
304.122
304.472
302.984
302.984
302.532
303.598
304.065
303.439
303.985
303.104
303.36
305.322
305.115
305.076
304.831
304.559
304.948
305.01
304.582
304.973
303.644
304.406
303.731
304.428
303.781
303.753
303.644
304.406
303.731
304.428
303.781
303.753
303.598
304.065
303.439
303.986
303.104
303.36
303.598
304.065
303.439
303.985
303.104
303.36
302.985
302.984
302.532
305.277
305.277
305.328
305.1
305.218
305.149
305.218
305.1
305.149
305.044
305.044
304.978
305.044
305.044
304.978
305.1
305.218
305.149
305.1
305.218
305.149
305.044
305.044
304.978
305.1
305.218
305.149
305.218
305.1
305.149
305.277
305.277
305.328
305.277
305.277
305.328
305.277
305.277
305.328
305.218
305.1
305.149
305.044
305.044
304.978
305.218
305.1
305.149
303.405
303.405
303.261
304.12
304.343
304.159
304.273
304.456
304.267
304.075
304.201
304.022
303.521
303.791
303.629
304.12
304.343
304.159
304.456
304.273
304.267
305.417
305.477
305.47
305.417
305.477
305.47
305.624
305.624
305.616
304.591
304.494
304.635
305.356
305.291
305.285
304.611
304.761
304.755
304.075
304.201
304.022
303.791
303.521
303.629
305.356
305.291
305.285
304.591
304.494
304.635
304.761
304.611
304.755
304.541
304.347
304.482
304.541
304.347
304.482
303.922
303.922
304.043
304.075
304.201
304.022
303.521
303.791
303.629
304.075
304.201
304.022
303.521
303.791
303.629
304.541
304.347
304.482
304.541
304.347
304.482
303.922
303.922
304.043
304.12
304.343
304.159
304.273
304.456
304.267
304.591
304.494
304.635
305.356
305.291
305.285
304.611
304.761
304.755
304.591
304.494
304.635
305.356
305.291
305.285
304.611
304.761
304.755
303.405
303.405
303.261
304.541
304.347
304.482
304.541
304.347
304.482
303.922
303.922
304.043
304.075
304.201
304.022
303.521
303.791
303.629
304.591
304.494
304.635
305.356
305.291
305.285
304.611
304.761
304.755
304.12
304.343
304.159
304.273
304.456
304.267
305.356
305.291
305.285
304.591
304.494
304.635
304.761
304.611
304.755
305.417
305.477
305.47
305.417
305.477
305.47
305.624
305.624
305.616
305.417
305.477
305.47
305.417
305.477
305.47
305.624
305.624
305.616
305.417
305.477
305.47
305.417
305.477
305.47
305.624
305.624
305.616
304.12
304.343
304.159
304.456
304.273
304.267
305.356
305.291
305.285
304.591
304.494
304.635
304.761
304.611
304.755
304.12
304.343
304.159
304.273
304.456
304.267
304.541
304.347
304.482
304.541
304.347
304.482
303.922
303.922
304.043
303.405
303.405
303.261
304.075
304.201
304.022
303.791
303.521
303.629
305.356
305.291
305.285
304.591
304.494
304.635
304.761
304.611
304.755
304.12
304.343
304.159
304.456
304.273
304.267
304.12
304.343
304.159
304.456
304.273
304.267
304.075
304.201
304.022
303.791
303.521
303.629
304.075
304.201
304.022
303.791
303.521
303.629
303.405
303.405
303.261
305.32
305.407
305.372
305.32
305.407
305.372
305.452
305.452
305.416
305.021
304.978
305.069
305.261
305.225
305.191
305.018
305.143
305.109
305.261
305.225
305.191
305.021
304.978
305.069
305.143
305.018
305.109
304.966
304.813
304.9
304.966
304.813
304.9
304.739
304.739
304.825
304.966
304.813
304.9
304.966
304.813
304.9
304.739
304.739
304.825
305.021
304.978
305.069
305.261
305.225
305.191
305.018
305.143
305.109
305.021
304.978
305.069
305.261
305.225
305.191
305.018
305.143
305.109
304.966
304.813
304.9
304.966
304.813
304.9
304.739
304.739
304.825
305.021
304.978
305.069
305.261
305.225
305.191
305.018
305.143
305.109
305.261
305.225
305.191
305.021
304.978
305.069
305.143
305.018
305.109
305.32
305.407
305.371
305.32
305.407
305.371
305.452
305.452
305.416
305.32
305.407
305.371
305.32
305.407
305.371
305.452
305.452
305.416
305.32
305.407
305.372
305.32
305.407
305.372
305.452
305.452
305.416
305.261
305.225
305.191
305.021
304.978
305.069
305.143
305.018
305.109
304.966
304.813
304.9
304.966
304.813
304.9
304.739
304.739
304.825
305.261
305.225
305.191
305.021
304.978
305.069
305.143
305.018
305.109
303.219
302.87
303.086
303.219
302.87
303.087
302.725
302.726
302.952
303.907
303.678
303.945
304.378
304.219
304.192
303.708
304.001
303.975
304.053
303.777
304.048
304.445
304.241
304.257
303.767
304.023
304.038
303.863
303.554
303.812
304.137
303.892
303.961
303.498
303.69
303.757
303.335
303.195
303.44
303.894
303.814
303.727
303.286
303.613
303.528
303.907
303.678
303.945
304.378
304.219
304.192
303.708
304.001
303.975
304.445
304.241
304.257
304.053
303.777
304.048
304.023
303.767
304.038
305.403
305.435
305.456
305.522
305.552
305.515
305.48
305.537
305.501
305.403
305.435
305.456
305.522
305.552
305.515
305.48
305.537
305.501
305.609
305.58
305.602
305.609
305.58
305.602
305.566
305.566
305.587
304.718
304.877
304.762
304.53
304.702
304.671
304.916
304.832
304.801
305.343
305.251
305.271
305.208
305.108
305.202
305.169
305.095
305.189
304.599
304.725
304.743
304.892
305.004
304.886
304.856
304.992
304.874
303.863
303.554
303.812
304.137
303.892
303.961
303.498
303.69
303.757
303.894
303.815
303.727
303.335
303.196
303.44
303.613
303.286
303.528
305.343
305.251
305.271
305.208
305.108
305.202
305.169
305.095
305.189
304.718
304.877
304.762
304.53
304.702
304.671
304.916
304.832
304.801
304.892
305.004
304.886
304.599
304.725
304.743
304.992
304.856
304.874
304.667
304.716
304.606
304.281
304.337
304.414
304.644
304.456
304.535
304.667
304.716
304.606
304.281
304.337
304.414
304.644
304.456
304.535
304.028
304.251
304.152
304.028
304.251
304.152
304.368
304.368
304.267
303.863
303.554
303.812
304.137
303.892
303.961
303.498
303.69
303.757
303.335
303.195
303.44
303.894
303.814
303.727
303.286
303.613
303.528
303.863
303.554
303.812
304.137
303.892
303.961
303.498
303.69
303.757
303.335
303.196
303.44
303.894
303.815
303.727
303.286
303.613
303.529
304.667
304.716
304.606
304.281
304.337
304.414
304.644
304.456
304.535
304.667
304.716
304.606
304.281
304.337
304.414
304.644
304.456
304.535
304.028
304.251
304.152
304.028
304.251
304.152
304.368
304.368
304.267
303.907
303.678
303.945
304.378
304.219
304.192
303.708
304.001
303.975
304.053
303.777
304.048
304.445
304.241
304.257
303.767
304.023
304.038
304.718
304.877
304.762
304.53
304.702
304.671
304.916
304.832
304.801
305.343
305.251
305.271
305.208
305.108
305.202
305.169
305.095
305.189
304.599
304.725
304.743
304.892
305.004
304.886
304.856
304.992
304.874
304.718
304.877
304.762
304.53
304.702
304.671
304.916
304.832
304.801
305.343
305.251
305.271
305.208
305.108
305.202
305.169
305.095
305.189
304.599
304.725
304.743
304.892
305.004
304.886
304.856
304.992
304.874
303.219
302.87
303.086
303.219
302.87
303.087
302.725
302.726
302.952
304.667
304.716
304.606
304.281
304.337
304.414
304.644
304.456
304.535
304.667
304.716
304.606
304.281
304.337
304.414
304.644
304.456
304.535
304.028
304.251
304.152
304.028
304.251
304.152
304.368
304.368
304.267
303.863
303.554
303.812
304.137
303.892
303.961
303.498
303.69
303.757
303.335
303.196
303.44
303.894
303.815
303.727
303.286
303.613
303.529
304.718
304.877
304.762
304.53
304.702
304.671
304.916
304.832
304.801
305.343
305.251
305.271
305.208
305.108
305.202
305.169
305.095
305.189
304.599
304.725
304.743
304.892
305.004
304.886
304.856
304.992
304.874
303.907
303.678
303.945
304.378
304.219
304.192
303.708
304.001
303.975
304.053
303.777
304.048
304.445
304.241
304.257
303.767
304.023
304.038
305.343
305.251
305.271
305.208
305.108
305.202
305.169
305.095
305.189
304.718
304.877
304.762
304.53
304.702
304.671
304.916
304.832
304.801
304.892
305.004
304.886
304.599
304.725
304.743
304.992
304.856
304.874
305.403
305.435
305.456
305.522
305.552
305.515
305.48
305.537
305.501
305.403
305.435
305.456
305.522
305.552
305.515
305.48
305.537
305.501
305.609
305.58
305.602
305.609
305.58
305.602
305.566
305.566
305.587
305.403
305.435
305.456
305.522
305.552
305.515
305.48
305.537
305.501
305.403
305.435
305.456
305.522
305.552
305.515
305.48
305.537
305.501
305.609
305.58
305.602
305.609
305.58
305.602
305.566
305.566
305.587
305.403
305.435
305.456
305.522
305.552
305.515
305.48
305.537
305.501
305.403
305.435
305.456
305.522
305.552
305.515
305.48
305.537
305.501
305.609
305.58
305.602
305.609
305.58
305.602
305.566
305.566
305.587
303.907
303.678
303.945
304.378
304.219
304.192
303.708
304.001
303.975
304.445
304.241
304.257
304.053
303.777
304.048
304.023
303.767
304.038
305.343
305.251
305.271
305.208
305.108
305.202
305.169
305.095
305.189
304.718
304.877
304.762
304.53
304.702
304.671
304.916
304.832
304.801
304.892
305.004
304.886
304.599
304.725
304.743
304.992
304.856
304.874
303.907
303.678
303.945
304.378
304.219
304.192
303.708
304.001
303.975
304.053
303.777
304.048
304.445
304.241
304.257
303.767
304.023
304.038
304.667
304.716
304.606
304.281
304.337
304.414
304.644
304.456
304.535
304.667
304.716
304.606
304.281
304.337
304.414
304.644
304.456
304.535
304.028
304.251
304.152
304.028
304.251
304.152
304.368
304.368
304.267
303.219
302.87
303.087
303.219
302.87
303.086
302.726
302.725
302.952
303.863
303.554
303.812
304.137
303.892
303.961
303.498
303.69
303.757
303.894
303.815
303.727
303.335
303.195
303.44
303.613
303.286
303.528
305.343
305.251
305.271
305.208
305.108
305.202
305.169
305.095
305.189
304.718
304.877
304.762
304.53
304.702
304.671
304.916
304.832
304.801
304.892
305.004
304.886
304.599
304.725
304.743
304.992
304.856
304.874
303.907
303.678
303.945
304.378
304.219
304.192
303.708
304.001
303.975
304.445
304.241
304.257
304.053
303.777
304.048
304.023
303.767
304.038
303.907
303.678
303.945
304.378
304.219
304.192
303.708
304.001
303.975
304.445
304.241
304.257
304.053
303.777
304.048
304.023
303.767
304.038
303.863
303.554
303.812
304.137
303.892
303.961
303.498
303.69
303.757
303.894
303.815
303.727
303.335
303.196
303.44
303.613
303.286
303.529
303.863
303.554
303.812
304.137
303.892
303.961
303.498
303.69
303.757
303.894
303.814
303.727
303.335
303.195
303.44
303.613
303.286
303.528
303.219
302.87
303.087
303.219
302.87
303.086
302.726
302.725
302.952
)
;
        logInterval     -1;
        writePrecision  6;
        updateHeader    1;
        writeToFile     0;
        useUserTime     1;
        kappaMethod     solidThermo;
    }
}


// ************************************************************************* //
