/*--------------------------------*- C++ -*----------------------------------*\
| =========                 |                                                 |
| \\      /  F ield         | OpenFOAM: The Open Source CFD Toolbox           |
|  \\    /   O peration     | Version:  2412                                  |
|   \\  /    A nd           | Website:  www.openfoam.com                      |
|    \\/     M anipulation  |                                                 |
\*---------------------------------------------------------------------------*/
FoamFile
{
    version     2.0;
    format      ascii;
    arch        "LSB;label=32;scalar=64";
    class       volScalarField;
    location    "2.3";
    object      gradTx;
}
// * * * * * * * * * * * * * * * * * * * * * * * * * * * * * * * * * * * * * //

dimensions      [0 -1 0 1 0 0 0];

internalField   nonuniform List<scalar> 
5712
(
-7862.24
-9605.11
-17975.2
-28067.5
-27139.2
-52957.4
-18772.4
-56490.9
-19372.1
-45306.5
-23818.2
-39154.7
-18227.5
-24091.7
-9803.49
-9946.11
-12743.6
-14400.4
-17503.6
-15855.1
-12174.3
-18326.3
-18169.8
-18191.8
-5140.18
-3718.04
-6971.64
-4980.17
-11653.1
-7538.97
-21572.7
-15021
-17964.8
-18193.4
-18214
-18371
-4166.87
-3741.86
-41858.9
-51770.6
-22258.1
-29716.2
-54007.4
-66462.7
-25012.3
-30780
-31329
-40967.3
-24953.2
-34578.9
-14330.9
-18160
-2921.55
-923.991
-3802
-1316.01
-6534.43
-2685.41
-11349.9
-4161.98
-7428.51
-2466.66
-7527.53
-2130.12
-14816.5
-4312.61
-19430.5
-6088.05
-25077.8
-14315.7
-21224.3
-14657.4
-25743.9
-16577.1
-20434.9
-16540.5
-16415.1
-11828.4
-17987.4
-11357
-20630.3
-15227.2
-21325.5
-15639.9
-20036.6
-16948.1
-20821.9
-17302
-16964.6
-12564.8
-18300
-13049.5
-18073.2
-7403.31
-10283.6
-11714.6
-19421
-8522.94
-10166.1
-12217.2
-18143.5
-6919.06
-10797.2
-11574.2
-18767.9
-6969.66
-11369.7
-11693.5
-2823.35
-3170.02
-991.596
-1955.11
-8143.79
-9549.62
-3335.54
-6320.66
-13233.2
-15708.9
-5933.45
-10616
-17482.5
-9232.77
-17633.9
-21084.3
-10564
-6784.39
-10853.4
-12326.7
-21414.6
-13529.4
-9946.51
-13008.7
-14373.4
-13865.7
-17249.8
-3131.08
-3215.04
-1932.33
-2064.28
-9285.5
-8886.52
-5949.4
-6051.15
-13925.2
-12800.4
-8791.97
-8850.68
-9690.92
-10844.4
-15320.9
-16252.7
-16976.4
-15982.7
-20101.8
-18483.1
-13783.3
-13749.8
-13012.6
-14205.6
-16772
-15442.7
-15751.1
-13286.1
-14056.1
-11350.9
-15541
-12422.8
-14210.1
-7743.87
-11143.3
-10899.4
-15676.6
-18317.1
-16007
-20910.6
-9382.08
-9302.37
-12857.5
-5965.44
-10742.9
-16996.3
-11088.8
-18113.6
-16232.3
-25608.9
-16757.2
-26166.2
-9067.48
-14891.4
-9358.33
-16108.8
-11156.4
-8366.52
-14238.9
-6476.93
-12113.2
-4671.4
-13482.4
-3413.04
-11557.8
-11924.6
-14894.2
-7709.46
-10404.9
-13724
-13665.9
-9790.04
-3020.69
-2821.74
-2452.25
-1949.36
-1913.24
-1681.98
-8200.57
-7115.72
-6250.59
-5331.42
-4488.2
-3812.02
-10760.3
-9184.22
-8436.81
-7672.03
-6223.85
-5661.84
-9782.33
-8006.87
-7638.72
-15202.7
-11423
-9340.39
-13626
-10073
-7870.22
-15127.4
-11941.9
-10116.8
-11624
-7962.73
-5979.52
-18292
-14981.4
-13374.8
-13371.7
-10667.5
-8900.11
-11748
-8895.8
-7046.82
-10445
-7861.6
-6284.02
-11193.8
-6751.51
-4241.51
-11394.1
-18608.2
-9646.74
-13851.8
-9226.03
-19037.2
-7713.69
-15600.9
-194.547
-1730.98
238.712
-1013.35
-3562.61
-6713.15
-2232.07
-4045.58
-1847.59
-3940.4
-10964.1
-16373.6
-8711.75
-6448.23
-11587.7
-10128.4
-15514.3
-16602.9
551.546
5467.13
-8356.95
-5874.85
-6507.33
-3752.57
-1591.36
-1019.51
-1272.52
-776.253
-3904.27
-1268.32
-1928.65
-229.128
-9966.84
-3020.56
-7463.58
-2319.31
-8476.86
-2558.14
-9604.34
-3181.45
-12224.6
-12144.4
-9532.55
-12069.5
-18454.8
-16679.3
-15131.2
-15892.4
-7120.88
-9404.15
-8302.4
-8668.37
-8938.6
-12026.1
-9407.57
-12157.9
-14458.4
-15616.6
-14992.2
-15748.5
-6307.6
-9561.41
-6120.73
-9700.05
-897.887
-1559.89
-7648.66
-4403.61
-875.247
-1334.01
-6692.95
-3731.68
-888.345
-1405.99
-8092.28
-4849.72
-1199.76
-1529.54
-8190.44
-5120.97
165.788
305.139
-490.536
-349.333
818.52
1339.51
-814.706
-571.884
-1246.23
-210.97
-2661.34
-2366.37
7687.28
3909.91
4485.76
2914.56
-141.086
7082.06
10391
4920.18
4914.08
-122.001
-9327.42
-6871.13
-5720.96
-5963.05
-3615.38
521.885
417.446
-209.121
-331.113
1459.42
1640.44
-594.732
-824.626
1214.33
1847.02
-1554.35
-1914.91
3135.93
1673.26
8089.92
5779.01
4297.61
3108.98
3844.62
3212.28
-446.067
-1268.98
-4910.57
-3391.59
493.026
2253.23
626.556
1949.61
-511.014
601.014
-1023.26
-1458.74
-4081.7
-4530.2
-9747.41
-6194.59
-8616.17
-8425.12
-12977.6
-10165.6
-7548.38
-4670.37
-2589.54
-3298.41
-11541.7
-4877.59
-12375.6
-4490.76
-14910.5
-9784.32
-15862.8
-9384.7
-9087.47
-3418
-9872.83
-2957.4
-5820.58
-4810.43
-4574.9
-8002.55
-2929.11
-3892.96
-3063.91
-6748.81
-6402.67
-4518.79
-5522.8
-9176.1
-7695.45
-4296.77
-6471.11
-9110.09
575.088
770.238
906.874
-212.199
144.572
202.869
2095.68
2569.63
2782.75
-318.405
609.866
748.518
2530.68
3663.29
4152.22
-1031.9
1070.99
1511.62
945.084
1499.21
1356.13
4529.26
4885.69
4546.68
3542.69
4193.53
4071.74
3745.64
4774.18
4962.11
-626.877
1559.76
1503.08
-3979.64
-1929.23
-1093.17
1443.28
2687.6
3087.38
1666.86
3036.14
3385.05
980.922
2668.15
3025.84
-1916.5
1057.68
1270.52
-77.0067
7.80689
39.3321
82.4226
109.699
107.135
125.691
127.551
-209.85
8.95442
106.14
218.203
251.222
246.01
273.342
289.755
-424.434
-51.0406
113.652
335.479
42.8569
204.902
242.939
329.602
47.84
133.961
97.9023
108.988
-164.69
-9.63383
50.4191
117.491
-1077.34
-321.316
-117.881
191.847
-1617.76
-512.171
-304.389
267.87
-905.419
-242.446
-39.8034
324.147
-1318.33
-408.97
-262.069
270.559
-995.403
-309.914
-114.355
161.598
-1784.16
-568.063
-323.983
332.062
-1058.29
-363.641
-112.419
216.088
-1871.88
-601.4
-340.979
364.343
-77.2355
-4.23753
15.3495
73.9599
-67.8171
-1.93743
1.5703
77.6267
-211.64
-17.3022
43.6508
196.181
-118.64
18.3765
18.963
211.882
-737.23
-186.229
-34.5383
300.948
-575.698
-118.17
-33.4444
337.8
-375.279
-34.9201
55.9901
333.225
-253.133
-7.41522
4.87643
328.853
-1119.4
-316.786
-189.475
375.232
34.6611
30.7779
22.6335
61.5859
130.215
58.2712
34.9397
37.8208
17.2993
59.4463
42.9534
162.065
316.148
150.428
86.9774
100.12
-99.8148
42.4556
44.9856
253.611
421.404
215.639
130.33
153.528
-135.598
54.7356
56.9207
336.154
425.728
252.352
148.308
181.681
-363.083
7.99238
-16.6701
327.284
215.598
224.983
114.765
168.413
-1153.83
-140.457
-123.465
309.127
-350.498
72.9437
36.125
122.535
-765.941
-42.9778
-79.2489
313.972
-133.336
150.74
73.4322
146.998
-1483.06
-275.524
-185.063
332.738
-496.688
-10.3236
-2.75502
109.337
-1716.2
-421.681
-257.311
328.726
-635.698
-115.607
-52.0516
92.08
33.0717
15.7806
8.36716
4.95907
3.59899
45.2127
23.9023
13.2869
8.06225
5.89811
70.786
33.5581
17.7145
10.5303
7.70319
119.172
65.0378
36.7548
22.5747
16.6249
100.709
48.3291
25.9671
15.6342
11.5164
171.219
92.4675
52.7531
32.6856
24.1815
57.9882
30.3747
17.3664
10.8129
8.0158
32.8171
16.5252
9.21566
5.69635
4.2053
89.0616
40.2418
21.7329
13.2089
9.69967
20.6735
6.02915
2.56638
1.38559
0.971813
131.019
66.2576
37.1648
22.9213
16.9436
36.5973
14.811
7.6673
4.56334
3.3069
31.7215
8.70739
3.45238
1.81397
1.26613
21.4706
6.74498
3.06874
1.74807
1.25903
30.3679
7.94472
3.00692
1.5541
1.0507
15.5229
2.3739
0.379106
0.0377132
-0.0357631
26.8949
11.9115
6.04422
3.48095
2.49379
25.0368
11.2116
5.71778
3.29566
2.36123
61.8247
27.0006
13.7413
7.95244
5.7348
58.148
25.4538
13.0278
7.54178
5.41429
80.5613
33.0226
16.6681
9.62112
6.94515
70.0418
31.2768
16.3823
9.57997
6.95428
94.3971
46.8703
26.0641
15.9445
11.7878
46.6247
22.8625
12.4507
7.4204
5.46953
54.4303
28.2467
16.0309
9.94804
7.37042
-509.4
-613.243
-1402.78
-1741.02
-2145.49
-2783.51
-2607.86
-3685.68
-2606.13
-3679.02
-2352.13
-3102.19
-2194.92
-2644.1
-2659.11
-3597.57
-2748.67
-3749.46
-492.299
-107.707
-23.4197
-4.96432
-1.20398
-211.965
-75.9079
-8.41679
-2.37488
-0.945704
-1589.71
-350.36
-76.6275
-16.3681
-3.99872
-550.264
-117.141
-23.7339
-4.62493
-0.989168
-2801.14
-620.947
-136.601
-29.4438
-7.25645
-961.276
-227.736
-50.1824
-10.911
-2.63078
-4020.32
-896.222
-199.091
-43.4071
-10.8312
-1348.03
-348.444
-82.1194
-18.7868
-4.7537
-5609.57
-1286.31
-291.866
-64.804
-16.4519
-1793.71
-524.511
-131.118
-30.9942
-8.05571
-7569.99
-1894.86
-453.887
-104.899
-27.4614
-2078.82
-645.299
-166.694
-40.1345
-10.6083
-6893.8
-1672.22
-390.894
-88.5849
-22.8318
-2013.77
-630.898
-162.715
-39.0834
-10.2425
-7891.88
-2002.27
-485.614
-113.477
-29.9687
-2122.55
-640.522
-162.917
-38.7849
-10.2215
-8131.32
-2057.11
-501.127
-117.758
-31.261
-2121.58
-642.06
-163.185
-36.0654
-10.0764
-252.054
-6504.14
-6392.93
-3618.61
3680.76
5063.35
10206.5
13416.1
5790.62
11696.9
2256.6
7076.12
5728.79
9506.07
10430.6
14382.7
12575.5
14303
7181.88
8124.45
-18884.6
-14129
-4467.75
-3492.12
-2724.59
-4384.25
-3061.88
-12380.2
-12201.3
-10453.8
-11080.4
-9138.8
-6333.19
-8686.37
-5350.16
-4107.97
-5093.53
-3261.95
-20425.9
-10200.4
-3068.54
-5125.7
-7717.35
-5257.27
-6234.3
-4713.03
-2304.32
-3903.44
-3403.96
-3966.08
-18970.9
-11829.9
-11890.6
-7576.84
-8068.77
-8089.22
-4074.74
-5201.39
-5350.01
-12854.9
-12332.3
-10658.4
-10690.3
-9866.06
-10123.1
-7577.38
-6347.01
-5332.1
-2468.72
-3957.63
-3289.7
-2472.06
-1542.26
-525.028
-3123.62
-2619.44
-1974.89
-1229.05
-417.433
-2420.7
-2013.9
-1506.28
-931.647
-315.484
-3922.81
-3288.65
-2475.72
-1537.29
-521.351
-2721.76
-2267.19
-1699.83
-1054.49
-357.773
-8263.67
-7071.44
-5715.9
-5407.81
-5947.6
-6707.56
-5339.3
-3818.72
-3143.92
-2661.29
-7261.97
-4978.67
-3792.86
-2869.33
-1283.95
-6004.91
-4513.98
-3143.6
-2476.82
-1750.68
-4641.36
-3243.91
-2160.9
-1780.25
-1067.56
-5050.86
-3806.65
-2712.64
-1692.87
-601.183
-6233.41
-4324.25
-3082.83
-2043.44
-822.073
-3755.14
-2473.97
-1677.38
-1061.73
-405.126
-3398.88
-2639.34
-1892.81
-1161.6
-399.167
-4110.77
-3107.16
-2185.83
-1328.12
-456.101
-2729.45
-2138.3
-1535.23
-935.672
-318.134
-13964.5
-11613.8
-9741.24
-9164.33
-8695.33
-7866.82
-5894.56
-4526.16
-3272.75
-1401.9
-2557.95
-2006.08
-1456.89
-906.452
-314.503
-4353.52
-3485.66
-2582.33
-1632.87
-570.762
-6384.26
-5020.41
-3766.67
-2481.39
-907.872
-4501.59
-3634.11
-2717.19
-1729.14
-601.274
-5433.48
-4448.37
-3331.07
-2094.31
-715.184
-4114.98
-3372.38
-2511.23
-1564.07
-534.294
-1989.83
-1607.68
-1176.63
-720.623
-243.808
-3436.76
-2834.13
-2108.2
-1302.61
-441.643
-2899.7
-2316.41
-1690.86
-1042.48
-356.116
-3437.15
-2795.84
-2070.31
-1286.56
-440.101
-12821.2
-11555.9
-9984.25
-9737.37
-8753.57
-8806.33
-6626.04
-5406.77
-4304.14
-1963.25
-9592.07
-7842.45
-6292.6
-4980.59
-2246.87
-6216.74
-4727.61
-3641.11
-2519.14
-811.168
-6817.58
-5414.3
-4086.61
-2666.68
-907.117
-6609.65
-4992.59
-3829.21
-2642.66
-827.919
-3523.07
-2862.36
-2129.15
-1334.83
-458.434
-4585.53
-3791.01
-2833.12
-1760.33
-598.767
-4619.26
-3752.43
-2798.05
-1761.51
-606.958
-6237.67
-13682.6
-10973.7
-35657.4
-10359.6
-46589.9
-6933.32
-18320.2
-9047.32
-7609.59
-17741.6
-13854.2
-9221.54
-11099.3
-19427.3
-16146.3
-3913.27
-2664.96
-8999.63
-6315.9
-6866.77
-3585.16
-24806.2
-17466.7
-15044.1
-10473.5
-15594.8
-10151.3
1687.08
-1486.02
-42832.2
-52136.8
-21607.6
-29613.9
-54651.9
-66714.3
-24224.6
-30590.2
-31997.4
-41349.9
-24322.3
-34557.6
-15390.4
-18583.6
-2101.05
-400.961
-4580.41
-1474.11
-3977.43
-1871.89
-12830.1
-4579.48
-2005.87
-947.127
-5637.56
-1559.3
-14876
-4279.54
-19609.1
-6130.65
-18363.5
-11245.3
-18949.2
-13107.6
-17880
-12735.3
-17817
-14681.6
-14885.1
-10678.8
-13653.4
-9177.48
-19718.8
-14505.1
-21099.2
-15432.4
-18964.2
-16115.9
-20525.2
-17060.8
-16403.7
-12015.6
-18173.2
-12890.1
-17210.3
-7204.13
-9476.52
-11406.4
-16767.8
-7858.82
-8573.22
-11641.5
-17892.6
-6858.05
-10415.9
-11416.8
-18736.6
-6963.1
-11257.5
-11647.1
-647.859
-483.654
108.149
-656.165
-2403.01
-2963.29
-1687.42
-4378.74
-3571.27
-4767.11
-3708.85
-8046.23
-16676.7
-16003.4
-13270
-15562.5
-9360.97
-10776.8
-8599.8
-7364.94
-15393.5
-12552.3
-12469.6
-11807.6
-11203.4
-10535.5
-16034
-688.374
-875.461
-438.821
-658.188
-2962.35
-2651.53
-3348.48
-3322.23
-2837.13
-1474.42
-5557.72
-5308.06
-11743
-12631.9
-10988.4
-10954.6
-9880.66
-8231.73
-13294.4
-11450.8
-11781.4
-11161.9
-15124.2
-15629
-14230.3
-12841.1
-11643.8
-9650.52
-10442.4
-8238.19
-13958.6
-10404.6
-13124.6
-7884.14
-10755
-10911.6
-16141
-19134.4
-16107.9
-21181.3
-8755.05
-9111.05
-11225.4
-5695.65
-10604.9
-16927.1
-11047.2
-18082.5
-16317.1
-25835.5
-16765.7
-26175.8
-8818.31
-14723.5
-9288.74
-16057.4
-10583.9
-8166.59
-13929.4
-6379.09
-10734
-4437.9
-12867.2
-3405.15
-11318.3
-11780.6
-14750.1
-7651.68
-10338.1
-13677.1
-13629.7
-9764.17
-1068.04
-813.364
-599.745
-740.373
-2019
-954.534
-2786.34
-2775.96
-396.499
-241.043
-4949.6
-4814.02
-13637.6
-11752.2
-10743.9
-8318.28
-6922.94
-4718.45
-9174.85
-6995.51
-9696.5
-6518.58
-19900.8
-16982.5
-10405.2
-8452.93
-8039.44
-5949.78
-6964.7
-4846.9
-7801.91
-4001.53
-5873.74
-11180.7
-5420.7
-10902.5
-7318.85
-11945.3
-8604.47
-13359.9
-1656.39
-1574.89
-1486.96
-1505.97
-4638.72
-4879.13
-4352.23
-4534.23
-1992.31
-2332.39
-9154.17
-10058.3
-5608.6
-6334.66
-10513.9
-9893.9
-14492.8
-16323
555.379
5305.45
-7802.15
-5823.53
-6291.8
-3783.34
-1407.86
-1340.73
-1535.12
-1314.63
-3160.79
-2147.73
-2510.81
-1565.19
-8343.33
-4169.93
-7812.14
-3805.75
-8607.31
-3403.82
-9686.6
-3527.41
-6723.29
-9706.27
-7579.37
-10734.4
-11369.1
-12896
-12645.6
-14026.3
-6038.59
-8794.66
-5269.35
-7823.87
-8139.98
-11456.2
-9170.19
-11994
-13404.3
-14810.1
-14681.4
-15515.4
-5885.28
-9310.04
-5998.29
-9630.08
-1070.07
-2059.92
-7684.25
-4694.61
-1237.07
-2185.2
-6934.51
-4167.3
-1098.59
-1804.67
-8131.39
-5058
-1290.23
-1695.07
-8188.67
-5213.63
-1293.59
-1474.56
-1358.38
-1552.83
-3163.2
-3528.62
-2411.25
-2793.3
-7668.71
-8318.57
-4504.12
-4975.59
-4234.95
-9449.31
-2897.77
-675.342
-1732.81
-4178.93
-1228.64
-2007.68
1649.39
-1199.12
-13702.5
-10097
-7903.37
-7805.83
-4526.76
-1779.48
-1957.35
-1823.2
-2250.08
-4187.8
-4509.34
-3321.92
-4182.4
-8853.11
-9997.36
-5036.94
-6431.01
-6181.96
-7502.06
-2219.98
-4239.37
-3549.76
-4859.32
-1183.57
-2056.22
-2251.46
-3490.58
-11303.4
-8830.16
-6293.88
-4337
-4812.02
-3302.99
-4715.43
-3271.13
-2880.45
-3582.12
-7554.33
-8065.64
-11362.5
-7755.33
-11233.8
-11229.6
-13990.7
-11406.5
-9479.57
-6280.7
-5992.64
-6699.29
-12331.2
-5771.88
-12592.8
-4701.4
-15376
-10520.4
-15973.8
-9537.37
-10083.2
-4339.15
-10162.1
-3196.33
-7719.45
-6343.7
-6280.06
-9808.12
-5917.52
-6897.1
-5240.63
-9601.01
-7429.6
-5439.39
-6558.72
-10267.4
-8014.29
-4577.6
-6804.87
-9398.33
-1648.11
-1716.76
-1609.97
-1280.6
-4898.08
-5524.8
-2594.6
-1471.32
-10798.4
-8941.27
-3880.34
-478.644
-9366.8
-8105.04
-6055.98
-5022.13
-5143.32
-4067.55
-2010.62
-918.062
-2474.42
627.582
-8449.36
-6995.99
-4183.92
-2901.59
-2855.39
-1382.38
-2352.34
-657.845
-4178.59
429.49
-315.582
-133.331
-44.1411
35.9349
-336.66
-170.169
-47.2536
19.791
-813.006
-347.515
-95.4012
121.041
-769.736
-397.702
-147.02
-3.94603
-1223.8
-527.256
-180.317
171.165
-1200.48
-600.696
-337.715
-125.151
-715.086
-377.2
-244.479
-89.9755
-496.11
-238.393
-103.77
23.4371
-1523.35
-608.223
-336.803
22.2561
-1765.85
-576.11
-364.556
272.29
-1538.56
-610.148
-324.716
57.458
-1509.1
-492.752
-339.482
275.131
-1338.25
-536.842
-256.848
109.13
-1897.58
-619.654
-380.04
304.788
-1205.78
-463.82
-178.349
183.701
-1921.61
-626.151
-363.191
357.57
-297.144
-113.358
-43.3106
52.2409
-298.1
-99.1717
-55.398
58.8486
-770.313
-298.59
-109.027
140.587
-757.516
-262.236
-139.998
165.929
-1361.15
-514.012
-228.43
249.855
-1316.53
-461.658
-247.317
280.239
-1359.45
-553.558
-280.218
112.924
-998.537
-371.044
-202.259
283.351
-1530.8
-514.796
-354.289
326.813
-218.031
-72.3043
-29.5191
37.1114
-127.174
-51.2208
-17.8153
4.17761
-603.3
-201.51
-96.8177
96.6565
-356.911
-146.205
-61.5759
6.25501
-849.687
-294.905
-150.047
155.148
-511.349
-229.839
-97.8932
10.0949
-1013.17
-375.415
-200.387
198.278
-678.628
-312.892
-140.558
6.27481
-1216.56
-422.71
-288.518
169.236
-920.896
-366.052
-200.489
-28.7207
-2095.18
-687.709
-466.42
113.829
-1122.84
-394.936
-234.559
-44.113
-1808.29
-596.631
-426.317
114.682
-1168.27
-411.628
-241.748
-51.7471
-2096.37
-656.934
-424.987
200.203
-968.456
-322.248
-185.699
2.59641
-1922.01
-554.976
-341.285
283.42
-787.528
-221.574
-114.749
56.1529
-6.77007
-10.6484
-7.76681
-5.2769
-4.0406
-26.0023
-19.724
-12.8279
-8.42199
-6.39062
-14.7936
-22.4103
-16.2796
-10.9982
-8.3553
-82.677
-56.477
-35.5352
-22.9741
-17.3165
-36.3191
-36.0203
-24.391
-16.1057
-12.1313
-127.156
-82.8001
-50.7584
-32.4075
-24.3024
-42.157
-27.3405
-16.6536
-10.5846
-7.92733
-19.1891
-13.6623
-8.6548
-5.57473
-4.21424
-33.8978
-30.9653
-20.1804
-13.1239
-9.91017
7.6716
-1.86731
-2.13637
-1.5758
-1.23467
-86.5082
-57.8404
-35.4399
-22.6064
-16.9399
-6.56625
-10.4444
-7.15211
-4.73079
-3.60928
12.5687
-1.36332
-2.43583
-1.8919
-1.50132
3.91866
-2.845
-2.53164
-1.76981
-1.36554
14.7314
-0.618705
-2.0537
-1.66902
-1.39792
14.0752
1.85082
0.0801417
-0.169363
-0.217942
-0.131534
-7.05957
-5.66597
-3.96639
-3.06699
-2.86601
-7.17912
-5.46383
-3.78589
-2.92046
-3.86031
-17.2143
-13.1918
-9.10558
-6.98723
-8.84194
-17.4704
-12.8113
-8.77031
-6.74116
-3.52697
-22.1789
-16.5601
-11.3465
-8.67774
-23.8151
-25.3346
-17.064
-11.4264
-8.67977
-62.736
-41.8539
-25.5611
-16.3675
-12.2451
-31.3378
-21.4186
-13.2901
-8.67982
-6.50161
-45.249
-26.0859
-15.3606
-9.6705
-7.21764
-183.112
-304.101
-616.295
-976.398
-1206.13
-1835.2
-1781.64
-2796.92
-2025.6
-3059.6
-2266.64
-3039.64
-1946.89
-2473.36
-2636.84
-3574.16
-2746.78
-3745.02
-488.377
-109.045
-23.8678
-5.06885
-1.22977
-148.446
-68.8903
-6.6882
-2.14166
-0.934191
-1595.41
-356.897
-78.4184
-16.7681
-4.09527
-389.974
-90.2381
-19.2417
-3.874
-0.845012
-2814.05
-631.068
-139.39
-30.0812
-7.41319
-766.707
-194.997
-44.7216
-10.0175
-2.46408
-4020.92
-904.536
-201.721
-44.0523
-10.9982
-1173.34
-318.345
-76.9981
-17.9388
-4.59575
-5592.4
-1290.63
-293.787
-65.3402
-16.6031
-1680.31
-503.311
-127.365
-30.3665
-7.94102
-7544.42
-1891.62
-453.743
-104.984
-27.509
-2061.04
-640.411
-165.615
-39.9266
-10.566
-6868.24
-1671.88
-391.71
-88.9055
-22.9392
-1962.64
-619.16
-160.435
-38.683
-10.168
-7873.46
-1999.17
-485.224
-113.464
-29.9828
-2117.64
-639.012
-162.548
-38.7092
-10.2048
-8125.09
-2056
-500.966
-117.747
-31.2642
-2121.12
-641.869
-163.129
-36.0541
-10.0736
-158.322
-6377.13
-5931.82
-2896.04
-1485.57
-875.478
-3179.78
-2495.14
-5443.63
-5926.54
-3101.16
-2916.97
-409.151
-620.772
-1042.61
-1610.81
-2272.59
-2924.26
-281.932
-586.205
-1188.54
-2012.63
-2955.97
-3897.44
-318.895
-138.708
-561.418
-348.524
-1038.08
-774.789
-1655.58
-1427.06
-2264.12
-2241.95
-2773.61
-3037.47
-3595.18
-4299.45
-5154.51
-7194.28
-7530.03
-9068.72
-4727.19
-5286.75
-5397.95
-5146.35
-4233.02
-3773.3
-369.779
-313.424
-238.179
-148.763
-50.5772
-560.719
-474.958
-360.709
-225.19
-76.543
-941.139
-796.613
-604.595
-377.285
-128.216
-1452.7
-1228.4
-931.544
-581.031
-197.419
-2046.64
-1728.17
-1309.14
-816.148
-277.272
-2627.37
-2213.52
-1674.41
-1043.49
-354.554
-254.69
-215.792
-163.925
-102.354
-34.7909
-529.264
-448.109
-340.177
-212.311
-72.1535
-1072.45
-907.407
-688.476
-429.559
-145.971
-1814.37
-1533.7
-1162.83
-725.275
-246.44
-2660.96
-2246.16
-1701.41
-1060.89
-360.495
-3500.62
-2948.83
-2231.18
-1391.23
-472.936
-288.302
-244.415
-185.771
-116.05
-39.463
-125.406
-106.319
-80.8101
-50.481
-17.1665
-507.271
-429.808
-326.5
-203.871
-69.3067
-314.947
-266.89
-202.764
-126.617
-43.0453
-937.375
-793.696
-602.543
-376.062
-127.811
-699.746
-592.602
-449.948
-280.846
-95.4527
-1493.53
-1263.27
-958.126
-597.615
-203.047
-1287.46
-1089.02
-825.942
-515.125
-175.007
-2039.4
-1722.21
-1304.49
-813.044
-276.157
-2019.1
-1704.57
-1290.58
-803.997
-273.001
-2491.36
-2097.95
-1585.96
-987.705
-335.445
-2726.98
-2294.41
-1732.32
-1077.44
-365.621
-3217.2
-2700.56
-2039.21
-1271.32
-432.362
-3819.33
-3186.21
-2401.85
-1501.79
-512.375
-4515.28
-3725.49
-2807.97
-1773.95
-610.767
-6145.21
-4976.1
-3777
-2458.28
-864.758
-6118.52
-4838.33
-3764.9
-2634.67
-1021.84
-7077.53
-5506.47
-4391.77
-3263.49
-1333.26
-4231.38
-3554.01
-2686.09
-1676.29
-570.547
-4707.8
-3938.06
-2974.23
-1861.06
-635.306
-4767.84
-3964.72
-2995.34
-1886.19
-647.983
-4480.3
-3688.94
-2795.43
-1787.03
-622.641
-3583.97
-2906.48
-2226.89
-1476.31
-536.835
-3089
-2462.14
-1916.96
-1330.86
-506.091
-433.035
-693.373
-1165.95
-1784.02
-2493.62
-3174.71
-313.075
-680.797
-1347.69
-2231.99
-3218.87
-4167.86
-343.972
-158.162
-638.179
-409.064
-1171.02
-883.2
-1848.31
-1596.97
-2523.42
-2534.38
-3077.08
-3543.27
-3860.56
-4570.26
-5423.66
-7379.24
-7654.73
-9116.13
-4956.71
-5428.49
-5430.08
-5080.36
-4144.59
-3734.47
-391.468
-331.917
-252.321
-157.641
-53.6042
-626.695
-531.256
-403.795
-252.259
-85.7763
-1053.36
-892.521
-678.123
-423.544
-144.007
-1610.62
-1363.74
-1035.59
-646.649
-219.849
-2248.82
-1902.12
-1443.45
-901.15
-306.388
-2857.81
-2413.19
-1829.73
-1142.41
-388.557
-282.976
-239.904
-182.358
-113.925
-38.7362
-615.2
-521.418
-396.267
-247.539
-84.1682
-1217.23
-1031.12
-783.305
-489.211
-166.333
-2014.37
-1705.07
-1294.58
-808.357
-274.84
-2901.48
-2453.14
-1861.28
-1162.09
-395.162
-3749.51
-3164.6
-2399.12
-1498.23
-509.728
-311.05
-263.794
-200.577
-125.338
-42.6284
-143.049
-121.339
-92.277
-57.6706
-19.6166
-576.982
-489.247
-371.954
-232.407
-79.0375
-369.894
-313.708
-238.54
-149.064
-50.6967
-1058.29
-896.985
-681.687
-425.833
-144.797
-798.31
-676.768
-514.413
-321.372
-109.281
-1669.25
-1413.86
-1073.9
-670.627
-228.005
-1442.5
-1222
-928.288
-579.721
-197.099
-2276.57
-1926.25
-1462.02
-912.734
-310.304
-2286.86
-1935.24
-1468.92
-917.006
-311.741
-2770.55
-2339.88
-1774.16
-1107.57
-376.643
-3191.56
-2696.23
-2044.38
-1275.95
-433.822
-3464
-2917.09
-2209.86
-1381.18
-470.361
-4075.95
-3416.14
-2586.96
-1623.14
-554.769
-4778.98
-3969.79
-3011.3
-1911.22
-659.459
-6346.71
-5179.51
-3960.7
-2591.95
-913.585
-6267.69
-4995.54
-3914.66
-2752.78
-1069.91
-7139.49
-5574.55
-4460
-3321.32
-1357.21
-4445.16
-3741.95
-2834.53
-1772.04
-603.7
-4843.98
-4061.99
-3075.56
-1928.33
-658.977
-4806.23
-4006.88
-3035.62
-1916.16
-659.161
-4430.93
-3657.16
-2780.25
-1783.3
-622.575
-3512.69
-2853.81
-2194.36
-1461.8
-533.605
-3057.89
-2439.2
-1903.09
-1325.3
-505.075
-18804.2
-14187.1
-4868.93
-3901.87
-3281.85
-5075.44
-3572.18
-13132.4
-14245.5
-11875.5
-13655.7
-7357.77
-11481.8
-5373.38
-5640.42
-3976.84
-21154.2
-11065.6
-3591.39
-5751.32
-8355.58
-5643.38
-6899.58
-5266.8
-2574.63
-4615.7
-4035.44
-4479.16
-18855.8
-12055.2
-12418.1
-7968.36
-8436.87
-8544.71
-4739.59
-5892.87
-5798.7
-12836.7
-12376.7
-10757
-10865.7
-10044.6
-10218.4
-7685.85
-6463.34
-5444.52
-2518.42
-4340.07
-3634.38
-2751.05
-1725.92
-589.331
-3503.88
-2952.31
-2236.58
-1397.19
-475.518
-2942.6
-2475.67
-1873.47
-1169.99
-398.382
-4564.09
-3849.89
-2916.9
-1820.75
-619.294
-3200.19
-2690.78
-2036.66
-1273.01
-433.727
-9786.26
-8918.16
-7658.72
-7249.2
-7509.83
-10129
-9393.67
-7828.64
-6675.54
-5142.69
-9220.69
-7008.07
-5686.34
-4376.56
-1949.57
-10049.3
-8754.13
-7064.16
-5803.51
-3661.77
-6269.56
-5057.98
-3834.65
-2503.78
-911.117
-9330.61
-7200.73
-5556.51
-3861.42
-1571.41
-4672.81
-3833.21
-2893.74
-1845.84
-647.704
-4887.07
-3996.87
-3017.79
-1931.34
-680.899
-3481.29
-2870.85
-2165.51
-1372.1
-476.945
-15314.3
-13229.6
-11447.3
-10789.7
-9994.22
-8936.84
-7019.6
-5579.34
-4090.33
-1745.68
-3118.24
-2557.03
-1935.74
-1241.62
-437.83
-5006.28
-4120.82
-3132.52
-2017.32
-711.635
-7098.48
-5747.45
-4425.36
-2965.39
-1093.79
-4909.18
-4035.34
-3069.32
-1978.07
-692.726
-6082.27
-5045.66
-3824.88
-2425.7
-832.309
-4664.38
-3886.79
-2941.8
-1855.15
-638.026
-2281.47
-1900.41
-1434.44
-900.74
-309.146
-4118.77
-3451.56
-2609.83
-1633.88
-558.065
-3546.1
-2934.99
-2217.23
-1403.58
-486.486
-3956.45
-3290.17
-2489.58
-1572.96
-542.941
-12917.1
-11817.4
-10369.1
-10251
-9313.99
-9114.17
-6953.97
-5731.89
-4585.36
-2092.62
-10350.9
-8686.48
-7144.04
-5711.75
-2591.51
-6657.63
-5172.6
-4046.57
-2821.8
-912.338
-7233.18
-5838.14
-4473.86
-2951.51
-1011.02
-7147.51
-5538.5
-4335.72
-3025.76
-962.979
-4172.96
-3461.89
-2625.15
-1667.89
-576.753
-5248.96
-4392.85
-3322.95
-2084.15
-712.566
-5082.58
-4201.35
-3185.83
-2031.07
-704.733
-470.362
-1283.49
-1953.58
-2572.1
-3198.46
-3769.99
-2347.59
-6062.13
-5704.96
-2359.68
-6919.16
-6212.09
-7436.91
-9930.62
-1325.9
-174.562
-2509.97
1205.91
-9814.66
-8144.61
1899.44
-1716.36
-4806.21
-4625.94
-1819.76
-5284.05
-2945.34
-5936.61
-6107.86
-588.727
887.638
-1086.67
3317.12
-6934.29
-4437.66
3711.25
-1066.85
-3291.08
-3398.5
-1258.22
-3320.61
-516.963
-4449.55
-4474.77
-171.835
1079.06
68.5732
3492.47
-4289.2
-462.306
4237.24
-719.233
-2366.43
-2758.13
-973.395
-1812.8
791.225
-3772.28
-4236.84
27.3585
786.53
400.622
2943.11
-3277.53
1504.54
4056.01
-624.177
-2229.82
-2645.2
-896.759
-1697.75
513.634
-4012.58
-5468.86
103.415
606.491
508.765
2576.49
-3125.19
1527.83
2836.47
-603.308
-2200.1
-2583.77
-871.626
-2084.6
-228.548
-3943.53
-5378.83
149.982
950.914
418.667
2683.55
-3610.14
665.265
2133.31
-1319.81
-3142.59
-4168.31
-1696.2
-6448.94
-11518.4
-6950.69
-12283.1
-1624.48
-1450.13
-5226.45
-4409.81
-2391.19
-9522.59
-4760.22
-1294.4
-3065.93
-3731.07
-1472.86
-6112.29
-9853.75
-6256.84
-9017.04
-1697.2
-1344.22
-5109.93
-4220.2
-1754.57
-8819.69
-4653.64
-1202.25
-2868.63
-3124.77
-1198.23
-5547.68
-8615.14
-5292.99
-8019.61
-1466.73
-1728.54
-4515.32
-5023.17
-2035.07
-7827.45
-5232.87
-1211.84
-3133.75
-2898.38
-1066.02
-5897.44
-8458.32
-5233.6
-7879.62
-1538.8
-2143.42
-4676.75
-6193.3
-2573.52
-8599.76
-6353.74
-1224.38
-3117.34
-2854.79
-1031.09
-5819.22
-9111.58
-5248.96
-8660.39
-1671.65
-2744.99
-5038.84
-7901.27
-3651.18
-10198.2
-8276.52
-1240.61
-3116.56
-2823.92
-1020
-5912.5
-9351.7
-5138.09
-8562.93
-1880.04
-3420.93
-5561.1
-9042.04
-4857.17
-11257.7
-9281.41
7211.87
8731.64
17971.3
28020
27142.2
52941.4
18775.2
56486.4
19375.7
45301.5
23830.6
39149.6
18258.3
24079.6
8452.18
8551.33
12745.6
14400.7
17499
15853.7
12176.8
18327.7
18169.9
18192.2
4737.02
3442.21
6392.86
4571.37
11659.9
7535.25
21538.8
14993.2
17950.9
18191.7
18208.4
18368
4163.14
3727.11
41859.8
51771.5
22257.9
29716.4
54007.4
66462.8
25012.6
30780.2
31329.9
40968.7
24952.1
34579.4
14333.5
18161.6
2740.18
874.451
3509.11
1221.54
6519.38
2686.8
11325.9
4156.83
7420.82
2464.4
7516.83
2126.88
14816.7
4312.52
19431.7
6088.43
25076.9
14315.3
21223.3
14657
25744.3
16577.3
20435
16540.5
16413.4
11827.7
17985.8
11356.1
20629.9
15226.9
21325.4
15639.7
20036.7
16948.1
20821.9
17302
16964.1
12564.4
18299.9
13049.2
18070.3
7402.55
10282.6
11714.3
19417.3
8522
10164.6
12216.7
18142.9
6918.91
10796.8
11574.1
18768.1
6969.76
11369.4
11693.5
2645.73
2957.77
936.048
1824.52
8117.1
9507.76
3334.93
6302.91
13221.5
15694.3
5930.06
10610.1
17481.6
9232.45
17632.2
21079
10562.9
6784.06
10852.7
12325.5
21408.7
13528
9946.49
13008.2
14372.1
13863
17248.7
2888.96
2963.53
1762.29
1911.03
9275.34
8862.51
5967.97
6055.17
13918.6
12792.9
8794.53
8852.31
9690.64
10844.2
15320.2
16252.1
16975.1
15981.7
20098.3
18480.3
13784.2
13751.1
13012.4
14205.3
16771.3
15442.3
15749.9
13285.5
14054.6
11350.1
15541.1
12423.4
14209.6
7743.69
11143
10899.3
15676.5
18317
16007
20910.5
9381.64
9302.2
12856.8
5965.2
10742.7
16996.1
11088.6
18113.4
16232.2
25608.7
16757.1
26166
9067.21
14891.3
9358.14
16108.7
11156
8366.44
14238.9
6476.99
12112.5
4671.24
13482.4
3413.22
11557.6
11924.5
14894.2
7709.51
10404.8
13724
13666
9790.09
2752.84
2568.65
2243.07
1809.16
1776.66
1565.34
8190.04
7105.73
6245.7
5335.35
4491.54
3817.64
10756.2
9181.56
8435.92
7673.44
6225.34
5664.33
9782.17
8006.8
7638.7
15202.3
11422.8
9340.34
13625.4
10072.7
7870.18
15125.8
11941.1
10116.6
11624.9
7963.53
5980.62
18291.8
14981.3
13374.8
13371.5
10667.4
8900.07
11747.7
8895.67
7046.82
10444.6
7861.44
6284.06
11194.1
6751.78
4241.89
11403.2
18611.8
9658.66
13855
9230.8
19040
7718.86
15602.9
209.965
1602.85
-191.919
932.061
3524.66
6697.94
2192.03
4035.51
1839.69
3933.24
10962.3
16371.1
8704.84
6442.07
11588.7
10128.9
15515.2
16603.4
-552.278
-5467.26
8356.56
5875.03
6506.81
3752.53
1448.11
944.508
1151.33
710.026
3909.65
1261.37
1932.16
227.157
9965.46
3017.57
7462.52
2317.54
8476.36
2557.6
9604.4
3181.33
12225.9
12144.9
9533.39
12069.9
18456.3
16679.9
15132
15892.7
7120.66
9404.19
8301.95
8668.33
8939.09
12026.4
9407.97
12158.2
14458.9
15616.8
14992.5
15748.7
6307.63
9561.55
6120.94
9700.29
897.056
1559.06
7648.51
4403.3
874.135
1332.54
6692.68
3731.13
887.933
1405.58
8092.29
4849.6
1199.74
1529.39
8190.59
5120.98
-157.71
-283.025
460.434
327.809
-815.223
-1337.56
807.277
562.504
1246.19
211.25
2657.6
2363.08
-7687.06
-3909.77
-4485.72
-2914.77
139.621
-7081.97
-10390.8
-4920.04
-4913.79
120.74
9327.59
6871.31
5720.87
5962.77
3614.48
-495.204
-389.803
177.607
290.318
-1451.33
-1638.21
599.619
828.293
-1211.68
-1844.04
1555.38
1917.46
-3135.77
-1673.09
-8089.54
-5778.54
-4297.15
-3108.3
-3843.25
-3210.28
446.21
1270.18
4910.71
3391.73
-492.708
-2252.83
-626.189
-1949.03
511.52
-600.18
1023.3
1459.42
4082.03
4530.47
9747.65
6194.76
8616.4
8425.24
12977.8
10165.7
7548.56
4670.54
2589.81
3298.76
11541.9
4877.73
12375.7
4490.9
14910.6
9784.38
15862.9
9384.75
9087.62
3418.14
9873.01
2957.55
5820.67
4810.57
4574.87
8002.68
2929.33
3893.35
3063.93
6749.2
6402.75
4518.9
5522.8
9176.2
7695.59
4296.91
6471.2
9110.23
-550.054
-721.976
-847.892
170.058
-152.78
-203.389
-2081.42
-2558.29
-2774.8
332.519
-601.256
-743.026
-2524.78
-3658.28
-4148.6
1036.54
-1067.39
-1509.08
-944.912
-1499.02
-1355.94
-4528.71
-4885.16
-4546.22
-3541.74
-4192.63
-4071.02
-3742.73
-4771.46
-4959.96
628.69
-1558.08
-1501.72
3979.78
1929.4
1093.37
-1442.84
-2687.14
-3086.95
-1666.15
-3035.44
-3384.42
-979.847
-2667.05
-3024.83
1917.47
-1056.79
-1269.81
73.3659
-6.24551
-35.2737
-75.3508
-102.723
-99.7537
-116.362
-117.534
208.344
-9.49275
-106.735
-218.497
-249.877
-245.493
-273.132
-289.448
423.457
50.6179
-114.06
-335.691
-42.9435
-204.975
-243.114
-329.67
-48.0146
-134.043
-97.9771
-109.017
164.608
9.59391
-50.4527
-117.508
1077.14
321.232
117.795
-191.884
1617.62
512.115
304.353
-267.882
904.902
242.243
39.6334
-324.223
1318.09
408.874
262.011
-270.573
995.271
309.856
114.307
-161.616
1784.09
568.031
323.96
-332.079
1058.23
363.612
112.39
-216.106
1871.87
601.386
340.966
-364.359
73.4387
4.77878
-13.1622
-67.5825
64.1671
2.45024
-0.506096
-71.0388
210.171
16.8626
-44.1261
-196.312
116.131
-19.0421
-19.5043
-211.534
735.864
185.687
34.1073
-301.079
574.569
117.734
33.0774
-337.88
374.775
34.7209
-56.17
-333.302
252.778
7.27846
-5.01259
-328.895
1119.03
316.64
189.379
-375.262
-38.4216
-30.4549
-21.5395
-56.047
-124.807
-55.2345
-32.5615
-34.6338
-13.5634
-58.2202
-42.2883
-162.177
-314.631
-150.053
-86.8329
-100.181
100.504
-42.2673
-44.9905
-253.799
-420.369
-215.369
-130.351
-153.733
135.749
-54.6946
-56.9681
-336.25
-425.166
-252.18
-148.325
-181.796
363.097
-7.99982
16.6265
-327.347
-215.319
-224.902
-114.786
-168.483
1153.78
140.413
123.422
-309.164
350.511
-72.9588
-36.1505
-122.562
765.913
42.9453
79.2032
-314.022
133.442
-150.723
-73.458
-147.042
1483.02
275.486
185.033
-332.763
496.674
10.3015
2.73579
-109.352
1716.2
421.667
257.3
-328.741
635.697
115.599
52.0441
-92.0872
-30.2471
-14.5081
-7.76747
-4.6642
-3.42683
-41.3892
-21.977
-12.2736
-7.48962
-5.50141
-70.9445
-33.6747
-17.8148
-10.6241
-7.7907
-119.216
-65.0551
-36.8016
-22.6417
-16.6949
-100.839
-48.4178
-26.0408
-15.7021
-11.5787
-171.32
-92.5284
-52.8082
-32.7414
-24.245
-58.0044
-30.3813
-17.3705
-10.8167
-8.02236
-32.8248
-16.5284
-9.21726
-5.69757
-4.20731
-89.0866
-40.2495
-21.7368
-13.2127
-9.70909
-20.6761
-6.02871
-2.5654
-1.38482
-0.972171
-131.042
-66.2493
-37.1462
-22.9006
-16.9237
-36.5995
-14.8062
-7.66047
-4.55639
-3.30057
-31.7284
-8.70941
-3.45349
-1.81535
-1.26955
-21.4742
-6.7457
-3.0687
-1.74801
-1.25971
-30.3749
-7.94714
-3.00797
-1.55501
-1.05256
-15.5257
-2.37469
-0.379337
-0.0379137
0.0351889
-24.4743
-10.8799
-5.58353
-3.27107
-2.37829
-22.6908
-10.1571
-5.21557
-3.04175
-2.18203
-62.0123
-27.1254
-13.8346
-8.03117
-5.79326
-58.2986
-25.5547
-13.1011
-7.60233
-5.46466
-80.6423
-33.0693
-16.7001
-9.64749
-6.96696
-70.1761
-31.383
-16.4671
-9.65372
-7.03143
-94.4366
-46.8847
-26.0666
-15.9427
-11.7884
-46.6776
-22.9015
-12.4797
-7.44462
-5.49796
-54.4524
-28.2555
-16.0335
-9.94822
-7.37211
449.179
551.899
1411.22
1751.5
2150.56
2788.15
2610.31
3687.88
2607.21
3680.02
2352.3
3102.34
2195.37
2644.52
2659.18
3597.64
2748.7
3749.49
430.536
92.8551
20.0226
4.21349
1.01548
184.411
66.2322
6.65694
1.91849
0.79986
1601.46
353.151
77.2174
16.4887
4.02615
556.203
118.701
24.0659
4.69448
1.00546
2803.63
621.557
136.716
29.4627
7.25936
964.683
228.865
50.4685
10.9765
2.64732
4020.75
896.288
199.085
43.4003
10.8279
1349.63
349.049
82.2898
18.8284
4.76469
5609.58
1286.26
291.835
64.7919
16.4473
1794.39
524.788
131.202
31.0154
8.06143
7570.03
1894.85
453.873
104.893
27.4588
2078.92
645.34
166.708
40.138
10.6093
6893.79
1672.18
390.868
88.5748
22.8278
2014.05
631.015
162.752
39.0929
10.2451
7891.94
2002.27
485.609
113.474
29.967
2122.59
640.537
162.921
38.7857
10.2216
8131.39
2057.12
501.124
117.756
31.2597
2121.6
642.066
163.185
36.0651
10.0762
252.407
6504.51
6393.8
3619.84
-3441.83
-4714.57
-10173.1
-13359.1
-5771.61
-11667.3
-2247.7
-7064.64
-5718.62
-9494.35
-10409.7
-14360.6
-12546
-14278.7
-6311.77
-7119.86
18884.5
14129
4467.76
3492.13
2724.61
4384.27
3061.9
12380.1
12201.2
10453.8
11080.4
9138.83
6333.24
8686.41
5350.21
4108.01
5093.6
3261.98
20425.8
10200.4
3068.56
5125.72
7717.35
5257.28
6234.31
4713.05
2304.34
3903.46
3403.99
3966.1
18970.8
11829.9
11890.6
7576.83
8068.77
8089.22
4074.76
5201.41
5350.03
12854.9
12332.3
10658.5
10690.4
9866.18
10123.1
7577.41
6347.06
5332.16
2468.75
3957.65
3289.71
2472.08
1542.27
525.033
3123.63
2619.45
1974.9
1229.06
417.436
2420.72
2013.92
1506.3
931.66
315.489
3922.83
3288.67
2475.73
1537.3
521.356
2721.78
2267.21
1699.84
1054.5
357.777
8263.71
7071.54
5716.06
5408
5947.78
6707.64
5339.52
3819.09
3144.43
2661.81
7262.04
4978.81
3793.03
2869.52
1284.06
6005.01
4514.19
3143.95
2477.29
1751.12
4641.47
3244.12
2161.22
1780.68
1067.91
5050.94
3806.76
2712.76
1692.97
601.228
6233.5
4324.4
3083.01
2043.62
822.175
3755.23
2474.1
1677.53
1061.87
405.198
3398.93
2639.4
1892.87
1161.65
399.189
4110.85
3107.25
2185.93
1328.2
456.137
2729.5
2138.35
1535.28
935.715
318.151
13964.5
11613.9
9741.38
9164.49
8695.45
7866.86
5894.64
4526.25
3272.83
1401.95
2557.98
2006.12
1456.93
906.486
314.517
4353.56
3485.7
2582.38
1632.91
570.776
6384.29
5020.46
3766.72
2481.43
907.892
4501.61
3634.13
2717.22
1729.16
601.283
5433.51
4448.4
3331.1
2094.33
715.192
4115.01
3372.41
2511.26
1564.09
534.303
1989.85
1607.71
1176.66
720.645
243.816
3436.79
2834.17
2108.23
1302.63
441.652
2899.73
2316.46
1690.91
1042.51
356.129
3437.18
2795.88
2070.35
1286.59
440.111
12821.2
11555.9
9984.32
9737.45
8753.65
8806.34
6626.07
5406.81
4304.18
1963.27
9592.09
7842.5
6292.66
4980.66
2246.91
6216.76
4727.64
3641.14
2519.17
811.18
6817.6
5414.33
4086.65
2666.71
907.129
6609.67
4992.63
3829.25
2642.7
827.934
3523.1
2862.39
2129.18
1334.85
458.442
4585.56
3791.04
2833.15
1760.35
598.775
4619.28
3752.46
2798.08
1761.54
606.968
5770.56
12589.1
10968.5
35576.2
10374.3
46500.5
6375.71
16732.7
9043.49
7606.72
17713.5
13846
9223.51
11099.1
19406
16141.6
3613.66
2471.14
8281.13
5802.83
6867.95
3580.29
24766.9
17438.4
15025.1
10469.4
15585.5
10145.9
-1692.21
1469.16
42834.5
52138.4
21605.7
29613.9
54652.7
66714.8
24223.4
30590.1
31999.1
41351.8
24320.3
34558
15393.8
18585.7
1983.83
387.483
4225.19
1365.74
3959.39
1876.9
12804
4574.44
1996.97
945.642
5625.12
1555.92
14876.1
4279.42
19610.4
6131.05
18360.9
11244
18946.1
13106.3
17879.1
12734.9
17815.3
14680.9
14882.2
10677.6
13650.8
9176.09
19717.5
14504.4
21098.8
15432
18963.5
16115.5
20525.1
17060.7
16402.6
12014.9
18173
12889.7
17207.1
7203.4
9475.38
11406.1
16763.9
7858.2
8571.68
11641.2
17891.9
6857.92
10415.3
11416.7
18736.7
6963.2
11257.2
11647.1
637.6
485.045
-90.5748
617.947
2377.68
2924.53
1697.41
4373.45
3561.32
4755.58
3708.35
8043.84
16675.4
16003.2
13267.9
15558.2
9360.68
10777
8599.57
7363.73
15389
12552.1
12469.4
11806.4
11201.7
10533.2
16033.5
649.967
844.172
387.746
622.689
2953.21
2621.71
3369.4
3318.69
2832.82
1468.79
5561.24
5307.62
11743.4
12632.4
10988.6
10955.3
9879.91
8231.77
13291.7
11448.3
11782.4
11162
15124.3
15629.1
14229.8
12841.2
11642.9
9650.29
10441.2
8237.54
13958.8
10404.6
13124.1
7884.06
10754.5
10911.4
16140.8
19134.4
16107.7
21181.1
8754.45
9110.84
11224.6
5695.47
10604.6
16926.8
11047
18082.3
16316.9
25835.4
16765.6
26175.7
8817.91
14723.4
9288.5
16057.2
10583.5
8166.45
13929.4
6379.08
10733.3
4437.66
12867.2
3405.04
11318.1
11780.5
14750.1
7651.7
10337.9
13677.1
13629.8
9764.21
1018.92
799.091
571.846
717.362
1989.29
925.499
2781.34
2765.36
394.551
241.081
4947.04
4809.51
13638.2
11752.8
10745.1
8319.7
6923.84
4719.87
9173.57
6994.94
9695.32
6516.61
19900.9
16982.8
10405.4
8453.28
8039.41
5949.92
6964.35
4846.56
7801.48
4000.66
5882.77
11185
5438.09
10907.7
7327.13
11948.3
8613.05
13361.8
1520.39
1434.37
1354.39
1362.84
4637.01
4887.44
4352.29
4543.52
1997.89
2335.24
9158.48
10061.9
5612.44
6340.74
10516
9894.77
14493.5
16323.4
-553.629
-5304.84
7804.54
5824.64
6293.07
3783.75
1275.05
1238.28
1388.52
1208.91
3171.22
2143.23
2518.01
1563.23
8347.89
4168.57
7816.87
3805.4
8609.14
3404.15
9687.39
3527.64
6725.7
9707.37
7581.45
10735.3
11370.7
12896.6
12646.4
14026.6
6040.23
8795.47
5271.07
7824.78
8141.15
11456.8
9170.79
11994.3
13404.8
14810.3
14681.7
15515.5
5886.27
9310.63
5998.8
9630.45
1071.58
2059.76
7684.96
4694.75
1238.88
2184.59
6935.31
4167.29
1099.48
1804.72
8131.9
5058.17
1290.64
1695.1
8188.99
5213.75
1177.85
1340.96
1259.28
1431.69
3170.35
3534.83
2401.87
2778.88
7671.18
8320.11
4500.32
4971.4
4236.26
9450.46
2898.75
676.801
1731.96
4179.68
1229.03
2007.9
-1648.05
1198.11
13703.2
10098.1
7904.24
7806.65
4526.42
1608.12
1737.55
1655.26
2039.9
4196.17
4530.36
3325.46
4197.91
8854.66
10000.9
5038.56
6438.6
6182.33
7501.91
2219.95
4238.73
3550
4859.12
1185.67
2059.36
2252.8
3494.65
11303.9
8830.28
6294.45
4337.06
4812.71
3303.46
4716.58
3272.52
2881.42
3584.31
7554.99
8065.97
11363.1
7755.65
11234.2
11229.8
13991
11406.6
9480.21
6281.12
5993.41
6699.83
12331.6
5772.15
12593.1
4701.58
15376.2
10520.5
15973.9
9537.43
10083.6
4339.47
10162.4
3196.55
7720.1
6344.18
6280.61
9808.71
5918.43
6897.93
5241.41
9602.17
7430.03
5439.73
6559.09
10267.7
8014.56
4577.82
6805.08
9398.56
1385.2
1452.51
1426.22
1127.35
4956.27
5578.07
2637.2
1512.68
10804.5
8946.83
3893.13
492.903
9366.38
8104.54
6054.95
5020.93
5142.72
4066.73
2014.08
921.392
2479.63
-622.131
8449.32
6995.86
4183.82
2901.36
2855.77
1382.67
2353.67
659.31
4180.96
-427.034
288.894
121.314
40.4811
-32.7977
309.503
156.398
43.4912
-17.9042
812.939
347.818
95.1995
-121.278
770.915
398.165
146.945
3.61899
1223.49
527.201
180.058
-171.373
1200.79
600.83
337.55
124.906
715.215
377.277
244.466
89.9395
496.163
238.425
103.769
-23.4474
1523.41
608.248
336.743
-22.3372
1765.87
576.102
364.537
-272.322
1538.46
610.145
324.636
-57.5069
1509.05
492.725
339.455
-275.157
1338.31
536.866
256.824
-109.166
1897.61
619.656
380.031
-304.813
1205.8
463.826
178.333
-183.723
1921.63
626.15
363.183
-357.589
271.964
103.012
39.7371
-48.1282
270.765
89.4274
50.8174
-54.3428
769.269
298.426
108.719
-140.463
754.773
261.542
139.358
-165.371
1360.12
513.697
228.106
-249.914
1315.47
461.263
246.946
-280.268
1359.36
553.548
280.116
-112.96
998.398
370.98
202.14
-283.386
1530.67
514.746
354.241
-326.838
191.575
63.779
26.1868
-33.4613
110.722
45.6131
16.1797
-3.45039
606.069
202.08
97.2354
-97.0073
358.711
146.327
61.5726
-6.43724
850.464
294.986
149.961
-155.429
513.043
230.07
97.7893
-10.3898
1013.66
375.531
200.344
-198.404
679.797
313.17
140.532
-6.42878
1216.91
422.824
288.518
-169.302
921.642
366.285
200.505
28.6481
2095.45
687.829
466.458
-113.84
1123.07
395.049
234.593
44.1118
1808.63
596.766
426.347
-114.714
1168.7
411.799
241.782
51.7233
2096.53
657.009
425.015
-200.21
968.575
322.311
185.722
-2.59318
1922.08
555.002
341.294
-283.428
787.57
221.594
114.756
-56.1535
6.28312
9.66863
6.97159
4.67982
3.5445
24.244
18.1623
11.7315
7.65579
5.78688
14.6038
22.2949
16.1832
10.9059
8.26806
82.1262
56.1979
35.3405
22.8141
17.1767
36.1682
35.9322
24.3219
16.0411
12.0713
126.908
82.6724
50.6714
32.3333
24.2253
42.1289
27.3303
16.6493
10.5815
7.92147
19.1827
13.6607
8.65491
5.57499
4.21351
33.8388
30.9452
20.1726
13.1184
9.89962
-7.6824
1.8642
2.13584
1.57573
1.23366
86.5191
57.881
35.4832
22.6443
16.973
6.56623
10.4537
7.16298
4.74064
3.61783
-12.5903
1.35403
2.43116
1.88843
1.4963
-3.9257
2.84289
2.53129
1.76977
1.36481
-14.7417
0.61466
2.05202
1.66784
1.39589
-14.0797
-1.85259
-0.0808837
0.168852
0.217124
0.043678
6.30844
5.01166
3.46102
2.64608
2.55596
6.45251
4.86741
3.33769
2.57395
3.82815
17.1957
13.1628
9.06594
6.95708
8.82103
17.466
12.797
8.74556
6.71652
3.48995
22.1696
16.5535
11.3361
8.66756
23.7483
25.2818
17.0138
11.3744
8.61836
62.7501
41.8824
25.5881
16.389
12.2595
31.3206
21.4085
13.2804
8.66825
6.48251
45.2542
26.0987
15.3732
9.68062
7.22381
153.799
270.94
623.789
984.568
1210.43
1838.48
1783.56
2798.41
2026.34
3060.2
2266.71
3039.71
1947.14
2473.56
2636.87
3574.19
2746.8
3745.05
426.113
93.7694
20.356
4.29207
1.03488
125.866
59.6671
5.00797
1.68969
0.786039
1608.44
359.969
79.0612
16.8981
4.12457
396.102
91.9193
19.6009
3.94875
0.862439
2816.86
631.767
139.522
30.1031
7.41663
770.063
196.18
45.0262
10.0875
2.4817
4021.49
904.639
201.724
44.0468
10.9951
1174.83
318.962
77.1766
17.9828
4.60742
5592.5
1290.61
293.762
65.3291
16.5987
1680.91
503.587
127.452
30.3889
7.9471
7544.5
1891.62
453.733
104.978
27.5066
2061.12
640.451
165.629
39.9302
10.5669
6868.3
1671.86
391.689
88.8964
22.9353
1962.87
619.274
160.472
38.693
10.1707
7873.55
1999.18
485.22
113.461
29.9812
2117.68
639.026
162.551
38.71
10.205
8125.18
2056.01
500.964
117.745
31.263
2121.14
641.874
163.129
36.0539
10.0733
159.048
6377.55
5932.72
2898.34
1342.95
745.11
3203.64
2542.73
5468.77
5959.72
2832.57
2611.8
409.152
620.772
1042.61
1610.82
2272.6
2924.27
281.932
586.205
1188.54
2012.63
2955.98
3897.45
318.895
138.708
561.418
348.524
1038.08
774.79
1655.58
1427.06
2264.13
2241.96
2773.62
3037.48
3595.18
4299.46
5154.52
7194.28
7530.02
9068.7
4727.2
5286.76
5397.95
5146.35
4233.02
3773.29
369.779
313.424
238.179
148.763
50.5772
560.719
474.959
360.709
225.191
76.5431
941.14
796.613
604.596
377.285
128.216
1452.7
1228.4
931.546
581.033
197.419
2046.65
1728.17
1309.15
816.15
277.273
2627.38
2213.53
1674.42
1043.5
354.555
254.69
215.792
163.925
102.354
34.7909
529.264
448.109
340.177
212.311
72.1536
1072.45
907.407
688.477
429.559
145.971
1814.37
1533.7
1162.83
725.277
246.441
2660.97
2246.16
1701.42
1060.89
360.496
3500.62
2948.84
2231.19
1391.23
472.938
288.302
244.415
185.772
116.05
39.4631
125.406
106.319
80.8101
50.481
17.1665
507.271
429.808
326.5
203.871
69.3068
314.947
266.89
202.764
126.617
43.0453
937.376
793.697
602.543
376.062
127.811
699.747
592.602
449.948
280.847
95.4528
1493.53
1263.27
958.128
597.617
203.048
1287.47
1089.02
825.944
515.126
175.008
2039.4
1722.21
1304.5
813.046
276.158
2019.1
1704.58
1290.58
804
273.002
2491.36
2097.96
1585.96
987.709
335.446
2726.99
2294.42
1732.33
1077.45
365.624
3217.21
2700.57
2039.22
1271.32
432.364
3819.34
3186.23
2401.87
1501.8
512.379
4515.29
3725.5
2807.98
1773.96
610.772
6145.22
4976.12
3777.03
2458.3
864.766
6118.52
4838.35
3764.93
2634.69
1021.85
7077.54
5506.49
4391.8
3263.53
1333.28
4231.39
3554.02
2686.1
1676.3
570.55
4707.81
3938.07
2974.24
1861.07
635.309
4767.85
3964.73
2995.35
1886.2
647.987
4480.3
3688.95
2795.45
1787.04
622.645
3583.97
2906.49
2226.9
1476.32
536.84
3089.01
2462.15
1916.97
1330.87
506.096
433.036
693.376
1165.95
1784.03
2493.62
3174.72
313.076
680.8
1347.69
2232
3218.88
4167.87
343.973
158.162
638.182
409.065
1171.03
883.203
1848.31
1596.98
2523.43
2534.39
3077.09
3543.29
3860.58
4570.27
5423.67
7379.25
7654.73
9116.11
4956.72
5428.5
5430.09
5080.36
4144.59
3734.46
391.469
331.918
252.322
157.642
53.6043
626.697
531.258
403.796
252.26
85.7767
1053.36
892.524
678.126
423.546
144.008
1610.63
1363.74
1035.6
646.652
219.85
2248.83
1902.13
1443.46
901.155
306.39
2857.82
2413.2
1829.74
1142.41
388.559
282.977
239.905
182.359
113.925
38.7363
615.203
521.421
396.268
247.54
84.1686
1217.23
1031.13
783.309
489.213
166.333
2014.38
1705.08
1294.59
808.361
274.841
2901.49
2453.15
1861.28
1162.09
395.164
3749.52
3164.61
2399.13
1498.24
509.73
311.051
263.795
200.578
125.338
42.6285
143.05
121.339
92.2774
57.6709
19.6167
576.984
489.249
371.955
232.408
79.0379
369.896
313.709
238.541
149.065
50.6969
1058.29
896.988
681.69
425.834
144.798
798.314
676.77
514.415
321.373
109.282
1669.26
1413.86
1073.91
670.63
228.007
1442.51
1222.01
928.293
579.724
197.1
2276.58
1926.26
1462.03
912.739
310.306
2286.87
1935.25
1468.93
917.012
311.743
2770.56
2339.89
1774.17
1107.57
376.646
3191.57
2696.25
2044.39
1275.96
433.826
3464.01
2917.11
2209.87
1381.19
470.364
4075.96
3416.16
2586.97
1623.16
554.773
4779
3969.81
3011.32
1911.24
659.467
6346.73
5179.54
3960.74
2591.98
913.598
6267.7
4995.57
3914.7
2752.82
1069.93
7139.49
5574.58
4460.04
3321.36
1357.23
4445.17
3741.97
2834.54
1772.05
603.704
4843.99
4062
3075.57
1928.34
658.981
4806.24
4006.89
3035.63
1916.17
659.166
4430.94
3657.17
2780.27
1783.32
622.581
3512.7
2853.82
2194.38
1461.81
533.612
3057.89
2439.21
1903.1
1325.32
505.082
18804.1
14187
4868.95
3901.89
3281.87
5075.47
3572.2
13132.3
14245.6
11875.6
13655.8
7357.81
11481.9
5373.41
5640.45
3976.86
21154.1
11065.6
3591.41
5751.34
8355.6
5643.39
6899.61
5266.82
2574.64
4615.72
4035.46
4479.19
18855.7
12055.2
12418
7968.36
8436.88
8544.71
4739.62
5892.89
5798.72
12836.7
12376.7
10757.1
10865.9
10044.8
10218.5
7685.9
6463.42
5444.6
2518.46
4340.09
3634.4
2751.07
1725.93
589.337
3503.89
2952.32
2236.6
1397.2
475.522
2942.63
2475.69
1873.49
1170.01
398.387
4564.11
3849.92
2916.93
1820.76
619.3
3200.21
2690.8
2036.68
1273.02
433.733
9786.31
8918.28
7658.95
7249.56
7510.28
10129
9393.71
7828.88
6676.13
5143.61
9220.76
7008.18
5686.53
4376.82
1949.76
10049.3
8754.16
7064.38
5804.04
3662.56
6269.62
5058.06
3834.75
2503.88
911.171
9330.68
7200.84
5556.68
3861.64
1571.57
4672.85
3833.26
2893.8
1845.89
647.73
4887.11
3996.92
3017.85
1931.4
680.928
3481.32
2870.89
2165.55
1372.14
476.961
15314.3
13229.8
11447.6
10790.1
9994.58
8936.9
7019.69
5579.46
4090.47
1745.76
3118.27
2557.07
1935.77
1241.66
437.846
5006.31
4120.86
3132.57
2017.36
711.655
7098.52
5747.52
4425.44
2965.46
1093.83
4909.21
4035.38
3069.36
1978.1
692.741
6082.31
5045.7
3824.93
2425.73
832.323
4664.41
3886.83
2941.84
1855.18
638.038
2281.49
1900.43
1434.46
900.759
309.153
4118.8
3451.59
2609.86
1633.91
558.074
3546.13
2935.03
2217.27
1403.61
486.5
3956.48
3290.21
2489.62
1572.99
542.953
12917.1
11817.5
10369.3
10251.2
9314.19
9114.19
6954.03
5731.97
4585.45
2092.67
10350.9
8686.57
7144.16
5711.9
2591.6
6657.65
5172.65
4046.63
2821.85
912.364
7233.21
5838.18
4473.92
2951.56
1011.04
7147.54
5538.55
4335.8
3025.83
963.011
4172.99
3461.92
2625.19
1667.92
576.766
5248.99
4392.89
3322.99
2084.18
712.576
5082.61
4201.39
3185.88
2031.1
704.747
470.39
1283.55
1953.63
2572.14
3198.48
3770.01
2164.58
6064.27
5707.97
2170.39
6919.06
6211.2
7438.75
9931.1
1211.89
164.696
2518.35
-1210.63
9812.89
8141.21
-1904.29
1576.88
4811.87
4630.18
1671
5285.57
2945.58
5938.58
6108.66
531.722
-805.802
1097.08
-3329.88
6934.48
4436.09
-3715.85
974.377
3297.41
3401.44
1154.24
3323.83
518.455
4451.39
4475.77
133.349
-989.746
-46.8429
-3489.14
4293.8
463.894
-4236.54
653.676
2371.29
2759.09
893.951
1816.31
-789.263
3773.46
4237.63
-50.2494
-719.065
-380.425
-2939.67
3283.64
-1501.19
-4052.58
566.398
2232.99
2644.84
824.836
1701.33
-511.218
4013.29
5469.54
-125.146
-593.775
-489.346
-2536.43
3134.09
-1522.02
-2823.26
547.839
2202.03
2582.96
802.148
2087.92
230.986
3944.02
5379.45
-166.174
-926.955
-405.945
-2627.55
3619.16
-658.593
-2114.97
1210.12
3143.22
4173.33
1552.49
6451.49
11520.4
6954.54
12285.1
1501.64
1330.88
5213.07
4408.66
2389.85
9523.6
4760.7
1192.41
3063.85
3734.95
1349.62
6112.5
9854.41
6259.25
9018.2
1578.33
1225.68
5084.44
4223.77
1750
8818.62
4653.09
1112.2
2865.5
3126.95
1100.48
5545.52
8614.26
5293.85
8020.01
1367.26
1579.16
4489.94
5019.25
2028.4
7824.53
5229.22
1125.26
3129.33
2898.89
982.237
5893.69
8456.35
5233.29
7879.34
1437.53
1974.47
4651.17
6161.86
2564.62
8594.95
6342.68
1137.47
3113.78
2854.77
951.567
5815.02
9108.95
5248.15
8659.75
1560.09
2543.84
5015.28
7843.98
3640.74
10191.7
8258.72
1151.35
3114.28
2823.98
941.506
5908.68
9349.1
5137.23
8562.21
1746.41
3184.5
5545.7
8974.71
4847.67
11251.1
9260.99
)
;

boundaryField
{
    patch1
    {
        type            calculated;
        value           nonuniform List<scalar> 
2440
(
-4166.87
-8711.75
-8089.22
-4074.74
-5201.39
-5350.01
-8544.71
-4739.59
-5892.87
-5798.7
4163.14
8704.84
8089.22
4074.76
5201.41
5350.03
8544.71
4739.62
5892.89
5798.72
-7862.24
-17975.2
-27139.2
-18772.4
-19372.1
-23818.2
-18227.5
-9803.49
-82.5115
3680.76
10206.5
5790.62
2256.6
5728.79
10430.6
12575.5
7181.88
-18884.6
-14129
-4467.75
-3492.12
-2724.59
-4384.25
-3061.88
-12380.2
-12201.3
-10453.8
-11080.4
-9138.8
-6333.19
-8686.37
-5350.16
-4107.97
-5093.53
-3261.95
-20425.9
-10200.4
-3068.54
-5125.7
-7717.35
-5257.27
-6234.3
-4713.03
-2304.32
-3903.44
-3403.96
-3966.08
-18970.9
-11829.9
-11890.6
-7576.84
-8068.77
92.8875
-318.895
-138.708
-561.418
-348.524
-1038.08
-774.789
-1655.58
-1427.06
-2264.12
-2241.95
-2773.61
-3037.47
-343.972
-158.162
-638.179
-409.064
-1171.02
-883.2
-1848.31
-1596.97
-2523.42
-2534.38
-3077.08
-3543.27
-18804.2
-14187.1
-4868.93
-3901.87
-3281.85
-5075.44
-3572.18
-13132.4
-14245.5
-11875.5
-13655.7
-7357.77
-11481.8
-5373.38
-5640.42
-3976.84
-21154.2
-11065.6
-3591.39
-5751.32
-8355.58
-5643.38
-6899.58
-5266.8
-2574.63
-4615.7
-4035.44
-4479.16
-18855.8
-12055.2
-12418.1
-7968.36
-8436.87
7211.87
17971.3
27142.2
18775.2
19375.7
23830.6
18258.3
8452.18
82.6482
-3441.83
-10173.1
-5771.61
-2247.7
-5718.62
-10409.7
-12546
-6311.77
18884.5
14129
4467.76
3492.13
2724.61
4384.27
3061.9
12380.1
12201.2
10453.8
11080.4
9138.83
6333.24
8686.41
5350.21
4108.01
5093.6
3261.98
20425.8
10200.4
3068.56
5125.72
7717.35
5257.28
6234.31
4713.05
2304.34
3903.46
3403.99
3966.1
18970.8
11829.9
11890.6
7576.83
8068.77
-92.7809
318.895
138.708
561.418
348.524
1038.08
774.79
1655.58
1427.06
2264.13
2241.96
2773.62
3037.48
343.973
158.162
638.182
409.065
1171.03
883.203
1848.31
1596.98
2523.43
2534.39
3077.09
3543.29
18804.1
14187
4868.95
3901.89
3281.87
5075.47
3572.2
13132.3
14245.6
11875.6
13655.8
7357.81
11481.9
5373.41
5640.45
3976.86
21154.1
11065.6
3591.41
5751.34
8355.6
5643.39
6899.61
5266.82
2574.64
4615.72
4035.46
4479.19
18855.7
12055.2
12418
7968.36
8436.88
-18371
-16373.6
5.46953
7.37042
-6.50161
-7.21764
-3769.99
665.265
2133.31
-11257.7
-9281.41
18368
16371.1
-5.49796
-7.37211
6.48251
7.22381
3770.01
-658.593
-2114.97
11251.1
9260.99
-18193.4
-702.85
76.2684
332.855
158.62
-580.788
-625.447
-446.354
-499.472
-33.596
-31.1616
915.18
1812.64
-469.696
-397.184
-297.335
-243.387
-2452.25
-1681.98
-6250.59
-3812.02
-8436.81
-5661.84
-7638.72
-9340.39
-7870.22
-10116.8
-5979.52
-13374.8
-8900.11
-7046.82
-6284.02
-4241.51
-3940.4
906.874
202.869
2782.75
748.518
4152.22
1511.62
1356.13
4546.68
4071.74
4962.11
1503.08
-1093.17
3087.38
3385.05
3025.84
1270.52
61.5859
37.8208
162.065
100.12
253.611
153.528
336.154
181.681
327.284
168.413
309.127
122.535
313.972
146.998
332.738
109.337
328.726
92.08
3.59899
5.89811
7.70319
16.6249
11.5164
24.1815
8.0158
4.2053
9.69967
0.971813
16.9436
3.3069
1.26613
1.25903
1.0507
-0.0357631
2.49379
2.36123
5.7348
5.41429
6.94515
6.95428
11.7878
-1.22533
-0.877232
-4.06099
-0.791354
-7.35692
-2.31437
-10.966
-4.3222
-16.6252
-7.50319
-27.5564
-10.17
-22.9757
-9.56569
-30.012
-10.0351
-31.2711
-10.0423
-215.234
-193.88
-2907.68
5237.75
11579.8
9072.32
6476.93
9025.93
12707.3
13095.7
8169.39
-1255.69
-303.603
152.085
-50.21
-768.191
-680.482
-545.614
-532.75
-103.933
-62.1599
798.231
1654.62
-514.98
-418.029
-315.741
-252.755
-813.42
-740.421
-954.534
-2775.96
-241.043
-4814.02
-11752.2
-8318.28
-4718.45
-6995.51
-6518.58
-16982.5
-8452.93
-5949.78
-4846.9
-4001.53
-1716.79
-1280.62
-5524.8
-1471.32
-8941.27
-478.644
-8105.04
-5022.13
-4067.55
-918.062
627.582
-6995.99
-2901.59
-1382.38
-657.845
429.49
37.1114
4.17761
96.6565
6.25501
155.148
10.0949
198.278
6.27481
169.236
-28.7207
113.829
-44.113
114.682
-51.7471
200.203
2.59641
283.42
56.1529
-4.0406
-6.39062
-8.3553
-17.3165
-12.1313
-24.3024
-7.92733
-4.21424
-9.91017
-1.23467
-16.9399
-3.60928
-1.50132
-1.36554
-1.39792
-0.217942
-3.06699
-2.92046
-6.98723
-6.74116
-8.67774
-8.67977
-12.2451
-1.25254
-0.861146
-4.16132
-0.635382
-7.51846
-2.13296
-11.1374
-4.15067
-16.7795
-7.3788
-27.6042
-10.1266
-23.0841
-9.48605
-30.0262
-10.0184
-31.2743
-10.0394
-111.622
522.31
-1859.38
-202.041
-471.3
-1602
-1399.7
-603.271
-2200.08
-2583.7
-871.542
-2084.6
-228.548
-3943.53
-5378.83
149.982
950.914
418.667
2683.55
-3610.14
-1240.59
-3116.55
-2823.86
-1019.94
-5912.5
-9351.7
-5138.09
-8562.93
-1880.04
-3420.93
-5561.1
-9042.04
-4857.17
18191.7
702.795
-76.2945
-332.9
-158.705
580.776
625.443
446.339
499.471
33.566
31.18
-915.245
-1812.55
469.687
397.19
297.335
243.391
2243.07
1565.34
6245.7
3817.64
8435.92
5664.33
7638.7
9340.34
7870.18
10116.6
5980.62
13374.8
8900.07
7046.82
6284.06
4241.89
3933.24
-847.892
-203.389
-2774.8
-743.026
-4148.6
-1509.08
-1355.94
-4546.22
-4071.02
-4959.96
-1501.72
1093.37
-3086.95
-3384.42
-3024.83
-1269.81
-56.047
-34.6338
-162.177
-100.181
-253.799
-153.733
-336.25
-181.796
-327.347
-168.483
-309.164
-122.562
-314.022
-147.042
-332.763
-109.352
-328.741
-92.0872
-3.42683
-5.50141
-7.7907
-16.6949
-11.5787
-24.245
-8.02236
-4.20731
-9.70909
-0.972171
-16.9237
-3.30057
-1.26955
-1.25971
-1.05256
0.0351889
-2.37829
-2.18203
-5.79326
-5.46466
-6.96696
-7.03143
-11.7884
1.03499
0.736135
4.08821
0.808112
7.35964
2.33139
10.9626
4.33357
16.6205
7.50915
27.5537
10.1709
22.9717
9.56838
30.0103
10.0352
31.2698
10.042
215.288
195.051
2909.61
-4904.4
-11537.6
-9051.79
-6468.81
-9015.99
-12688.5
-13074.1
-7188.79
1255.75
303.595
-152.124
50.1995
768.173
680.474
545.589
532.744
103.881
62.1252
-798.335
-1654.74
514.956
418.016
315.736
252.754
799.142
717.406
925.499
2765.36
241.081
4809.51
11752.8
8319.7
4719.87
6994.94
6516.61
16982.8
8453.28
5949.92
4846.56
4000.66
1452.54
1127.37
5578.07
1512.68
8946.83
492.903
8104.54
5020.93
4066.73
921.392
-622.131
6995.86
2901.36
1382.67
659.31
-427.034
-33.4613
-3.45039
-97.0073
-6.43724
-155.429
-10.3898
-198.404
-6.42878
-169.302
28.6481
-113.84
44.1118
-114.714
51.7233
-200.21
-2.59318
-283.428
-56.1535
3.5445
5.78688
8.26806
17.1767
12.0713
24.2253
7.92147
4.21351
9.89962
1.23366
16.973
3.61783
1.4963
1.36481
1.39589
0.217124
2.64608
2.57395
6.95708
6.71652
8.66756
8.61836
12.2595
1.05571
0.718037
4.19039
0.653292
7.52171
2.15107
11.1341
4.16271
16.775
7.38511
27.6017
10.1276
23.0803
9.4889
30.0246
10.0185
31.273
10.0392
112.082
-521.263
1862.61
132.691
503.322
1627
1244.13
547.805
2202
2582.89
802.07
2087.92
230.986
3944.02
5379.45
-166.174
-926.955
-405.945
-2627.55
3619.16
1151.33
3114.27
2823.92
941.446
5908.68
9349.1
5137.23
8562.21
1746.41
3184.5
5545.7
8974.71
4847.67
-14605.8
5827.13
-3769.99
14604.4
-5826.98
3770.01
-12743.6
-14400.4
-12174.3
-18326.3
-5140.18
-3718.04
-11653.1
-7538.97
-3331.28
-3828.77
-8828.97
-10194.5
-11395.1
-13112.2
-11200
-3602.15
-16582.8
-3286.99
-3436.63
-8806.75
-8864.26
-10610.8
-9830.98
-3166.08
-2938.1
-2539.76
-8144.72
-6937.86
-6021.98
-8365.84
-7300.79
-6900.19
-11394.1
-18608.2
-9226.03
-19037.2
-194.547
-1730.98
-3562.61
-6713.15
499.379
490.899
1672.12
1779.93
659.441
969.661
5851.16
2891.67
5869.48
650.272
516.052
1702.95
1754.63
1655.91
1976.51
801.973
949.315
1057.26
2570.29
2947.22
3033.49
2967.66
3780.5
4095.86
-334.115
-838.013
-1090.65
-924.08
-228.1
106.187
158.358
47.9818
8.9469
19.0996
-0.949028
-159.721
-208.303
122.975
124.257
253.415
43.8351
5.13561
12745.6
14400.7
12176.8
18327.7
4737.02
3442.21
11659.9
7535.25
3113.58
3566.55
8809.28
10162
11389.5
13104.8
11199.5
3602.03
16581.4
3037.14
3169.48
8801.1
8844.88
10608.1
9827.27
2884.97
2675.07
2324.68
8136.09
6929.53
6018.44
8363.81
7299.59
6900.13
11403.2
18611.8
9230.8
19040
209.965
1602.85
3524.66
6697.94
-464.316
-452.796
-1670.2
-1779.09
-659.893
-969.851
-5851.08
-2891.59
-5869.53
-612.027
-477.518
-1696.33
-1752.88
-1654.48
-1974.77
-751.726
-881.42
-983.429
-2557.32
-2937.08
-3026.66
-2964.04
-3777.44
-4093.67
291.228
846.302
1095.33
926.123
228.819
-106.132
-158.155
-47.9679
-8.94417
-29.3574
8.11918
163.539
209.81
-122.528
-124.249
-253.325
-43.8408
-5.13826
3009.62
6728.44
51.8846
28.529
16.2164
10.0079
7.46048
86.8915
46.2019
26.5619
16.6437
12.3542
-2667.12
-408.693
3631.08
10077
2194.17
97.1107
49.9281
27.1214
15.9155
10.0559
7.44204
77.5703
42.8198
24.8387
15.4811
11.5334
470.39
1283.55
1953.63
2572.14
3198.48
-3599.44
-3665.65
-10188.5
-10059.9
-15398.4
-14030.5
-3575.41
-3193.3
-2937.7
-9935.5
-8957.8
-8286.15
-12179.2
-10652.8
-9737.07
0
0
0
0
0
0
0
0
-2465.47
-1258.55
-538.588
-364.702
-547.534
-360.71
-322.817
-273.776
-215.275
-150.088
-117.817
-81.8118
-107.974
-60.9842
-35.3661
-22.0727
-16.4293
-39.2586
-22.7163
-13.3733
-8.4007
-6.25974
-31.1615
-238.712
-651.051
-1325.83
-2216.79
-3090.01
-28.1913
-23.9248
-18.2043
-11.3815
-3.87158
-215.869
-183.104
-139.249
-87.0247
-29.5967
-588.521
-498.973
-379.309
-236.982
-80.5851
-1197.68
-1014.71
-770.877
-481.438
-163.685
-2000.4
-1692.93
-1285.05
-802.233
-272.722
-2783.59
-2351.82
-1783.33
-1113.02
-378.418
-2853.72
-2534.01
-2114.01
-1595.43
-1000.03
-342.576
0
0
0
0
0
0
0
0
0
0
0
0
1424.53
-121.975
101.636
-164.53
-2995.41
-2905.04
-6439.02
-5670.54
-6125.79
-5536.87
-2640.3
-2410.09
-2236.62
-5247.04
-5032.13
-4804.27
-5852.05
-5927.89
-5800.95
-528.331
-361.91
-185.833
-84.3773
-215.807
-150.905
-90.264
-53.5903
-98.64
-59.4787
-35.7042
-22.6249
-16.872
-37.5073
-22.4642
-13.4296
-8.49955
-6.34198
2318.47
2004.18
1619.59
1183.27
722.261
243.661
16.5093
192.119
564.089
1180.79
1920.53
2583.88
14.9105
12.627
9.58616
5.9823
2.0329
173.601
147.111
111.764
69.789
23.7235
509.491
431.525
327.678
204.541
69.5183
1065.38
901.269
683.613
426.38
144.859
1729.68
1460.28
1105.62
688.755
233.864
2319.91
1951.99
1473.73
916.524
310.99
-3631.2
-10077.5
-2195.36
-97.4431
-49.9467
-27.1331
-15.927
-10.0694
-7.46421
-77.5582
-42.7968
-24.8164
-15.463
-11.5209
-470.362
-1283.49
-1953.58
-2572.1
-3198.46
-3009.54
-6728.3
-51.9455
-28.5741
-16.2502
-10.036
-7.49357
-86.9241
-46.2137
-26.5639
-16.6421
-12.3544
2669.05
409.162
-9946.96
-14061.9
-19126.1
-22969.4
-19852
-21730.2
-11411.6
-10691.5
-1949.36
-1913.24
-1681.98
-5331.42
-4488.2
-3812.02
-7672.03
-6223.85
-5661.84
-11624
-7962.73
-5979.52
-11193.8
-6751.51
-4241.51
352.783
-766.358
-1245.98
-2189.75
-1725.27
148.56
-657.386
-409.278
79.0507
755.08
251.004
161.753
151.105
128.288
576.216
349.601
303.373
251.721
187.284
73.6893
42.2736
33.5579
471.581
191.21
106.967
86.3226
623.237
263.317
155.653
125.823
608.92
276.067
169.88
138.63
424.865
235.302
143.933
121.721
152.305
135.835
82.2191
67.4864
214.619
174.795
109.336
95.7129
114.792
92.7433
56.975
44.8939
44.1734
33.5853
22.834
18.1688
45.0588
24.1014
13.4984
8.22515
6.02988
98.7672
55.3122
31.6326
19.5348
14.4127
41.5354
25.4422
15.4001
9.81282
7.3027
55.2822
29.6646
17.2298
10.8467
8.02734
39.1147
24.7925
15.1288
9.6603
7.20874
17.9186
11.0143
6.62771
4.20224
3.13062
24.8117
11.4431
5.90355
3.42423
2.4611
54.2692
24.8082
12.9219
7.5528
5.45145
62.2505
29.8133
16.0277
9.51538
6.96607
-318.023
-836.228
-1242.75
-1332.01
-344.662
-213.945
10.8118
-301.093
-308.988
-81.7679
-41.1937
0.991131
-0.249865
-0.454387
-135.636
2.76728
5.67447
2.19975
0.769182
-255.517
-27.7776
-1.93391
0.132098
0.180952
-361.473
-71.6033
-15.5286
-3.5372
-0.848601
-391.839
-127.806
-35.2296
-8.95782
-2.38397
-321.602
-115.48
-33.125
-8.53529
-2.14004
-452.668
-164.978
-46.0909
-11.5662
-2.96876
-230.407
-73.8211
-20.4999
-5.22929
-1.17566
-200.761
-59.9752
-15.7707
-3.70735
-0.729383
9229.63
13052.8
14317
16910.4
17671.3
18671.5
9487.96
10455.7
-2610.08
-7313.06
-4752.32
-2771.1
-2320.89
-1932.2
-1445.43
-893.719
-302.532
-3666.56
-2560.5
-1671.67
-1376.81
-830.396
-3309.62
-2149.95
-1435.24
-896.398
-340.238
-2329.46
-1831.96
-1316.43
-800.65
-271.39
-599.745
-740.373
-2786.34
-2775.96
-4949.6
-4814.02
-9696.5
-6518.58
-7801.91
-4001.53
-995.33
-1097.36
-2185.47
-2396.83
-1719.91
-7.22616
-1253.98
-1169.62
-1186.07
-867.252
-278.976
-152.223
-40.4742
9.31747
-482.017
-285.728
-102.146
-28.9023
-76.6637
-42.0091
-13.1971
-4.41761
-205.017
-116.293
-46.0853
-17.9611
-267.873
-174.653
-67.6887
-26.7294
-324.403
-212.585
-84.0464
-35.0073
-441.387
-224.371
-112.657
-64.199
-323.784
-171.535
-120.402
-93.347
-476.513
-217.684
-130.652
-88.9992
-160.473
-105.28
-80.7629
-65.9364
-44.5806
-34.3932
-25.4937
-21.0364
-29.2855
-20.5815
-13.0986
-8.53636
-6.46023
-80.9857
-50.5058
-30.9198
-19.8088
-14.8919
-54.8962
-27.3107
-15.2629
-9.40586
-7.00852
-51.2825
-28.0757
-16.1973
-10.0674
-7.53368
-50.6222
-26.6725
-15.1405
-9.37582
-6.98442
-19.7541
-11.3287
-6.633
-4.1559
-3.0966
-5.26846
-7.72848
-5.66911
-3.89156
-2.99282
-15.5301
-18.2057
-12.7553
-8.62343
-6.59673
-33.735
-25.8921
-16.605
-10.938
-8.24922
-8.579
-93.8309
-394.032
-632.9
-27.9954
-214.22
53.7482
-310.547
-313.873
-7.54405
-31.3628
3.42447
0.124342
-0.414777
52.7019
38.0467
12.0757
3.35463
1.007
-33.0922
14.303
5.76264
1.50923
0.461564
-175.329
-35.549
-8.79082
-2.30923
-0.595078
-289.303
-105.884
-30.9017
-8.14621
-2.2146
-314.249
-112.697
-32.3826
-8.36922
-2.09861
-417.916
-155.658
-44.055
-11.1583
-2.88011
-231.299
-73.6013
-20.3561
-5.18733
-1.16251
-201.888
-60.1365
-15.7804
-3.70444
-0.727455
-30.2142
-354.218
-997.076
-1882.15
-2890.17
-3881.03
-4743.23
-5303.9
-5190.54
-3890.59
-1856.68
-273.433
-27.2448
-23.0294
-17.4519
-10.8763
-3.69338
-319.768
-270.684
-205.445
-128.202
-43.5663
-899.785
-761.39
-577.732
-360.478
-122.5
-1697.02
-1434.72
-1087.91
-678.586
-230.58
-2602.1
-2196.76
-1664.13
-1037.66
-352.596
-3486.11
-2936.78
-2222.11
-1385.55
-470.992
-4245.41
-3565.61
-2694.89
-1681.89
-572.489
-4722.29
-3950.13
-2984.05
-1867.99
-637.91
-4587.44
-3818.48
-2887.95
-1820.29
-625.905
-3408.61
-2824.68
-2144.65
-1367.63
-476.223
-1613.79
-1333.94
-1019.21
-659.201
-232.852
-238.518
-198.421
-152.909
-99.7766
-35.4394
-59.8789
-445.305
-1153.52
-2103.39
-3160.02
-4157.91
-4960.74
-5388.79
-5095.69
-3658.01
-1619.89
-173.667
-54.1556
-45.9464
-34.953
-21.8509
-7.43273
-402.467
-341.174
-259.33
-162.022
-55.0965
-1042.01
-882.837
-670.75
-418.953
-142.453
-1898.62
-1607.37
-1220.55
-762.183
-259.147
-2848.88
-2409.03
-1827.99
-1141.34
-388.104
-3740.87
-3157.55
-2393.87
-1494.95
-508.602
-4448.22
-3744.14
-2836.07
-1773.06
-604.075
-4806.11
-4028.64
-3050.03
-1912.74
-653.837
-4507.07
-3755.85
-2845.17
-1796.51
-618.449
-3198.48
-2646.44
-2009.38
-1283.62
-447.861
-1395.26
-1143.93
-870.844
-564.411
-200.222
-145.486
-116.594
-88.1575
-57.8029
-20.8304
-3243.58
-13655.7
-3652.21
-2910.58
-2450.37
-1854.75
-1158.03
-394.192
-10049.3
-8754.13
-7064.16
-5803.51
-3661.77
-3205.5
-2648.85
-1997.65
-1262.67
-437.56
9946.1
14058.3
19132.5
22963.1
19876.1
21712.1
9791.05
9198
1809.16
1776.66
1565.34
5335.35
4491.54
3817.64
7673.44
6225.34
5664.33
11624.9
7963.53
5980.62
11194.1
6751.78
4241.89
-296.724
713.973
1217.15
2181.9
1724.43
-148.828
596.905
379.508
-76.4607
-757.299
-231.845
-149.86
-139.954
-118.711
-575.699
-349.42
-303.368
-251.598
-178.446
-69.7574
-39.4659
-30.6569
-470.053
-190.84
-106.837
-86.3884
-622.165
-263.033
-155.667
-126.022
-608.365
-275.894
-169.888
-138.735
-424.618
-235.228
-143.946
-121.78
-152.293
-135.843
-82.2364
-67.5086
-214.533
-174.777
-109.352
-95.7485
-114.804
-92.7582
-56.9887
-44.9069
-44.1827
-33.5931
-22.8394
-18.173
-41.4471
-22.2509
-12.5081
-7.65627
-5.63059
-98.8294
-55.3448
-31.6772
-19.5889
-14.4632
-41.5455
-25.4447
-15.3992
-9.81063
-7.30024
-55.295
-29.6657
-17.2261
-10.8414
-8.02222
-39.123
-24.7955
-15.1293
-9.6599
-7.20811
-17.9217
-11.016
-6.62864
-4.20282
-3.13108
-22.5057
-10.3783
-5.3902
-3.16207
-2.27694
-54.4271
-24.9211
-13.0069
-7.62426
-5.51623
-62.3781
-29.9162
-16.1107
-9.58773
-7.04319
276.071
846.425
1247.08
1333.96
345.442
214.011
-10.5575
301.111
308.994
61.6822
33.5044
-2.20667
-0.0836264
0.336769
141.676
-1.12193
-5.30859
-2.11939
-0.749365
259.154
29.0331
2.26661
-0.0522294
-0.159806
363.204
72.2854
15.7293
3.58863
0.862908
392.526
128.102
35.3242
8.98347
2.39143
321.671
115.514
33.1375
8.53908
2.14126
452.9
165.085
46.1268
11.5763
2.97185
230.425
73.8306
20.5035
5.23042
1.17605
200.765
59.9768
15.7712
3.70747
0.72942
-9226.48
-13048.2
-14303.6
-16895.7
-17646.2
-18648
-8161.73
-8996.79
2610.1
7313.1
4752.38
2771.14
2320.91
1932.22
1445.45
893.732
302.537
3666.67
2560.69
1671.94
1377.17
830.68
3309.71
2150.07
1435.38
896.532
340.305
2329.5
1832.01
1316.48
800.686
271.404
571.846
717.362
2781.34
2765.36
4947.04
4809.51
9695.32
6516.61
7801.48
4000.66
914.59
999.548
2184.76
2403.36
1722.06
7.7029
1140.93
1083.67
1191.46
865.294
258.611
140.824
37.5408
-8.4327
482.687
286.036
102.057
28.6837
63.477
36.9919
11.8511
4.60559
206.976
116.438
46.0721
17.7786
269.643
174.911
67.5938
26.4464
325.493
212.848
84.0281
34.8703
441.979
224.561
112.673
64.142
323.92
171.608
120.429
93.3525
476.805
217.805
130.68
88.9854
160.531
105.317
80.7811
65.9454
44.5944
34.4034
25.4996
21.0403
27.3521
19.0476
12.0547
7.81669
5.89716
80.6442
50.3353
30.7991
19.7072
14.8058
54.9067
27.3221
15.2734
9.41483
7.01637
51.2933
28.0926
16.2138
10.0816
7.54571
50.6298
26.6798
15.147
9.38144
6.98929
19.7568
11.3308
6.63468
4.15725
3.09773
4.74912
6.95698
5.05754
3.43614
2.63994
15.4977
18.1865
12.7276
8.5868
6.55696
33.6707
25.839
16.5544
10.8861
8.18696
-5.78189
101.332
396.804
634.05
28.3826
214.233
-53.6552
310.546
313.874
-7.10237
24.2611
-4.52473
-0.446134
0.296315
-46.5472
-36.2898
-11.683
-3.26884
-0.985928
36.6188
-13.0019
-5.41188
-1.42474
-0.439214
176.916
36.2338
8.99825
2.36299
0.610087
289.892
106.172
30.9974
8.17269
2.22236
314.297
112.727
32.3944
8.37294
2.09984
418.1
155.757
44.0904
11.1686
2.88328
231.309
73.6086
20.3593
5.18837
1.16288
201.89
60.1375
15.7808
3.70452
0.727484
30.2138
354.217
997.076
1882.15
2890.17
3881.04
4743.23
5303.9
5190.55
3890.59
1856.68
273.434
27.2444
23.0292
17.4517
10.8761
3.69333
319.767
270.683
205.445
128.202
43.5663
899.785
761.39
577.732
360.478
122.5
1697.02
1434.72
1087.92
678.588
230.581
2602.1
2196.77
1664.14
1037.66
352.597
3486.12
2936.79
2222.11
1385.55
470.994
4245.42
3565.62
2694.9
1681.9
572.491
4722.3
3950.14
2984.06
1868
637.913
4587.45
3818.49
2887.96
1820.3
625.908
3408.61
2824.68
2144.66
1367.64
476.226
1613.79
1333.95
1019.21
659.206
232.854
238.52
198.423
152.911
99.778
35.4399
59.8795
445.308
1153.52
2103.4
3160.03
4157.92
4960.75
5388.8
5095.69
3658
1619.89
173.665
54.1561
45.9468
34.9534
21.8512
7.43281
402.469
341.176
259.331
162.023
55.0969
1042.02
882.841
670.753
418.955
142.453
1898.63
1607.37
1220.56
762.187
259.149
2848.89
2409.04
1827.99
1141.34
388.106
3740.88
3157.56
2393.88
1494.95
508.605
4448.23
3744.15
2836.08
1773.07
604.078
4806.12
4028.66
3050.04
1912.75
653.841
4507.07
3755.86
2845.18
1796.52
618.453
3198.48
2646.45
2009.38
1283.62
447.863
1395.26
1143.93
870.845
564.412
200.223
145.484
116.593
88.1566
57.8024
20.8302
3243.6
13655.8
3652.24
2910.6
2450.4
1854.77
1158.04
394.198
10049.3
8754.16
7064.38
5804.04
3662.56
3205.53
2648.89
1997.69
1262.7
437.575
0
0
0
0
0
0
0
0
0
0
0
0
-1425.22
121.281
-101.906
164.343
2995.49
2905.13
6439.25
5670.85
6126.23
5537.53
2640.39
2410.17
2236.68
5247.4
5032.46
4804.56
5852.93
5928.68
5801.58
528.123
361.807
185.741
84.3347
215.722
150.859
90.2362
53.5783
98.6155
59.4688
35.6991
22.6212
16.8657
37.5018
22.4613
13.4278
8.49827
6.3406
-2318.44
-2004.15
-1619.56
-1183.24
-722.238
-243.652
-16.5095
-192.119
-564.088
-1180.79
-1920.53
-2583.87
-14.9106
-12.6272
-9.58628
-5.98237
-2.03292
-173.601
-147.111
-111.764
-69.789
-23.7235
-509.491
-431.525
-327.678
-204.54
-69.5182
-1065.38
-901.268
-683.612
-426.379
-144.859
-1729.68
-1460.27
-1105.61
-688.752
-233.863
-2319.9
-1951.98
-1473.72
-916.518
-310.988
3599.33
3665.56
10188.1
10059.6
15397.4
14029.8
3575.34
3193.25
2937.67
9935.29
8957.69
8286.1
12178.8
10652.6
9737.08
0
0
0
0
0
0
0
0
2466.99
1258.73
538.961
364.838
547.722
360.825
322.827
273.754
215.355
150.135
117.836
81.8163
107.953
60.9814
35.3687
22.0753
16.4283
39.2599
22.7182
13.3754
8.40241
6.26087
31.1618
238.714
651.054
1325.83
2216.8
3090.02
28.1915
23.9251
18.2045
11.3817
3.87162
215.87
183.105
139.25
87.0252
29.5969
588.523
498.975
379.31
236.983
80.5855
1197.69
1014.71
770.881
481.44
163.686
2000.41
1692.93
1285.06
802.237
272.723
2783.61
2351.84
1783.34
1113.03
378.421
2853.74
2534.03
2114.04
1595.45
1000.05
342.584
)
;
    }
    patch2
    {
        type            calculated;
        value           nonuniform List<scalar> 
348
(
-470.362
470.39
-827.919
-458.434
-598.767
-606.958
-962.979
-576.753
-712.566
-704.733
827.934
458.442
598.775
606.968
963.011
576.766
712.576
704.747
-9866.06
-2468.72
-525.028
-417.433
-315.484
-521.351
-357.773
-5947.6
-2661.29
-1283.95
-1750.68
-1067.56
-601.183
-822.073
-405.126
-399.167
-456.101
-318.134
-8695.33
-1401.9
-314.503
-570.762
-907.872
-601.274
-715.184
-534.294
-243.808
-441.643
-356.116
-440.101
-8753.57
-1963.25
-2246.87
-811.168
-907.117
-50.5772
-76.543
-128.216
-197.419
-277.272
-354.554
-34.7909
-72.1535
-145.971
-246.44
-360.495
-472.936
-39.463
-17.1665
-69.3067
-43.0453
-127.811
-95.4527
-203.047
-175.007
-276.157
-273.001
-335.445
-365.621
-432.362
-512.375
-610.767
-864.758
-1021.84
-1333.26
-570.547
-635.306
-647.983
-622.641
-536.835
-506.091
-53.6042
-85.7763
-144.007
-219.849
-306.388
-388.557
-38.7362
-84.1682
-166.333
-274.84
-395.162
-509.728
-42.6284
-19.6166
-79.0375
-50.6967
-144.797
-109.281
-228.005
-197.099
-310.304
-311.741
-376.643
-433.822
-470.361
-554.769
-659.459
-913.585
-1069.91
-1357.21
-603.7
-658.977
-659.161
-622.575
-533.605
-505.075
-10044.6
-2518.42
-589.331
-475.518
-398.382
-619.294
-433.727
-7509.83
-5142.69
-1949.57
-3661.77
-911.117
-1571.41
-647.704
-680.899
-476.945
-9994.22
-1745.68
-437.83
-711.635
-1093.79
-692.726
-832.309
-638.026
-309.146
-558.065
-486.486
-542.941
-9313.99
-2092.62
-2591.51
-912.338
-1011.02
9866.18
2468.75
525.033
417.436
315.489
521.356
357.777
5947.78
2661.81
1284.06
1751.12
1067.91
601.228
822.175
405.198
399.189
456.137
318.151
8695.45
1401.95
314.517
570.776
907.892
601.283
715.192
534.303
243.816
441.652
356.129
440.111
8753.65
1963.27
2246.91
811.18
907.129
50.5772
76.5431
128.216
197.419
277.273
354.555
34.7909
72.1536
145.971
246.441
360.496
472.938
39.4631
17.1665
69.3068
43.0453
127.811
95.4528
203.048
175.008
276.158
273.002
335.446
365.624
432.364
512.379
610.772
864.766
1021.85
1333.28
570.55
635.309
647.987
622.645
536.84
506.096
53.6043
85.7767
144.008
219.85
306.39
388.559
38.7363
84.1686
166.333
274.841
395.164
509.73
42.6285
19.6167
79.0379
50.6969
144.798
109.282
228.007
197.1
310.306
311.743
376.646
433.826
470.364
554.773
659.467
913.598
1069.93
1357.23
603.704
658.981
659.166
622.581
533.612
505.082
10044.8
2518.46
589.337
475.522
398.387
619.3
433.733
7510.28
5143.61
1949.76
3662.56
911.171
1571.57
647.73
680.928
476.961
9994.58
1745.76
437.846
711.655
1093.83
692.741
832.323
638.038
309.153
558.074
486.5
542.953
9314.19
2092.67
2591.6
912.364
1011.04
-212.199
144.572
202.869
-318.405
609.866
748.518
-1031.9
1070.99
1511.62
-626.877
1559.76
1503.08
-1916.5
1057.68
1270.52
-1609.97
-1280.6
-2594.6
-1471.32
-3880.34
-478.644
-2474.42
627.582
-4178.59
429.49
170.058
-152.78
-203.389
332.519
-601.256
-743.026
1036.54
-1067.39
-1509.08
628.69
-1558.08
-1501.72
1917.47
-1056.79
-1269.81
1426.22
1127.35
2637.2
1512.68
3893.13
492.903
2479.63
-622.131
4180.96
-427.034
)
;
    }
    patch3
    {
        type            calculated;
        value           nonuniform List<scalar> 
96
(
-409.151
-620.772
-1042.61
-1610.81
-2272.59
-2924.26
-281.932
-586.205
-1188.54
-2012.63
-2955.97
-3897.44
-3595.18
-4299.45
-5154.51
-7194.28
-7530.03
-9068.72
-4727.19
-5286.75
-5397.95
-5146.35
-4233.02
-3773.3
-433.035
-693.373
-1165.95
-1784.02
-2493.62
-3174.71
-313.075
-680.797
-1347.69
-2231.99
-3218.87
-4167.86
-3860.56
-4570.26
-5423.66
-7379.24
-7654.73
-9116.13
-4956.71
-5428.49
-5430.08
-5080.36
-4144.59
-3734.47
409.152
620.772
1042.61
1610.82
2272.6
2924.27
281.932
586.205
1188.54
2012.63
2955.98
3897.45
3595.18
4299.46
5154.52
7194.28
7530.02
9068.7
4727.2
5286.76
5397.95
5146.35
4233.02
3773.29
433.036
693.376
1165.95
1784.03
2493.62
3174.72
313.076
680.8
1347.69
2232
3218.88
4167.87
3860.58
4570.27
5423.67
7379.25
7654.73
9116.11
4956.72
5428.5
5430.09
5080.36
4144.59
3734.46
)
;
    }
    patch4
    {
        type            calculated;
        value           nonuniform List<scalar> 
384
(
-10928.3
-32637.3
-60231.3
-79225.2
-62743.6
-45050.5
-27876.4
-11085.2
-15468.9
-43473.5
-62916.5
-23211
9904.91
32621
60229.1
79222.7
62740.3
45051.7
27874.4
9503.81
14195
43461.7
62889.4
21138
-50616.5
-61569.9
-77245.4
-94593.7
-52059.4
-62115.9
-78340.2
-95044.1
50618.2
61571.5
77245.2
94593.7
52063.7
62118.6
78341.9
95045.1
-18579.3
-21510.4
19736.5
22016.7
-17564.1
-6709.98
-21349.1
-8856.13
18213
6984.47
21739.8
9019.67
-19732.8
-22014.1
18581.9
21512.5
-7954.74
-5662.87
-25219
-17792.5
-31956.3
-40494.4
-4214.27
-1434.67
-13243.4
-4652.05
-10012.6
-7022.08
-29550.3
-20972.4
-33047.2
-41053.5
-5046.47
-1605.14
-15235.5
-5211.94
7274.5
5181.86
25218
17791.8
31958.3
40496.6
3875.05
1325.57
13240
4652.42
9183.61
6428.48
29554.4
20974.6
33050.8
41056.6
4636
1479.25
15232.4
5212.92
-18210.8
-6983.52
-21737.4
-9018.63
17565.9
6710.79
21351.2
8857.1
-13529.4
-17249.8
-12552.3
-16034
13528
17248.7
12552.1
16033.5
-923.991
-1316.01
-2685.41
-4161.98
-2466.66
-2130.12
-4312.61
-6088.05
-7403.31
-11714.6
-8522.94
-12217.2
-6919.06
-11574.2
-6969.66
-11693.5
-400.961
-1474.11
-1871.89
-4579.48
-947.127
-1559.3
-4279.54
-6130.65
-7204.13
-11406.4
-7858.82
-11641.5
-6858.05
-11416.8
-6963.1
-11647.1
874.451
1221.54
2686.8
4156.83
2464.4
2126.88
4312.52
6088.43
7402.55
11714.3
8522
12216.7
6918.91
11574.1
6969.76
11693.5
387.483
1365.74
1876.9
4574.44
945.642
1555.92
4279.42
6131.05
7203.4
11406.1
7858.2
11641.2
6857.92
11416.7
6963.2
11647.1
-991.596
-1955.11
-3335.54
-6320.66
-5933.45
-10616
-10564
108.149
-656.165
-1687.42
-4378.74
-3708.85
-8046.23
-9360.97
936.048
1824.52
3334.93
6302.91
5930.06
10610.1
10562.9
-90.5748
617.947
1697.41
4373.45
3708.35
8043.84
9360.68
-733.841
-2308.61
-4001.88
-5664.08
-7638.67
-11297.5
-9867.25
-12118
-12291.8
-759.839
-2391.39
-4111.46
-5752.39
-7680.71
-11277.1
-9872.37
-12094.7
-12282.4
648.529
2318.26
4003.26
5663.95
7638.4
11297.5
9867.09
12118.1
12291.9
671.304
2402.2
4113.17
5752.45
7680.6
11277.2
9872.34
12094.8
12282.5
-150.294
-472.536
-815.694
-1147.77
-1576.37
-2568.85
-2151.96
-2822.07
-2872.48
-155.484
-488.942
-838.397
-1167.92
-1589.48
-2567.69
-2157.59
-2818.8
-2870.95
131.196
474.707
815.942
1147.63
1576.2
2568.79
2151.84
2822.06
2872.49
135.597
491.353
838.72
1167.82
1589.35
2567.66
2157.5
2818.8
2870.97
-32.6593
-102.797
-177.551
-250.789
-350.057
-603.221
-491.844
-674.166
-690.996
-33.7794
-106.317
-182.587
-255.603
-353.729
-603.778
-494.07
-673.933
-690.808
28.3386
103.233
177.566
250.721
349.987
603.191
491.789
674.153
690.99
29.2791
106.796
182.615
255.542
353.665
603.753
494.023
673.923
690.804
-7.04899
-22.2781
-38.653
-54.9796
-77.8106
-139.452
-111.43
-158.051
-163.178
-7.28402
-23.0177
-39.7394
-56.0715
-78.7226
-139.737
-112.084
-158.112
-163.174
6.09028
22.3625
38.6464
54.9553
77.7868
139.44
111.41
158.045
163.174
6.2867
23.1095
39.7347
56.0481
78.6997
139.726
112.065
158.106
163.171
-1.74199
-5.52532
-9.63648
-13.8248
-19.8304
-36.7496
-28.8424
-42.1903
-43.8759
-1.79722
-5.69921
-9.8971
-14.0971
-20.0733
-36.8568
-29.0371
-42.2325
-43.8843
1.49998
5.54331
9.6322
13.8161
19.8219
36.7447
28.8351
42.1873
43.8738
1.54598
5.71858
9.89303
14.0884
20.065
36.8521
29.03
42.2296
43.8824
)
;
    }
}


// ************************************************************************* //
