/*--------------------------------*- C++ -*----------------------------------*\
| =========                 |                                                 |
| \\      /  F ield         | OpenFOAM: The Open Source CFD Toolbox           |
|  \\    /   O peration     | Version:  2412                                  |
|   \\  /    A nd           | Website:  www.openfoam.com                      |
|    \\/     M anipulation  |                                                 |
\*---------------------------------------------------------------------------*/
FoamFile
{
    version     2.0;
    format      ascii;
    arch        "LSB;label=32;scalar=64";
    class       volScalarField;
    location    "0.49/chip";
    object      T;
}
// * * * * * * * * * * * * * * * * * * * * * * * * * * * * * * * * * * * * * //

dimensions      [0 0 0 1 0 0 0];

internalField   nonuniform List<scalar> 
6620
(
309.358
309.23
309.23
309.106
310.016
309.757
309.757
309.511
309.09
309.152
309.152
309.09
309.152
309.152
309.215
309.215
309.215
309.215
309.152
309.152
309.09
309.152
309.152
309.09
309.106
309.45
309.23
309.23
309.696
309.696
309.106
309.45
309.23
309.23
309.696
309.696
309.358
309.358
309.358
309.955
309.955
309.955
309.955
309.23
309.696
309.696
309.106
309.45
309.23
309.696
309.696
309.45
309.511
309.757
309.757
309.511
309.757
309.757
310.016
310.016
310.016
309.757
309.511
309.757
307.898
307.585
308.843
308.394
308.549
308.688
308.095
308.288
307.793
308.581
308.843
308.395
308.549
308.688
309.96
309.544
309.544
309.707
309.738
309.832
309.832
309.159
308.639
309.412
309.448
308.8
309.049
309.567
308.095
308.288
307.793
308.581
309.159
309.412
308.639
309.448
308.8
309.567
309.049
308.468
308.527
308.527
309.202
308.011
308.821
308.821
308.189
308.978
309.134
308.868
308.38
308.978
309.134
310.141
310.141
310.27
309.364
309.876
309.475
308.868
308.38
309.876
309.364
309.475
309.136
309.136
308.788
307.6
308.287
307.706
308.288
307.706
308.409
308.41
307.815
308.341
308.523
308.341
308.523
308.465
309.365
308.651
308.465
309.365
308.651
308.287
307.706
307.6
308.409
308.41
307.815
308.288
307.706
308.341
308.523
308.465
309.365
308.651
308.341
308.523
309.365
308.465
308.651
309.431
309.431
309.657
309.431
309.431
309.657
309.431
309.431
309.657
309.431
309.431
309.657
308.465
309.365
308.651
308.341
308.523
309.365
308.465
308.651
308.341
308.523
308.288
307.706
308.41
308.41
307.815
307.6
308.288
307.706
309.365
308.465
308.651
309.365
308.465
308.651
308.341
308.523
308.341
308.523
308.41
308.409
307.815
308.288
307.706
308.287
307.706
307.6
308.095
308.288
307.793
308.581
308.095
308.288
307.793
308.581
308.468
308.527
308.527
309.202
308.011
308.821
308.821
307.979
308.152
308.173
308.829
308.66
308.342
308.174
308.829
308.66
308.343
308.617
309.347
309.075
309.075
308.968
308.968
308.723
308.843
308.394
308.549
308.688
309.159
308.639
309.412
309.448
308.8
309.049
309.567
309.159
308.639
309.412
309.448
308.8
309.049
309.567
308.922
308.936
308.766
309.093
308.922
308.936
308.766
309.093
309.306
309.594
309.304
309.815
309.196
309.712
309.414
309.306
309.594
309.304
309.815
309.196
309.712
309.414
307.898
307.585
308.468
308.527
308.527
309.202
308.011
308.821
308.821
308.095
308.288
307.793
308.581
308.173
308.829
308.66
308.342
307.979
308.152
308.617
309.347
309.075
309.075
308.968
308.968
308.723
308.174
308.829
308.66
308.343
309.159
308.639
309.412
309.448
308.8
309.049
309.567
308.843
308.395
308.549
308.688
309.159
309.412
308.639
309.448
308.8
309.567
309.049
308.922
308.936
308.767
309.093
309.306
309.594
309.304
309.815
309.196
309.712
309.414
308.922
308.936
308.766
309.093
309.306
309.594
309.815
309.304
309.712
309.196
309.414
309.96
309.544
309.544
309.707
309.738
309.832
309.832
309.96
309.544
309.544
309.707
309.738
309.832
309.832
309.96
309.544
309.544
309.707
309.738
309.832
309.832
308.843
308.395
308.549
308.688
309.159
309.412
308.639
309.448
308.8
309.567
309.049
308.843
308.395
308.549
308.688
309.306
309.594
309.304
309.815
309.196
309.712
309.414
308.922
308.936
308.767
309.093
309.306
309.594
309.815
309.304
309.712
309.196
309.414
308.922
308.936
308.767
309.093
308.468
308.527
308.527
309.202
308.011
308.821
308.821
307.898
307.585
308.095
308.288
307.793
308.581
308.173
308.829
308.66
308.343
308.617
309.347
309.075
309.075
308.968
308.968
308.723
307.979
308.152
308.173
308.829
308.66
308.343
309.159
309.412
308.639
309.448
308.8
309.567
309.049
308.843
308.395
308.549
308.688
308.843
308.394
308.549
308.688
309.306
309.594
309.815
309.304
309.712
309.196
309.414
309.306
309.594
309.815
309.304
309.712
309.196
309.414
308.922
308.936
308.766
309.093
308.922
308.936
308.766
309.093
308.095
308.288
307.793
308.581
308.095
308.288
307.793
308.581
307.898
307.585
308.617
309.347
309.075
309.075
308.968
308.968
308.723
308.174
308.829
308.66
308.343
308.173
308.829
308.66
308.343
307.979
308.152
308.868
308.38
308.868
308.38
309.136
309.136
308.788
308.978
309.134
309.364
309.876
309.475
309.364
309.876
309.475
308.189
309.136
309.136
308.788
308.868
308.38
309.364
309.876
309.475
308.978
309.134
309.876
309.364
309.475
310.141
310.141
310.27
310.141
310.141
310.27
310.141
310.141
310.27
308.978
309.134
309.876
309.364
309.475
308.978
309.134
309.136
309.136
308.788
308.189
308.868
308.38
309.876
309.364
309.475
308.978
309.134
308.978
309.134
308.868
308.38
308.868
308.38
308.189
309.652
309.452
309.452
309.461
309.549
309.556
309.556
309.258
309.066
309.323
309.334
309.155
309.17
309.426
309.258
309.323
309.066
309.334
309.155
309.426
309.17
308.894
308.945
308.945
309.21
308.79
309.049
309.049
308.846
308.846
308.615
308.906
309.291
309.038
308.906
309.291
309.038
308.846
308.846
308.615
308.906
309.291
309.038
309.291
308.906
309.038
309.355
309.355
309.5
309.355
309.355
309.5
309.355
309.355
309.5
309.355
309.355
309.5
308.906
309.291
309.038
309.291
308.906
309.038
308.846
308.846
308.615
309.291
308.906
309.038
309.291
308.906
309.038
308.846
308.846
308.615
308.894
308.945
308.945
309.21
308.79
309.049
309.049
309.258
309.066
309.323
309.334
309.426
309.155
309.17
309.258
309.066
309.323
309.334
309.155
309.17
309.426
308.894
308.945
308.945
309.21
309.049
308.79
309.049
309.258
309.066
309.323
309.334
309.426
309.155
309.17
309.258
309.323
309.066
309.334
309.155
309.426
309.17
309.652
309.452
309.452
309.461
309.556
309.549
309.556
309.652
309.452
309.452
309.461
309.556
309.549
309.556
309.652
309.452
309.452
309.461
309.549
309.556
309.556
309.258
309.323
309.066
309.334
309.17
309.155
309.426
308.894
308.945
308.945
309.21
309.049
308.79
309.049
309.258
309.323
309.066
309.334
309.17
309.155
309.426
307.362
307.805
307.725
307.725
307.622
307.623
307.548
307.29
307.7
307.379
307.379
307.044
307.507
307.507
308.535
308.756
308.659
308.817
308.56
308.73
308.634
308.378
308.175
308.472
308.504
308.25
308.302
308.582
308.427
308.659
308.324
308.523
308.299
308.452
308.633
308.486
308.766
308.601
308.508
308.41
308.679
308.584
308.013
308.005
307.922
308.278
307.822
308.191
308.109
308.067
308.072
308.152
308.397
307.941
308.2
308.262
307.905
307.905
307.583
307.985
307.778
307.711
308.094
308.174
308.444
308.494
308.404
308.307
308.358
308.271
308.536
308.756
308.818
308.659
308.73
308.56
308.634
308.378
308.175
308.472
308.504
308.25
308.302
308.582
308.428
308.659
308.523
308.324
308.299
308.633
308.452
308.486
308.766
308.601
308.508
308.41
308.679
308.584
309.714
309.514
309.642
309.648
309.611
309.617
309.746
309.714
309.514
309.642
309.648
309.611
309.617
309.746
309.778
309.841
309.706
309.706
309.674
309.809
309.809
309.055
308.864
308.72
308.745
308.95
308.968
308.827
309.317
309.382
309.242
309.516
309.213
309.485
309.345
309.11
308.907
308.774
309.033
309.006
308.88
309.138
308.013
308.005
308.278
307.922
308.191
307.823
308.11
308.068
308.072
308.152
308.397
307.941
308.2
308.262
307.906
307.905
307.985
307.583
307.779
308.094
307.711
308.174
308.444
308.494
308.405
308.307
308.358
308.272
309.317
309.382
309.242
309.515
309.213
309.485
309.345
309.055
308.864
308.72
308.745
308.95
308.968
308.827
309.11
308.907
309.033
308.774
309.006
309.138
308.88
308.703
308.749
308.385
308.633
308.599
308.853
308.492
308.703
308.749
308.385
308.633
308.599
308.853
308.492
308.521
308.12
308.209
308.208
308.417
308.315
308.315
307.928
308.223
308.111
308.112
307.922
308.212
308.046
308.046
307.881
308.071
308.071
308.95
309.163
308.988
309.138
308.916
308.813
309.055
308.996
308.89
308.839
309.074
308.967
309.152
308.966
309.108
308.941
308.992
309.127
308.926
309.007
308.809
309.085
308.479
308.413
308.206
308.596
308.601
308.709
308.734
308.887
308.575
308.735
308.752
308.44
308.402
308.233
308.565
308.414
308.259
308.585
308.557
308.898
308.759
308.763
308.95
309.163
309.138
308.988
308.916
308.814
309.055
308.996
308.891
308.839
309.074
308.967
309.152
309.108
308.966
308.941
309.127
308.992
308.926
309.007
308.809
309.085
310.241
310.305
310.273
310.273
310.115
309.924
310.018
310.018
310.178
310.111
310.08
310.209
310.178
310.111
310.08
310.209
309.577
309.389
309.362
309.605
309.723
309.796
309.634
309.888
309.522
309.226
309.435
309.308
309.781
309.978
309.948
309.81
308.479
308.413
308.596
308.206
308.601
308.709
308.734
308.887
308.576
308.735
308.752
308.44
308.402
308.565
308.233
308.414
308.585
308.259
308.557
308.898
308.759
308.763
309.577
309.389
309.605
309.362
309.723
309.796
309.888
309.634
309.781
309.978
309.948
309.81
309.522
309.226
309.435
309.308
308.99
308.612
308.797
308.797
309.359
309.671
309.512
309.512
309.17
309.113
309.319
308.973
309.17
309.113
309.319
308.972
307.296
307.297
306.951
307.965
308.081
307.768
307.398
307.996
307.688
307.965
308.081
307.768
307.399
307.996
307.689
308.747
308.198
308.52
308.747
308.199
308.52
308.11
308.11
308.427
308.015
308.459
308.127
308.188
308.485
308.151
308.015
308.459
308.127
308.188
308.485
308.151
308.805
308.585
308.935
309.32
309.109
309.066
308.612
309.004
308.962
308.805
308.585
308.935
309.32
309.109
309.066
308.612
309.004
308.962
307.965
308.081
307.768
307.398
307.996
307.688
307.296
307.297
306.951
308.747
308.198
308.52
308.747
308.199
308.52
308.11
308.11
308.427
307.965
308.081
307.768
307.399
307.996
307.689
308.015
308.459
308.127
308.485
308.188
308.152
308.805
308.585
308.935
309.32
309.109
309.066
308.612
309.004
308.962
308.015
308.459
308.127
308.188
308.485
308.152
309.32
309.109
309.066
308.805
308.585
308.935
309.004
308.612
308.962
309.386
309.578
309.531
309.386
309.578
309.531
309.61
309.61
309.562
309.386
309.578
309.531
309.386
309.578
309.531
309.61
309.61
309.562
309.386
309.578
309.531
309.386
309.578
309.531
309.61
309.61
309.562
309.386
309.578
309.531
309.386
309.578
309.531
309.61
309.61
309.562
308.805
308.585
308.935
309.32
309.109
309.066
308.612
309.004
308.962
308.015
308.459
308.127
308.485
308.188
308.152
309.32
309.109
309.066
308.805
308.585
308.935
309.004
308.612
308.962
308.015
308.459
308.127
308.188
308.485
308.152
307.965
308.081
307.768
307.996
307.398
307.689
308.747
308.199
308.52
308.747
308.199
308.52
308.11
308.11
308.427
307.296
307.297
306.951
307.965
308.081
307.768
307.996
307.398
307.689
309.32
309.109
309.066
308.805
308.585
308.935
309.004
308.612
308.962
309.32
309.109
309.066
308.805
308.585
308.935
309.004
308.612
308.962
308.015
308.459
308.127
308.485
308.188
308.152
308.015
308.459
308.127
308.485
308.188
308.152
308.747
308.199
308.52
308.747
308.198
308.52
308.11
308.11
308.427
307.965
308.081
307.768
307.996
307.399
307.689
307.965
308.081
307.768
307.996
307.398
307.688
307.297
307.296
306.951
308.013
308.005
307.922
308.278
307.822
308.191
308.109
308.067
308.072
308.152
308.397
308.2
307.941
308.262
307.905
307.905
307.583
307.985
307.711
307.778
308.094
308.174
308.444
308.494
308.404
308.307
308.358
308.271
308.014
308.006
307.923
308.279
307.823
308.192
308.111
308.068
308.072
308.152
308.397
308.2
307.941
308.262
307.906
307.905
307.583
307.985
307.711
307.779
308.094
308.175
308.444
308.494
308.405
308.307
308.358
308.272
308.703
308.749
308.385
308.633
308.599
308.492
308.853
308.703
308.749
308.385
308.633
308.599
308.492
308.853
308.521
308.12
308.208
308.209
308.417
308.315
308.315
307.736
307.815
307.815
308.048
307.601
307.892
307.892
307.773
308.107
308.007
308.007
307.859
307.956
307.956
308.27
308.009
308.356
308.241
308.195
308.085
308.425
308.495
308.676
308.787
308.692
308.649
308.629
308.543
308.433
308.522
308.491
308.729
308.358
308.591
308.567
308.332
308.299
308.198
308.527
308.149
308.483
308.381
308.272
308.011
308.357
308.242
308.197
308.087
308.426
308.496
308.677
308.787
308.692
308.649
308.629
308.543
308.434
308.523
308.492
308.729
308.359
308.591
308.567
308.334
308.299
308.199
308.527
308.15
308.484
308.382
308.535
308.756
308.659
308.817
308.56
308.73
308.634
308.378
308.175
308.472
308.504
308.302
308.25
308.582
308.427
308.659
308.324
308.523
308.452
308.299
308.633
308.486
308.766
308.601
308.508
308.41
308.679
308.584
309.055
308.864
308.72
308.745
308.827
308.95
308.968
309.317
309.382
309.242
309.515
309.485
309.213
309.345
309.11
308.907
308.774
309.033
308.88
309.006
309.138
309.055
308.864
308.72
308.745
308.95
308.827
308.968
309.317
309.382
309.242
309.515
309.213
309.345
309.485
309.11
308.907
308.774
309.033
309.006
308.88
309.138
308.798
308.747
308.897
308.992
308.722
308.823
308.966
308.81
308.781
308.893
309.015
308.858
308.733
308.973
308.748
308.845
308.595
308.836
308.672
308.671
308.915
308.86
309.05
308.933
309.067
308.908
308.885
309.024
308.798
308.747
308.897
308.992
308.722
308.823
308.966
308.81
308.781
308.893
309.015
308.973
308.733
308.858
308.748
308.845
308.595
308.836
308.672
308.915
308.671
308.86
309.05
308.933
309.067
308.885
309.024
308.908
307.362
307.805
307.725
307.725
307.622
307.623
307.548
307.29
307.7
307.379
307.379
307.507
307.044
307.507
308.703
308.749
308.385
308.633
308.492
308.599
308.853
308.703
308.749
308.385
308.633
308.853
308.599
308.492
308.521
308.12
308.208
308.209
308.315
308.417
308.315
308.014
308.006
307.923
308.279
307.823
308.192
308.111
308.068
308.072
308.152
308.397
307.941
308.262
308.2
307.906
307.905
307.583
307.985
307.779
307.711
308.094
308.175
308.444
308.494
308.405
308.358
308.272
308.307
308.27
308.009
308.356
308.241
308.195
308.085
308.425
308.495
308.676
308.787
308.692
308.543
308.629
308.649
308.433
308.522
308.491
308.729
308.358
308.567
308.591
308.332
308.299
308.198
308.527
308.381
308.149
308.483
307.736
307.815
307.815
308.048
307.601
307.892
307.892
307.773
308.107
308.007
308.007
307.956
307.956
307.859
308.272
308.011
308.357
308.242
308.197
308.087
308.426
308.496
308.677
308.787
308.692
308.649
308.629
308.543
308.434
308.523
308.492
308.729
308.359
308.591
308.567
308.334
308.299
308.199
308.527
308.15
308.484
308.382
309.055
308.864
308.72
308.745
308.827
308.95
308.968
309.317
309.382
309.242
309.516
309.485
309.213
309.345
309.11
308.907
308.774
309.033
308.88
309.006
309.138
308.536
308.756
308.659
308.818
308.56
308.73
308.634
308.378
308.175
308.472
308.504
308.302
308.25
308.582
308.428
308.659
308.324
308.523
308.452
308.299
308.633
308.486
308.766
308.601
308.508
308.41
308.679
308.584
309.317
309.382
309.242
309.516
309.213
309.345
309.485
309.055
308.864
308.72
308.745
308.95
308.827
308.968
309.11
308.907
309.033
308.774
309.006
309.138
308.88
308.798
308.897
308.747
308.992
308.722
308.966
308.823
308.81
308.781
308.893
309.015
308.858
308.733
308.973
308.748
308.845
308.595
308.836
308.672
308.671
308.915
308.86
309.05
309.067
308.933
308.908
309.024
308.885
308.798
308.747
308.897
308.992
308.722
308.823
308.966
308.81
308.781
308.893
309.015
308.973
308.733
308.858
308.748
308.845
308.595
308.836
308.672
308.915
308.671
308.86
309.05
308.933
309.067
308.885
309.024
308.908
309.714
309.514
309.642
309.648
309.746
309.611
309.617
309.714
309.514
309.642
309.648
309.617
309.611
309.746
309.778
309.841
309.706
309.706
309.809
309.674
309.809
309.714
309.514
309.642
309.648
309.746
309.611
309.617
309.714
309.514
309.642
309.648
309.617
309.611
309.746
309.778
309.841
309.706
309.706
309.809
309.674
309.809
309.714
309.514
309.642
309.648
309.611
309.746
309.617
309.714
309.514
309.642
309.648
309.611
309.746
309.617
309.778
309.841
309.706
309.706
309.674
309.809
309.809
308.536
308.756
308.818
308.659
308.73
308.56
308.634
308.378
308.175
308.472
308.504
308.582
308.25
308.302
308.428
308.659
308.523
308.324
308.633
308.299
308.452
308.486
308.766
308.601
308.508
308.679
308.41
308.584
309.317
309.382
309.242
309.516
309.345
309.213
309.485
309.055
308.864
308.72
308.745
308.968
308.95
308.827
309.11
308.907
309.033
308.774
309.138
309.006
308.88
308.536
308.756
308.659
308.818
308.56
308.73
308.634
308.378
308.175
308.472
308.504
308.25
308.582
308.302
308.428
308.659
308.324
308.523
308.299
308.452
308.633
308.486
308.766
308.601
308.508
308.679
308.584
308.41
308.798
308.897
308.747
308.992
308.722
308.966
308.823
308.81
308.781
308.893
309.015
308.733
308.973
308.858
308.748
308.845
308.595
308.836
308.671
308.672
308.915
308.86
309.05
309.067
308.933
309.024
308.885
308.908
308.798
308.747
308.897
308.992
308.722
308.823
308.966
308.81
308.781
308.893
309.015
308.973
308.733
308.858
308.748
308.845
308.595
308.836
308.672
308.915
308.671
308.86
309.05
308.933
309.067
308.885
309.024
308.908
308.703
308.749
308.385
308.633
308.492
308.599
308.853
308.703
308.749
308.385
308.633
308.853
308.599
308.492
308.521
308.12
308.209
308.209
308.315
308.417
308.315
307.362
307.805
307.725
307.725
307.622
307.622
307.548
307.29
307.7
307.379
307.379
307.507
307.044
307.507
308.013
308.006
308.278
307.922
308.191
307.823
308.11
308.068
308.072
308.152
308.397
307.941
308.262
308.2
307.906
307.905
307.985
307.583
307.779
308.094
307.711
308.175
308.444
308.494
308.405
308.358
308.272
308.307
308.271
308.357
308.01
308.241
308.196
308.426
308.086
308.496
308.676
308.787
308.692
308.543
308.629
308.649
308.433
308.522
308.492
308.729
308.358
308.567
308.591
308.333
308.299
308.527
308.198
308.381
308.483
308.149
307.736
307.815
307.815
308.048
307.601
307.892
307.892
307.773
308.107
308.007
308.007
307.956
307.956
307.859
308.271
308.357
308.01
308.241
308.196
308.426
308.086
308.495
308.676
308.787
308.692
308.649
308.629
308.543
308.433
308.522
308.492
308.729
308.358
308.591
308.567
308.333
308.299
308.527
308.199
308.483
308.149
308.381
309.317
309.382
309.242
309.515
309.345
309.213
309.485
309.055
308.864
308.72
308.745
308.968
308.95
308.827
309.11
308.907
309.033
308.774
309.138
309.006
308.88
308.536
308.756
308.818
308.659
308.73
308.56
308.634
308.378
308.175
308.472
308.504
308.582
308.25
308.302
308.428
308.659
308.523
308.324
308.633
308.299
308.452
308.486
308.766
308.601
308.508
308.679
308.41
308.584
308.536
308.756
308.818
308.659
308.73
308.56
308.634
308.378
308.175
308.472
308.504
308.25
308.582
308.302
308.428
308.659
308.523
308.324
308.299
308.633
308.452
308.486
308.766
308.601
308.508
308.679
308.584
308.41
308.798
308.897
308.747
308.992
308.722
308.966
308.823
308.81
308.781
308.893
309.015
308.733
308.973
308.858
308.748
308.845
308.595
308.836
308.671
308.672
308.915
308.86
309.05
309.067
308.933
309.024
308.885
308.908
308.798
308.897
308.747
308.992
308.722
308.966
308.823
308.81
308.781
308.893
309.015
308.973
308.733
308.858
308.748
308.845
308.595
308.836
308.672
308.915
308.671
308.86
309.05
309.067
308.933
309.024
308.885
308.908
308.014
308.006
308.279
307.923
308.192
307.823
308.111
308.068
308.072
308.152
308.397
308.262
307.941
308.2
307.906
307.905
307.985
307.583
308.094
307.779
307.711
308.175
308.444
308.494
308.405
308.358
308.307
308.272
308.013
308.005
308.278
307.922
308.191
307.822
308.109
308.067
308.072
308.152
308.397
308.262
307.941
308.2
307.906
307.905
307.985
307.583
308.094
307.779
307.711
308.174
308.444
308.494
308.404
308.358
308.307
308.271
307.362
307.805
307.725
307.725
307.623
307.622
307.548
307.29
307.7
307.379
307.379
307.044
307.507
307.507
308.272
308.357
308.011
308.242
308.197
308.426
308.087
308.496
308.677
308.787
308.692
308.629
308.649
308.543
308.434
308.522
308.492
308.729
308.567
308.359
308.591
308.334
308.299
308.527
308.199
308.484
308.15
308.382
308.27
308.356
308.01
308.241
308.195
308.425
308.085
308.495
308.676
308.787
308.692
308.629
308.649
308.543
308.433
308.522
308.491
308.729
308.567
308.358
308.591
308.333
308.299
308.527
308.198
308.483
308.149
308.381
307.736
307.815
307.815
308.048
307.601
307.892
307.892
307.773
308.107
308.007
308.007
307.956
307.956
307.859
308.479
308.413
308.206
308.596
308.601
308.709
308.734
308.887
308.735
308.575
308.752
308.44
308.402
308.233
308.565
308.259
308.414
308.585
308.557
308.898
308.759
308.763
308.479
308.414
308.206
308.596
308.601
308.709
308.734
308.887
308.735
308.576
308.752
308.441
308.402
308.233
308.565
308.26
308.415
308.585
308.557
308.898
308.759
308.763
308.99
308.612
308.797
308.797
309.359
309.671
309.512
309.512
309.17
309.113
308.972
309.319
309.17
309.113
308.973
309.319
308.95
309.163
308.988
309.138
308.916
308.813
309.055
308.996
308.839
308.89
309.074
308.967
309.152
308.966
309.108
308.992
308.941
309.127
308.926
309.007
308.809
309.085
309.577
309.389
309.362
309.605
309.723
309.796
309.888
309.634
309.522
309.226
309.308
309.435
309.781
309.978
309.948
309.81
309.577
309.389
309.362
309.605
309.723
309.796
309.634
309.888
309.522
309.226
309.308
309.435
309.781
309.978
309.81
309.948
307.928
308.223
308.111
308.112
307.922
308.212
308.046
308.046
308.071
307.881
308.071
308.99
308.612
308.797
308.797
309.359
309.671
309.512
309.512
309.17
309.113
308.972
309.319
309.17
309.113
309.319
308.973
308.479
308.414
308.206
308.596
308.601
308.709
308.734
308.887
308.576
308.752
308.735
308.441
308.402
308.233
308.565
308.415
308.26
308.585
308.557
308.898
308.763
308.759
309.577
309.389
309.362
309.605
309.723
309.796
309.888
309.634
309.522
309.226
309.308
309.435
309.781
309.978
309.948
309.81
308.95
309.163
308.988
309.138
308.916
308.813
309.055
308.996
308.839
308.89
309.074
308.967
309.152
308.966
309.108
308.992
308.941
309.127
308.926
309.007
308.809
309.085
309.577
309.389
309.605
309.362
309.723
309.796
309.888
309.634
309.781
309.978
309.81
309.948
309.522
309.226
309.308
309.435
310.241
310.305
310.273
310.273
310.115
309.924
310.018
310.018
310.178
310.111
310.209
310.08
310.178
310.111
310.08
310.209
310.241
310.305
310.273
310.273
310.115
309.924
310.018
310.018
310.178
310.111
310.209
310.08
310.178
310.111
310.08
310.209
310.241
310.305
310.273
310.273
310.115
309.924
310.018
310.018
310.178
310.111
310.209
310.08
310.178
310.111
310.209
310.08
308.95
309.163
309.138
308.988
308.916
308.814
309.055
308.996
309.074
308.891
308.839
308.967
309.152
309.108
308.966
309.127
308.941
308.992
308.926
309.007
309.085
308.809
309.577
309.389
309.605
309.362
309.723
309.796
309.634
309.888
309.781
309.978
309.81
309.948
309.522
309.226
309.435
309.308
308.95
309.163
308.988
309.138
308.916
308.813
309.055
308.996
308.891
309.074
308.839
308.967
309.152
308.966
309.108
308.941
308.992
309.127
308.926
309.007
309.085
308.809
308.99
308.612
308.797
308.797
309.359
309.671
309.512
309.512
309.17
309.113
308.972
309.319
309.17
309.113
309.319
308.972
307.928
308.223
308.112
308.112
307.922
308.212
308.046
308.046
308.071
307.881
308.071
308.479
308.413
308.596
308.206
308.601
308.709
308.734
308.887
308.576
308.752
308.735
308.441
308.402
308.565
308.233
308.415
308.585
308.259
308.557
308.898
308.763
308.759
309.577
309.389
309.605
309.362
309.723
309.796
309.634
309.888
309.781
309.978
309.81
309.948
309.522
309.226
309.435
309.308
308.95
309.163
309.138
308.988
308.916
308.813
309.055
308.996
309.074
308.89
308.839
308.967
309.152
309.108
308.966
309.127
308.941
308.992
308.926
309.007
309.085
308.809
308.95
309.163
309.138
308.988
308.916
308.813
309.055
308.996
308.89
309.074
308.839
308.967
309.152
309.108
308.966
308.941
309.127
308.992
308.926
309.007
309.085
308.809
308.479
308.413
308.596
308.206
308.601
308.709
308.734
308.887
308.752
308.576
308.735
308.441
308.402
308.565
308.233
308.585
308.415
308.26
308.557
308.898
308.763
308.759
308.479
308.413
308.596
308.206
308.601
308.709
308.734
308.887
308.752
308.576
308.735
308.44
308.402
308.565
308.233
308.585
308.414
308.259
308.557
308.898
308.763
308.759
307.928
308.223
308.112
308.112
307.922
308.212
308.046
308.046
307.881
308.071
308.071
308.888
309.03
309.018
309.018
308.958
308.958
308.947
309.073
309.092
309.079
309.206
309.02
309.147
309.133
309.073
309.092
309.079
309.206
309.02
309.147
309.133
308.888
309.03
309.018
309.018
308.958
308.958
308.947
309.073
309.092
309.079
309.206
309.02
309.147
309.133
309.073
309.092
309.206
309.079
309.147
309.02
309.133
309.266
309.156
309.27
309.27
309.326
309.211
309.211
309.266
309.156
309.27
309.27
309.211
309.211
309.326
309.266
309.156
309.27
309.27
309.211
309.211
309.326
309.266
309.156
309.27
309.27
309.211
309.211
309.326
309.073
309.092
309.079
309.206
309.133
309.02
309.147
309.073
309.092
309.206
309.079
309.147
309.02
309.133
308.888
309.03
309.018
309.018
308.958
308.958
308.947
309.073
309.092
309.206
309.079
309.133
309.147
309.02
309.073
309.092
309.206
309.079
309.147
309.02
309.133
308.888
309.03
309.018
309.018
308.947
308.958
308.958
307.313
307.536
307.487
307.487
307.381
307.421
307.421
308.04
308.164
308.225
308.226
308.164
308.099
308.104
307.627
307.642
307.591
307.808
307.526
307.745
307.692
308.04
308.164
308.225
308.226
308.164
308.099
308.104
307.627
307.642
307.591
307.808
307.526
307.745
307.692
308.403
308.528
308.348
308.347
308.286
308.467
308.464
308.403
308.528
308.348
308.347
308.286
308.467
308.464
307.964
307.752
307.919
307.919
307.856
307.856
308.026
308.197
308.216
308.279
308.388
308.262
308.152
308.325
308.323
308.46
308.394
308.517
308.388
308.329
308.454
308.197
308.216
308.279
308.388
308.325
308.152
308.262
308.323
308.46
308.394
308.517
308.329
308.454
308.388
308.572
308.584
308.403
308.512
308.523
308.451
308.633
309.223
309.358
309.306
309.29
309.23
309.298
309.282
308.707
308.589
308.645
308.775
308.583
308.714
308.768
308.572
308.584
308.403
308.512
308.451
308.523
308.633
309.223
309.358
309.306
309.29
309.23
309.298
309.282
308.707
308.589
308.645
308.775
308.583
308.714
308.768
308.04
308.164
308.225
308.226
308.104
308.099
308.164
307.627
307.642
307.591
307.808
307.692
307.526
307.745
307.313
307.536
307.487
307.487
307.421
307.421
307.381
308.403
308.528
308.348
308.347
308.467
308.286
308.464
308.403
308.528
308.348
308.347
308.286
308.467
308.464
307.964
307.752
307.919
307.919
307.856
307.856
308.026
308.04
308.164
308.225
308.226
308.164
308.099
308.104
307.627
307.642
307.591
307.808
307.526
307.745
307.692
308.197
308.217
308.279
308.388
308.262
308.152
308.325
308.323
308.46
308.517
308.395
308.388
308.454
308.329
308.572
308.584
308.403
308.512
308.523
308.451
308.633
309.223
309.358
309.306
309.29
309.23
309.298
309.282
308.707
308.589
308.645
308.775
308.583
308.714
308.768
308.197
308.216
308.279
308.388
308.325
308.152
308.262
308.323
308.46
308.395
308.517
308.329
308.454
308.388
309.223
309.358
309.306
309.29
309.23
309.298
309.282
308.572
308.584
308.403
308.512
308.451
308.523
308.633
308.707
308.589
308.775
308.645
308.714
308.583
308.768
309.421
309.424
309.372
309.489
309.481
309.364
309.429
309.421
309.424
309.372
309.489
309.481
309.364
309.429
309.582
309.598
309.649
309.649
309.641
309.59
309.59
309.421
309.424
309.372
309.489
309.364
309.429
309.481
309.421
309.424
309.372
309.489
309.429
309.364
309.481
309.582
309.598
309.649
309.649
309.59
309.59
309.641
309.421
309.424
309.372
309.489
309.364
309.429
309.481
309.421
309.424
309.372
309.489
309.429
309.364
309.481
309.582
309.598
309.649
309.649
309.59
309.59
309.641
309.421
309.424
309.372
309.489
309.429
309.364
309.481
309.421
309.424
309.372
309.489
309.429
309.364
309.481
309.582
309.598
309.649
309.649
309.59
309.59
309.641
308.572
308.584
308.403
308.512
308.633
308.523
308.451
309.223
309.358
309.306
309.29
309.282
309.298
309.23
308.707
308.589
308.645
308.775
308.768
308.583
308.714
308.197
308.217
308.279
308.388
308.152
308.325
308.262
308.323
308.46
308.517
308.395
308.454
308.329
308.388
309.223
309.358
309.306
309.29
309.298
309.23
309.282
308.572
308.584
308.403
308.512
308.451
308.523
308.633
308.707
308.589
308.775
308.645
308.714
308.583
308.768
308.197
308.217
308.279
308.388
308.325
308.152
308.262
308.323
308.46
308.395
308.517
308.329
308.454
308.388
308.04
308.164
308.225
308.226
308.104
308.099
308.164
307.627
307.642
307.808
307.591
307.692
307.745
307.526
308.403
308.528
308.348
308.347
308.467
308.286
308.464
308.403
308.528
308.348
308.347
308.286
308.467
308.464
307.964
307.752
307.919
307.919
307.856
307.856
308.026
307.313
307.536
307.487
307.487
307.421
307.421
307.381
308.04
308.164
308.225
308.226
308.164
308.099
308.104
307.627
307.642
307.808
307.591
307.745
307.526
307.692
309.223
309.358
309.306
309.29
309.282
309.298
309.23
308.572
308.584
308.403
308.512
308.633
308.523
308.451
308.707
308.589
308.775
308.645
308.768
308.714
308.583
309.223
309.358
309.306
309.29
309.298
309.23
309.282
308.572
308.584
308.403
308.512
308.451
308.523
308.633
308.707
308.589
308.775
308.645
308.714
308.583
308.768
308.197
308.216
308.279
308.388
308.152
308.325
308.262
308.323
308.46
308.517
308.395
308.454
308.329
308.388
308.197
308.216
308.279
308.388
308.325
308.152
308.262
308.323
308.46
308.517
308.395
308.454
308.329
308.388
308.403
308.528
308.348
308.347
308.464
308.467
308.286
308.403
308.528
308.348
308.347
308.464
308.467
308.286
307.964
307.752
307.919
307.919
308.026
307.856
307.856
308.04
308.164
308.225
308.226
308.099
308.164
308.104
307.627
307.642
307.808
307.591
307.745
307.526
307.692
308.04
308.164
308.225
308.226
308.099
308.164
308.104
307.627
307.642
307.808
307.591
307.745
307.526
307.692
307.313
307.536
307.487
307.487
307.421
307.421
307.381
308.808
308.937
308.787
308.778
308.877
308.867
308.719
308.808
308.937
308.787
308.778
308.877
308.867
308.719
308.73
308.556
308.701
308.701
308.789
308.642
308.642
308.991
308.997
308.846
308.958
308.938
309.05
308.898
309.119
309.252
309.231
309.216
309.193
309.178
309.156
309.035
308.978
309.002
309.132
309.095
308.942
309.072
308.991
308.997
308.846
308.958
308.938
309.05
308.898
309.119
309.252
309.231
309.216
309.193
309.178
309.156
309.035
308.978
309.002
309.132
309.095
308.942
309.072
308.808
308.937
308.787
308.778
308.877
308.867
308.719
308.808
308.937
308.787
308.778
308.877
308.867
308.719
308.73
308.556
308.701
308.701
308.789
308.642
308.642
308.991
308.997
308.846
308.958
308.938
309.05
308.898
309.119
309.252
309.231
309.216
309.193
309.178
309.156
309.035
308.978
309.002
309.132
309.095
308.942
309.072
309.119
309.252
309.231
309.216
309.193
309.178
309.156
308.991
308.997
308.846
308.958
308.938
309.05
308.898
309.035
308.978
309.132
309.002
309.095
309.072
308.942
309.313
309.317
309.412
309.296
309.373
309.257
309.352
309.313
309.317
309.412
309.296
309.373
309.257
309.352
309.361
309.44
309.46
309.46
309.421
309.401
309.401
309.313
309.317
309.296
309.412
309.257
309.373
309.352
309.313
309.317
309.296
309.412
309.257
309.373
309.352
309.361
309.44
309.46
309.46
309.421
309.401
309.401
309.313
309.317
309.296
309.412
309.257
309.373
309.352
309.313
309.317
309.296
309.412
309.257
309.373
309.352
309.361
309.44
309.46
309.46
309.421
309.401
309.401
309.313
309.317
309.296
309.412
309.257
309.373
309.352
309.313
309.317
309.296
309.412
309.257
309.373
309.352
309.361
309.44
309.46
309.46
309.421
309.401
309.401
308.991
308.997
308.958
308.846
309.05
308.938
308.898
309.119
309.252
309.216
309.231
309.178
309.193
309.156
309.035
308.978
309.002
309.132
309.095
308.942
309.072
309.119
309.252
309.231
309.216
309.193
309.178
309.156
308.991
308.997
308.846
308.958
308.938
309.05
308.898
309.035
308.978
309.132
309.002
309.095
309.072
308.942
308.808
308.937
308.787
308.778
308.877
308.867
308.719
308.808
308.937
308.787
308.778
308.877
308.867
308.719
308.73
308.556
308.701
308.701
308.789
308.642
308.642
309.119
309.252
309.216
309.231
309.178
309.193
309.156
308.991
308.997
308.958
308.846
309.05
308.938
308.898
309.035
308.978
309.132
309.002
309.095
309.072
308.942
309.119
309.252
309.231
309.216
309.193
309.178
309.156
308.991
308.997
308.846
308.958
308.938
309.05
308.898
309.035
308.978
309.132
309.002
309.095
309.072
308.942
308.808
308.937
308.778
308.787
308.867
308.877
308.719
308.808
308.937
308.778
308.787
308.867
308.877
308.719
308.73
308.556
308.701
308.701
308.789
308.642
308.642
307.558
307.442
307.442
307.429
307.503
307.502
307.502
307.61
307.491
307.61
307.61
307.557
307.557
307.659
307.383
307.214
307.379
307.379
307.444
307.312
307.312
307.318
307.132
307.167
307.167
307.242
307.242
307.251
308.008
307.964
307.964
307.932
308.002
307.967
307.967
308.075
308.028
308.143
308.114
308.071
308.032
308.149
308.075
308.028
308.143
308.115
308.071
308.032
308.149
307.985
307.912
307.958
307.958
307.995
307.949
307.949
307.972
307.898
307.919
307.92
307.936
307.936
307.956
309.015
308.97
308.993
308.954
309.01
308.973
308.997
309.028
308.982
309.029
308.992
309.024
308.986
309.034
308.94
308.893
308.965
308.929
308.97
308.936
308.897
308.899
308.856
308.852
308.813
308.893
308.859
308.856
308.437
308.391
308.511
308.482
308.434
308.395
308.517
308.34
308.302
308.249
308.211
308.334
308.305
308.253
308.673
308.633
308.6
308.561
308.604
308.667
308.636
308.745
308.698
308.795
308.762
308.741
308.702
308.8
309.015
308.993
308.97
308.954
309.01
308.997
308.973
309.028
308.982
309.029
308.992
309.024
308.986
309.034
308.94
308.893
308.965
308.929
308.97
308.936
308.897
308.899
308.856
308.852
308.813
308.894
308.859
308.857
308.437
308.512
308.391
308.482
308.434
308.517
308.396
308.34
308.303
308.249
308.211
308.334
308.305
308.253
308.673
308.633
308.601
308.562
308.604
308.668
308.636
308.745
308.698
308.795
308.762
308.741
308.702
308.8
307.2
307.369
307.195
307.22
307.269
307.118
307.301
307.2
307.369
307.195
307.22
307.269
307.118
307.301
307.109
306.847
307.091
307.091
307.182
307.011
307.011
307.916
308.042
307.888
307.906
307.83
307.974
307.983
307.972
308.158
308.018
307.962
307.898
308.096
308.037
307.85
307.692
307.841
307.843
307.765
307.776
307.917
307.506
307.473
307.323
307.5
307.405
307.424
307.574
307.724
307.905
307.934
307.879
307.814
307.842
307.789
307.605
307.612
307.598
307.762
307.523
307.695
307.672
307.916
308.042
307.888
307.907
307.831
307.974
307.983
307.972
308.158
308.019
307.962
307.898
308.096
308.037
307.85
307.693
307.842
307.844
307.765
307.776
307.917
307.507
307.473
307.324
307.501
307.405
307.424
307.574
307.724
307.905
307.934
307.879
307.814
307.842
307.789
307.606
307.613
307.599
307.763
307.523
307.695
307.673
308.515
308.641
308.687
308.68
308.62
308.58
308.575
308.332
308.277
308.137
308.311
308.215
308.25
308.392
308.441
308.46
308.604
308.418
308.544
308.358
308.501
308.515
308.641
308.687
308.68
308.62
308.581
308.575
308.332
308.277
308.137
308.311
308.216
308.25
308.392
308.441
308.46
308.604
308.418
308.544
308.358
308.501
308.065
308.017
308.049
308.222
307.955
308.161
308.126
308.065
308.017
308.049
308.222
307.955
308.161
308.126
308.169
308.367
308.327
308.327
308.267
308.267
308.23
308.07
308.093
308.059
307.939
307.982
308.137
308.025
308.235
308.427
308.332
308.396
308.3
308.267
308.364
308.107
308.05
308.096
308.206
308.02
308.175
308.138
308.194
308.268
308.182
308.111
308.262
308.105
308.2
308.311
308.504
308.357
308.422
308.376
308.292
308.441
308.181
308.075
308.17
308.231
308.25
308.093
308.163
308.07
308.093
307.939
308.059
307.982
308.025
308.137
308.235
308.427
308.396
308.332
308.267
308.364
308.3
308.107
308.05
308.096
308.206
308.02
308.138
308.175
308.194
308.268
308.111
308.182
308.2
308.105
308.262
308.311
308.504
308.422
308.357
308.292
308.441
308.376
308.181
308.075
308.17
308.231
308.093
308.163
308.25
308.687
308.697
308.745
308.856
308.796
308.637
308.747
308.613
308.552
308.524
308.708
308.491
308.647
308.674
308.729
308.875
308.899
308.824
308.839
308.764
308.789
309.208
309.343
309.261
309.245
309.186
309.283
309.267
309.138
309.204
309.049
309.102
309.042
309.145
309.197
309.123
309.007
309.161
309.088
309.101
309.028
309.183
308.694
308.632
308.55
308.735
308.57
308.674
308.755
308.825
308.893
308.944
308.997
308.937
308.832
308.886
308.812
308.902
308.851
308.983
308.791
308.923
308.872
308.687
308.697
308.745
308.856
308.796
308.637
308.747
308.613
308.552
308.524
308.708
308.491
308.647
308.674
308.729
308.875
308.899
308.824
308.839
308.764
308.789
309.208
309.343
309.261
309.245
309.186
309.283
309.267
309.138
309.204
309.049
309.102
309.145
309.042
309.197
309.123
309.007
309.161
309.088
309.101
309.028
309.183
308.694
308.632
308.55
308.735
308.57
308.674
308.755
308.825
308.893
308.944
308.997
308.832
308.937
308.886
308.812
308.902
308.851
308.983
308.791
308.923
308.872
307.916
308.042
307.906
307.888
307.83
307.983
307.974
307.972
308.158
307.962
308.018
308.037
307.898
308.096
307.85
307.692
307.841
307.843
307.765
307.917
307.776
307.506
307.473
307.5
307.323
307.574
307.424
307.405
307.724
307.905
307.879
307.934
307.789
307.814
307.842
307.605
307.612
307.598
307.762
307.672
307.523
307.695
307.2
307.369
307.22
307.195
307.301
307.118
307.269
307.2
307.369
307.22
307.195
307.118
307.301
307.269
307.109
306.847
307.091
307.091
307.011
307.011
307.182
308.515
308.641
308.687
308.68
308.62
308.58
308.575
308.332
308.277
308.137
308.311
308.215
308.25
308.392
308.441
308.46
308.604
308.418
308.544
308.358
308.501
308.515
308.641
308.687
308.68
308.62
308.581
308.575
308.332
308.277
308.137
308.311
308.25
308.216
308.392
308.441
308.46
308.604
308.418
308.544
308.358
308.501
308.065
308.017
308.049
308.222
307.955
308.161
308.126
308.065
308.017
308.049
308.222
308.161
307.955
308.126
308.169
308.367
308.327
308.327
308.267
308.267
308.23
307.916
308.042
307.888
307.907
307.831
307.974
307.983
307.972
308.158
308.019
307.962
308.096
307.898
308.037
307.85
307.693
307.842
307.844
307.765
307.776
307.917
307.507
307.473
307.324
307.501
307.405
307.424
307.574
307.724
307.905
307.934
307.879
307.842
307.814
307.789
307.606
307.613
307.599
307.763
307.523
307.695
307.673
308.07
308.093
308.059
307.939
307.982
308.138
308.025
308.235
308.427
308.332
308.396
308.3
308.267
308.364
308.107
308.05
308.096
308.206
308.02
308.175
308.138
308.311
308.504
308.357
308.422
308.376
308.292
308.441
308.194
308.268
308.182
308.111
308.262
308.105
308.2
308.181
308.075
308.231
308.17
308.25
308.163
308.093
308.687
308.697
308.745
308.856
308.796
308.637
308.747
308.613
308.552
308.524
308.708
308.491
308.647
308.674
308.729
308.875
308.899
308.824
308.839
308.764
308.79
309.208
309.343
309.261
309.245
309.186
309.283
309.267
309.138
309.204
309.049
309.102
309.042
309.145
309.197
309.123
309.007
309.161
309.088
309.101
309.028
309.183
308.694
308.632
308.55
308.735
308.57
308.674
308.755
308.825
308.893
308.944
308.997
308.937
308.832
308.886
308.812
308.902
308.851
308.983
308.791
308.923
308.872
308.07
308.093
307.939
308.059
307.982
308.025
308.137
308.235
308.427
308.396
308.332
308.267
308.364
308.3
308.107
308.05
308.096
308.206
308.02
308.138
308.175
308.194
308.268
308.111
308.182
308.2
308.105
308.262
308.311
308.504
308.422
308.357
308.292
308.441
308.376
308.181
308.075
308.17
308.231
308.093
308.163
308.25
309.208
309.343
309.261
309.245
309.186
309.283
309.267
309.138
309.204
309.049
309.102
309.145
309.042
309.197
309.123
309.007
309.161
309.088
309.101
309.028
309.183
308.687
308.697
308.745
308.856
308.796
308.637
308.747
308.613
308.552
308.524
308.708
308.491
308.647
308.674
308.729
308.875
308.899
308.824
308.839
308.764
308.789
308.825
308.893
308.944
308.997
308.832
308.937
308.886
308.694
308.632
308.55
308.735
308.57
308.674
308.755
308.812
308.902
308.983
308.851
308.923
308.791
308.872
309.406
309.408
309.443
309.326
309.383
309.466
309.349
309.47
309.538
309.57
309.518
309.53
309.511
309.478
309.455
309.471
309.491
309.554
309.432
309.514
309.495
309.406
309.408
309.443
309.326
309.383
309.466
309.349
309.47
309.538
309.57
309.518
309.53
309.511
309.478
309.455
309.471
309.491
309.554
309.432
309.514
309.495
309.566
309.633
309.602
309.55
309.626
309.542
309.574
309.566
309.633
309.602
309.55
309.626
309.542
309.574
309.55
309.503
309.586
309.586
309.61
309.526
309.526
309.406
309.408
309.326
309.443
309.383
309.349
309.466
309.47
309.538
309.518
309.57
309.478
309.511
309.53
309.455
309.471
309.491
309.554
309.432
309.495
309.514
309.406
309.408
309.326
309.443
309.383
309.349
309.466
309.47
309.538
309.518
309.57
309.511
309.478
309.53
309.455
309.471
309.491
309.554
309.432
309.495
309.514
309.566
309.633
309.55
309.602
309.574
309.542
309.626
309.566
309.633
309.55
309.602
309.542
309.574
309.626
309.55
309.503
309.586
309.586
309.526
309.526
309.61
309.406
309.408
309.326
309.443
309.383
309.349
309.466
309.47
309.538
309.518
309.57
309.478
309.511
309.53
309.455
309.471
309.491
309.554
309.432
309.495
309.514
309.406
309.408
309.326
309.443
309.383
309.349
309.466
309.47
309.538
309.518
309.57
309.511
309.478
309.53
309.455
309.471
309.491
309.554
309.432
309.495
309.514
309.566
309.633
309.55
309.602
309.574
309.542
309.626
309.566
309.633
309.55
309.602
309.542
309.574
309.626
309.55
309.503
309.586
309.586
309.526
309.526
309.61
309.406
309.408
309.326
309.443
309.383
309.349
309.466
309.47
309.538
309.518
309.57
309.478
309.511
309.53
309.455
309.471
309.491
309.554
309.432
309.495
309.514
309.406
309.408
309.326
309.443
309.383
309.349
309.466
309.47
309.538
309.518
309.57
309.478
309.511
309.53
309.455
309.471
309.491
309.554
309.432
309.495
309.514
309.566
309.633
309.55
309.602
309.574
309.542
309.626
309.566
309.633
309.55
309.602
309.574
309.542
309.626
309.55
309.503
309.586
309.586
309.526
309.526
309.61
308.687
308.697
308.856
308.745
308.796
308.747
308.637
308.613
308.552
308.708
308.524
308.674
308.647
308.491
308.729
308.875
308.899
308.824
308.839
308.79
308.764
309.208
309.343
309.245
309.261
309.186
309.267
309.283
309.138
309.204
309.102
309.049
309.197
309.042
309.145
309.123
309.007
309.161
309.088
309.101
309.183
309.028
308.694
308.632
308.735
308.55
308.755
308.674
308.57
308.825
308.893
308.997
308.944
308.886
308.937
308.832
308.812
308.902
308.852
308.983
308.872
308.791
308.923
308.07
308.093
307.939
308.059
307.982
308.025
308.138
308.235
308.427
308.396
308.332
308.364
308.267
308.3
308.107
308.05
308.096
308.206
308.02
308.138
308.175
308.311
308.504
308.422
308.357
308.441
308.292
308.376
308.194
308.268
308.111
308.182
308.105
308.2
308.262
308.181
308.075
308.231
308.17
308.163
308.093
308.25
309.208
309.343
309.261
309.245
309.186
309.283
309.267
309.138
309.204
309.049
309.102
309.145
309.042
309.197
309.123
309.007
309.161
309.088
309.101
309.028
309.183
308.687
308.697
308.745
308.856
308.796
308.637
308.747
308.613
308.552
308.524
308.708
308.647
308.491
308.674
308.729
308.875
308.899
308.824
308.839
308.764
308.79
308.825
308.893
308.944
308.997
308.832
308.937
308.886
308.694
308.632
308.55
308.735
308.674
308.57
308.755
308.812
308.902
308.983
308.852
308.923
308.791
308.872
308.07
308.093
307.939
308.059
307.982
308.025
308.138
308.235
308.427
308.396
308.332
308.364
308.267
308.3
308.107
308.05
308.096
308.206
308.02
308.138
308.175
308.194
308.268
308.111
308.182
308.2
308.105
308.262
308.311
308.504
308.422
308.357
308.441
308.292
308.376
308.181
308.075
308.17
308.231
308.093
308.163
308.25
307.916
308.042
307.906
307.888
307.831
307.983
307.974
307.972
308.158
307.962
308.019
308.037
307.898
308.096
307.85
307.693
307.842
307.844
307.765
307.917
307.776
307.724
307.905
307.879
307.934
307.789
307.814
307.842
307.506
307.473
307.5
307.323
307.574
307.424
307.405
307.605
307.612
307.762
307.598
307.673
307.695
307.523
308.515
308.641
308.687
308.68
308.62
308.58
308.575
308.332
308.277
308.137
308.311
308.216
308.25
308.392
308.441
308.46
308.604
308.418
308.544
308.358
308.501
308.515
308.641
308.687
308.68
308.62
308.58
308.575
308.332
308.277
308.137
308.311
308.25
308.216
308.392
308.441
308.46
308.604
308.418
308.544
308.358
308.501
308.065
308.017
308.049
308.222
307.955
308.161
308.126
308.065
308.017
308.049
308.222
308.161
307.955
308.126
308.169
308.367
308.327
308.327
308.267
308.267
308.23
307.2
307.369
307.22
307.195
307.301
307.118
307.269
307.2
307.369
307.22
307.195
307.118
307.301
307.269
307.109
306.847
307.091
307.091
307.011
307.011
307.182
307.916
308.042
307.888
307.906
307.831
307.974
307.983
307.972
308.158
308.019
307.962
308.096
307.898
308.037
307.85
307.693
307.842
307.844
307.765
307.776
307.917
307.724
307.905
307.934
307.879
307.842
307.814
307.789
307.506
307.473
307.323
307.5
307.405
307.424
307.574
307.605
307.612
307.762
307.598
307.695
307.523
307.673
309.208
309.343
309.245
309.261
309.186
309.267
309.283
309.138
309.204
309.102
309.049
309.197
309.042
309.145
309.123
309.007
309.161
309.088
309.101
309.183
309.028
308.687
308.697
308.856
308.745
308.796
308.747
308.637
308.613
308.552
308.708
308.524
308.674
308.647
308.491
308.729
308.875
308.899
308.824
308.839
308.789
308.764
308.825
308.893
308.997
308.944
308.886
308.937
308.832
308.694
308.632
308.735
308.55
308.755
308.674
308.57
308.812
308.902
308.983
308.851
308.872
308.923
308.791
309.208
309.343
309.261
309.245
309.186
309.283
309.267
309.138
309.204
309.049
309.102
309.145
309.042
309.197
309.123
309.007
309.161
309.088
309.101
309.028
309.183
308.687
308.697
308.745
308.856
308.796
308.637
308.747
308.613
308.552
308.524
308.708
308.647
308.491
308.674
308.729
308.875
308.899
308.824
308.839
308.764
308.789
308.825
308.893
308.944
308.997
308.832
308.937
308.886
308.694
308.632
308.55
308.735
308.674
308.57
308.755
308.812
308.902
308.983
308.851
308.923
308.791
308.872
308.07
308.093
307.939
308.059
307.982
308.025
308.137
308.235
308.427
308.396
308.332
308.364
308.267
308.3
308.107
308.05
308.096
308.206
308.02
308.138
308.175
308.311
308.504
308.422
308.357
308.441
308.292
308.376
308.194
308.268
308.111
308.182
308.105
308.2
308.262
308.181
308.075
308.231
308.17
308.163
308.093
308.25
308.07
308.093
307.939
308.059
307.982
308.025
308.137
308.235
308.427
308.396
308.332
308.364
308.267
308.3
308.107
308.05
308.096
308.206
308.02
308.138
308.175
308.311
308.504
308.422
308.357
308.441
308.292
308.376
308.194
308.268
308.111
308.182
308.2
308.105
308.262
308.181
308.075
308.231
308.17
308.163
308.093
308.25
308.515
308.641
308.68
308.687
308.62
308.575
308.581
308.332
308.277
308.311
308.137
308.392
308.25
308.216
308.441
308.46
308.604
308.418
308.544
308.501
308.358
308.515
308.641
308.68
308.687
308.62
308.575
308.58
308.332
308.277
308.311
308.137
308.392
308.25
308.215
308.441
308.46
308.604
308.418
308.544
308.501
308.358
308.065
308.017
308.222
308.049
308.126
308.161
307.955
308.065
308.017
308.222
308.049
308.126
308.161
307.955
308.169
308.367
308.327
308.327
308.23
308.267
308.267
307.916
308.042
307.888
307.907
307.831
307.974
307.983
307.972
308.158
308.019
307.962
308.096
307.898
308.037
307.85
307.693
307.842
307.844
307.765
307.776
307.917
307.724
307.905
307.934
307.879
307.842
307.814
307.789
307.507
307.473
307.324
307.5
307.424
307.405
307.574
307.606
307.613
307.763
307.599
307.695
307.523
307.673
307.916
308.042
307.888
307.906
307.83
307.974
307.983
307.972
308.158
308.018
307.962
308.096
307.898
308.037
307.85
307.692
307.842
307.843
307.765
307.776
307.917
307.724
307.905
307.934
307.879
307.842
307.814
307.789
307.506
307.473
307.323
307.5
307.424
307.405
307.574
307.605
307.612
307.762
307.598
307.695
307.523
307.672
307.2
307.369
307.22
307.195
307.301
307.118
307.269
307.2
307.369
307.22
307.195
307.301
307.118
307.269
307.109
306.847
307.091
307.091
307.011
307.011
307.182
307.788
307.695
307.784
307.784
307.745
307.745
307.824
307.748
307.65
307.658
307.658
307.705
307.704
307.704
307.887
307.805
307.817
307.818
307.857
307.849
307.849
307.913
307.834
307.9
307.9
307.936
307.876
307.876
307.558
307.442
307.442
307.429
307.503
307.502
307.502
307.61
307.491
307.61
307.61
307.557
307.557
307.659
307.383
307.379
307.214
307.379
307.444
307.312
307.312
307.318
307.132
307.167
307.167
307.251
307.242
307.242
307.788
307.695
307.784
307.784
307.745
307.745
307.824
307.748
307.65
307.658
307.658
307.705
307.704
307.704
307.887
307.817
307.818
307.805
307.857
307.849
307.849
307.913
307.834
307.9
307.9
307.876
307.876
307.936
307.558
307.442
307.442
307.429
307.503
307.502
307.502
307.61
307.491
307.61
307.61
307.557
307.557
307.659
307.383
307.379
307.214
307.379
307.444
307.312
307.312
307.318
307.132
307.167
307.167
307.251
307.242
307.242
307.788
307.695
307.784
307.784
307.745
307.745
307.824
307.748
307.65
307.658
307.658
307.705
307.704
307.704
307.887
307.817
307.817
307.805
307.857
307.849
307.849
307.913
307.834
307.9
307.9
307.876
307.876
307.936
307.558
307.442
307.442
307.429
307.503
307.502
307.502
307.61
307.491
307.61
307.61
307.557
307.557
307.659
307.383
307.214
307.379
307.379
307.444
307.312
307.312
307.318
307.132
307.167
307.167
307.251
307.242
307.242
307.788
307.695
307.784
307.784
307.745
307.745
307.824
307.748
307.65
307.658
307.658
307.705
307.704
307.704
307.887
307.818
307.817
307.805
307.857
307.849
307.849
307.913
307.834
307.9
307.9
307.876
307.876
307.936
308.437
308.391
308.511
308.482
308.434
308.395
308.517
308.34
308.302
308.249
308.211
308.253
308.334
308.305
308.673
308.633
308.6
308.561
308.604
308.667
308.636
308.745
308.697
308.795
308.762
308.8
308.741
308.702
308.437
308.391
308.512
308.482
308.434
308.396
308.518
308.34
308.303
308.25
308.211
308.253
308.334
308.306
308.673
308.633
308.601
308.562
308.604
308.668
308.636
308.745
308.698
308.795
308.762
308.8
308.741
308.702
309.015
308.97
308.993
308.954
309.01
308.973
308.997
309.028
308.982
309.029
308.992
309.034
309.024
308.986
308.94
308.893
308.965
308.929
308.97
308.936
308.897
308.899
308.856
308.852
308.813
308.856
308.893
308.859
308.008
307.964
307.964
307.932
308.002
307.967
307.967
308.075
308.028
308.143
308.114
308.149
308.071
308.032
308.075
308.028
308.143
308.115
308.071
308.032
308.149
307.985
307.958
307.912
307.958
307.995
307.949
307.949
307.972
307.898
307.919
307.92
307.956
307.936
307.936
308.437
308.391
308.512
308.482
308.434
308.396
308.518
308.34
308.303
308.25
308.211
308.253
308.334
308.306
308.673
308.601
308.562
308.633
308.604
308.668
308.636
308.745
308.698
308.795
308.762
308.741
308.702
308.8
309.015
308.97
308.993
308.954
309.01
308.973
308.997
309.028
308.982
309.029
308.992
309.034
309.024
308.986
308.94
308.893
308.965
308.929
308.97
308.936
308.897
308.899
308.856
308.852
308.813
308.856
308.894
308.859
309.015
308.993
308.97
308.954
309.01
308.997
308.973
309.028
308.982
309.029
308.992
309.024
308.986
309.034
308.94
308.965
308.893
308.929
308.97
308.936
308.897
308.899
308.856
308.852
308.813
308.857
308.894
308.859
309.015
308.97
308.993
308.954
309.01
308.973
308.997
309.028
308.982
309.029
308.992
309.034
309.024
308.986
308.94
308.965
308.929
308.893
308.97
308.936
308.897
308.899
308.856
308.852
308.813
308.894
308.859
308.857
308.008
307.964
307.964
307.932
308.002
307.967
307.967
308.075
308.028
308.143
308.114
308.149
308.071
308.032
308.075
308.028
308.143
308.114
308.071
308.032
308.149
307.985
307.958
307.912
307.958
307.995
307.949
307.949
307.972
307.898
307.92
307.92
307.956
307.936
307.936
308.437
308.512
308.391
308.482
308.434
308.517
308.396
308.34
308.303
308.25
308.211
308.253
308.334
308.305
308.673
308.601
308.562
308.633
308.604
308.668
308.636
308.745
308.698
308.795
308.762
308.741
308.702
308.8
309.015
308.993
308.97
308.954
309.01
308.997
308.973
309.028
308.982
309.029
308.992
309.024
308.986
309.034
308.94
308.965
308.893
308.929
308.97
308.936
308.897
308.899
308.856
308.852
308.813
308.856
308.894
308.859
309.015
308.993
308.97
308.954
309.01
308.997
308.973
309.028
308.982
309.029
308.992
309.034
309.024
308.986
308.94
308.965
308.929
308.893
308.97
308.936
308.897
308.899
308.856
308.852
308.813
308.893
308.859
308.856
308.437
308.512
308.391
308.482
308.434
308.518
308.396
308.34
308.303
308.25
308.211
308.334
308.306
308.253
308.673
308.601
308.633
308.562
308.604
308.668
308.636
308.745
308.698
308.795
308.762
308.8
308.741
308.702
308.437
308.511
308.391
308.482
308.434
308.517
308.395
308.34
308.303
308.249
308.211
308.334
308.305
308.253
308.673
308.601
308.633
308.561
308.604
308.667
308.636
308.745
308.698
308.795
308.762
308.8
308.741
308.702
308.008
307.964
307.964
307.932
308.002
307.967
307.967
308.075
308.028
308.143
308.115
308.149
308.071
308.032
308.075
308.028
308.143
308.114
308.149
308.071
308.032
307.985
307.912
307.958
307.958
307.995
307.949
307.949
307.972
307.898
307.92
307.919
307.956
307.936
307.936
310.106
309.852
310.08
310.08
309.977
309.977
310.208
310.106
309.852
310.08
310.08
309.977
309.977
310.208
310.106
309.852
310.08
310.08
309.977
309.977
310.208
310.106
309.852
310.08
310.08
309.977
309.977
310.208
)
;

boundaryField
{
    chip
    {
        type            zeroGradient;
    }
    chip_to_dbc_cu_top
    {
        type            compressible::turbulentTemperatureRadCoupledMixed;
        refValue        nonuniform List<scalar> 
1600
(
306.579
306.723
306.65
306.65
306.761
306.782
306.709
306.835
306.761
306.782
306.709
306.835
306.579
306.723
306.65
306.65
306.761
306.782
306.709
306.835
306.761
306.782
306.835
306.709
306.952
306.844
306.897
306.897
306.952
306.844
306.897
306.897
306.952
306.844
306.897
306.897
306.952
306.844
306.897
306.897
306.761
306.782
306.709
306.835
306.761
306.782
306.835
306.709
306.579
306.723
306.65
306.65
306.761
306.782
306.835
306.709
306.761
306.782
306.835
306.709
306.579
306.723
306.65
306.65
304.701
305.04
304.865
304.865
305.531
305.795
305.735
305.588
305.104
305.167
304.988
305.29
305.531
305.795
305.735
305.588
305.104
305.167
304.988
305.29
306.042
305.955
305.894
306.106
306.042
305.955
305.894
306.106
305.566
305.306
305.433
305.433
305.677
305.844
305.635
305.888
305.796
306.016
305.801
306.01
305.677
305.844
305.888
305.635
305.796
306.016
305.801
306.01
306.206
306.007
306.159
306.052
306.907
306.991
306.914
306.984
306.336
306.185
306.179
306.342
306.206
306.007
306.052
306.159
306.907
306.991
306.914
306.984
306.336
306.185
306.179
306.342
305.531
305.795
305.588
305.735
305.104
305.167
304.988
305.29
304.701
305.04
304.865
304.865
306.042
305.955
306.106
305.894
306.042
305.955
305.894
306.106
305.566
305.306
305.433
305.433
305.531
305.795
305.735
305.588
305.104
305.167
304.988
305.29
305.677
305.844
305.636
305.888
305.796
306.016
306.01
305.801
306.206
306.007
306.159
306.052
306.907
306.991
306.914
306.984
306.336
306.185
306.179
306.342
305.677
305.844
305.888
305.635
305.796
306.016
305.801
306.01
306.907
306.991
306.914
306.984
306.206
306.007
306.052
306.159
306.336
306.185
306.342
306.179
307.103
307.055
307.047
307.111
307.103
307.055
307.047
307.111
307.26
307.276
307.268
307.268
307.103
307.055
307.047
307.111
307.103
307.055
307.111
307.047
307.26
307.276
307.268
307.268
307.103
307.055
307.047
307.111
307.103
307.055
307.111
307.047
307.26
307.276
307.268
307.268
307.103
307.055
307.111
307.047
307.103
307.055
307.111
307.047
307.26
307.276
307.268
307.268
306.206
306.007
306.159
306.052
306.907
306.991
306.984
306.914
306.336
306.185
306.179
306.342
305.677
305.844
305.636
305.888
305.796
306.016
306.01
305.801
306.907
306.991
306.984
306.914
306.206
306.007
306.052
306.159
306.336
306.185
306.342
306.179
305.677
305.844
305.888
305.636
305.796
306.016
305.801
306.01
305.531
305.795
305.588
305.735
305.104
305.167
305.29
304.988
306.042
305.955
306.106
305.894
306.042
305.955
305.894
306.106
305.566
305.306
305.433
305.433
304.701
305.04
304.865
304.865
305.531
305.795
305.735
305.588
305.104
305.167
305.29
304.988
306.907
306.991
306.984
306.914
306.206
306.007
306.159
306.052
306.336
306.185
306.342
306.179
306.907
306.991
306.984
306.914
306.206
306.007
306.052
306.159
306.336
306.185
306.342
306.179
305.677
305.844
305.635
305.888
305.796
306.016
306.01
305.801
305.677
305.844
305.888
305.635
305.796
306.016
306.01
305.801
306.042
305.955
306.106
305.894
306.042
305.955
306.106
305.894
305.566
305.306
305.433
305.433
305.531
305.795
305.588
305.735
305.104
305.167
305.29
304.988
305.531
305.795
305.588
305.735
305.104
305.167
305.29
304.988
304.701
305.04
304.865
304.865
306.415
306.233
306.322
306.322
306.496
306.471
306.566
306.402
306.496
306.471
306.566
306.402
306.719
306.656
306.621
306.755
306.675
306.528
306.624
306.578
306.806
306.918
306.881
306.843
306.719
306.656
306.621
306.755
306.675
306.528
306.624
306.578
306.806
306.918
306.881
306.843
306.415
306.233
306.322
306.322
306.496
306.471
306.566
306.402
306.496
306.471
306.566
306.402
306.719
306.656
306.621
306.755
306.675
306.528
306.624
306.578
306.806
306.918
306.881
306.843
306.719
306.656
306.755
306.621
306.806
306.918
306.881
306.843
306.675
306.528
306.624
306.578
307.045
307.123
307.084
307.084
306.998
306.981
306.943
307.036
306.998
306.981
306.943
307.036
307.045
307.123
307.084
307.084
306.998
306.981
306.943
307.036
306.998
306.981
306.943
307.036
307.045
307.123
307.084
307.084
306.998
306.981
306.943
307.036
306.998
306.981
306.943
307.036
307.045
307.123
307.084
307.084
306.998
306.981
306.943
307.036
306.998
306.981
306.943
307.036
306.719
306.656
306.621
306.755
306.675
306.528
306.624
306.578
306.806
306.918
306.881
306.843
306.719
306.656
306.755
306.621
306.806
306.918
306.881
306.843
306.675
306.528
306.624
306.578
306.415
306.233
306.322
306.322
306.496
306.471
306.566
306.402
306.496
306.471
306.566
306.402
306.719
306.656
306.755
306.621
306.806
306.918
306.881
306.843
306.675
306.528
306.624
306.578
306.719
306.656
306.755
306.621
306.806
306.918
306.881
306.843
306.675
306.528
306.624
306.578
306.415
306.233
306.322
306.322
306.496
306.471
306.566
306.402
306.496
306.471
306.566
306.402
304.315
303.845
304.038
304.038
304.494
304.351
304.223
304.649
304.494
304.351
304.223
304.649
305.221
304.831
304.892
305.149
305.282
305.004
304.957
305.338
305.464
305.588
305.39
305.666
304.978
304.749
304.672
305.07
304.879
304.474
304.767
304.568
305.213
305.503
305.308
305.403
305.221
304.831
304.892
305.149
305.283
305.004
304.957
305.338
305.464
305.588
305.39
305.666
304.978
304.749
304.672
305.07
304.879
304.474
304.767
304.568
305.213
305.503
305.308
305.403
306.102
306.132
306.22
306.016
306.178
306.365
306.298
306.244
305.969
305.743
305.823
305.885
306.102
306.132
306.22
306.016
306.178
306.365
306.298
306.244
305.969
305.743
305.823
305.885
305.812
306.035
305.922
305.922
305.686
305.652
305.55
305.793
305.686
305.652
305.55
305.793
305.458
305.147
305.123
305.487
305.424
305.052
305.087
305.383
305.714
305.956
305.743
305.925
305.526
305.171
305.185
305.509
305.537
305.202
305.197
305.543
305.784
305.98
305.766
305.998
305.458
305.147
305.123
305.487
305.424
305.052
305.087
305.383
305.714
305.956
305.743
305.925
305.526
305.171
305.185
305.509
305.537
305.202
305.543
305.197
305.784
305.98
305.766
305.998
306.387
306.547
306.512
306.421
306.346
306.421
306.47
306.298
306.245
306.123
306.091
306.278
306.804
306.684
306.783
306.705
306.893
306.947
306.871
306.969
306.818
306.725
306.718
306.826
306.467
306.573
306.447
306.594
306.323
306.148
306.166
306.304
306.48
306.614
306.607
306.486
306.387
306.547
306.512
306.421
306.346
306.421
306.47
306.298
306.245
306.123
306.091
306.278
306.804
306.684
306.783
306.705
306.893
306.947
306.871
306.969
306.818
306.725
306.826
306.718
306.467
306.573
306.447
306.594
306.323
306.148
306.166
306.304
306.48
306.614
306.486
306.607
305.221
304.831
304.892
305.149
305.282
305.004
304.957
305.338
305.464
305.588
305.39
305.666
304.978
304.749
304.672
305.07
304.879
304.474
304.568
304.767
305.213
305.503
305.308
305.403
304.315
303.845
304.038
304.038
304.494
304.351
304.649
304.223
304.494
304.351
304.223
304.649
306.102
306.132
306.22
306.016
306.178
306.365
306.298
306.244
305.969
305.743
305.823
305.885
306.102
306.132
306.22
306.016
306.179
306.365
306.298
306.244
305.969
305.743
305.885
305.823
305.812
306.035
305.922
305.922
305.686
305.652
305.55
305.793
305.686
305.652
305.793
305.55
305.221
304.831
304.892
305.149
305.283
305.004
304.957
305.338
305.464
305.588
305.666
305.39
304.978
304.749
304.672
305.07
304.879
304.474
304.767
304.568
305.213
305.503
305.403
305.308
305.458
305.148
305.123
305.487
305.424
305.053
305.087
305.384
305.714
305.956
305.743
305.925
305.526
305.171
305.509
305.185
305.784
305.98
305.766
305.998
305.537
305.202
305.197
305.543
306.387
306.547
306.512
306.421
306.346
306.421
306.47
306.298
306.245
306.123
306.091
306.278
306.804
306.684
306.783
306.705
306.893
306.947
306.871
306.969
306.818
306.725
306.718
306.826
306.467
306.574
306.447
306.594
306.323
306.148
306.166
306.304
306.48
306.614
306.607
306.487
305.458
305.147
305.123
305.487
305.424
305.053
305.087
305.383
305.714
305.956
305.743
305.925
305.526
305.171
305.185
305.509
305.537
305.202
305.543
305.197
305.784
305.98
305.766
305.998
306.804
306.684
306.783
306.705
306.893
306.947
306.871
306.969
306.818
306.725
306.826
306.718
306.387
306.547
306.512
306.421
306.346
306.421
306.47
306.298
306.245
306.123
306.091
306.278
306.467
306.574
306.594
306.447
306.48
306.614
306.487
306.607
306.323
306.148
306.166
306.304
307.136
307.153
307.114
307.176
307.088
307.01
307.066
307.033
307.151
307.198
307.191
307.159
307.136
307.153
307.114
307.176
307.088
307.01
307.066
307.033
307.151
307.198
307.191
307.159
307.229
307.183
307.206
307.206
307.245
307.229
307.221
307.252
307.245
307.229
307.221
307.252
307.136
307.153
307.114
307.176
307.088
307.01
307.066
307.033
307.151
307.198
307.159
307.191
307.136
307.153
307.114
307.176
307.088
307.01
307.066
307.033
307.151
307.198
307.191
307.159
307.229
307.183
307.206
307.206
307.245
307.229
307.252
307.221
307.245
307.229
307.221
307.252
307.136
307.153
307.114
307.176
307.088
307.01
307.066
307.033
307.151
307.198
307.159
307.191
307.136
307.153
307.114
307.176
307.088
307.01
307.066
307.033
307.151
307.198
307.191
307.159
307.229
307.183
307.206
307.206
307.245
307.229
307.252
307.221
307.245
307.229
307.221
307.252
307.136
307.153
307.114
307.176
307.088
307.01
307.066
307.033
307.151
307.198
307.159
307.191
307.136
307.153
307.114
307.176
307.088
307.01
307.066
307.033
307.151
307.198
307.159
307.191
307.229
307.183
307.206
307.206
307.245
307.229
307.252
307.221
307.245
307.229
307.252
307.221
306.387
306.547
306.512
306.421
306.346
306.421
306.47
306.298
306.245
306.123
306.278
306.091
306.804
306.684
306.783
306.705
306.893
306.947
306.871
306.969
306.818
306.725
306.719
306.826
306.467
306.574
306.447
306.594
306.323
306.148
306.304
306.166
306.48
306.614
306.607
306.487
305.458
305.148
305.123
305.487
305.424
305.053
305.087
305.384
305.714
305.956
305.925
305.743
305.526
305.171
305.509
305.185
305.784
305.98
305.998
305.766
305.537
305.202
305.197
305.543
306.804
306.684
306.783
306.705
306.893
306.947
306.871
306.969
306.818
306.725
306.826
306.719
306.387
306.547
306.512
306.421
306.346
306.421
306.47
306.298
306.245
306.123
306.278
306.091
306.467
306.574
306.594
306.447
306.48
306.614
306.487
306.607
306.323
306.148
306.304
306.166
305.458
305.148
305.123
305.487
305.424
305.053
305.087
305.384
305.714
305.956
305.925
305.743
305.526
305.171
305.185
305.509
305.537
305.202
305.543
305.197
305.784
305.98
305.998
305.766
305.221
304.831
304.892
305.149
305.283
305.004
304.957
305.338
305.464
305.588
305.39
305.666
304.978
304.749
305.07
304.672
305.213
305.503
305.308
305.403
304.879
304.474
304.568
304.767
306.102
306.132
306.22
306.016
306.178
306.365
306.298
306.244
305.969
305.743
305.823
305.885
306.102
306.132
306.22
306.016
306.178
306.365
306.298
306.244
305.969
305.743
305.885
305.823
305.812
306.035
305.922
305.922
305.686
305.652
305.55
305.793
305.686
305.652
305.793
305.55
304.315
303.845
304.038
304.038
304.494
304.351
304.649
304.223
304.494
304.351
304.223
304.649
305.221
304.831
304.892
305.149
305.283
305.004
304.957
305.338
305.464
305.588
305.666
305.39
304.978
304.749
305.07
304.672
305.213
305.503
305.403
305.308
304.879
304.474
304.767
304.568
306.804
306.684
306.783
306.705
306.893
306.947
306.871
306.969
306.818
306.725
306.718
306.826
306.387
306.547
306.512
306.421
306.346
306.421
306.47
306.298
306.245
306.123
306.278
306.091
306.467
306.574
306.594
306.447
306.48
306.614
306.607
306.487
306.323
306.148
306.304
306.166
306.804
306.684
306.783
306.705
306.893
306.947
306.871
306.969
306.818
306.725
306.826
306.718
306.387
306.547
306.512
306.421
306.346
306.421
306.47
306.298
306.245
306.123
306.278
306.091
306.467
306.574
306.594
306.447
306.48
306.614
306.486
306.607
306.323
306.148
306.304
306.166
305.458
305.147
305.123
305.487
305.424
305.053
305.087
305.383
305.714
305.956
305.925
305.743
305.526
305.171
305.509
305.185
305.784
305.98
305.998
305.766
305.537
305.202
305.197
305.543
305.458
305.147
305.123
305.487
305.424
305.052
305.087
305.383
305.714
305.956
305.925
305.743
305.526
305.171
305.509
305.185
305.784
305.98
305.998
305.766
305.537
305.202
305.543
305.197
306.102
306.132
306.22
306.016
306.179
306.365
306.298
306.244
305.969
305.743
305.885
305.823
306.102
306.132
306.22
306.016
306.178
306.365
306.298
306.244
305.969
305.743
305.885
305.823
305.812
306.035
305.922
305.922
305.686
305.652
305.793
305.55
305.686
305.652
305.793
305.55
305.221
304.831
304.892
305.149
305.283
305.004
304.957
305.338
305.464
305.588
305.666
305.39
304.978
304.749
305.07
304.672
305.213
305.503
305.403
305.308
304.879
304.474
304.568
304.767
305.221
304.831
304.892
305.149
305.283
305.004
304.957
305.338
305.464
305.588
305.666
305.39
304.978
304.749
305.07
304.672
305.213
305.503
305.403
305.308
304.879
304.474
304.568
304.767
304.315
303.845
304.038
304.038
304.494
304.351
304.649
304.223
304.494
304.351
304.649
304.223
)
;
        refGradient     uniform 0;
        valueFraction   nonuniform List<scalar> 
1600
(
0.0134098
0.0134098
0.0134098
0.0134098
0.0134098
0.0134098
0.0134098
0.0134098
0.0134098
0.0134098
0.0134098
0.0134098
0.0134098
0.0134098
0.0134098
0.0134098
0.0134098
0.0134098
0.0134098
0.0134098
0.0134098
0.0134098
0.0134098
0.0134098
0.0134098
0.0134098
0.0134098
0.0134098
0.0134098
0.0134098
0.0134098
0.0134098
0.0134098
0.0134098
0.0134098
0.0134098
0.0134098
0.0134098
0.0134098
0.0134098
0.0134098
0.0134098
0.0134098
0.0134098
0.0134098
0.0134098
0.0134098
0.0134098
0.0134098
0.0134098
0.0134098
0.0134098
0.0134098
0.0134098
0.0134098
0.0134098
0.0134098
0.0134098
0.0134098
0.0134098
0.0134098
0.0134098
0.0134098
0.0134098
0.0134098
0.0134098
0.0134098
0.0134098
0.0134098
0.0134098
0.0134098
0.0134098
0.0134098
0.0134098
0.0134098
0.0134098
0.0134098
0.0134098
0.0134098
0.0134098
0.0134098
0.0134098
0.0134098
0.0134098
0.0134098
0.0134098
0.0134098
0.0134098
0.0134098
0.0134098
0.0134098
0.0134098
0.0134098
0.0134098
0.0134098
0.0134098
0.0134098
0.0134098
0.0134098
0.0134098
0.0134098
0.0134098
0.0134098
0.0134098
0.0134098
0.0134098
0.0134098
0.0134098
0.0134098
0.0134098
0.0134098
0.0134098
0.0134098
0.0134098
0.0134098
0.0134098
0.0134098
0.0134098
0.0134098
0.0134098
0.0134098
0.0134098
0.0134098
0.0134098
0.0134098
0.0134098
0.0134098
0.0134098
0.0134098
0.0134098
0.0134098
0.0134098
0.0134098
0.0134098
0.0134098
0.0134098
0.0134098
0.0134098
0.0134098
0.0134098
0.0134098
0.0134098
0.0134098
0.0134098
0.0134098
0.0134098
0.0134098
0.0134098
0.0134098
0.0134098
0.0134098
0.0134098
0.0134098
0.0134098
0.0134098
0.0134098
0.0134098
0.0134098
0.0134098
0.0134098
0.0134098
0.0134098
0.0134098
0.0134098
0.0134098
0.0134098
0.0134098
0.0134098
0.0134098
0.0134098
0.0134098
0.0134098
0.0134098
0.0134098
0.0134098
0.0134098
0.0134098
0.0134098
0.0134098
0.0134098
0.0134098
0.0134098
0.0134098
0.0134098
0.0134098
0.0134098
0.0134098
0.0134098
0.0134098
0.0134098
0.0134098
0.0134098
0.0134098
0.0134098
0.0134098
0.0134098
0.0134098
0.0134098
0.0134098
0.0134098
0.0134098
0.0134098
0.0134098
0.0134098
0.0134098
0.0134098
0.0134098
0.0134098
0.0134098
0.0134098
0.0134098
0.0134098
0.0134098
0.0134098
0.0134098
0.0134098
0.0134098
0.0134098
0.0134098
0.0134098
0.0134098
0.0134098
0.0134098
0.0134098
0.0134098
0.0134098
0.0134098
0.0134098
0.0134098
0.0134098
0.0134098
0.0134098
0.0134098
0.0134098
0.0134098
0.0134098
0.0134098
0.0134098
0.0134098
0.0134098
0.0134098
0.0134098
0.0134098
0.0134098
0.0134098
0.0134098
0.0134098
0.0134098
0.0134098
0.0134098
0.0134098
0.0134098
0.0134098
0.0134098
0.0134098
0.0134098
0.0134098
0.0134098
0.0134098
0.0134098
0.0134098
0.0134098
0.0134098
0.0134098
0.0134098
0.0134098
0.0134098
0.0134098
0.0134098
0.0134098
0.0134098
0.0134098
0.0134098
0.0134098
0.0134098
0.0134098
0.0134098
0.0134098
0.0134098
0.0134098
0.0134098
0.0134098
0.0134098
0.0134098
0.0134098
0.0134098
0.0134098
0.0134098
0.0134098
0.0134098
0.0134098
0.0134098
0.0134098
0.0134098
0.0134098
0.0134098
0.0134098
0.0134098
0.0134098
0.0134098
0.0134098
0.0134098
0.0134098
0.0134098
0.0134098
0.0134098
0.0134098
0.0134098
0.0134098
0.0134098
0.0134098
0.0134098
0.0134098
0.0134098
0.0134098
0.0134098
0.0134098
0.0134098
0.0134098
0.0134098
0.0134098
0.0134098
0.0134098
0.0134098
0.0134098
0.0134098
0.0134098
0.0134098
0.0134098
0.0134098
0.0134098
0.0134098
0.0134098
0.0134098
0.0134098
0.0134098
0.0134098
0.0134098
0.0134098
0.0134098
0.0134098
0.0134098
0.0134098
0.0134098
0.0134098
0.0134098
0.0134098
0.0134098
0.0134098
0.0134098
0.0134098
0.0134098
0.0134098
0.0134098
0.0134098
0.0134098
0.0134098
0.0134098
0.0134098
0.0134098
0.0134098
0.0134098
0.0134098
0.0134098
0.0134098
0.0134098
0.0134098
0.0134098
0.0134098
0.0134098
0.0134098
0.0134098
0.0134098
0.0134098
0.0134098
0.0134098
0.0134098
0.0134098
0.0134098
0.0134098
0.0134098
0.0134098
0.0134098
0.0134098
0.0134098
0.0134098
0.0134098
0.0134098
0.0134098
0.0134098
0.0134098
0.0134098
0.0134098
0.0134098
0.0134098
0.0134098
0.0134098
0.0134098
0.0134098
0.0134098
0.0134098
0.0134098
0.0134098
0.0134098
0.0134098
0.0134098
0.0134098
0.0134098
0.0134098
0.0134098
0.0134098
0.0134098
0.0134098
0.0134098
0.0134098
0.0134098
0.0134098
0.0134098
0.0134098
0.0134098
0.0134098
0.0134098
0.0134098
0.0134098
0.0134098
0.0134098
0.0134098
0.0134098
0.0134098
0.0134098
0.0134098
0.0134098
0.0134098
0.0134098
0.0134098
0.0134098
0.0134098
0.0134098
0.0134098
0.0134098
0.0134098
0.0134098
0.0134098
0.0134098
0.0134098
0.0134098
0.0134098
0.0134098
0.0134098
0.0134098
0.0134098
0.0134098
0.0134098
0.0134098
0.0134098
0.0134098
0.0134098
0.0134098
0.0134098
0.0134098
0.0134098
0.0134098
0.0134098
0.0134098
0.0134098
0.0134098
0.0134098
0.0134098
0.0134098
0.0134098
0.0134098
0.0134098
0.0134098
0.0134098
0.0134098
0.0134098
0.0134098
0.0134098
0.0134098
0.0134098
0.0134098
0.0134098
0.0134098
0.0134098
0.0134098
0.0134098
0.0134098
0.0134098
0.0134098
0.0134098
0.0134098
0.0134098
0.0134098
0.0134098
0.0134098
0.0134098
0.0134098
0.0134098
0.0134098
0.0134098
0.0134098
0.0134098
0.0134098
0.0134098
0.0134098
0.0134098
0.0134098
0.0134098
0.0134098
0.0134098
0.0134098
0.0134098
0.0134098
0.0134098
0.0134098
0.0134098
0.0134098
0.0134098
0.0134098
0.0134098
0.0134098
0.0134098
0.0134098
0.0134098
0.0134098
0.0134098
0.0134098
0.0134098
0.0134098
0.0134098
0.0134098
0.0134098
0.0134098
0.0134098
0.0134098
0.0134098
0.0134098
0.0134098
0.0134098
0.0134098
0.0134098
0.0134098
0.0134098
0.0134098
0.0134098
0.0134098
0.0134098
0.0134098
0.0134098
0.0134098
0.0134098
0.0134098
0.0134098
0.0134098
0.0134098
0.0134098
0.0134098
0.0134098
0.0134098
0.0134098
0.0134098
0.0134098
0.0134098
0.0134098
0.0134098
0.0134098
0.0134098
0.0134098
0.0134098
0.0134098
0.0134098
0.0134098
0.0134098
0.0134098
0.0134098
0.0134098
0.0134098
0.0134098
0.0134098
0.0134098
0.0134098
0.0134098
0.0134098
0.0134098
0.0134098
0.0134098
0.0134098
0.0134098
0.0134098
0.0134098
0.0134098
0.0134098
0.0133615
0.0119868
0.0126626
0.0126626
0.0133842
0.0126909
0.0126847
0.0133842
0.0133842
0.0126909
0.0126847
0.0133842
0.0133842
0.0126962
0.0126962
0.0133842
0.0133842
0.0126962
0.0126962
0.0133842
0.0134098
0.0134098
0.0134098
0.0134098
0.0133842
0.0126962
0.0126962
0.0133842
0.0133842
0.0126962
0.0133842
0.0126962
0.0134098
0.0134098
0.0134098
0.0134098
0.0133842
0.0126962
0.0126962
0.0133842
0.0133842
0.0126962
0.0126962
0.0133842
0.0134098
0.0134098
0.0134098
0.0134098
0.0133842
0.0126962
0.0126962
0.0133842
0.0133842
0.0126962
0.0133842
0.0126962
0.0134098
0.0134098
0.0134098
0.0134098
0.0134098
0.0134098
0.0134098
0.0134098
0.0134098
0.0134098
0.0134098
0.0134098
0.0134098
0.0134098
0.0134098
0.0134098
0.0134098
0.0134098
0.0134098
0.0134098
0.0134098
0.0134098
0.0134098
0.0134098
0.0134098
0.0134098
0.0134098
0.0134098
0.0134098
0.0134098
0.0134098
0.0134098
0.0134098
0.0134098
0.0134098
0.0134098
0.0134098
0.0134098
0.0134098
0.0134098
0.0133842
0.0126962
0.0126962
0.0133842
0.0133842
0.0126962
0.0126962
0.0133842
0.0134098
0.0134098
0.0134098
0.0134098
0.0133842
0.0126962
0.0126962
0.0133842
0.0133842
0.0126962
0.0126962
0.0133842
0.0134098
0.0134098
0.0134098
0.0134098
0.0133842
0.0126962
0.0126962
0.0133842
0.0133842
0.0126962
0.0126962
0.0133842
0.0134098
0.0134098
0.0134098
0.0134098
0.0133842
0.0126962
0.0126962
0.0133842
0.0133842
0.0126962
0.0133842
0.0126962
0.0134098
0.0134098
0.0134098
0.0134098
0.0134098
0.0134098
0.0134098
0.0134098
0.0134098
0.0134098
0.0134098
0.0134098
0.0134098
0.0134098
0.0134098
0.0134098
0.0134098
0.0134098
0.0134098
0.0134098
0.0134098
0.0134098
0.0134098
0.0134098
0.0134098
0.0134098
0.0134098
0.0134098
0.0134098
0.0134098
0.0134098
0.0134098
0.0134098
0.0134098
0.0134098
0.0134098
0.0134098
0.0134098
0.0134098
0.0134098
0.0134098
0.0134098
0.0134098
0.0134098
0.0134098
0.0134098
0.0134098
0.0134098
0.0134098
0.0134098
0.0134098
0.0134098
0.0134098
0.0134098
0.0134098
0.0134098
0.0134098
0.0134098
0.0134098
0.0134098
0.0134098
0.0134098
0.0134098
0.0134098
0.0134098
0.0134098
0.0134098
0.0134098
0.0134098
0.0134098
0.0134098
0.0134098
0.0134098
0.0134098
0.0134098
0.0134098
0.0133842
0.0126962
0.0126962
0.0133842
0.0133842
0.0126962
0.0126962
0.0133842
0.0134098
0.0134098
0.0134098
0.0134098
0.0133842
0.0126962
0.0126962
0.0133842
0.0133842
0.0126962
0.0126962
0.0133842
0.0134098
0.0134098
0.0134098
0.0134098
0.0133615
0.0119868
0.0126626
0.0126626
0.0133842
0.0126909
0.0133842
0.0126847
0.0133842
0.0126909
0.0126847
0.0133842
0.0134098
0.0134098
0.0134098
0.0134098
0.0134098
0.0134098
0.0134098
0.0134098
0.0134098
0.0134098
0.0134098
0.0134098
0.0134098
0.0134098
0.0134098
0.0134098
0.0134098
0.0134098
0.0134098
0.0134098
0.0134098
0.0134098
0.0134098
0.0134098
0.0134098
0.0134098
0.0134098
0.0134098
0.0134098
0.0134098
0.0134098
0.0134098
0.0134098
0.0134098
0.0134098
0.0134098
0.0133842
0.0126962
0.0126962
0.0133842
0.0133842
0.0126962
0.0126962
0.0133842
0.0134098
0.0134098
0.0134098
0.0134098
0.0133842
0.0126962
0.0126962
0.0133842
0.0133842
0.0126962
0.0133842
0.0126962
0.0134098
0.0134098
0.0134098
0.0134098
0.0133842
0.0126962
0.0126962
0.0133842
0.0133842
0.0126962
0.0126962
0.0133842
0.0134098
0.0134098
0.0134098
0.0134098
0.0133842
0.0126962
0.0133842
0.0126962
0.0134098
0.0134098
0.0134098
0.0134098
0.0133842
0.0126962
0.0126962
0.0133842
0.0134098
0.0134098
0.0134098
0.0134098
0.0134098
0.0134098
0.0134098
0.0134098
0.0134098
0.0134098
0.0134098
0.0134098
0.0134098
0.0134098
0.0134098
0.0134098
0.0134098
0.0134098
0.0134098
0.0134098
0.0134098
0.0134098
0.0134098
0.0134098
0.0134098
0.0134098
0.0134098
0.0134098
0.0134098
0.0134098
0.0134098
0.0134098
0.0134098
0.0134098
0.0134098
0.0134098
0.0133842
0.0126962
0.0126962
0.0133842
0.0133842
0.0126962
0.0126962
0.0133842
0.0134098
0.0134098
0.0134098
0.0134098
0.0133842
0.0126962
0.0126962
0.0133842
0.0133842
0.0126962
0.0133842
0.0126962
0.0134098
0.0134098
0.0134098
0.0134098
0.0134098
0.0134098
0.0134098
0.0134098
0.0134098
0.0134098
0.0134098
0.0134098
0.0134098
0.0134098
0.0134098
0.0134098
0.0134098
0.0134098
0.0134098
0.0134098
0.0134098
0.0134098
0.0134098
0.0134098
0.0134098
0.0134098
0.0134098
0.0134098
0.0134098
0.0134098
0.0134098
0.0134098
0.0134098
0.0134098
0.0134098
0.0134098
0.0134098
0.0134098
0.0134098
0.0134098
0.0134098
0.0134098
0.0134098
0.0134098
0.0134098
0.0134098
0.0134098
0.0134098
0.0134098
0.0134098
0.0134098
0.0134098
0.0134098
0.0134098
0.0134098
0.0134098
0.0134098
0.0134098
0.0134098
0.0134098
0.0134098
0.0134098
0.0134098
0.0134098
0.0134098
0.0134098
0.0134098
0.0134098
0.0134098
0.0134098
0.0134098
0.0134098
0.0134098
0.0134098
0.0134098
0.0134098
0.0134098
0.0134098
0.0134098
0.0134098
0.0134098
0.0134098
0.0134098
0.0134098
0.0134098
0.0134098
0.0134098
0.0134098
0.0134098
0.0134098
0.0134098
0.0134098
0.0134098
0.0134098
0.0134098
0.0134098
0.0134098
0.0134098
0.0134098
0.0134098
0.0134098
0.0134098
0.0134098
0.0134098
0.0134098
0.0134098
0.0134098
0.0134098
0.0134098
0.0134098
0.0134098
0.0134098
0.0134098
0.0134098
0.0134098
0.0134098
0.0134098
0.0134098
0.0134098
0.0134098
0.0134098
0.0134098
0.0134098
0.0134098
0.0134098
0.0134098
0.0134098
0.0134098
0.0134098
0.0134098
0.0134098
0.0134098
0.0134098
0.0134098
0.0134098
0.0134098
0.0134098
0.0134098
0.0134098
0.0134098
0.0134098
0.0134098
0.0134098
0.0134098
0.0134098
0.0134098
0.0134098
0.0134098
0.0134098
0.0134098
0.0134098
0.0134098
0.0134098
0.0134098
0.0134098
0.0134098
0.0134098
0.0134098
0.0134098
0.0134098
0.0134098
0.0134098
0.0134098
0.0134098
0.0134098
0.0134098
0.0134098
0.0134098
0.0134098
0.0134098
0.0134098
0.0134098
0.0134098
0.0134098
0.0134098
0.0134098
0.0134098
0.0134098
0.0134098
0.0134098
0.0134098
0.0134098
0.0134098
0.0134098
0.0134098
0.0134098
0.0134098
0.0134098
0.0134098
0.0134098
0.0134098
0.0134098
0.0134098
0.0134098
0.0134098
0.0134098
0.0134098
0.0134098
0.0134098
0.0134098
0.0134098
0.0134098
0.0134098
0.0134098
0.0134098
0.0134098
0.0134098
0.0134098
0.0134098
0.0134098
0.0134098
0.0134098
0.0134098
0.0134098
0.0134098
0.0134098
0.0134098
0.0134098
0.0134098
0.0134098
0.0133842
0.0126962
0.0126962
0.0133842
0.0133842
0.0126962
0.0126962
0.0133842
0.0134098
0.0134098
0.0134098
0.0134098
0.0133842
0.0126962
0.0133842
0.0126962
0.0134098
0.0134098
0.0134098
0.0134098
0.0133842
0.0126962
0.0126962
0.0133842
0.0134098
0.0134098
0.0134098
0.0134098
0.0134098
0.0134098
0.0134098
0.0134098
0.0134098
0.0134098
0.0134098
0.0134098
0.0134098
0.0134098
0.0134098
0.0134098
0.0134098
0.0134098
0.0134098
0.0134098
0.0134098
0.0134098
0.0134098
0.0134098
0.0134098
0.0134098
0.0134098
0.0134098
0.0134098
0.0134098
0.0134098
0.0134098
0.0134098
0.0134098
0.0134098
0.0134098
0.0133842
0.0126962
0.0126962
0.0133842
0.0133842
0.0126962
0.0126962
0.0133842
0.0134098
0.0134098
0.0134098
0.0134098
0.0133842
0.0126962
0.0126962
0.0133842
0.0133842
0.0126962
0.0133842
0.0126962
0.0134098
0.0134098
0.0134098
0.0134098
0.0133842
0.0126962
0.0126962
0.0133842
0.0133842
0.0126962
0.0126962
0.0133842
0.0134098
0.0134098
0.0134098
0.0134098
0.0133842
0.0126962
0.0133842
0.0126962
0.0134098
0.0134098
0.0134098
0.0134098
0.0133842
0.0126962
0.0126962
0.0133842
0.0134098
0.0134098
0.0134098
0.0134098
0.0134098
0.0134098
0.0134098
0.0134098
0.0134098
0.0134098
0.0134098
0.0134098
0.0134098
0.0134098
0.0134098
0.0134098
0.0134098
0.0134098
0.0134098
0.0134098
0.0134098
0.0134098
0.0134098
0.0134098
0.0134098
0.0134098
0.0134098
0.0134098
0.0134098
0.0134098
0.0134098
0.0134098
0.0134098
0.0134098
0.0134098
0.0134098
0.0133615
0.0119868
0.0126626
0.0126626
0.0133842
0.0126909
0.0133842
0.0126847
0.0133842
0.0126909
0.0126847
0.0133842
0.0133842
0.0126962
0.0126962
0.0133842
0.0133842
0.0126962
0.0126962
0.0133842
0.0134098
0.0134098
0.0134098
0.0134098
0.0133842
0.0126962
0.0133842
0.0126962
0.0134098
0.0134098
0.0134098
0.0134098
0.0133842
0.0126962
0.0133842
0.0126962
0.0134098
0.0134098
0.0134098
0.0134098
0.0134098
0.0134098
0.0134098
0.0134098
0.0134098
0.0134098
0.0134098
0.0134098
0.0134098
0.0134098
0.0134098
0.0134098
0.0134098
0.0134098
0.0134098
0.0134098
0.0134098
0.0134098
0.0134098
0.0134098
0.0134098
0.0134098
0.0134098
0.0134098
0.0134098
0.0134098
0.0134098
0.0134098
0.0134098
0.0134098
0.0134098
0.0134098
0.0134098
0.0134098
0.0134098
0.0134098
0.0134098
0.0134098
0.0134098
0.0134098
0.0134098
0.0134098
0.0134098
0.0134098
0.0134098
0.0134098
0.0134098
0.0134098
0.0134098
0.0134098
0.0134098
0.0134098
0.0134098
0.0134098
0.0134098
0.0134098
0.0134098
0.0134098
0.0134098
0.0134098
0.0134098
0.0134098
0.0134098
0.0134098
0.0134098
0.0134098
0.0134098
0.0134098
0.0133842
0.0126962
0.0126962
0.0133842
0.0133842
0.0126962
0.0126962
0.0133842
0.0134098
0.0134098
0.0134098
0.0134098
0.0133842
0.0126962
0.0133842
0.0126962
0.0134098
0.0134098
0.0134098
0.0134098
0.0133842
0.0126962
0.0126962
0.0133842
0.0133842
0.0126962
0.0126962
0.0133842
0.0133842
0.0126962
0.0126962
0.0133842
0.0134098
0.0134098
0.0134098
0.0134098
0.0133842
0.0126962
0.0133842
0.0126962
0.0134098
0.0134098
0.0134098
0.0134098
0.0133842
0.0126962
0.0133842
0.0126962
0.0134098
0.0134098
0.0134098
0.0134098
0.0134098
0.0134098
0.0134098
0.0134098
0.0134098
0.0134098
0.0134098
0.0134098
0.0134098
0.0134098
0.0134098
0.0134098
0.0134098
0.0134098
0.0134098
0.0134098
0.0134098
0.0134098
0.0134098
0.0134098
0.0134098
0.0134098
0.0134098
0.0134098
0.0134098
0.0134098
0.0134098
0.0134098
0.0134098
0.0134098
0.0134098
0.0134098
0.0133842
0.0126962
0.0126962
0.0133842
0.0133842
0.0126962
0.0126962
0.0133842
0.0134098
0.0134098
0.0134098
0.0134098
0.0133842
0.0126962
0.0133842
0.0126962
0.0134098
0.0134098
0.0134098
0.0134098
0.0133842
0.0126962
0.0126962
0.0133842
0.0133842
0.0126962
0.0126962
0.0133842
0.0133842
0.0126962
0.0126962
0.0133842
0.0134098
0.0134098
0.0134098
0.0134098
0.0133842
0.0126962
0.0133842
0.0126962
0.0134098
0.0134098
0.0134098
0.0134098
0.0133842
0.0126962
0.0126962
0.0133842
0.0133615
0.0119868
0.0126626
0.0126626
0.0133842
0.0126909
0.0133842
0.0126847
0.0133842
0.0126909
0.0133842
0.0126847
)
;
        source          uniform 0;
        logInterval     -1;
        thicknessLayers List<scalar> 1(0.0001);
        kappaLayers     List<scalar> 1(33.33);
        writePrecision  6;
        updateHeader    1;
        writeToFile     0;
        useUserTime     1;
        kappaMethod     solidThermo;
        value           nonuniform List<scalar> 
1600
(
308.857
308.999
308.927
308.927
309.042
309.061
308.989
309.116
309.042
309.061
308.989
309.116
308.857
308.999
308.927
308.927
309.042
309.061
308.989
309.116
309.042
309.061
309.116
308.989
309.235
309.125
309.179
309.179
309.235
309.125
309.179
309.179
309.235
309.125
309.179
309.179
309.235
309.125
309.179
309.179
309.042
309.061
308.989
309.116
309.042
309.061
309.116
308.989
308.857
308.999
308.927
308.927
309.042
309.061
309.116
308.989
309.042
309.061
309.116
308.989
308.857
308.999
308.927
308.927
307.278
307.502
307.387
307.387
308.006
308.192
308.131
308.065
307.593
307.609
307.492
307.712
308.006
308.192
308.131
308.065
307.593
307.609
307.492
307.712
308.371
308.316
308.254
308.436
308.372
308.316
308.254
308.436
307.932
307.719
307.824
307.824
308.163
308.246
308.118
308.292
308.289
308.428
308.295
308.421
308.163
308.246
308.292
308.118
308.289
308.428
308.295
308.421
308.54
308.371
308.492
308.418
309.192
309.275
309.199
309.267
308.676
308.557
308.551
308.682
308.54
308.371
308.418
308.492
309.192
309.275
309.199
309.267
308.676
308.557
308.551
308.682
308.006
308.192
308.065
308.131
307.593
307.609
307.492
307.712
307.278
307.502
307.387
307.387
308.371
308.316
308.436
308.254
308.372
308.316
308.254
308.436
307.932
307.719
307.824
307.824
308.006
308.192
308.131
308.065
307.593
307.609
307.492
307.712
308.163
308.246
308.118
308.292
308.289
308.428
308.421
308.296
308.54
308.371
308.492
308.418
309.192
309.275
309.199
309.267
308.676
308.557
308.551
308.682
308.163
308.246
308.292
308.118
308.289
308.428
308.296
308.421
309.192
309.275
309.199
309.267
308.54
308.371
308.418
308.492
308.676
308.557
308.682
308.551
309.39
309.341
309.333
309.398
309.39
309.341
309.333
309.398
309.551
309.567
309.559
309.559
309.39
309.341
309.333
309.398
309.39
309.341
309.398
309.333
309.551
309.567
309.559
309.559
309.39
309.341
309.333
309.398
309.39
309.341
309.398
309.333
309.551
309.567
309.559
309.559
309.39
309.341
309.398
309.333
309.39
309.341
309.398
309.333
309.551
309.567
309.559
309.559
308.54
308.371
308.492
308.418
309.192
309.275
309.267
309.199
308.676
308.557
308.551
308.682
308.163
308.246
308.118
308.292
308.289
308.428
308.421
308.296
309.192
309.275
309.267
309.199
308.54
308.371
308.418
308.492
308.676
308.557
308.682
308.551
308.163
308.246
308.292
308.118
308.289
308.428
308.296
308.421
308.006
308.192
308.065
308.131
307.593
307.609
307.712
307.492
308.372
308.316
308.436
308.254
308.372
308.316
308.254
308.436
307.932
307.719
307.824
307.824
307.278
307.502
307.387
307.387
308.006
308.192
308.131
308.065
307.593
307.609
307.712
307.492
309.192
309.275
309.267
309.199
308.54
308.371
308.492
308.418
308.676
308.557
308.682
308.551
309.192
309.275
309.267
309.199
308.54
308.371
308.418
308.492
308.676
308.557
308.682
308.551
308.163
308.246
308.118
308.292
308.289
308.428
308.421
308.296
308.163
308.246
308.292
308.118
308.289
308.428
308.421
308.296
308.372
308.316
308.436
308.254
308.371
308.316
308.436
308.254
307.932
307.719
307.824
307.824
308.006
308.192
308.065
308.131
307.593
307.609
307.712
307.492
308.006
308.192
308.065
308.131
307.593
307.609
307.712
307.492
307.278
307.502
307.387
307.387
308.699
308.524
308.61
308.61
308.777
308.756
308.846
308.688
308.777
308.756
308.846
308.688
309.004
308.947
308.911
309.041
308.96
308.815
308.907
308.867
309.088
309.2
309.162
309.125
309.004
308.947
308.911
309.041
308.96
308.815
308.907
308.867
309.088
309.2
309.162
309.125
308.699
308.524
308.61
308.61
308.777
308.756
308.846
308.688
308.777
308.756
308.846
308.688
309.004
308.947
308.911
309.041
308.96
308.815
308.907
308.867
309.088
309.2
309.162
309.125
309.004
308.947
309.041
308.911
309.088
309.2
309.162
309.125
308.96
308.815
308.907
308.867
309.33
309.409
309.37
309.37
309.282
309.265
309.226
309.321
309.282
309.265
309.226
309.321
309.33
309.409
309.37
309.37
309.282
309.265
309.226
309.321
309.282
309.265
309.226
309.321
309.33
309.409
309.37
309.37
309.282
309.265
309.226
309.321
309.282
309.265
309.226
309.321
309.33
309.409
309.37
309.37
309.282
309.265
309.226
309.321
309.282
309.265
309.226
309.321
309.004
308.947
308.911
309.041
308.96
308.815
308.907
308.867
309.088
309.2
309.162
309.125
309.004
308.947
309.041
308.911
309.088
309.2
309.162
309.125
308.96
308.815
308.907
308.867
308.699
308.524
308.61
308.61
308.777
308.756
308.846
308.688
308.777
308.756
308.846
308.688
309.004
308.947
309.041
308.911
309.088
309.2
309.162
309.125
308.96
308.815
308.907
308.867
309.004
308.947
309.041
308.911
309.088
309.2
309.162
309.125
308.96
308.815
308.907
308.867
308.699
308.524
308.61
308.61
308.777
308.756
308.846
308.688
308.777
308.756
308.846
308.688
307.072
306.811
306.973
306.973
307.164
307.183
307.081
307.266
307.164
307.184
307.081
307.266
307.815
307.656
307.728
307.741
307.88
307.851
307.794
307.939
307.939
307.986
307.864
308.063
307.57
307.576
307.487
307.66
307.471
307.287
307.37
307.388
307.691
307.901
307.781
307.809
307.815
307.657
307.729
307.741
307.881
307.852
307.794
307.939
307.939
307.986
307.864
308.063
307.57
307.576
307.487
307.66
307.471
307.287
307.37
307.388
307.691
307.901
307.781
307.809
308.409
308.429
308.513
308.327
308.484
308.656
308.589
308.549
308.3
308.105
308.183
308.219
308.409
308.429
308.513
308.327
308.484
308.656
308.589
308.549
308.3
308.105
308.183
308.219
308.138
308.336
308.235
308.236
308.033
308.017
307.923
308.129
308.033
308.017
307.923
308.129
308.072
308.013
307.983
308.103
308.034
307.902
307.945
307.99
308.201
308.364
308.233
308.331
308.146
308.038
308.056
308.127
308.158
308.074
308.068
308.164
308.277
308.389
308.258
308.409
308.072
308.013
307.983
308.103
308.034
307.902
307.945
307.99
308.201
308.364
308.233
308.331
308.146
308.038
308.056
308.127
308.158
308.074
308.164
308.068
308.277
308.389
308.258
308.409
308.698
308.844
308.808
308.733
308.655
308.714
308.765
308.606
308.581
308.491
308.458
308.615
309.092
308.976
309.07
308.997
309.177
309.23
309.155
309.252
309.106
309.018
309.011
309.114
308.78
308.871
308.76
308.892
308.662
308.518
308.538
308.642
308.794
308.913
308.906
308.801
308.698
308.844
308.808
308.733
308.655
308.714
308.765
308.606
308.581
308.491
308.458
308.615
309.092
308.976
309.07
308.997
309.177
309.23
309.155
309.252
309.106
309.018
309.114
309.011
308.78
308.871
308.76
308.892
308.662
308.518
308.538
308.642
308.794
308.913
308.801
308.906
307.815
307.656
307.728
307.741
307.88
307.851
307.794
307.939
307.939
307.986
307.864
308.063
307.57
307.576
307.487
307.66
307.471
307.287
307.388
307.37
307.691
307.901
307.781
307.809
307.072
306.811
306.973
306.973
307.164
307.183
307.266
307.081
307.164
307.184
307.081
307.266
308.409
308.429
308.513
308.327
308.484
308.656
308.589
308.549
308.3
308.105
308.183
308.219
308.409
308.429
308.513
308.327
308.484
308.656
308.589
308.549
308.3
308.105
308.219
308.183
308.138
308.336
308.235
308.236
308.033
308.017
307.923
308.129
308.033
308.017
308.129
307.923
307.815
307.657
307.729
307.741
307.881
307.852
307.794
307.939
307.939
307.986
308.063
307.864
307.57
307.576
307.487
307.66
307.471
307.287
307.37
307.388
307.691
307.901
307.809
307.781
308.072
308.013
307.983
308.103
308.034
307.902
307.946
307.99
308.201
308.364
308.233
308.331
308.146
308.038
308.128
308.056
308.277
308.389
308.258
308.409
308.158
308.074
308.068
308.164
308.698
308.844
308.808
308.733
308.655
308.714
308.765
308.606
308.581
308.492
308.458
308.615
309.092
308.976
309.07
308.997
309.177
309.23
309.155
309.252
309.106
309.018
309.011
309.114
308.78
308.871
308.76
308.892
308.662
308.518
308.538
308.642
308.794
308.913
308.906
308.801
308.072
308.013
307.983
308.103
308.034
307.902
307.946
307.99
308.201
308.364
308.233
308.331
308.146
308.038
308.056
308.128
308.158
308.074
308.164
308.068
308.277
308.389
308.258
308.409
309.092
308.976
309.07
308.997
309.177
309.23
309.155
309.252
309.106
309.018
309.114
309.011
308.698
308.844
308.808
308.733
308.655
308.714
308.765
308.606
308.581
308.491
308.458
308.615
308.78
308.871
308.892
308.76
308.794
308.913
308.801
308.906
308.662
308.518
308.538
308.642
309.424
309.44
309.4
309.464
309.375
309.295
309.352
309.318
309.439
309.487
309.479
309.447
309.424
309.44
309.4
309.464
309.375
309.295
309.352
309.318
309.439
309.487
309.479
309.447
309.519
309.472
309.495
309.495
309.535
309.519
309.511
309.543
309.535
309.519
309.511
309.543
309.424
309.44
309.4
309.464
309.375
309.295
309.352
309.318
309.439
309.487
309.447
309.479
309.424
309.44
309.4
309.464
309.375
309.295
309.352
309.318
309.439
309.487
309.479
309.447
309.519
309.472
309.495
309.495
309.535
309.519
309.543
309.511
309.535
309.519
309.511
309.543
309.424
309.44
309.4
309.464
309.375
309.295
309.352
309.318
309.439
309.487
309.447
309.479
309.424
309.44
309.4
309.464
309.375
309.295
309.352
309.318
309.439
309.487
309.479
309.447
309.519
309.472
309.495
309.495
309.535
309.519
309.543
309.511
309.535
309.519
309.511
309.543
309.424
309.44
309.4
309.464
309.375
309.295
309.352
309.318
309.439
309.487
309.447
309.479
309.424
309.44
309.4
309.464
309.375
309.295
309.352
309.318
309.439
309.487
309.447
309.479
309.519
309.472
309.495
309.495
309.535
309.519
309.543
309.511
309.535
309.519
309.543
309.511
308.698
308.844
308.808
308.733
308.655
308.714
308.765
308.606
308.581
308.492
308.615
308.458
309.092
308.976
309.07
308.997
309.177
309.23
309.155
309.252
309.106
309.018
309.011
309.114
308.78
308.871
308.76
308.892
308.662
308.518
308.642
308.538
308.794
308.913
308.906
308.801
308.072
308.013
307.983
308.103
308.034
307.902
307.946
307.99
308.201
308.364
308.331
308.233
308.146
308.038
308.128
308.056
308.277
308.389
308.409
308.258
308.158
308.074
308.068
308.164
309.092
308.976
309.07
308.997
309.177
309.23
309.155
309.252
309.106
309.018
309.114
309.011
308.698
308.844
308.808
308.733
308.655
308.714
308.765
308.606
308.581
308.492
308.615
308.458
308.78
308.871
308.892
308.76
308.794
308.913
308.801
308.906
308.662
308.518
308.642
308.538
308.072
308.013
307.983
308.103
308.034
307.902
307.946
307.99
308.201
308.364
308.331
308.233
308.146
308.038
308.056
308.128
308.158
308.074
308.164
308.068
308.277
308.389
308.409
308.258
307.815
307.656
307.729
307.741
307.881
307.851
307.794
307.939
307.939
307.986
307.864
308.063
307.57
307.576
307.66
307.487
307.691
307.901
307.781
307.809
307.471
307.287
307.388
307.37
308.409
308.429
308.513
308.327
308.484
308.656
308.589
308.549
308.3
308.105
308.183
308.219
308.409
308.429
308.513
308.327
308.484
308.656
308.589
308.549
308.3
308.105
308.219
308.183
308.138
308.336
308.236
308.236
308.033
308.017
307.923
308.129
308.033
308.017
308.129
307.923
307.072
306.811
306.973
306.973
307.164
307.183
307.266
307.081
307.164
307.183
307.081
307.266
307.815
307.656
307.729
307.741
307.881
307.852
307.794
307.939
307.939
307.986
308.063
307.864
307.57
307.576
307.66
307.487
307.691
307.901
307.809
307.781
307.471
307.287
307.37
307.388
309.092
308.976
309.07
308.997
309.177
309.23
309.155
309.252
309.106
309.018
309.011
309.114
308.698
308.844
308.808
308.733
308.655
308.714
308.765
308.606
308.581
308.491
308.615
308.458
308.78
308.871
308.892
308.76
308.794
308.913
308.906
308.801
308.662
308.518
308.642
308.538
309.092
308.976
309.07
308.997
309.177
309.23
309.155
309.252
309.106
309.018
309.114
309.011
308.698
308.844
308.808
308.733
308.655
308.714
308.765
308.606
308.581
308.491
308.615
308.458
308.78
308.871
308.892
308.76
308.794
308.913
308.801
308.906
308.662
308.518
308.642
308.538
308.072
308.013
307.983
308.103
308.034
307.902
307.946
307.99
308.201
308.364
308.331
308.233
308.146
308.038
308.128
308.056
308.277
308.389
308.409
308.258
308.158
308.074
308.068
308.164
308.072
308.013
307.983
308.103
308.034
307.902
307.945
307.99
308.201
308.364
308.331
308.233
308.146
308.038
308.127
308.056
308.277
308.389
308.409
308.258
308.158
308.074
308.164
308.068
308.409
308.429
308.513
308.327
308.484
308.656
308.589
308.549
308.3
308.105
308.219
308.183
308.409
308.429
308.513
308.327
308.484
308.656
308.589
308.549
308.3
308.105
308.219
308.183
308.138
308.336
308.236
308.235
308.033
308.017
308.129
307.923
308.033
308.017
308.129
307.923
307.815
307.657
307.729
307.741
307.881
307.852
307.794
307.939
307.939
307.986
308.063
307.864
307.57
307.576
307.66
307.487
307.691
307.901
307.809
307.781
307.471
307.287
307.388
307.37
307.815
307.656
307.728
307.741
307.88
307.851
307.794
307.939
307.939
307.986
308.063
307.864
307.57
307.576
307.66
307.487
307.691
307.901
307.809
307.781
307.471
307.287
307.388
307.37
307.072
306.811
306.973
306.973
307.164
307.184
307.266
307.081
307.164
307.183
307.266
307.081
)
;
    }
}


// ************************************************************************* //
