/*--------------------------------*- C++ -*----------------------------------*\
| =========                 |                                                 |
| \\      /  F ield         | OpenFOAM: The Open Source CFD Toolbox           |
|  \\    /   O peration     | Version:  2412                                  |
|   \\  /    A nd           | Website:  www.openfoam.com                      |
|    \\/     M anipulation  |                                                 |
\*---------------------------------------------------------------------------*/
FoamFile
{
    version     2.0;
    format      ascii;
    arch        "LSB;label=32;scalar=64";
    class       volScalarField;
    location    "0.0008/chip";
    object      T;
}
// * * * * * * * * * * * * * * * * * * * * * * * * * * * * * * * * * * * * * //

dimensions      [0 0 0 1 0 0 0];

internalField   nonuniform List<scalar> 
7068
(
300.383
300.383
300.383
300.383
300.838
300.838
300.838
300.838
300.383
300.784
300.383
300.383
300.784
300.784
300.383
300.784
300.383
300.383
300.784
300.784
300.383
300.383
300.383
300.784
300.784
300.784
300.784
300.383
300.784
300.784
300.383
300.784
300.383
300.784
300.784
300.784
300.838
300.838
300.838
300.838
300.838
300.838
300.838
300.838
300.838
300.838
300.838
300.838
300.603
300.376
300.611
300.38
300.38
300.611
300.609
300.38
300.377
300.611
300.611
300.38
300.38
300.611
300.618
300.383
300.383
300.618
300.383
300.618
300.618
300.616
300.381
300.383
300.618
300.381
300.616
300.618
300.609
300.38
300.377
300.611
300.616
300.383
300.381
300.618
300.381
300.618
300.616
300.614
300.381
300.381
300.618
300.378
300.616
300.616
300.851
300.811
300.858
300.819
300.819
300.858
300.856
300.819
300.817
300.858
300.858
300.819
300.819
300.858
300.864
300.838
300.838
300.864
300.838
300.864
300.864
300.862
300.837
300.838
300.864
300.837
300.862
300.864
300.856
300.819
300.817
300.858
300.862
300.838
300.837
300.864
300.837
300.864
300.862
300.86
300.837
300.837
300.864
300.837
300.862
300.862
300.609
300.38
300.377
300.611
300.609
300.38
300.377
300.611
300.614
300.381
300.381
300.618
300.378
300.616
300.616
300.659
300.784
300.665
300.791
300.667
300.789
300.665
300.791
300.667
300.789
300.701
300.702
300.783
300.783
300.701
300.701
300.783
300.611
300.38
300.38
300.611
300.616
300.381
300.383
300.618
300.381
300.616
300.618
300.616
300.381
300.383
300.618
300.381
300.616
300.618
300.667
300.792
300.667
300.792
300.667
300.792
300.667
300.792
300.701
300.702
300.783
300.784
300.701
300.702
300.783
300.701
300.702
300.783
300.784
300.701
300.702
300.783
300.603
300.376
300.614
300.381
300.381
300.618
300.378
300.616
300.616
300.609
300.38
300.377
300.611
300.665
300.791
300.667
300.789
300.659
300.784
300.701
300.702
300.783
300.783
300.701
300.701
300.783
300.665
300.791
300.667
300.789
300.616
300.381
300.383
300.618
300.381
300.616
300.618
300.611
300.38
300.38
300.611
300.616
300.383
300.381
300.618
300.381
300.618
300.616
300.667
300.792
300.667
300.792
300.701
300.702
300.783
300.784
300.701
300.702
300.783
300.667
300.792
300.667
300.792
300.701
300.702
300.784
300.783
300.702
300.701
300.783
300.618
300.383
300.383
300.618
300.383
300.618
300.618
300.618
300.383
300.383
300.618
300.383
300.618
300.618
300.618
300.383
300.383
300.618
300.383
300.618
300.618
300.611
300.38
300.38
300.611
300.616
300.383
300.381
300.618
300.381
300.618
300.616
300.611
300.38
300.38
300.611
300.701
300.702
300.783
300.784
300.701
300.702
300.783
300.667
300.792
300.667
300.792
300.701
300.702
300.784
300.783
300.702
300.701
300.783
300.667
300.792
300.667
300.792
300.614
300.381
300.381
300.618
300.378
300.616
300.616
300.603
300.376
300.609
300.38
300.377
300.611
300.665
300.791
300.667
300.789
300.701
300.702
300.783
300.783
300.701
300.701
300.783
300.659
300.784
300.665
300.791
300.667
300.789
300.616
300.383
300.381
300.618
300.381
300.618
300.616
300.611
300.38
300.38
300.611
300.611
300.38
300.38
300.611
300.701
300.702
300.784
300.783
300.702
300.701
300.783
300.701
300.702
300.784
300.783
300.702
300.701
300.783
300.667
300.792
300.667
300.792
300.667
300.792
300.667
300.792
300.609
300.38
300.377
300.611
300.609
300.38
300.377
300.611
300.603
300.376
300.701
300.702
300.783
300.783
300.701
300.701
300.783
300.665
300.791
300.667
300.789
300.665
300.791
300.667
300.789
300.659
300.784
300.856
300.819
300.817
300.858
300.856
300.819
300.817
300.858
300.86
300.837
300.837
300.864
300.837
300.862
300.862
300.858
300.819
300.819
300.858
300.862
300.837
300.838
300.864
300.837
300.862
300.864
300.862
300.837
300.838
300.864
300.837
300.862
300.864
300.851
300.811
300.86
300.837
300.837
300.864
300.837
300.862
300.862
300.856
300.819
300.817
300.858
300.862
300.837
300.838
300.864
300.837
300.862
300.864
300.858
300.819
300.819
300.858
300.862
300.838
300.837
300.864
300.837
300.864
300.862
300.864
300.838
300.838
300.864
300.838
300.864
300.864
300.864
300.838
300.838
300.864
300.838
300.864
300.864
300.864
300.838
300.838
300.864
300.838
300.864
300.864
300.858
300.819
300.819
300.858
300.862
300.838
300.837
300.864
300.837
300.864
300.862
300.858
300.819
300.819
300.858
300.86
300.837
300.837
300.864
300.837
300.862
300.862
300.851
300.811
300.856
300.819
300.817
300.858
300.862
300.838
300.837
300.864
300.837
300.864
300.862
300.858
300.819
300.819
300.858
300.858
300.819
300.819
300.858
300.856
300.819
300.817
300.858
300.856
300.819
300.817
300.858
300.851
300.811
300.484
300.383
300.383
300.484
300.383
300.484
300.484
300.484
300.383
300.383
300.484
300.383
300.484
300.484
300.484
300.383
300.383
300.484
300.383
300.484
300.484
300.484
300.383
300.383
300.484
300.383
300.484
300.484
300.484
300.383
300.383
300.484
300.383
300.484
300.484
300.484
300.383
300.383
300.484
300.484
300.383
300.484
300.484
300.383
300.383
300.484
300.383
300.484
300.484
300.484
300.383
300.383
300.484
300.484
300.383
300.484
300.484
300.383
300.383
300.484
300.484
300.383
300.484
300.484
300.383
300.383
300.484
300.383
300.484
300.484
300.484
300.383
300.383
300.484
300.484
300.383
300.484
300.484
300.383
300.383
300.484
300.484
300.383
300.484
300.484
300.383
300.383
300.484
300.383
300.484
300.484
300.484
300.383
300.383
300.484
300.484
300.383
300.484
300.484
300.383
300.383
300.484
300.484
300.383
300.484
300.484
300.383
300.383
300.484
300.484
300.383
300.484
300.421
300.539
300.57
300.57
300.5
300.5
300.542
300.374
300.468
300.294
300.294
300.214
300.422
300.422
300.515
300.548
300.582
300.611
300.515
300.548
300.582
300.436
300.301
300.38
300.477
300.301
300.436
300.477
300.436
300.477
300.301
300.38
300.301
300.436
300.477
300.515
300.611
300.548
300.582
300.515
300.548
300.582
300.514
300.546
300.577
300.61
300.508
300.548
300.581
300.435
300.301
300.38
300.477
300.301
300.436
300.477
300.435
300.474
300.295
300.38
300.301
300.429
300.477
300.515
300.611
300.548
300.582
300.515
300.548
300.582
300.515
300.548
300.611
300.582
300.548
300.515
300.582
300.436
300.301
300.38
300.477
300.301
300.436
300.477
300.436
300.477
300.38
300.301
300.301
300.477
300.436
300.515
300.611
300.548
300.582
300.515
300.548
300.582
300.484
300.383
300.383
300.484
300.383
300.484
300.484
300.484
300.383
300.383
300.484
300.383
300.484
300.484
300.484
300.484
300.383
300.383
300.383
300.484
300.484
300.484
300.383
300.381
300.482
300.383
300.484
300.482
300.484
300.383
300.383
300.484
300.383
300.484
300.484
300.484
300.482
300.381
300.383
300.383
300.482
300.484
300.514
300.546
300.61
300.577
300.548
300.508
300.581
300.435
300.301
300.38
300.477
300.301
300.436
300.477
300.435
300.474
300.38
300.296
300.301
300.477
300.429
300.515
300.611
300.548
300.582
300.515
300.548
300.582
300.484
300.383
300.383
300.484
300.383
300.484
300.484
300.484
300.383
300.381
300.482
300.383
300.484
300.482
300.484
300.482
300.383
300.381
300.383
300.484
300.482
300.484
300.383
300.381
300.482
300.383
300.484
300.482
300.484
300.383
300.381
300.482
300.383
300.484
300.482
300.484
300.48
300.381
300.381
300.383
300.482
300.482
300.808
300.845
300.837
300.837
300.83
300.83
300.818
300.8
300.832
300.794
300.794
300.766
300.816
300.816
300.837
300.852
300.843
300.858
300.837
300.852
300.843
300.823
300.803
300.819
300.839
300.803
300.823
300.839
300.823
300.839
300.803
300.819
300.803
300.823
300.839
300.837
300.858
300.852
300.842
300.837
300.852
300.843
300.837
300.85
300.84
300.858
300.836
300.852
300.842
300.823
300.803
300.819
300.839
300.803
300.823
300.839
300.823
300.837
300.8
300.818
300.802
300.821
300.838
300.837
300.858
300.852
300.842
300.837
300.852
300.842
300.837
300.852
300.858
300.843
300.852
300.837
300.843
300.823
300.803
300.819
300.839
300.803
300.823
300.839
300.823
300.839
300.819
300.803
300.803
300.839
300.823
300.837
300.858
300.852
300.843
300.837
300.852
300.843
300.858
300.858
300.864
300.864
300.858
300.858
300.864
300.858
300.858
300.864
300.864
300.858
300.858
300.864
300.858
300.864
300.858
300.864
300.858
300.858
300.864
300.858
300.864
300.858
300.864
300.858
300.858
300.864
300.858
300.856
300.862
300.864
300.856
300.858
300.864
300.858
300.858
300.864
300.864
300.858
300.858
300.864
300.858
300.862
300.856
300.864
300.858
300.856
300.864
300.858
300.864
300.858
300.864
300.858
300.858
300.864
300.837
300.85
300.858
300.84
300.852
300.836
300.842
300.823
300.803
300.819
300.839
300.803
300.823
300.839
300.823
300.837
300.818
300.8
300.802
300.838
300.821
300.837
300.858
300.852
300.842
300.837
300.852
300.842
300.858
300.856
300.864
300.862
300.858
300.856
300.864
300.858
300.858
300.864
300.864
300.858
300.858
300.864
300.858
300.864
300.858
300.864
300.858
300.858
300.864
300.858
300.862
300.856
300.864
300.858
300.856
300.864
300.858
300.854
300.862
300.862
300.856
300.856
300.864
300.857
300.858
300.864
300.864
300.858
300.858
300.864
300.858
300.862
300.856
300.864
300.858
300.856
300.864
300.858
300.862
300.856
300.864
300.858
300.856
300.864
300.514
300.546
300.577
300.61
300.508
300.548
300.581
300.435
300.301
300.38
300.477
300.436
300.301
300.477
300.435
300.474
300.295
300.38
300.429
300.301
300.477
300.515
300.611
300.548
300.582
300.515
300.548
300.582
300.514
300.546
300.577
300.61
300.508
300.548
300.581
300.436
300.301
300.38
300.477
300.436
300.301
300.477
300.435
300.474
300.296
300.38
300.429
300.301
300.477
300.515
300.611
300.548
300.582
300.515
300.548
300.582
300.484
300.383
300.381
300.482
300.383
300.482
300.484
300.484
300.383
300.381
300.482
300.383
300.482
300.484
300.484
300.48
300.381
300.381
300.383
300.482
300.482
300.665
300.631
300.631
300.708
300.576
300.683
300.683
300.69
300.749
300.765
300.765
300.75
300.728
300.728
300.694
300.637
300.666
300.714
300.642
300.69
300.715
300.738
300.774
300.757
300.791
300.757
300.738
300.774
300.694
300.667
300.642
300.716
300.642
300.715
300.695
300.738
300.755
300.771
300.791
300.734
300.757
300.774
300.694
300.638
300.666
300.714
300.642
300.69
300.715
300.738
300.774
300.757
300.791
300.757
300.738
300.774
300.694
300.667
300.642
300.716
300.642
300.715
300.695
300.738
300.755
300.771
300.791
300.735
300.757
300.774
300.515
300.548
300.582
300.611
300.515
300.548
300.582
300.436
300.301
300.38
300.477
300.436
300.301
300.477
300.436
300.477
300.301
300.38
300.436
300.301
300.477
300.515
300.611
300.548
300.582
300.515
300.548
300.582
300.484
300.383
300.381
300.482
300.482
300.383
300.484
300.484
300.383
300.383
300.484
300.484
300.383
300.484
300.484
300.482
300.381
300.383
300.482
300.383
300.484
300.484
300.383
300.381
300.482
300.383
300.482
300.484
300.484
300.383
300.383
300.484
300.383
300.484
300.484
300.484
300.482
300.381
300.383
300.383
300.482
300.484
300.695
300.643
300.667
300.716
300.643
300.695
300.716
300.738
300.774
300.757
300.792
300.774
300.738
300.757
300.695
300.667
300.642
300.716
300.643
300.695
300.716
300.738
300.757
300.774
300.792
300.774
300.738
300.757
300.695
300.643
300.667
300.716
300.643
300.695
300.716
300.738
300.774
300.757
300.792
300.757
300.738
300.774
300.695
300.667
300.643
300.716
300.643
300.716
300.695
300.738
300.757
300.774
300.792
300.738
300.757
300.774
300.421
300.539
300.57
300.57
300.5
300.5
300.542
300.374
300.468
300.294
300.294
300.422
300.214
300.422
300.484
300.383
300.381
300.482
300.482
300.383
300.484
300.484
300.383
300.381
300.482
300.484
300.383
300.482
300.484
300.48
300.381
300.381
300.482
300.383
300.482
300.514
300.546
300.577
300.61
300.508
300.548
300.581
300.435
300.301
300.38
300.477
300.301
300.477
300.436
300.435
300.474
300.296
300.38
300.301
300.429
300.477
300.515
300.611
300.548
300.582
300.548
300.582
300.515
300.694
300.637
300.666
300.714
300.642
300.69
300.715
300.738
300.774
300.757
300.791
300.774
300.738
300.757
300.694
300.667
300.642
300.716
300.642
300.695
300.715
300.738
300.755
300.771
300.791
300.774
300.735
300.757
300.665
300.631
300.631
300.708
300.576
300.683
300.683
300.69
300.749
300.765
300.765
300.728
300.728
300.75
300.694
300.638
300.666
300.714
300.642
300.69
300.715
300.738
300.774
300.757
300.791
300.757
300.738
300.774
300.694
300.667
300.642
300.716
300.642
300.715
300.695
300.738
300.755
300.771
300.791
300.735
300.757
300.774
300.484
300.383
300.381
300.482
300.482
300.383
300.484
300.484
300.383
300.383
300.484
300.484
300.383
300.484
300.484
300.482
300.381
300.383
300.482
300.383
300.484
300.515
300.548
300.582
300.611
300.515
300.548
300.582
300.436
300.301
300.38
300.477
300.436
300.301
300.477
300.436
300.477
300.301
300.38
300.436
300.301
300.477
300.515
300.611
300.548
300.582
300.515
300.548
300.582
300.484
300.383
300.383
300.484
300.383
300.484
300.484
300.484
300.383
300.381
300.482
300.383
300.482
300.484
300.484
300.482
300.383
300.381
300.383
300.484
300.482
300.695
300.667
300.643
300.716
300.643
300.716
300.695
300.738
300.774
300.757
300.792
300.774
300.738
300.757
300.695
300.667
300.643
300.716
300.643
300.695
300.716
300.738
300.757
300.792
300.774
300.774
300.757
300.738
300.695
300.643
300.667
300.716
300.643
300.695
300.716
300.738
300.774
300.757
300.792
300.757
300.738
300.774
300.695
300.667
300.643
300.716
300.643
300.716
300.695
300.738
300.757
300.774
300.792
300.738
300.757
300.774
300.484
300.383
300.383
300.484
300.484
300.383
300.484
300.484
300.383
300.383
300.484
300.484
300.383
300.484
300.484
300.484
300.383
300.383
300.484
300.383
300.484
300.484
300.383
300.383
300.484
300.484
300.383
300.484
300.484
300.383
300.383
300.484
300.484
300.383
300.484
300.484
300.484
300.383
300.383
300.484
300.383
300.484
300.484
300.383
300.383
300.484
300.383
300.484
300.484
300.484
300.383
300.383
300.484
300.383
300.484
300.484
300.484
300.484
300.383
300.383
300.383
300.484
300.484
300.515
300.548
300.611
300.582
300.548
300.515
300.582
300.436
300.301
300.38
300.477
300.477
300.301
300.436
300.436
300.477
300.38
300.301
300.477
300.301
300.436
300.515
300.611
300.548
300.582
300.548
300.515
300.582
300.484
300.383
300.383
300.484
300.484
300.383
300.484
300.484
300.383
300.381
300.482
300.484
300.383
300.482
300.484
300.482
300.383
300.381
300.484
300.383
300.482
300.515
300.548
300.582
300.611
300.515
300.548
300.582
300.436
300.301
300.38
300.477
300.301
300.477
300.436
300.436
300.477
300.301
300.38
300.301
300.436
300.477
300.515
300.611
300.548
300.582
300.548
300.582
300.515
300.695
300.667
300.643
300.716
300.643
300.716
300.695
300.738
300.774
300.757
300.792
300.738
300.757
300.774
300.695
300.667
300.643
300.716
300.695
300.643
300.716
300.738
300.757
300.792
300.774
300.757
300.738
300.774
300.695
300.643
300.667
300.716
300.643
300.695
300.716
300.738
300.774
300.757
300.792
300.757
300.738
300.774
300.695
300.667
300.643
300.716
300.643
300.716
300.695
300.738
300.757
300.774
300.792
300.738
300.757
300.774
300.484
300.383
300.381
300.482
300.482
300.383
300.484
300.484
300.383
300.381
300.482
300.484
300.383
300.482
300.484
300.48
300.381
300.381
300.482
300.383
300.482
300.421
300.539
300.57
300.57
300.5
300.5
300.542
300.374
300.468
300.294
300.294
300.422
300.214
300.422
300.514
300.546
300.61
300.577
300.548
300.508
300.581
300.435
300.301
300.38
300.477
300.301
300.477
300.436
300.435
300.474
300.38
300.295
300.301
300.477
300.429
300.515
300.611
300.548
300.582
300.548
300.582
300.515
300.694
300.666
300.638
300.714
300.642
300.715
300.69
300.738
300.774
300.757
300.791
300.774
300.738
300.757
300.694
300.667
300.642
300.716
300.642
300.695
300.715
300.738
300.755
300.791
300.771
300.774
300.757
300.735
300.665
300.631
300.631
300.708
300.576
300.683
300.683
300.69
300.749
300.765
300.765
300.728
300.728
300.75
300.694
300.666
300.638
300.714
300.642
300.715
300.69
300.738
300.774
300.757
300.791
300.757
300.738
300.774
300.694
300.667
300.642
300.716
300.642
300.715
300.695
300.738
300.755
300.791
300.771
300.757
300.735
300.774
300.484
300.383
300.383
300.484
300.484
300.383
300.484
300.484
300.383
300.381
300.482
300.484
300.383
300.482
300.484
300.482
300.383
300.381
300.484
300.383
300.482
300.515
300.548
300.611
300.582
300.548
300.515
300.582
300.436
300.301
300.38
300.477
300.477
300.301
300.436
300.436
300.477
300.38
300.301
300.477
300.301
300.436
300.515
300.611
300.548
300.582
300.548
300.515
300.582
300.515
300.548
300.611
300.582
300.548
300.515
300.582
300.436
300.301
300.38
300.477
300.301
300.477
300.436
300.436
300.477
300.38
300.301
300.301
300.477
300.436
300.515
300.611
300.548
300.582
300.548
300.582
300.515
300.695
300.667
300.643
300.716
300.643
300.716
300.695
300.738
300.774
300.757
300.792
300.738
300.757
300.774
300.695
300.667
300.643
300.716
300.695
300.643
300.716
300.738
300.757
300.792
300.774
300.757
300.738
300.774
300.695
300.667
300.643
300.716
300.643
300.716
300.695
300.738
300.774
300.757
300.792
300.757
300.738
300.774
300.695
300.667
300.642
300.716
300.643
300.716
300.695
300.738
300.757
300.792
300.774
300.757
300.738
300.774
300.514
300.546
300.61
300.577
300.548
300.508
300.581
300.436
300.301
300.38
300.477
300.477
300.301
300.436
300.435
300.474
300.38
300.296
300.477
300.301
300.429
300.515
300.611
300.548
300.582
300.548
300.515
300.582
300.514
300.546
300.61
300.577
300.548
300.508
300.581
300.435
300.301
300.38
300.477
300.477
300.301
300.436
300.435
300.474
300.38
300.295
300.477
300.301
300.429
300.515
300.611
300.548
300.582
300.548
300.515
300.582
300.421
300.539
300.57
300.57
300.5
300.5
300.542
300.374
300.468
300.294
300.294
300.214
300.423
300.422
300.694
300.666
300.638
300.714
300.642
300.715
300.69
300.738
300.774
300.757
300.791
300.738
300.757
300.774
300.694
300.667
300.642
300.716
300.695
300.642
300.715
300.738
300.755
300.791
300.771
300.757
300.735
300.774
300.694
300.666
300.637
300.714
300.642
300.715
300.69
300.738
300.774
300.757
300.791
300.738
300.757
300.774
300.694
300.667
300.642
300.716
300.695
300.642
300.715
300.738
300.755
300.791
300.771
300.757
300.734
300.774
300.665
300.631
300.631
300.708
300.576
300.683
300.683
300.69
300.749
300.765
300.765
300.728
300.728
300.75
300.837
300.85
300.84
300.858
300.836
300.852
300.842
300.823
300.803
300.819
300.839
300.823
300.803
300.839
300.823
300.837
300.8
300.818
300.821
300.802
300.838
300.837
300.858
300.852
300.842
300.837
300.852
300.842
300.837
300.85
300.84
300.858
300.836
300.852
300.842
300.823
300.803
300.819
300.839
300.823
300.803
300.839
300.823
300.837
300.8
300.818
300.821
300.802
300.838
300.837
300.858
300.852
300.843
300.837
300.852
300.842
300.858
300.854
300.862
300.862
300.856
300.856
300.864
300.857
300.858
300.864
300.864
300.864
300.858
300.858
300.858
300.862
300.856
300.864
300.856
300.864
300.858
300.858
300.862
300.856
300.864
300.856
300.864
300.858
300.837
300.852
300.843
300.858
300.837
300.852
300.843
300.823
300.803
300.819
300.839
300.823
300.803
300.839
300.823
300.839
300.803
300.819
300.823
300.803
300.839
300.837
300.858
300.852
300.843
300.837
300.852
300.843
300.858
300.856
300.862
300.864
300.856
300.858
300.864
300.858
300.858
300.864
300.864
300.858
300.858
300.864
300.858
300.862
300.856
300.864
300.856
300.858
300.864
300.858
300.864
300.858
300.864
300.858
300.858
300.864
300.858
300.856
300.862
300.864
300.856
300.858
300.864
300.858
300.858
300.864
300.864
300.864
300.858
300.858
300.858
300.862
300.856
300.864
300.856
300.864
300.858
300.858
300.864
300.858
300.864
300.858
300.864
300.858
300.808
300.845
300.837
300.837
300.83
300.83
300.818
300.8
300.832
300.794
300.794
300.816
300.766
300.816
300.858
300.854
300.862
300.862
300.856
300.856
300.864
300.857
300.858
300.864
300.864
300.858
300.858
300.864
300.858
300.862
300.856
300.864
300.856
300.858
300.864
300.858
300.862
300.856
300.864
300.858
300.856
300.864
300.837
300.85
300.84
300.858
300.836
300.852
300.842
300.823
300.803
300.819
300.839
300.803
300.839
300.823
300.823
300.837
300.8
300.818
300.802
300.821
300.838
300.837
300.858
300.852
300.842
300.852
300.842
300.837
300.858
300.856
300.862
300.864
300.856
300.858
300.864
300.858
300.858
300.864
300.864
300.858
300.858
300.864
300.858
300.862
300.856
300.864
300.856
300.858
300.864
300.858
300.864
300.858
300.864
300.858
300.858
300.864
300.837
300.852
300.843
300.858
300.837
300.852
300.843
300.823
300.803
300.819
300.839
300.823
300.803
300.839
300.823
300.839
300.803
300.819
300.823
300.803
300.839
300.837
300.858
300.852
300.843
300.837
300.852
300.843
300.858
300.856
300.864
300.862
300.858
300.856
300.864
300.858
300.858
300.864
300.864
300.864
300.858
300.858
300.858
300.864
300.858
300.864
300.858
300.864
300.858
300.858
300.862
300.856
300.864
300.856
300.864
300.858
300.858
300.858
300.864
300.864
300.858
300.858
300.864
300.858
300.858
300.864
300.864
300.858
300.858
300.864
300.858
300.864
300.858
300.864
300.858
300.858
300.864
300.858
300.864
300.858
300.864
300.858
300.858
300.864
300.858
300.858
300.864
300.864
300.858
300.858
300.864
300.858
300.858
300.864
300.864
300.858
300.858
300.864
300.858
300.864
300.858
300.864
300.858
300.858
300.864
300.858
300.864
300.858
300.864
300.858
300.858
300.864
300.858
300.858
300.864
300.864
300.858
300.858
300.864
300.858
300.858
300.864
300.864
300.864
300.858
300.858
300.858
300.864
300.858
300.864
300.858
300.864
300.858
300.858
300.864
300.858
300.864
300.858
300.864
300.858
300.837
300.852
300.858
300.843
300.852
300.837
300.843
300.823
300.803
300.819
300.839
300.839
300.803
300.823
300.823
300.839
300.819
300.803
300.839
300.803
300.823
300.837
300.858
300.852
300.843
300.852
300.837
300.843
300.858
300.856
300.864
300.862
300.858
300.856
300.864
300.858
300.858
300.864
300.864
300.858
300.858
300.864
300.858
300.864
300.858
300.864
300.858
300.858
300.864
300.858
300.862
300.856
300.864
300.858
300.856
300.864
300.837
300.852
300.843
300.858
300.837
300.852
300.843
300.823
300.803
300.819
300.839
300.803
300.839
300.823
300.823
300.839
300.803
300.819
300.803
300.823
300.839
300.837
300.858
300.852
300.843
300.852
300.843
300.837
300.858
300.854
300.862
300.862
300.856
300.856
300.864
300.857
300.858
300.864
300.864
300.858
300.858
300.864
300.858
300.862
300.856
300.864
300.856
300.858
300.864
300.858
300.862
300.856
300.864
300.858
300.856
300.864
300.808
300.845
300.837
300.837
300.83
300.83
300.818
300.801
300.832
300.794
300.794
300.816
300.766
300.816
300.837
300.85
300.858
300.84
300.852
300.836
300.842
300.823
300.803
300.819
300.839
300.803
300.839
300.823
300.823
300.837
300.818
300.8
300.802
300.838
300.821
300.837
300.858
300.852
300.842
300.852
300.842
300.837
300.858
300.856
300.864
300.862
300.858
300.856
300.864
300.858
300.858
300.864
300.864
300.858
300.858
300.864
300.858
300.864
300.858
300.864
300.858
300.858
300.864
300.858
300.862
300.856
300.864
300.858
300.856
300.864
300.837
300.852
300.858
300.843
300.852
300.837
300.843
300.823
300.803
300.819
300.839
300.839
300.803
300.823
300.823
300.839
300.819
300.803
300.839
300.803
300.823
300.837
300.858
300.852
300.843
300.852
300.837
300.843
300.837
300.852
300.858
300.843
300.852
300.837
300.843
300.823
300.803
300.819
300.839
300.803
300.839
300.823
300.823
300.839
300.819
300.803
300.803
300.839
300.823
300.837
300.858
300.852
300.842
300.852
300.843
300.837
300.837
300.85
300.858
300.84
300.852
300.836
300.842
300.823
300.803
300.819
300.839
300.839
300.803
300.823
300.823
300.837
300.818
300.8
300.838
300.802
300.821
300.837
300.858
300.852
300.843
300.852
300.837
300.842
300.837
300.85
300.858
300.84
300.852
300.836
300.842
300.823
300.803
300.819
300.839
300.839
300.803
300.823
300.823
300.837
300.818
300.8
300.838
300.802
300.821
300.837
300.858
300.852
300.842
300.852
300.837
300.842
300.808
300.845
300.837
300.837
300.83
300.83
300.818
300.8
300.832
300.794
300.794
300.766
300.816
300.816
300.425
300.383
300.383
300.425
300.383
300.425
300.425
300.425
300.383
300.383
300.425
300.383
300.425
300.425
300.425
300.383
300.383
300.425
300.383
300.425
300.425
300.425
300.383
300.383
300.425
300.383
300.425
300.425
300.425
300.383
300.383
300.425
300.383
300.425
300.425
300.425
300.383
300.383
300.425
300.425
300.383
300.425
300.425
300.383
300.383
300.425
300.383
300.425
300.425
300.425
300.383
300.383
300.425
300.425
300.383
300.425
300.425
300.383
300.383
300.425
300.425
300.383
300.425
300.425
300.383
300.383
300.425
300.383
300.425
300.425
300.425
300.383
300.383
300.425
300.425
300.383
300.425
300.425
300.383
300.383
300.425
300.425
300.383
300.425
300.425
300.383
300.383
300.425
300.383
300.425
300.425
300.425
300.383
300.383
300.425
300.425
300.383
300.425
300.425
300.383
300.383
300.425
300.425
300.383
300.425
300.425
300.383
300.383
300.425
300.425
300.383
300.425
300.393
300.417
300.363
300.363
300.352
300.405
300.405
300.41
300.369
300.38
300.422
300.369
300.41
300.422
300.41
300.422
300.369
300.38
300.369
300.41
300.422
300.41
300.369
300.38
300.422
300.369
300.41
300.422
300.408
300.419
300.365
300.378
300.366
300.406
300.42
300.41
300.369
300.38
300.422
300.369
300.41
300.422
300.41
300.422
300.38
300.369
300.369
300.422
300.41
300.425
300.383
300.383
300.425
300.383
300.425
300.425
300.425
300.383
300.383
300.425
300.383
300.425
300.425
300.425
300.425
300.383
300.383
300.383
300.425
300.425
300.423
300.382
300.381
300.422
300.382
300.423
300.422
300.425
300.383
300.383
300.425
300.383
300.425
300.425
300.423
300.422
300.381
300.382
300.382
300.422
300.423
300.41
300.369
300.38
300.422
300.369
300.41
300.422
300.408
300.419
300.378
300.365
300.366
300.42
300.406
300.425
300.383
300.383
300.425
300.383
300.425
300.425
300.423
300.382
300.381
300.422
300.382
300.423
300.422
300.423
300.422
300.382
300.381
300.382
300.423
300.422
300.423
300.382
300.381
300.422
300.382
300.423
300.422
300.423
300.382
300.381
300.422
300.382
300.423
300.422
300.422
300.419
300.379
300.379
300.38
300.421
300.421
300.41
300.369
300.38
300.422
300.41
300.369
300.422
300.408
300.419
300.365
300.378
300.406
300.366
300.42
300.41
300.369
300.38
300.422
300.41
300.369
300.422
300.408
300.419
300.365
300.378
300.406
300.366
300.42
300.423
300.382
300.381
300.422
300.382
300.422
300.423
300.423
300.382
300.381
300.422
300.382
300.422
300.423
300.422
300.419
300.379
300.379
300.38
300.421
300.421
300.41
300.369
300.38
300.422
300.41
300.369
300.422
300.41
300.422
300.369
300.38
300.41
300.369
300.422
300.423
300.382
300.381
300.422
300.422
300.382
300.423
300.425
300.383
300.383
300.425
300.425
300.383
300.425
300.423
300.422
300.381
300.382
300.422
300.382
300.423
300.423
300.382
300.381
300.422
300.382
300.422
300.423
300.425
300.383
300.383
300.425
300.383
300.425
300.425
300.423
300.422
300.381
300.382
300.382
300.422
300.423
300.393
300.417
300.363
300.363
300.405
300.352
300.405
300.423
300.382
300.381
300.422
300.422
300.382
300.423
300.423
300.382
300.381
300.422
300.423
300.382
300.422
300.422
300.419
300.379
300.379
300.421
300.38
300.421
300.41
300.369
300.38
300.422
300.369
300.422
300.41
300.408
300.419
300.365
300.378
300.366
300.406
300.42
300.423
300.382
300.381
300.422
300.422
300.382
300.423
300.425
300.383
300.383
300.425
300.425
300.383
300.425
300.423
300.422
300.381
300.382
300.422
300.382
300.423
300.41
300.369
300.38
300.422
300.41
300.369
300.422
300.41
300.422
300.369
300.38
300.41
300.369
300.422
300.425
300.383
300.383
300.425
300.383
300.425
300.425
300.423
300.382
300.381
300.422
300.382
300.422
300.423
300.423
300.422
300.382
300.381
300.382
300.423
300.422
300.425
300.383
300.383
300.425
300.425
300.383
300.425
300.425
300.383
300.383
300.425
300.425
300.383
300.425
300.425
300.425
300.383
300.383
300.425
300.383
300.425
300.425
300.383
300.383
300.425
300.425
300.383
300.425
300.425
300.383
300.383
300.425
300.425
300.383
300.425
300.425
300.425
300.383
300.383
300.425
300.383
300.425
300.425
300.383
300.383
300.425
300.383
300.425
300.425
300.425
300.383
300.383
300.425
300.383
300.425
300.425
300.425
300.425
300.383
300.383
300.383
300.425
300.425
300.41
300.369
300.38
300.422
300.422
300.369
300.41
300.41
300.422
300.38
300.369
300.422
300.369
300.41
300.425
300.383
300.383
300.425
300.425
300.383
300.425
300.423
300.382
300.381
300.422
300.423
300.382
300.422
300.423
300.422
300.382
300.381
300.423
300.382
300.422
300.41
300.369
300.38
300.422
300.369
300.422
300.41
300.41
300.422
300.369
300.38
300.369
300.41
300.422
300.423
300.382
300.381
300.422
300.422
300.382
300.423
300.423
300.382
300.381
300.422
300.423
300.382
300.422
300.422
300.419
300.379
300.379
300.421
300.38
300.421
300.393
300.417
300.363
300.363
300.405
300.352
300.405
300.41
300.369
300.38
300.422
300.369
300.422
300.41
300.408
300.419
300.378
300.365
300.366
300.42
300.406
300.425
300.383
300.383
300.425
300.425
300.383
300.425
300.423
300.382
300.381
300.422
300.423
300.382
300.422
300.423
300.422
300.382
300.381
300.423
300.382
300.422
300.41
300.369
300.38
300.422
300.422
300.369
300.41
300.41
300.422
300.38
300.369
300.422
300.369
300.41
300.41
300.369
300.38
300.422
300.369
300.422
300.41
300.41
300.422
300.38
300.369
300.369
300.422
300.41
300.41
300.369
300.38
300.422
300.422
300.369
300.41
300.408
300.419
300.378
300.365
300.42
300.366
300.406
300.41
300.369
300.38
300.422
300.422
300.369
300.41
300.408
300.419
300.378
300.365
300.42
300.366
300.406
300.393
300.417
300.363
300.363
300.352
300.405
300.405
300.425
300.383
300.383
300.425
300.383
300.425
300.425
300.425
300.383
300.383
300.425
300.383
300.425
300.425
300.425
300.425
300.383
300.383
300.383
300.425
300.425
300.425
300.383
300.383
300.425
300.383
300.425
300.425
300.425
300.383
300.383
300.425
300.383
300.425
300.425
300.425
300.425
300.383
300.383
300.383
300.425
300.425
300.425
300.383
300.383
300.425
300.383
300.425
300.425
300.425
300.383
300.383
300.425
300.383
300.425
300.425
300.425
300.425
300.383
300.383
300.383
300.425
300.425
300.425
300.383
300.383
300.425
300.383
300.425
300.425
300.425
300.383
300.383
300.425
300.383
300.425
300.425
300.425
300.425
300.383
300.383
300.383
300.425
300.425
300.425
300.383
300.383
300.425
300.383
300.425
300.425
300.425
300.383
300.383
300.425
300.383
300.425
300.425
300.425
300.425
300.383
300.383
300.383
300.425
300.425
300.425
300.383
300.383
300.425
300.383
300.425
300.425
300.425
300.383
300.425
300.383
300.425
300.383
300.425
300.425
300.425
300.383
300.383
300.383
300.425
300.425
300.425
300.383
300.383
300.425
300.383
300.425
300.425
300.425
300.383
300.383
300.425
300.383
300.425
300.425
300.425
300.425
300.383
300.383
300.383
300.425
300.425
300.425
300.383
300.383
300.425
300.383
300.425
300.425
300.425
300.383
300.425
300.383
300.425
300.383
300.425
300.425
300.425
300.383
300.383
300.383
300.425
300.425
300.425
300.383
300.383
300.425
300.383
300.425
300.425
300.425
300.383
300.425
300.383
300.425
300.383
300.425
300.425
300.425
300.383
300.383
300.383
300.425
300.425
300.425
300.383
300.383
300.425
300.383
300.425
300.425
300.425
300.383
300.383
300.425
300.383
300.425
300.425
300.425
300.425
300.383
300.383
300.383
300.425
300.425
300.425
300.383
300.383
300.425
300.383
300.425
300.425
300.425
300.383
300.425
300.383
300.425
300.383
300.425
300.425
300.425
300.383
300.383
300.383
300.425
300.425
300.425
300.383
300.383
300.425
300.383
300.425
300.425
300.425
300.383
300.425
300.383
300.425
300.383
300.425
300.425
300.425
300.383
300.383
300.383
300.425
300.425
300.425
300.383
300.383
300.425
300.383
300.425
300.425
300.425
300.383
300.383
300.425
300.383
300.425
300.425
300.425
300.425
300.383
300.383
300.383
300.425
300.425
300.425
300.383
300.383
300.425
300.383
300.425
300.425
300.425
300.383
300.425
300.383
300.425
300.383
300.425
300.425
300.425
300.383
300.383
300.383
300.425
300.425
300.425
300.383
300.383
300.425
300.383
300.425
300.425
300.425
300.383
300.425
300.383
300.425
300.383
300.425
300.425
300.425
300.383
300.383
300.383
300.425
300.425
300.425
300.383
300.383
300.425
300.383
300.425
300.425
300.425
300.383
300.425
300.383
300.425
300.383
300.425
300.425
300.425
300.383
300.383
300.383
300.425
300.425
300.51
300.447
300.447
300.464
300.474
300.487
300.488
300.545
300.504
300.559
300.56
300.524
300.524
300.577
300.397
300.325
300.406
300.406
300.437
300.361
300.361
300.37
300.34
300.285
300.344
300.334
300.33
300.38
300.37
300.34
300.285
300.344
300.335
300.33
300.38
300.356
300.271
300.266
300.266
300.315
300.315
300.314
300.387
300.347
300.301
300.352
300.352
300.347
300.387
300.41
300.38
300.369
300.422
300.41
300.369
300.422
300.387
300.352
300.301
300.347
300.352
300.387
300.347
300.387
300.347
300.301
300.352
300.352
300.347
300.387
300.41
300.38
300.369
300.422
300.41
300.369
300.422
300.387
300.352
300.301
300.347
300.352
300.387
300.347
300.387
300.347
300.301
300.352
300.352
300.347
300.387
300.41
300.38
300.368
300.422
300.41
300.369
300.422
300.387
300.352
300.301
300.347
300.352
300.387
300.347
300.384
300.341
300.297
300.346
300.348
300.343
300.382
300.409
300.38
300.368
300.422
300.41
300.368
300.421
300.386
300.352
300.3
300.347
300.351
300.387
300.345
300.387
300.347
300.301
300.352
300.352
300.347
300.387
300.41
300.38
300.369
300.422
300.41
300.369
300.422
300.387
300.352
300.301
300.347
300.352
300.387
300.347
300.41
300.38
300.369
300.422
300.41
300.369
300.422
300.387
300.347
300.301
300.352
300.352
300.347
300.387
300.387
300.352
300.347
300.301
300.387
300.352
300.347
300.425
300.383
300.383
300.425
300.425
300.383
300.425
300.425
300.383
300.383
300.425
300.425
300.383
300.425
300.425
300.425
300.383
300.383
300.425
300.425
300.383
300.425
300.383
300.383
300.425
300.425
300.383
300.425
300.425
300.383
300.383
300.425
300.425
300.383
300.425
300.425
300.425
300.383
300.383
300.425
300.425
300.383
300.425
300.383
300.383
300.425
300.425
300.383
300.425
300.425
300.383
300.383
300.425
300.425
300.383
300.425
300.425
300.425
300.383
300.383
300.425
300.425
300.383
300.424
300.383
300.383
300.425
300.425
300.383
300.424
300.423
300.381
300.382
300.422
300.423
300.382
300.422
300.424
300.425
300.383
300.383
300.425
300.424
300.383
300.425
300.383
300.383
300.425
300.425
300.383
300.425
300.425
300.383
300.383
300.425
300.425
300.383
300.425
300.425
300.425
300.383
300.383
300.425
300.425
300.383
300.423
300.381
300.382
300.422
300.423
300.382
300.422
300.424
300.383
300.383
300.425
300.425
300.383
300.424
300.424
300.425
300.383
300.383
300.424
300.425
300.383
300.387
300.347
300.301
300.352
300.352
300.347
300.387
300.41
300.38
300.368
300.422
300.41
300.369
300.422
300.387
300.352
300.301
300.347
300.352
300.387
300.347
300.409
300.38
300.368
300.422
300.41
300.368
300.421
300.384
300.341
300.297
300.346
300.348
300.343
300.382
300.386
300.352
300.347
300.3
300.387
300.351
300.346
300.425
300.383
300.383
300.425
300.425
300.383
300.425
300.425
300.383
300.383
300.425
300.425
300.383
300.425
300.425
300.425
300.383
300.383
300.425
300.425
300.383
300.424
300.383
300.383
300.425
300.425
300.383
300.424
300.423
300.381
300.382
300.422
300.423
300.382
300.422
300.424
300.425
300.383
300.383
300.425
300.424
300.383
300.424
300.383
300.383
300.425
300.425
300.383
300.424
300.423
300.381
300.382
300.422
300.423
300.382
300.422
300.424
300.425
300.383
300.383
300.425
300.424
300.383
300.424
300.383
300.383
300.425
300.425
300.383
300.424
300.423
300.381
300.382
300.422
300.423
300.382
300.422
300.424
300.425
300.383
300.383
300.425
300.424
300.383
300.424
300.383
300.383
300.425
300.425
300.383
300.424
300.423
300.381
300.382
300.422
300.423
300.382
300.422
300.424
300.425
300.383
300.383
300.425
300.424
300.383
300.423
300.38
300.382
300.422
300.424
300.381
300.422
300.423
300.38
300.382
300.422
300.424
300.381
300.422
300.424
300.425
300.383
300.383
300.425
300.425
300.383
300.825
300.814
300.814
300.813
300.82
300.819
300.819
300.836
300.842
300.836
300.832
300.83
300.84
300.838
300.836
300.842
300.836
300.832
300.83
300.84
300.838
300.829
300.817
300.824
300.824
300.822
300.822
300.831
300.803
300.791
300.806
300.806
300.812
300.797
300.797
300.792
300.779
300.772
300.772
300.786
300.786
300.779
300.845
300.847
300.841
300.843
300.841
300.845
300.847
300.845
300.841
300.843
300.847
300.841
300.845
300.847
300.845
300.847
300.841
300.843
300.841
300.845
300.847
300.845
300.841
300.847
300.843
300.845
300.841
300.847
300.844
300.844
300.838
300.841
300.84
300.843
300.846
300.844
300.841
300.842
300.847
300.84
300.845
300.846
300.845
300.847
300.841
300.842
300.841
300.845
300.847
300.845
300.841
300.847
300.842
300.845
300.841
300.847
300.845
300.847
300.841
300.843
300.841
300.845
300.847
300.845
300.841
300.847
300.843
300.845
300.841
300.847
300.845
300.847
300.841
300.843
300.841
300.845
300.847
300.845
300.841
300.847
300.843
300.845
300.841
300.847
300.844
300.844
300.838
300.841
300.84
300.843
300.846
300.844
300.841
300.847
300.842
300.845
300.84
300.846
300.845
300.847
300.841
300.842
300.841
300.845
300.847
300.845
300.841
300.847
300.842
300.845
300.841
300.847
300.387
300.347
300.352
300.301
300.352
300.387
300.347
300.41
300.38
300.368
300.422
300.369
300.41
300.422
300.387
300.352
300.301
300.347
300.352
300.347
300.387
300.384
300.341
300.346
300.297
300.381
300.343
300.348
300.409
300.38
300.368
300.422
300.368
300.41
300.421
300.386
300.352
300.3
300.346
300.345
300.351
300.387
300.387
300.347
300.352
300.301
300.352
300.387
300.347
300.41
300.38
300.368
300.422
300.369
300.41
300.422
300.387
300.352
300.301
300.347
300.352
300.347
300.387
300.384
300.341
300.346
300.297
300.382
300.343
300.348
300.409
300.38
300.368
300.422
300.368
300.41
300.421
300.386
300.352
300.3
300.347
300.346
300.351
300.387
300.424
300.383
300.383
300.425
300.425
300.383
300.424
300.423
300.381
300.382
300.422
300.382
300.422
300.423
300.424
300.425
300.383
300.383
300.425
300.383
300.424
300.424
300.383
300.383
300.425
300.425
300.383
300.424
300.423
300.381
300.382
300.422
300.382
300.422
300.423
300.424
300.425
300.383
300.383
300.425
300.383
300.424
300.423
300.38
300.382
300.422
300.381
300.422
300.424
300.423
300.38
300.382
300.422
300.381
300.422
300.424
300.424
300.425
300.383
300.383
300.383
300.425
300.425
300.662
300.638
300.676
300.676
300.65
300.65
300.686
300.635
300.608
300.591
300.591
300.607
300.622
300.622
300.729
300.712
300.699
300.699
300.709
300.721
300.721
300.748
300.732
300.757
300.757
300.765
300.74
300.74
300.387
300.347
300.352
300.301
300.352
300.387
300.347
300.41
300.38
300.369
300.422
300.369
300.41
300.422
300.387
300.352
300.301
300.347
300.352
300.347
300.387
300.387
300.347
300.352
300.301
300.387
300.347
300.352
300.41
300.38
300.369
300.422
300.369
300.41
300.422
300.387
300.352
300.301
300.347
300.347
300.352
300.387
300.424
300.383
300.383
300.425
300.425
300.383
300.424
300.423
300.381
300.422
300.382
300.422
300.382
300.423
300.424
300.425
300.383
300.383
300.425
300.383
300.424
300.425
300.383
300.425
300.383
300.425
300.425
300.383
300.425
300.383
300.383
300.425
300.383
300.425
300.425
300.425
300.425
300.383
300.383
300.425
300.383
300.425
300.423
300.381
300.422
300.382
300.422
300.382
300.423
300.424
300.383
300.383
300.425
300.383
300.425
300.424
300.424
300.425
300.383
300.383
300.383
300.424
300.425
300.424
300.383
300.383
300.425
300.425
300.383
300.424
300.423
300.381
300.382
300.422
300.382
300.422
300.423
300.424
300.425
300.383
300.383
300.425
300.383
300.424
300.425
300.383
300.383
300.425
300.425
300.383
300.425
300.425
300.383
300.383
300.425
300.383
300.425
300.425
300.425
300.425
300.383
300.383
300.425
300.383
300.425
300.423
300.381
300.382
300.422
300.382
300.422
300.423
300.424
300.383
300.383
300.425
300.383
300.424
300.425
300.424
300.425
300.383
300.383
300.383
300.424
300.425
300.51
300.447
300.447
300.464
300.474
300.487
300.488
300.544
300.504
300.559
300.559
300.524
300.524
300.577
300.397
300.406
300.325
300.406
300.437
300.361
300.361
300.37
300.34
300.344
300.285
300.38
300.33
300.334
300.37
300.34
300.285
300.344
300.33
300.335
300.38
300.356
300.271
300.266
300.266
300.314
300.315
300.315
300.424
300.383
300.383
300.425
300.425
300.383
300.424
300.423
300.381
300.422
300.382
300.422
300.382
300.423
300.424
300.425
300.383
300.383
300.425
300.383
300.424
300.424
300.383
300.425
300.383
300.425
300.424
300.383
300.423
300.381
300.382
300.422
300.382
300.423
300.422
300.424
300.425
300.383
300.383
300.425
300.383
300.424
300.423
300.38
300.422
300.382
300.422
300.381
300.424
300.423
300.38
300.382
300.422
300.381
300.424
300.422
300.424
300.425
300.383
300.383
300.383
300.425
300.425
300.387
300.347
300.301
300.352
300.352
300.347
300.387
300.41
300.38
300.368
300.422
300.369
300.422
300.41
300.387
300.352
300.301
300.347
300.352
300.347
300.387
300.384
300.341
300.297
300.346
300.343
300.382
300.348
300.409
300.38
300.368
300.422
300.368
300.421
300.41
300.386
300.352
300.3
300.347
300.346
300.351
300.387
300.662
300.638
300.676
300.676
300.65
300.649
300.686
300.635
300.608
300.591
300.591
300.607
300.622
300.622
300.729
300.699
300.699
300.712
300.709
300.721
300.721
300.748
300.732
300.757
300.757
300.74
300.74
300.765
300.424
300.383
300.383
300.425
300.425
300.383
300.424
300.423
300.381
300.422
300.382
300.422
300.382
300.423
300.424
300.425
300.383
300.383
300.425
300.383
300.424
300.425
300.383
300.425
300.383
300.425
300.425
300.383
300.425
300.383
300.383
300.425
300.383
300.425
300.425
300.425
300.425
300.383
300.383
300.425
300.383
300.425
300.423
300.381
300.422
300.382
300.422
300.382
300.423
300.424
300.383
300.383
300.425
300.383
300.425
300.424
300.424
300.425
300.383
300.383
300.383
300.424
300.425
300.387
300.347
300.352
300.301
300.352
300.387
300.347
300.41
300.38
300.369
300.422
300.369
300.41
300.422
300.387
300.352
300.301
300.347
300.352
300.347
300.387
300.387
300.347
300.352
300.301
300.387
300.347
300.352
300.41
300.38
300.369
300.422
300.369
300.41
300.422
300.387
300.352
300.301
300.347
300.347
300.352
300.387
300.425
300.383
300.383
300.425
300.425
300.383
300.425
300.425
300.383
300.383
300.425
300.383
300.425
300.425
300.425
300.425
300.383
300.383
300.425
300.383
300.425
300.424
300.383
300.383
300.425
300.425
300.383
300.424
300.423
300.381
300.382
300.422
300.382
300.422
300.423
300.424
300.425
300.383
300.383
300.425
300.383
300.424
300.424
300.383
300.383
300.425
300.383
300.424
300.425
300.423
300.381
300.382
300.422
300.382
300.422
300.423
300.424
300.425
300.383
300.383
300.383
300.425
300.424
300.425
300.383
300.383
300.425
300.425
300.383
300.425
300.425
300.383
300.425
300.383
300.425
300.383
300.425
300.425
300.425
300.383
300.383
300.425
300.383
300.425
300.425
300.383
300.425
300.383
300.425
300.425
300.383
300.425
300.383
300.383
300.425
300.383
300.425
300.425
300.425
300.425
300.383
300.383
300.425
300.383
300.425
300.425
300.383
300.425
300.383
300.425
300.383
300.425
300.425
300.383
300.383
300.425
300.383
300.425
300.425
300.425
300.425
300.383
300.383
300.383
300.425
300.425
300.425
300.383
300.383
300.425
300.425
300.383
300.425
300.425
300.383
300.425
300.383
300.425
300.383
300.425
300.425
300.425
300.383
300.383
300.425
300.383
300.425
300.425
300.383
300.425
300.383
300.425
300.425
300.383
300.425
300.383
300.383
300.425
300.383
300.425
300.425
300.425
300.425
300.383
300.383
300.425
300.383
300.425
300.425
300.383
300.425
300.383
300.425
300.383
300.425
300.425
300.383
300.383
300.425
300.383
300.425
300.425
300.425
300.425
300.383
300.383
300.383
300.425
300.425
300.425
300.383
300.383
300.425
300.425
300.383
300.425
300.425
300.383
300.383
300.425
300.383
300.425
300.425
300.425
300.425
300.383
300.383
300.425
300.383
300.425
300.425
300.383
300.383
300.425
300.425
300.383
300.425
300.425
300.383
300.383
300.425
300.383
300.425
300.425
300.425
300.425
300.383
300.383
300.425
300.383
300.425
300.425
300.383
300.383
300.425
300.383
300.425
300.425
300.425
300.383
300.383
300.425
300.383
300.425
300.425
300.425
300.425
300.383
300.383
300.383
300.425
300.425
300.387
300.347
300.301
300.352
300.352
300.347
300.387
300.41
300.38
300.422
300.369
300.422
300.369
300.41
300.387
300.352
300.301
300.347
300.352
300.347
300.387
300.41
300.38
300.422
300.369
300.422
300.369
300.41
300.387
300.347
300.301
300.352
300.347
300.352
300.387
300.387
300.352
300.347
300.301
300.347
300.387
300.352
300.425
300.383
300.383
300.425
300.425
300.383
300.425
300.425
300.383
300.425
300.383
300.425
300.383
300.425
300.425
300.425
300.383
300.383
300.425
300.383
300.425
300.424
300.383
300.425
300.383
300.425
300.424
300.383
300.423
300.381
300.382
300.422
300.382
300.423
300.422
300.424
300.425
300.383
300.383
300.425
300.383
300.424
300.424
300.383
300.425
300.383
300.424
300.383
300.425
300.423
300.381
300.382
300.422
300.382
300.423
300.422
300.424
300.425
300.383
300.383
300.383
300.425
300.424
300.387
300.347
300.301
300.352
300.352
300.347
300.387
300.41
300.38
300.369
300.422
300.369
300.422
300.41
300.387
300.352
300.301
300.347
300.352
300.347
300.387
300.387
300.347
300.301
300.352
300.347
300.387
300.352
300.41
300.38
300.369
300.422
300.369
300.422
300.41
300.387
300.352
300.301
300.347
300.347
300.352
300.387
300.424
300.383
300.383
300.425
300.425
300.383
300.424
300.423
300.381
300.422
300.382
300.422
300.382
300.423
300.424
300.425
300.383
300.383
300.425
300.383
300.424
300.424
300.383
300.425
300.383
300.425
300.424
300.383
300.423
300.381
300.382
300.422
300.382
300.423
300.422
300.424
300.425
300.383
300.383
300.425
300.383
300.424
300.423
300.38
300.422
300.382
300.422
300.381
300.424
300.423
300.38
300.382
300.422
300.381
300.424
300.422
300.424
300.425
300.383
300.383
300.383
300.425
300.425
300.51
300.447
300.447
300.464
300.474
300.488
300.487
300.545
300.504
300.559
300.56
300.524
300.524
300.577
300.397
300.406
300.325
300.406
300.437
300.361
300.361
300.37
300.34
300.344
300.285
300.38
300.33
300.335
300.37
300.34
300.285
300.344
300.33
300.335
300.38
300.356
300.271
300.266
300.266
300.314
300.315
300.315
300.387
300.347
300.301
300.352
300.352
300.347
300.387
300.41
300.38
300.368
300.422
300.369
300.422
300.41
300.387
300.352
300.301
300.347
300.352
300.347
300.387
300.409
300.38
300.368
300.422
300.368
300.421
300.41
300.384
300.341
300.297
300.346
300.343
300.382
300.348
300.386
300.352
300.347
300.3
300.346
300.387
300.351
300.662
300.638
300.676
300.676
300.649
300.65
300.686
300.635
300.608
300.591
300.592
300.607
300.622
300.622
300.729
300.699
300.699
300.712
300.709
300.721
300.721
300.748
300.732
300.757
300.757
300.74
300.74
300.765
300.425
300.383
300.383
300.425
300.425
300.383
300.425
300.425
300.383
300.425
300.383
300.425
300.383
300.425
300.425
300.425
300.383
300.383
300.425
300.383
300.425
300.424
300.383
300.425
300.383
300.425
300.424
300.383
300.423
300.381
300.382
300.422
300.382
300.423
300.422
300.424
300.425
300.383
300.383
300.425
300.383
300.424
300.424
300.383
300.425
300.383
300.424
300.383
300.425
300.423
300.381
300.382
300.422
300.382
300.423
300.422
300.424
300.425
300.383
300.383
300.383
300.425
300.424
300.387
300.347
300.301
300.352
300.352
300.347
300.387
300.41
300.38
300.422
300.369
300.422
300.369
300.41
300.387
300.352
300.301
300.347
300.352
300.347
300.387
300.41
300.38
300.422
300.369
300.422
300.369
300.41
300.387
300.347
300.301
300.352
300.347
300.352
300.387
300.387
300.352
300.347
300.301
300.347
300.387
300.352
300.387
300.347
300.301
300.352
300.352
300.347
300.387
300.41
300.38
300.369
300.422
300.369
300.422
300.41
300.387
300.352
300.301
300.347
300.352
300.347
300.387
300.41
300.38
300.369
300.422
300.369
300.422
300.41
300.387
300.347
300.301
300.352
300.347
300.387
300.352
300.387
300.352
300.347
300.301
300.347
300.387
300.352
300.387
300.347
300.301
300.352
300.352
300.347
300.388
300.41
300.38
300.422
300.368
300.422
300.369
300.41
300.387
300.352
300.301
300.347
300.352
300.347
300.387
300.409
300.38
300.422
300.368
300.421
300.368
300.41
300.384
300.341
300.297
300.346
300.343
300.348
300.382
300.386
300.352
300.347
300.3
300.346
300.387
300.351
300.387
300.347
300.301
300.352
300.352
300.347
300.387
300.41
300.38
300.422
300.368
300.422
300.369
300.41
300.387
300.352
300.301
300.347
300.352
300.347
300.387
300.409
300.38
300.422
300.368
300.421
300.368
300.41
300.384
300.341
300.297
300.346
300.343
300.348
300.381
300.386
300.352
300.346
300.3
300.345
300.387
300.351
300.51
300.447
300.447
300.464
300.474
300.488
300.487
300.545
300.504
300.56
300.559
300.524
300.524
300.577
300.397
300.325
300.406
300.406
300.437
300.361
300.361
300.37
300.34
300.285
300.344
300.33
300.38
300.335
300.37
300.34
300.285
300.344
300.33
300.38
300.334
300.356
300.271
300.266
300.266
300.314
300.315
300.315
300.662
300.638
300.676
300.676
300.65
300.649
300.686
300.635
300.608
300.592
300.591
300.607
300.622
300.622
300.729
300.699
300.699
300.712
300.709
300.721
300.721
300.748
300.732
300.757
300.757
300.74
300.74
300.765
300.844
300.844
300.838
300.841
300.843
300.84
300.846
300.844
300.841
300.842
300.847
300.84
300.845
300.846
300.845
300.847
300.841
300.842
300.845
300.841
300.847
300.845
300.841
300.847
300.842
300.845
300.841
300.847
300.844
300.844
300.838
300.841
300.843
300.84
300.846
300.844
300.841
300.842
300.847
300.84
300.845
300.846
300.845
300.847
300.841
300.842
300.845
300.841
300.847
300.845
300.841
300.847
300.842
300.845
300.841
300.847
300.845
300.847
300.841
300.843
300.845
300.841
300.847
300.845
300.841
300.843
300.847
300.841
300.845
300.847
300.845
300.847
300.841
300.843
300.845
300.841
300.847
300.845
300.841
300.847
300.843
300.845
300.841
300.847
300.825
300.814
300.814
300.813
300.82
300.819
300.819
300.836
300.842
300.836
300.832
300.84
300.83
300.838
300.836
300.842
300.836
300.832
300.83
300.84
300.838
300.829
300.817
300.824
300.824
300.822
300.822
300.831
300.803
300.806
300.791
300.806
300.812
300.797
300.797
300.792
300.779
300.772
300.772
300.779
300.786
300.786
300.844
300.844
300.838
300.841
300.843
300.84
300.846
300.844
300.841
300.842
300.847
300.84
300.845
300.846
300.845
300.847
300.842
300.841
300.841
300.847
300.845
300.845
300.841
300.847
300.842
300.845
300.841
300.847
300.845
300.847
300.841
300.843
300.845
300.841
300.847
300.845
300.841
300.843
300.847
300.841
300.845
300.847
300.845
300.847
300.841
300.843
300.845
300.841
300.847
300.845
300.841
300.847
300.843
300.845
300.841
300.847
300.845
300.847
300.841
300.843
300.841
300.845
300.847
300.845
300.841
300.847
300.843
300.845
300.841
300.847
300.845
300.847
300.841
300.843
300.845
300.841
300.847
300.845
300.841
300.847
300.843
300.845
300.841
300.847
300.845
300.847
300.841
300.843
300.845
300.841
300.847
300.845
300.841
300.843
300.847
300.841
300.845
300.847
300.845
300.847
300.843
300.841
300.841
300.847
300.845
300.845
300.841
300.847
300.843
300.845
300.841
300.847
300.825
300.814
300.814
300.813
300.82
300.819
300.819
300.836
300.842
300.836
300.832
300.84
300.83
300.838
300.836
300.842
300.836
300.832
300.83
300.84
300.838
300.829
300.817
300.824
300.824
300.822
300.822
300.831
300.803
300.806
300.791
300.806
300.812
300.797
300.797
300.792
300.779
300.772
300.772
300.779
300.786
300.786
300.844
300.844
300.838
300.841
300.843
300.84
300.846
300.844
300.841
300.847
300.842
300.845
300.84
300.846
300.845
300.847
300.842
300.841
300.841
300.847
300.845
300.845
300.841
300.847
300.842
300.845
300.841
300.847
300.845
300.847
300.841
300.843
300.841
300.845
300.847
300.845
300.841
300.847
300.843
300.845
300.841
300.847
300.845
300.847
300.841
300.843
300.845
300.841
300.847
300.845
300.841
300.847
300.843
300.845
300.841
300.847
300.845
300.847
300.841
300.843
300.845
300.841
300.847
300.845
300.841
300.847
300.843
300.845
300.841
300.847
300.845
300.847
300.843
300.841
300.841
300.847
300.845
300.845
300.841
300.847
300.843
300.845
300.841
300.847
300.844
300.844
300.838
300.841
300.84
300.843
300.846
300.844
300.841
300.847
300.842
300.845
300.84
300.846
300.845
300.847
300.841
300.842
300.845
300.841
300.847
300.845
300.841
300.847
300.842
300.845
300.841
300.847
300.844
300.844
300.838
300.841
300.84
300.842
300.846
300.844
300.841
300.847
300.842
300.845
300.84
300.846
300.845
300.847
300.841
300.842
300.845
300.841
300.847
300.845
300.841
300.847
300.842
300.845
300.841
300.847
300.825
300.814
300.814
300.813
300.82
300.819
300.819
300.836
300.842
300.836
300.832
300.84
300.83
300.838
300.836
300.842
300.836
300.832
300.84
300.83
300.838
300.829
300.817
300.824
300.824
300.822
300.822
300.831
300.803
300.791
300.806
300.806
300.812
300.797
300.797
300.792
300.779
300.772
300.772
300.779
300.786
300.786
300.702
300.702
300.784
300.784
300.702
300.702
300.784
300.702
300.702
300.784
300.784
300.702
300.702
300.784
300.702
300.702
300.784
300.784
300.702
300.702
300.784
300.702
300.702
300.784
300.784
300.702
300.702
300.784
300.555
300.555
300.618
300.618
300.555
300.555
300.618
300.555
300.555
300.618
300.618
300.555
300.555
300.618
300.555
300.618
300.555
300.618
300.555
300.555
300.618
300.555
300.618
300.555
300.618
300.555
300.555
300.618
300.555
300.553
300.616
300.619
300.553
300.555
300.619
300.555
300.555
300.618
300.618
300.555
300.555
300.618
300.555
300.616
300.553
300.619
300.555
300.553
300.619
300.555
300.618
300.555
300.618
300.555
300.555
300.618
300.555
300.553
300.619
300.616
300.555
300.553
300.619
300.555
300.555
300.618
300.618
300.555
300.555
300.618
300.555
300.618
300.555
300.618
300.555
300.555
300.618
300.555
300.616
300.553
300.619
300.555
300.553
300.619
300.556
300.551
300.616
300.616
300.553
300.553
300.619
300.555
300.555
300.618
300.618
300.555
300.555
300.618
300.555
300.616
300.553
300.619
300.555
300.553
300.619
300.555
300.616
300.553
300.619
300.555
300.553
300.619
300.556
300.551
300.616
300.616
300.553
300.553
300.619
300.555
300.555
300.618
300.618
300.618
300.555
300.555
300.555
300.616
300.553
300.619
300.553
300.619
300.555
300.555
300.616
300.553
300.619
300.553
300.619
300.555
300.555
300.553
300.616
300.619
300.553
300.555
300.619
300.555
300.555
300.618
300.618
300.555
300.555
300.618
300.555
300.616
300.553
300.619
300.553
300.555
300.619
300.555
300.618
300.555
300.618
300.555
300.555
300.618
300.555
300.553
300.616
300.619
300.553
300.555
300.619
300.555
300.555
300.618
300.618
300.618
300.555
300.555
300.555
300.616
300.553
300.619
300.553
300.619
300.555
300.555
300.618
300.555
300.618
300.555
300.618
300.555
300.556
300.551
300.616
300.616
300.553
300.553
300.619
300.555
300.555
300.618
300.618
300.555
300.555
300.618
300.555
300.616
300.553
300.619
300.553
300.555
300.619
300.555
300.616
300.553
300.619
300.555
300.553
300.619
300.555
300.553
300.616
300.619
300.553
300.555
300.619
300.555
300.555
300.618
300.618
300.555
300.555
300.618
300.555
300.616
300.553
300.619
300.553
300.555
300.619
300.555
300.618
300.555
300.618
300.555
300.555
300.618
300.555
300.553
300.619
300.616
300.555
300.553
300.619
300.555
300.555
300.618
300.618
300.618
300.555
300.555
300.555
300.618
300.555
300.618
300.555
300.618
300.555
300.555
300.616
300.553
300.619
300.553
300.619
300.555
300.555
300.555
300.618
300.618
300.555
300.555
300.618
300.555
300.555
300.618
300.618
300.555
300.555
300.618
300.555
300.618
300.555
300.618
300.555
300.555
300.618
300.555
300.618
300.555
300.618
300.555
300.555
300.618
300.555
300.555
300.618
300.618
300.555
300.555
300.618
300.555
300.555
300.618
300.618
300.555
300.555
300.618
300.555
300.618
300.555
300.618
300.555
300.555
300.618
300.555
300.618
300.555
300.618
300.555
300.555
300.618
300.555
300.555
300.618
300.618
300.555
300.555
300.618
300.555
300.555
300.618
300.618
300.618
300.555
300.555
300.555
300.618
300.555
300.618
300.555
300.618
300.555
300.555
300.618
300.555
300.618
300.555
300.618
300.555
300.555
300.553
300.619
300.616
300.555
300.553
300.619
300.555
300.555
300.618
300.618
300.555
300.555
300.618
300.555
300.618
300.555
300.618
300.555
300.555
300.618
300.555
300.616
300.553
300.619
300.555
300.553
300.619
300.556
300.551
300.616
300.616
300.553
300.553
300.619
300.555
300.555
300.618
300.618
300.555
300.555
300.618
300.555
300.616
300.553
300.619
300.553
300.555
300.619
300.555
300.616
300.553
300.619
300.555
300.553
300.619
300.555
300.553
300.619
300.616
300.555
300.553
300.619
300.555
300.555
300.618
300.618
300.555
300.555
300.618
300.555
300.618
300.555
300.618
300.555
300.555
300.618
300.555
300.616
300.553
300.619
300.555
300.553
300.619
)
;

boundaryField
{
    chip
    {
        type            zeroGradient;
    }
    chip_to_dbc_cu_top
    {
        type            compressible::turbulentTemperatureRadCoupledMixed;
        refValue        nonuniform List<scalar> 
1600
(
300.353
300.353
300.353
300.353
300.353
300.353
300.353
300.353
300.353
300.353
300.353
300.353
300.353
300.353
300.353
300.353
300.346
300.35
300.35
300.35
300.347
300.35
300.35
300.353
300.353
300.353
300.351
300.353
300.351
300.35
300.347
300.353
300.351
300.351
300.351
300.351
300.348
300.35
300.347
300.35
300.347
300.351
300.351
300.348
300.35
300.35
300.351
300.353
300.351
300.351
300.353
300.351
300.346
300.351
300.351
300.348
300.35
300.347
300.351
300.353
300.351
300.35
300.35
300.353
300.351
300.351
300.353
300.353
300.353
300.353
300.353
300.353
300.353
300.353
300.353
300.35
300.35
300.353
300.351
300.351
300.35
300.35
300.351
300.351
300.348
300.346
300.35
300.347
300.353
300.351
300.351
300.35
300.35
300.35
300.35
300.35
300.347
300.35
300.347
300.346
300.353
300.353
300.353
300.353
300.353
300.353
300.353
300.353
300.353
300.353
300.353
300.353
300.353
300.353
300.353
300.353
300.353
300.353
300.353
300.353
300.353
300.353
300.353
300.353
300.353
300.353
300.353
300.353
300.353
300.353
300.353
300.353
300.353
300.353
300.353
300.353
300.353
300.353
300.353
300.353
300.353
300.353
300.353
300.353
300.353
300.353
300.353
300.353
300.26
300.26
300.187
300.266
300.35
300.266
300.266
300.35
300.266
300.266
300.35
300.266
300.262
300.35
300.266
300.266
300.35
300.266
300.35
300.266
300.266
300.353
300.353
300.353
300.353
300.353
300.353
300.353
300.353
300.353
300.353
300.351
300.353
300.353
300.353
300.353
300.351
300.353
300.353
300.266
300.35
300.266
300.35
300.262
300.266
300.353
300.353
300.353
300.353
300.351
300.353
300.353
300.351
300.353
300.353
300.351
300.353
300.353
300.351
300.353
300.351
300.351
300.354
300.266
300.35
300.266
300.261
300.35
300.266
300.266
300.35
300.266
300.262
300.35
300.266
300.353
300.351
300.353
300.353
300.351
300.353
300.351
300.351
300.354
300.266
300.35
300.266
300.266
300.35
300.266
300.353
300.351
300.353
300.353
300.353
300.353
300.351
300.353
300.353
300.353
300.351
300.353
300.353
300.353
300.353
300.351
300.353
300.353
300.26
300.26
300.187
300.353
300.351
300.353
300.353
300.351
300.353
300.351
300.351
300.354
300.266
300.35
300.266
300.262
300.35
300.266
300.353
300.351
300.353
300.353
300.353
300.353
300.351
300.353
300.353
300.266
300.35
300.266
300.266
300.35
300.266
300.353
300.353
300.353
300.353
300.351
300.353
300.353
300.351
300.353
300.353
300.353
300.353
300.353
300.353
300.353
300.353
300.353
300.353
300.353
300.353
300.353
300.353
300.353
300.353
300.353
300.353
300.353
300.353
300.353
300.353
300.353
300.353
300.353
300.353
300.353
300.353
300.266
300.35
300.266
300.35
300.266
300.266
300.353
300.353
300.353
300.353
300.351
300.353
300.353
300.351
300.353
300.266
300.35
300.266
300.266
300.35
300.266
300.353
300.351
300.353
300.353
300.351
300.353
300.351
300.351
300.354
300.26
300.26
300.187
300.266
300.35
300.266
300.35
300.262
300.266
300.353
300.353
300.353
300.353
300.351
300.353
300.353
300.351
300.353
300.266
300.35
300.266
300.35
300.266
300.266
300.266
300.35
300.266
300.35
300.266
300.266
300.266
300.35
300.266
300.35
300.262
300.266
300.266
300.35
300.266
300.35
300.261
300.266
300.26
300.26
300.187
300.353
300.353
300.353
300.353
300.353
300.353
300.353
300.353
300.353
300.353
300.353
300.353
300.353
300.353
300.353
300.353
300.353
300.353
300.353
300.353
300.353
300.353
300.353
300.353
300.353
300.353
300.353
300.353
300.353
300.353
300.353
300.353
300.353
300.353
300.353
300.353
300.353
300.353
300.353
300.353
300.353
300.353
300.353
300.353
300.353
300.353
300.353
300.353
300.334
300.334
300.322
300.339
300.35
300.339
300.339
300.35
300.339
300.339
300.35
300.339
300.335
300.349
300.337
300.339
300.35
300.339
300.35
300.339
300.339
300.353
300.353
300.353
300.353
300.353
300.353
300.353
300.353
300.353
300.352
300.351
300.352
300.353
300.353
300.353
300.351
300.352
300.352
300.339
300.35
300.339
300.349
300.335
300.337
300.353
300.353
300.353
300.352
300.351
300.352
300.352
300.351
300.352
300.352
300.351
300.352
300.352
300.351
300.352
300.349
300.349
300.35
300.339
300.35
300.339
300.335
300.349
300.337
300.339
300.35
300.339
300.335
300.349
300.337
300.352
300.351
300.352
300.352
300.351
300.352
300.349
300.349
300.35
300.339
300.35
300.339
300.339
300.35
300.339
300.352
300.351
300.352
300.353
300.353
300.353
300.351
300.352
300.352
300.352
300.351
300.352
300.353
300.353
300.353
300.351
300.352
300.352
300.334
300.334
300.322
300.352
300.351
300.352
300.352
300.351
300.352
300.349
300.349
300.35
300.339
300.35
300.339
300.335
300.349
300.337
300.352
300.351
300.352
300.353
300.353
300.353
300.351
300.352
300.352
300.339
300.35
300.339
300.339
300.35
300.339
300.353
300.353
300.353
300.352
300.351
300.352
300.352
300.351
300.352
300.353
300.353
300.353
300.353
300.353
300.353
300.353
300.353
300.353
300.353
300.353
300.353
300.353
300.353
300.353
300.353
300.353
300.353
300.353
300.353
300.353
300.353
300.353
300.353
300.353
300.353
300.353
300.339
300.35
300.339
300.35
300.339
300.339
300.353
300.353
300.353
300.352
300.351
300.352
300.352
300.351
300.352
300.339
300.35
300.339
300.339
300.35
300.339
300.352
300.351
300.352
300.352
300.351
300.352
300.349
300.349
300.35
300.334
300.334
300.322
300.339
300.35
300.339
300.349
300.335
300.337
300.353
300.353
300.353
300.352
300.351
300.352
300.352
300.351
300.352
300.339
300.35
300.339
300.35
300.339
300.339
300.339
300.35
300.339
300.35
300.339
300.339
300.339
300.35
300.339
300.349
300.335
300.337
300.339
300.35
300.339
300.349
300.335
300.337
300.334
300.334
300.322
300.353
300.353
300.353
300.353
300.353
300.353
300.353
300.353
300.353
300.353
300.353
300.353
300.353
300.353
300.353
300.353
300.353
300.353
300.353
300.353
300.353
300.353
300.353
300.353
300.353
300.353
300.353
300.353
300.353
300.353
300.353
300.353
300.353
300.353
300.353
300.353
300.353
300.353
300.353
300.353
300.353
300.353
300.353
300.353
300.353
300.353
300.353
300.353
300.353
300.353
300.353
300.353
300.353
300.353
300.353
300.353
300.353
300.353
300.353
300.353
300.353
300.353
300.353
300.353
300.353
300.353
300.353
300.353
300.353
300.353
300.353
300.353
300.353
300.353
300.353
300.353
300.353
300.353
300.353
300.353
300.353
300.353
300.353
300.353
300.353
300.353
300.353
300.353
300.353
300.353
300.353
300.353
300.353
300.353
300.353
300.353
300.353
300.353
300.353
300.353
300.353
300.353
300.353
300.353
300.353
300.353
300.353
300.353
300.353
300.353
300.353
300.353
300.353
300.353
300.353
300.353
300.353
300.353
300.353
300.353
300.353
300.353
300.353
300.353
300.353
300.353
300.353
300.353
300.353
300.353
300.353
300.353
300.353
300.353
300.353
300.353
300.353
300.353
300.353
300.353
300.353
300.353
300.353
300.353
300.311
300.251
300.301
300.311
300.252
300.301
300.233
300.233
300.283
300.317
300.266
300.317
300.35
300.339
300.339
300.266
300.317
300.317
300.317
300.266
300.317
300.35
300.339
300.339
300.266
300.317
300.317
300.317
300.266
300.317
300.35
300.339
300.339
300.266
300.317
300.317
300.312
300.263
300.314
300.35
300.339
300.338
300.265
300.317
300.316
300.317
300.266
300.317
300.35
300.339
300.339
300.266
300.317
300.317
300.35
300.339
300.339
300.317
300.266
300.317
300.317
300.266
300.317
300.353
300.353
300.353
300.353
300.353
300.353
300.353
300.353
300.353
300.353
300.353
300.353
300.353
300.353
300.353
300.353
300.353
300.353
300.353
300.353
300.353
300.353
300.353
300.353
300.353
300.353
300.353
300.353
300.353
300.353
300.351
300.352
300.352
300.353
300.353
300.353
300.353
300.353
300.353
300.353
300.353
300.353
300.353
300.353
300.353
300.351
300.352
300.352
300.353
300.353
300.353
300.353
300.353
300.353
300.317
300.266
300.317
300.35
300.339
300.339
300.266
300.317
300.317
300.35
300.339
300.338
300.312
300.263
300.314
300.317
300.265
300.316
300.353
300.353
300.353
300.353
300.353
300.353
300.353
300.353
300.353
300.353
300.353
300.353
300.351
300.352
300.352
300.353
300.353
300.353
300.353
300.353
300.353
300.351
300.352
300.352
300.353
300.353
300.353
300.353
300.353
300.353
300.351
300.352
300.352
300.353
300.353
300.353
300.353
300.353
300.353
300.351
300.352
300.352
300.353
300.353
300.353
300.35
300.352
300.351
300.35
300.352
300.351
300.353
300.353
300.353
300.317
300.266
300.317
300.35
300.339
300.339
300.266
300.317
300.317
300.312
300.263
300.314
300.35
300.339
300.338
300.265
300.317
300.316
300.317
300.266
300.317
300.35
300.339
300.339
300.266
300.317
300.317
300.313
300.263
300.314
300.35
300.339
300.338
300.265
300.317
300.316
300.353
300.353
300.353
300.351
300.352
300.352
300.353
300.353
300.353
300.353
300.353
300.353
300.351
300.352
300.352
300.353
300.353
300.353
300.35
300.352
300.351
300.35
300.352
300.351
300.353
300.353
300.353
300.317
300.266
300.317
300.35
300.339
300.339
300.266
300.317
300.317
300.317
300.266
300.317
300.35
300.339
300.339
300.266
300.317
300.317
300.353
300.353
300.353
300.351
300.352
300.352
300.353
300.353
300.353
300.353
300.353
300.353
300.353
300.353
300.353
300.353
300.353
300.353
300.351
300.352
300.352
300.353
300.353
300.353
300.353
300.353
300.353
300.353
300.353
300.353
300.351
300.352
300.352
300.353
300.353
300.353
300.353
300.353
300.353
300.353
300.353
300.353
300.353
300.353
300.353
300.351
300.352
300.352
300.353
300.353
300.353
300.353
300.353
300.353
300.311
300.251
300.301
300.311
300.252
300.301
300.233
300.233
300.283
300.353
300.353
300.353
300.351
300.352
300.352
300.353
300.353
300.353
300.353
300.353
300.353
300.351
300.352
300.352
300.353
300.353
300.353
300.35
300.352
300.351
300.35
300.352
300.351
300.353
300.353
300.353
300.317
300.266
300.317
300.35
300.339
300.339
300.266
300.317
300.317
300.313
300.263
300.314
300.35
300.339
300.338
300.265
300.317
300.316
300.353
300.353
300.353
300.351
300.352
300.352
300.353
300.353
300.353
300.353
300.353
300.353
300.353
300.353
300.353
300.353
300.353
300.353
300.351
300.352
300.352
300.353
300.353
300.353
300.353
300.353
300.353
300.317
300.266
300.317
300.35
300.339
300.339
300.266
300.317
300.317
300.317
300.266
300.317
300.35
300.339
300.339
300.266
300.317
300.317
300.353
300.353
300.353
300.353
300.353
300.353
300.353
300.353
300.353
300.353
300.353
300.353
300.351
300.352
300.352
300.353
300.353
300.353
300.353
300.353
300.353
300.351
300.352
300.352
300.353
300.353
300.353
300.353
300.353
300.353
300.353
300.353
300.353
300.353
300.353
300.353
300.353
300.353
300.353
300.353
300.353
300.353
300.353
300.353
300.353
300.353
300.353
300.353
300.353
300.353
300.353
300.353
300.353
300.353
300.353
300.353
300.353
300.353
300.353
300.353
300.353
300.353
300.353
300.353
300.353
300.353
300.353
300.353
300.353
300.353
300.353
300.353
300.353
300.353
300.353
300.353
300.353
300.353
300.353
300.353
300.353
300.353
300.353
300.353
300.353
300.353
300.353
300.353
300.353
300.353
300.353
300.353
300.353
300.353
300.353
300.353
300.353
300.353
300.353
300.353
300.353
300.353
300.353
300.353
300.353
300.353
300.353
300.353
300.317
300.266
300.317
300.35
300.339
300.339
300.266
300.317
300.317
300.35
300.339
300.339
300.317
300.266
300.317
300.317
300.266
300.317
300.353
300.353
300.353
300.353
300.353
300.353
300.353
300.353
300.353
300.353
300.353
300.353
300.351
300.352
300.352
300.353
300.353
300.353
300.353
300.353
300.353
300.351
300.352
300.352
300.353
300.353
300.353
300.317
300.266
300.317
300.35
300.339
300.339
300.266
300.317
300.317
300.317
300.266
300.317
300.35
300.339
300.339
300.266
300.317
300.317
300.353
300.353
300.353
300.351
300.352
300.352
300.353
300.353
300.353
300.353
300.353
300.353
300.351
300.352
300.352
300.353
300.353
300.353
300.35
300.352
300.351
300.35
300.352
300.351
300.353
300.353
300.353
300.311
300.251
300.301
300.311
300.251
300.301
300.233
300.233
300.283
300.317
300.266
300.317
300.35
300.339
300.339
300.266
300.317
300.317
300.35
300.339
300.338
300.312
300.263
300.314
300.317
300.265
300.316
300.353
300.353
300.353
300.353
300.353
300.353
300.353
300.353
300.353
300.353
300.353
300.353
300.351
300.352
300.352
300.353
300.353
300.353
300.353
300.353
300.353
300.351
300.352
300.352
300.353
300.353
300.353
300.317
300.266
300.317
300.35
300.339
300.339
300.266
300.317
300.317
300.35
300.339
300.339
300.317
300.266
300.317
300.317
300.266
300.317
300.317
300.266
300.317
300.35
300.339
300.339
300.266
300.317
300.317
300.35
300.339
300.339
300.317
300.266
300.317
300.317
300.266
300.317
300.317
300.266
300.317
300.35
300.339
300.339
300.266
300.317
300.317
300.35
300.339
300.338
300.313
300.263
300.314
300.317
300.265
300.316
300.317
300.266
300.317
300.35
300.339
300.339
300.266
300.317
300.317
300.35
300.339
300.338
300.312
300.263
300.314
300.317
300.265
300.316
300.311
300.252
300.301
300.311
300.251
300.301
300.233
300.233
300.283
)
;
        refGradient     uniform 0;
        valueFraction   nonuniform List<scalar> 
1600
(
0.729927
0.729927
0.729927
0.729927
0.729927
0.729927
0.729927
0.729927
0.729927
0.729927
0.729927
0.729927
0.729927
0.729927
0.729927
0.729927
0.729911
0.729924
0.729924
0.729924
0.729911
0.729924
0.729924
0.729927
0.729927
0.729927
0.729928
0.729927
0.729928
0.729924
0.729911
0.729927
0.729928
0.729928
0.729928
0.729928
0.729903
0.729924
0.729911
0.729924
0.72991
0.729928
0.729928
0.729903
0.729924
0.729924
0.729928
0.729927
0.729928
0.729928
0.729927
0.729928
0.729911
0.729928
0.729928
0.729903
0.729924
0.72991
0.729928
0.729927
0.729928
0.729924
0.729924
0.729927
0.729928
0.729928
0.729927
0.729927
0.729927
0.729927
0.729927
0.729927
0.729927
0.729927
0.729927
0.729924
0.729924
0.729927
0.729928
0.729928
0.729924
0.729924
0.729928
0.729928
0.729903
0.729911
0.729924
0.729911
0.729927
0.729928
0.729928
0.729924
0.729924
0.729924
0.729924
0.729924
0.72991
0.729924
0.729911
0.729911
0.729927
0.729927
0.729927
0.729927
0.729927
0.729927
0.729927
0.729927
0.729927
0.729927
0.729927
0.729927
0.729927
0.729927
0.729927
0.729927
0.729927
0.729927
0.729927
0.729927
0.729927
0.729927
0.729927
0.729927
0.729927
0.729927
0.729927
0.729927
0.729927
0.729927
0.729927
0.729927
0.729927
0.729927
0.729927
0.729927
0.729927
0.729927
0.729927
0.729927
0.729927
0.729927
0.729927
0.729927
0.729927
0.729927
0.729927
0.729927
0.700952
0.700948
0.678738
0.701233
0.729924
0.701233
0.701233
0.729924
0.701233
0.701225
0.729926
0.701222
0.701161
0.729927
0.701219
0.701233
0.729924
0.701233
0.729924
0.701233
0.701233
0.729927
0.729927
0.729927
0.729927
0.729927
0.729927
0.729927
0.729927
0.729927
0.729927
0.729928
0.729927
0.729927
0.729927
0.729927
0.729928
0.729927
0.729927
0.701225
0.729926
0.701222
0.729927
0.70118
0.70122
0.729927
0.729927
0.729927
0.729927
0.729928
0.729927
0.729927
0.729928
0.729927
0.729927
0.729928
0.729927
0.729927
0.729928
0.729927
0.72992
0.72992
0.729927
0.701225
0.729926
0.701222
0.701161
0.729927
0.701219
0.701225
0.729926
0.701222
0.701157
0.729927
0.701218
0.729927
0.729928
0.729927
0.729927
0.729928
0.729927
0.72992
0.72992
0.729927
0.701233
0.729924
0.701233
0.701233
0.729924
0.701233
0.729927
0.729928
0.729927
0.729927
0.729927
0.729927
0.729928
0.729927
0.729927
0.729927
0.729928
0.729927
0.729927
0.729927
0.729927
0.729928
0.729927
0.729927
0.700944
0.700953
0.678738
0.729927
0.729928
0.729927
0.729927
0.729928
0.729927
0.72992
0.72992
0.729927
0.701225
0.729926
0.701222
0.701158
0.729927
0.701218
0.729927
0.729928
0.729927
0.729927
0.729927
0.729927
0.729928
0.729927
0.729927
0.701233
0.729924
0.701233
0.701233
0.729924
0.701233
0.729927
0.729927
0.729927
0.729927
0.729928
0.729927
0.729927
0.729928
0.729927
0.729927
0.729927
0.729927
0.729927
0.729927
0.729927
0.729927
0.729927
0.729927
0.729927
0.729927
0.729927
0.729927
0.729927
0.729927
0.729927
0.729927
0.729927
0.729927
0.729927
0.729927
0.729927
0.729927
0.729927
0.729927
0.729927
0.729927
0.701233
0.729924
0.701233
0.729924
0.701233
0.701233
0.729927
0.729927
0.729927
0.729927
0.729928
0.729927
0.729927
0.729928
0.729927
0.701233
0.729924
0.701233
0.701233
0.729924
0.701233
0.729927
0.729928
0.729927
0.729927
0.729928
0.729927
0.72992
0.72992
0.729927
0.70095
0.700944
0.678736
0.701225
0.729926
0.701222
0.729927
0.701159
0.701218
0.729927
0.729927
0.729927
0.729927
0.729928
0.729927
0.729927
0.729928
0.729927
0.701233
0.729924
0.701233
0.729924
0.701233
0.701233
0.701233
0.729924
0.701233
0.729924
0.701233
0.701233
0.701225
0.729926
0.701222
0.729927
0.701157
0.701218
0.701225
0.729926
0.701222
0.729927
0.701161
0.701219
0.700944
0.700952
0.678738
0.729927
0.729927
0.729927
0.729927
0.729927
0.729927
0.729927
0.729927
0.729927
0.729927
0.729927
0.729927
0.729927
0.729927
0.729927
0.729927
0.729927
0.729927
0.729927
0.729927
0.729927
0.729927
0.729927
0.729927
0.729927
0.729927
0.729927
0.729927
0.729927
0.729927
0.729927
0.729927
0.729927
0.729927
0.729927
0.729927
0.729927
0.729927
0.729927
0.729927
0.729927
0.729927
0.729927
0.729927
0.729927
0.729927
0.729927
0.729927
0.729923
0.729924
0.72992
0.729938
0.729924
0.729938
0.729938
0.729924
0.729938
0.729938
0.729924
0.729938
0.729934
0.729914
0.729934
0.729938
0.729924
0.729938
0.729924
0.729938
0.729938
0.729927
0.729927
0.729927
0.729927
0.729927
0.729927
0.729927
0.729927
0.729927
0.729913
0.729928
0.729913
0.729927
0.729927
0.729927
0.729928
0.729913
0.729913
0.729938
0.729924
0.729938
0.729914
0.729935
0.729935
0.729927
0.729927
0.729927
0.729913
0.729928
0.729913
0.729913
0.729928
0.729913
0.729913
0.729928
0.729913
0.729913
0.729928
0.729913
0.729914
0.729914
0.729931
0.729938
0.729924
0.729938
0.729934
0.729914
0.729934
0.729938
0.729924
0.729938
0.729934
0.729914
0.729934
0.729913
0.729928
0.729913
0.729913
0.729928
0.729913
0.729914
0.729914
0.729931
0.729938
0.729924
0.729938
0.729938
0.729924
0.729938
0.729913
0.729928
0.729913
0.729927
0.729927
0.729927
0.729928
0.729913
0.729913
0.729913
0.729928
0.729913
0.729927
0.729927
0.729927
0.729928
0.729913
0.729913
0.729923
0.729924
0.72992
0.729913
0.729928
0.729913
0.729913
0.729928
0.729913
0.729914
0.729914
0.729932
0.729938
0.729924
0.729938
0.729934
0.729914
0.729934
0.729913
0.729928
0.729913
0.729927
0.729927
0.729927
0.729928
0.729913
0.729913
0.729938
0.729924
0.729938
0.729938
0.729924
0.729938
0.729927
0.729927
0.729927
0.729913
0.729928
0.729913
0.729913
0.729928
0.729913
0.729927
0.729927
0.729927
0.729927
0.729927
0.729927
0.729927
0.729927
0.729927
0.729927
0.729927
0.729927
0.729927
0.729927
0.729927
0.729927
0.729927
0.729927
0.729927
0.729927
0.729927
0.729927
0.729927
0.729927
0.729927
0.729927
0.729927
0.729938
0.729924
0.729938
0.729924
0.729938
0.729938
0.729927
0.729927
0.729927
0.729913
0.729928
0.729913
0.729913
0.729928
0.729913
0.729938
0.729924
0.729938
0.729938
0.729924
0.729938
0.729913
0.729928
0.729913
0.729913
0.729928
0.729913
0.729914
0.729914
0.729932
0.729923
0.729922
0.729917
0.729938
0.729924
0.729938
0.729914
0.729935
0.729935
0.729927
0.729927
0.729927
0.729913
0.729928
0.729913
0.729913
0.729928
0.729913
0.729938
0.729924
0.729938
0.729924
0.729938
0.729938
0.729938
0.729924
0.729938
0.729924
0.729938
0.729938
0.729938
0.729924
0.729938
0.729914
0.729934
0.729934
0.729938
0.729924
0.729938
0.729914
0.729934
0.729934
0.729924
0.729923
0.72992
0.729927
0.729927
0.729927
0.729927
0.729927
0.729927
0.729927
0.729927
0.729927
0.729927
0.729927
0.729927
0.729927
0.729927
0.729927
0.729927
0.729927
0.729927
0.729927
0.729927
0.729927
0.729927
0.729927
0.729927
0.729927
0.729927
0.729927
0.729927
0.729927
0.729927
0.729927
0.729927
0.729927
0.729927
0.729927
0.729927
0.729927
0.729927
0.729927
0.729927
0.729927
0.729927
0.729927
0.729927
0.729927
0.729927
0.729927
0.729927
0.729927
0.729927
0.729927
0.729927
0.729927
0.729927
0.729927
0.729927
0.729927
0.729927
0.729927
0.729927
0.729927
0.729927
0.729927
0.729927
0.729927
0.729927
0.729927
0.729927
0.729927
0.729927
0.729927
0.729927
0.729927
0.729927
0.729927
0.729927
0.729927
0.729927
0.729927
0.729927
0.729927
0.729927
0.729927
0.729927
0.729927
0.729927
0.729927
0.729927
0.729927
0.729927
0.729927
0.729927
0.729927
0.729927
0.729927
0.729927
0.729927
0.729927
0.729927
0.729927
0.729927
0.729927
0.729927
0.729927
0.729927
0.729927
0.729927
0.729927
0.729927
0.729927
0.729927
0.729927
0.729927
0.729927
0.729927
0.729927
0.729927
0.729927
0.729927
0.729927
0.729927
0.729927
0.729927
0.729927
0.729927
0.729927
0.729927
0.729927
0.729927
0.729927
0.729927
0.729927
0.729927
0.729927
0.729927
0.729927
0.729927
0.729927
0.729927
0.729927
0.729927
0.729927
0.729927
0.729927
0.728533
0.700702
0.728529
0.728529
0.700698
0.728524
0.699745
0.699744
0.727294
0.728553
0.701233
0.728553
0.729924
0.729938
0.729938
0.701233
0.728553
0.728553
0.728553
0.701233
0.728553
0.729924
0.729938
0.729938
0.701233
0.728553
0.728553
0.728553
0.701228
0.728557
0.729924
0.729935
0.729938
0.701232
0.728558
0.728557
0.728539
0.701195
0.728542
0.729919
0.729934
0.729934
0.701217
0.728558
0.72855
0.728553
0.701233
0.728553
0.729924
0.729938
0.729938
0.701233
0.728553
0.728553
0.729924
0.729938
0.729938
0.728553
0.701233
0.728553
0.728553
0.701233
0.728553
0.729927
0.729927
0.729927
0.729927
0.729927
0.729927
0.729927
0.729927
0.729927
0.729927
0.729927
0.729927
0.729927
0.729927
0.729927
0.729927
0.729927
0.729927
0.729927
0.729927
0.729927
0.729927
0.729927
0.729927
0.729927
0.729927
0.729927
0.729913
0.729927
0.729913
0.729928
0.729913
0.729913
0.729927
0.729913
0.729913
0.729927
0.729927
0.729927
0.729927
0.729927
0.729927
0.729927
0.729927
0.729927
0.729928
0.729913
0.729913
0.729913
0.729927
0.729913
0.729913
0.729927
0.729913
0.728553
0.701224
0.728553
0.729924
0.729931
0.729938
0.701227
0.728554
0.728553
0.729919
0.72993
0.729932
0.728544
0.701215
0.72855
0.728554
0.701217
0.728549
0.729927
0.729927
0.729927
0.729927
0.729927
0.729927
0.729927
0.729927
0.729927
0.729913
0.729927
0.729913
0.729928
0.729913
0.729913
0.729927
0.729913
0.729913
0.729913
0.729927
0.729913
0.729928
0.729913
0.729913
0.729927
0.729913
0.729913
0.729913
0.729927
0.729913
0.729928
0.72992
0.729913
0.729927
0.72992
0.729913
0.729913
0.729927
0.729913
0.729928
0.72992
0.729913
0.729927
0.72992
0.729913
0.729911
0.72992
0.72992
0.729911
0.72992
0.729923
0.729928
0.729928
0.729928
0.728553
0.701224
0.728553
0.729924
0.729935
0.729938
0.701227
0.728558
0.728553
0.728539
0.701195
0.728542
0.729919
0.729934
0.729934
0.701217
0.728558
0.72855
0.728553
0.701224
0.728553
0.729924
0.729931
0.729938
0.701227
0.728554
0.728553
0.728537
0.701195
0.728541
0.729919
0.72993
0.729932
0.701213
0.728556
0.728546
0.729913
0.729927
0.729913
0.729928
0.72992
0.729913
0.729927
0.72992
0.729913
0.729913
0.729927
0.729913
0.729928
0.72992
0.729913
0.729927
0.72992
0.729913
0.729911
0.72992
0.729923
0.729911
0.72992
0.72992
0.729928
0.729928
0.729928
0.728553
0.701233
0.728553
0.729924
0.729938
0.729938
0.701233
0.728553
0.728553
0.728553
0.701233
0.728553
0.729924
0.729938
0.729938
0.701233
0.728553
0.728553
0.729913
0.729927
0.729913
0.729928
0.729913
0.729913
0.729927
0.729913
0.729913
0.729927
0.729927
0.729927
0.729927
0.729927
0.729927
0.729927
0.729927
0.729927
0.729928
0.729913
0.729913
0.729913
0.729927
0.729913
0.729913
0.729927
0.729913
0.729913
0.729927
0.729913
0.729928
0.729913
0.729913
0.729927
0.729913
0.729913
0.729927
0.729927
0.729927
0.729927
0.729927
0.729927
0.729927
0.729927
0.729927
0.729928
0.729913
0.729913
0.729913
0.729927
0.729913
0.729913
0.729927
0.729913
0.728525
0.700694
0.728521
0.728533
0.700702
0.728528
0.699745
0.699744
0.727294
0.729913
0.729927
0.729913
0.729928
0.72992
0.729913
0.729927
0.72992
0.729913
0.729913
0.729927
0.729913
0.729928
0.72992
0.729913
0.729927
0.72992
0.729913
0.729911
0.72992
0.729922
0.729911
0.72992
0.729922
0.729928
0.729928
0.729927
0.728553
0.701228
0.728557
0.729924
0.729935
0.729938
0.701232
0.728558
0.728557
0.728533
0.701199
0.728541
0.729919
0.729934
0.729932
0.701217
0.72856
0.72855
0.729913
0.729927
0.729913
0.729928
0.729913
0.729913
0.729927
0.729913
0.729913
0.729927
0.729927
0.729927
0.729927
0.729927
0.729927
0.729927
0.729927
0.729927
0.729928
0.729913
0.729913
0.729913
0.729927
0.729913
0.729913
0.729927
0.729913
0.728553
0.701233
0.728553
0.729924
0.729938
0.729938
0.701233
0.728553
0.728553
0.728553
0.701233
0.728553
0.729924
0.729938
0.729938
0.701233
0.728553
0.728553
0.729927
0.729927
0.729927
0.729927
0.729927
0.729927
0.729927
0.729927
0.729927
0.729913
0.729927
0.729913
0.729928
0.729913
0.729913
0.729927
0.729913
0.729913
0.729913
0.729927
0.729913
0.729928
0.729913
0.729913
0.729927
0.729913
0.729913
0.729927
0.729927
0.729927
0.729927
0.729927
0.729927
0.729927
0.729927
0.729927
0.729927
0.729927
0.729927
0.729927
0.729927
0.729927
0.729927
0.729927
0.729927
0.729927
0.729927
0.729927
0.729927
0.729927
0.729927
0.729927
0.729927
0.729927
0.729927
0.729927
0.729927
0.729927
0.729927
0.729927
0.729927
0.729927
0.729927
0.729927
0.729927
0.729927
0.729927
0.729927
0.729927
0.729927
0.729927
0.729927
0.729927
0.729927
0.729927
0.729927
0.729927
0.729927
0.729927
0.729927
0.729927
0.729927
0.729927
0.729927
0.729927
0.729927
0.729927
0.729927
0.729927
0.729927
0.729927
0.729927
0.729927
0.729927
0.729927
0.729927
0.729927
0.729927
0.729927
0.729927
0.729927
0.729927
0.729927
0.729927
0.729927
0.729927
0.729927
0.729927
0.728553
0.701233
0.728553
0.729924
0.729938
0.729938
0.701233
0.728553
0.728553
0.729924
0.729938
0.729938
0.728553
0.701233
0.728553
0.728553
0.701233
0.728553
0.729927
0.729927
0.729927
0.729927
0.729927
0.729927
0.729927
0.729927
0.729927
0.729913
0.729927
0.729913
0.729928
0.729913
0.729913
0.729927
0.729913
0.729913
0.729913
0.729927
0.729913
0.729928
0.729913
0.729913
0.729927
0.729913
0.729913
0.728553
0.701233
0.728553
0.729924
0.729938
0.729938
0.701233
0.728553
0.728553
0.728553
0.701233
0.728553
0.729924
0.729938
0.729938
0.701233
0.728553
0.728553
0.729913
0.729927
0.729913
0.729928
0.72992
0.729913
0.729927
0.72992
0.729913
0.729913
0.729927
0.729913
0.729928
0.72992
0.729913
0.729927
0.72992
0.729913
0.729911
0.72992
0.729922
0.729911
0.72992
0.729922
0.729928
0.729928
0.729927
0.728532
0.700694
0.728523
0.728529
0.700701
0.728528
0.699745
0.699747
0.727295
0.728553
0.701228
0.728557
0.729924
0.729935
0.729938
0.701232
0.728558
0.728557
0.729919
0.729934
0.729932
0.728536
0.7012
0.728545
0.728558
0.701219
0.728548
0.729927
0.729927
0.729927
0.729927
0.729927
0.729927
0.729927
0.729927
0.729927
0.729913
0.729927
0.729913
0.729928
0.729913
0.729913
0.729927
0.729913
0.729913
0.729913
0.729927
0.729913
0.729928
0.729913
0.729913
0.729927
0.729913
0.729913
0.728553
0.701233
0.728553
0.729924
0.729938
0.729938
0.701233
0.728553
0.728553
0.729924
0.729938
0.729938
0.728553
0.701233
0.728553
0.728553
0.701233
0.728553
0.728553
0.701233
0.728553
0.729924
0.729938
0.729938
0.701233
0.728553
0.728553
0.729924
0.729938
0.729938
0.728553
0.701233
0.728553
0.728553
0.701233
0.728553
0.728553
0.701228
0.728557
0.729924
0.729935
0.729938
0.701232
0.728558
0.728557
0.729919
0.729934
0.729932
0.728537
0.701199
0.728545
0.72856
0.701217
0.72855
0.728553
0.701224
0.728553
0.729924
0.729931
0.729938
0.701227
0.728554
0.728553
0.729919
0.72993
0.729934
0.728539
0.701195
0.728542
0.728554
0.701217
0.72855
0.728525
0.700694
0.72852
0.728533
0.700702
0.728529
0.699744
0.699745
0.727294
)
;
        source          uniform 0;
        value           nonuniform List<scalar> 
1600
(
300.361
300.361
300.361
300.361
300.361
300.361
300.361
300.361
300.361
300.361
300.361
300.361
300.361
300.361
300.361
300.361
300.354
300.358
300.358
300.358
300.355
300.358
300.358
300.361
300.361
300.361
300.359
300.361
300.359
300.358
300.355
300.361
300.359
300.359
300.359
300.359
300.356
300.358
300.355
300.358
300.355
300.359
300.359
300.356
300.358
300.358
300.359
300.361
300.359
300.359
300.361
300.359
300.354
300.359
300.359
300.356
300.358
300.355
300.359
300.361
300.359
300.358
300.358
300.361
300.359
300.359
300.361
300.361
300.361
300.361
300.361
300.361
300.361
300.361
300.361
300.358
300.358
300.361
300.359
300.359
300.358
300.358
300.359
300.359
300.356
300.354
300.358
300.355
300.361
300.359
300.359
300.358
300.358
300.358
300.358
300.358
300.355
300.358
300.355
300.354
300.361
300.361
300.361
300.361
300.361
300.361
300.361
300.361
300.361
300.361
300.361
300.361
300.361
300.361
300.361
300.361
300.361
300.361
300.361
300.361
300.361
300.361
300.361
300.361
300.361
300.361
300.361
300.361
300.361
300.361
300.361
300.361
300.361
300.361
300.361
300.361
300.361
300.361
300.361
300.361
300.361
300.361
300.361
300.361
300.361
300.361
300.361
300.361
300.27
300.27
300.195
300.276
300.358
300.276
300.276
300.358
300.276
300.276
300.358
300.276
300.271
300.358
300.276
300.276
300.358
300.276
300.358
300.276
300.276
300.361
300.361
300.361
300.361
300.361
300.361
300.361
300.361
300.361
300.361
300.359
300.361
300.361
300.361
300.361
300.359
300.361
300.361
300.276
300.358
300.276
300.358
300.271
300.276
300.361
300.361
300.361
300.361
300.359
300.361
300.361
300.359
300.361
300.361
300.359
300.361
300.361
300.358
300.361
300.359
300.359
300.361
300.276
300.358
300.276
300.271
300.358
300.276
300.276
300.358
300.276
300.272
300.358
300.276
300.361
300.358
300.361
300.361
300.359
300.361
300.359
300.359
300.361
300.276
300.358
300.276
300.276
300.358
300.276
300.361
300.359
300.361
300.361
300.361
300.361
300.359
300.361
300.361
300.361
300.359
300.361
300.361
300.361
300.361
300.359
300.361
300.361
300.27
300.27
300.195
300.361
300.358
300.361
300.361
300.358
300.361
300.359
300.359
300.361
300.276
300.358
300.276
300.272
300.358
300.276
300.361
300.359
300.361
300.361
300.361
300.361
300.359
300.361
300.361
300.276
300.358
300.276
300.276
300.358
300.276
300.361
300.361
300.361
300.361
300.359
300.361
300.361
300.359
300.361
300.361
300.361
300.361
300.361
300.361
300.361
300.361
300.361
300.361
300.361
300.361
300.361
300.361
300.361
300.361
300.361
300.361
300.361
300.361
300.361
300.361
300.361
300.361
300.361
300.361
300.361
300.361
300.276
300.358
300.276
300.358
300.276
300.276
300.361
300.361
300.361
300.361
300.359
300.361
300.361
300.359
300.361
300.276
300.358
300.276
300.276
300.358
300.276
300.361
300.358
300.361
300.361
300.358
300.361
300.359
300.359
300.361
300.27
300.27
300.195
300.276
300.358
300.276
300.358
300.271
300.276
300.361
300.361
300.361
300.361
300.359
300.361
300.361
300.359
300.361
300.276
300.358
300.276
300.358
300.276
300.276
300.276
300.358
300.276
300.358
300.276
300.276
300.276
300.358
300.276
300.358
300.272
300.276
300.276
300.358
300.276
300.358
300.271
300.276
300.27
300.27
300.195
300.361
300.361
300.361
300.361
300.361
300.361
300.361
300.361
300.361
300.361
300.361
300.361
300.361
300.361
300.361
300.361
300.361
300.361
300.361
300.361
300.361
300.361
300.361
300.361
300.361
300.361
300.361
300.361
300.361
300.361
300.361
300.361
300.361
300.361
300.361
300.361
300.361
300.361
300.361
300.361
300.361
300.361
300.361
300.361
300.361
300.361
300.361
300.361
300.341
300.341
300.33
300.347
300.358
300.347
300.347
300.358
300.347
300.347
300.358
300.347
300.343
300.356
300.344
300.347
300.358
300.347
300.358
300.347
300.347
300.361
300.361
300.361
300.361
300.361
300.361
300.361
300.361
300.361
300.36
300.359
300.36
300.361
300.361
300.361
300.359
300.36
300.36
300.347
300.358
300.347
300.356
300.343
300.344
300.361
300.361
300.361
300.36
300.359
300.36
300.36
300.359
300.36
300.36
300.359
300.36
300.36
300.359
300.36
300.357
300.357
300.358
300.347
300.358
300.347
300.343
300.356
300.344
300.347
300.358
300.347
300.343
300.356
300.344
300.36
300.359
300.36
300.36
300.359
300.36
300.357
300.357
300.358
300.347
300.358
300.347
300.347
300.358
300.347
300.36
300.359
300.36
300.361
300.361
300.361
300.359
300.36
300.36
300.36
300.359
300.36
300.361
300.361
300.361
300.359
300.36
300.36
300.341
300.341
300.33
300.36
300.359
300.36
300.36
300.359
300.36
300.357
300.357
300.358
300.347
300.358
300.347
300.343
300.356
300.344
300.36
300.359
300.36
300.361
300.361
300.361
300.359
300.36
300.36
300.347
300.358
300.347
300.347
300.358
300.347
300.361
300.361
300.361
300.36
300.359
300.36
300.36
300.359
300.36
300.361
300.361
300.361
300.361
300.361
300.361
300.361
300.361
300.361
300.361
300.361
300.361
300.361
300.361
300.361
300.361
300.361
300.361
300.361
300.361
300.361
300.361
300.361
300.361
300.361
300.361
300.361
300.347
300.358
300.347
300.358
300.347
300.347
300.361
300.361
300.361
300.36
300.359
300.36
300.36
300.359
300.36
300.347
300.358
300.347
300.347
300.358
300.347
300.36
300.359
300.36
300.36
300.359
300.36
300.357
300.357
300.358
300.341
300.341
300.33
300.347
300.358
300.347
300.356
300.343
300.344
300.361
300.361
300.361
300.36
300.359
300.36
300.36
300.359
300.36
300.347
300.358
300.347
300.358
300.347
300.347
300.347
300.358
300.347
300.358
300.347
300.347
300.347
300.358
300.347
300.356
300.343
300.344
300.347
300.358
300.347
300.356
300.343
300.344
300.341
300.341
300.33
300.361
300.361
300.361
300.361
300.361
300.361
300.361
300.361
300.361
300.361
300.361
300.361
300.361
300.361
300.361
300.361
300.361
300.361
300.361
300.361
300.361
300.361
300.361
300.361
300.361
300.361
300.361
300.361
300.361
300.361
300.361
300.361
300.361
300.361
300.361
300.361
300.361
300.361
300.361
300.361
300.361
300.361
300.361
300.361
300.361
300.361
300.361
300.361
300.361
300.361
300.361
300.361
300.361
300.361
300.361
300.361
300.361
300.361
300.361
300.361
300.361
300.361
300.361
300.361
300.361
300.361
300.361
300.361
300.361
300.361
300.361
300.361
300.361
300.361
300.361
300.361
300.361
300.361
300.361
300.361
300.361
300.361
300.361
300.361
300.361
300.361
300.361
300.361
300.361
300.361
300.361
300.361
300.361
300.361
300.361
300.361
300.361
300.361
300.361
300.361
300.361
300.361
300.361
300.361
300.361
300.361
300.361
300.361
300.361
300.361
300.361
300.361
300.361
300.361
300.361
300.361
300.361
300.361
300.361
300.361
300.361
300.361
300.361
300.361
300.361
300.361
300.361
300.361
300.361
300.361
300.361
300.361
300.361
300.361
300.361
300.361
300.361
300.361
300.361
300.361
300.361
300.361
300.361
300.361
300.319
300.261
300.308
300.319
300.261
300.308
300.243
300.243
300.292
300.325
300.276
300.325
300.358
300.347
300.347
300.276
300.325
300.325
300.325
300.276
300.325
300.358
300.347
300.347
300.276
300.325
300.325
300.325
300.276
300.325
300.358
300.346
300.346
300.276
300.325
300.325
300.32
300.273
300.322
300.357
300.346
300.346
300.275
300.325
300.324
300.325
300.276
300.325
300.358
300.347
300.347
300.276
300.325
300.325
300.358
300.347
300.347
300.325
300.276
300.325
300.325
300.276
300.325
300.361
300.361
300.361
300.361
300.361
300.361
300.361
300.361
300.361
300.361
300.361
300.361
300.361
300.361
300.361
300.361
300.361
300.361
300.361
300.361
300.361
300.361
300.361
300.361
300.361
300.361
300.361
300.361
300.361
300.361
300.359
300.36
300.36
300.361
300.361
300.361
300.361
300.361
300.361
300.361
300.361
300.361
300.361
300.361
300.361
300.359
300.36
300.36
300.361
300.361
300.361
300.361
300.361
300.361
300.325
300.276
300.325
300.358
300.346
300.346
300.276
300.325
300.325
300.358
300.346
300.346
300.32
300.273
300.322
300.325
300.275
300.324
300.361
300.361
300.361
300.361
300.361
300.361
300.361
300.361
300.361
300.361
300.361
300.361
300.359
300.36
300.36
300.361
300.361
300.361
300.361
300.361
300.361
300.359
300.36
300.36
300.361
300.361
300.361
300.361
300.361
300.361
300.358
300.36
300.36
300.361
300.361
300.361
300.361
300.361
300.361
300.358
300.36
300.36
300.361
300.361
300.361
300.358
300.36
300.359
300.358
300.36
300.359
300.361
300.361
300.36
300.325
300.276
300.325
300.358
300.346
300.346
300.276
300.325
300.325
300.32
300.273
300.322
300.357
300.346
300.346
300.275
300.325
300.324
300.325
300.276
300.325
300.358
300.346
300.347
300.276
300.325
300.325
300.32
300.273
300.322
300.358
300.346
300.346
300.275
300.325
300.324
300.361
300.361
300.361
300.358
300.36
300.36
300.361
300.361
300.361
300.361
300.361
300.361
300.358
300.36
300.36
300.361
300.361
300.361
300.358
300.36
300.359
300.358
300.36
300.359
300.361
300.361
300.36
300.325
300.276
300.325
300.358
300.347
300.347
300.276
300.325
300.325
300.325
300.276
300.325
300.358
300.347
300.347
300.276
300.325
300.325
300.361
300.361
300.361
300.359
300.36
300.36
300.361
300.361
300.361
300.361
300.361
300.361
300.361
300.361
300.361
300.361
300.361
300.361
300.359
300.36
300.36
300.361
300.361
300.361
300.361
300.361
300.361
300.361
300.361
300.361
300.359
300.36
300.36
300.361
300.361
300.361
300.361
300.361
300.361
300.361
300.361
300.361
300.361
300.361
300.361
300.359
300.36
300.36
300.361
300.361
300.361
300.361
300.361
300.361
300.319
300.261
300.308
300.319
300.261
300.308
300.243
300.243
300.292
300.361
300.361
300.361
300.358
300.36
300.36
300.361
300.361
300.361
300.361
300.361
300.361
300.358
300.36
300.36
300.361
300.361
300.361
300.358
300.36
300.359
300.358
300.36
300.359
300.361
300.361
300.36
300.325
300.276
300.325
300.358
300.346
300.346
300.276
300.325
300.325
300.32
300.273
300.322
300.358
300.346
300.346
300.275
300.325
300.324
300.361
300.361
300.361
300.359
300.36
300.36
300.361
300.361
300.361
300.361
300.361
300.361
300.361
300.361
300.361
300.361
300.361
300.361
300.359
300.36
300.36
300.361
300.361
300.361
300.361
300.361
300.361
300.325
300.276
300.325
300.358
300.347
300.347
300.276
300.325
300.325
300.325
300.276
300.325
300.358
300.347
300.347
300.276
300.325
300.325
300.361
300.361
300.361
300.361
300.361
300.361
300.361
300.361
300.361
300.361
300.361
300.361
300.359
300.36
300.36
300.361
300.361
300.361
300.361
300.361
300.361
300.359
300.36
300.36
300.361
300.361
300.361
300.361
300.361
300.361
300.361
300.361
300.361
300.361
300.361
300.361
300.361
300.361
300.361
300.361
300.361
300.361
300.361
300.361
300.361
300.361
300.361
300.361
300.361
300.361
300.361
300.361
300.361
300.361
300.361
300.361
300.361
300.361
300.361
300.361
300.361
300.361
300.361
300.361
300.361
300.361
300.361
300.361
300.361
300.361
300.361
300.361
300.361
300.361
300.361
300.361
300.361
300.361
300.361
300.361
300.361
300.361
300.361
300.361
300.361
300.361
300.361
300.361
300.361
300.361
300.361
300.361
300.361
300.361
300.361
300.361
300.361
300.361
300.361
300.361
300.361
300.361
300.361
300.361
300.361
300.361
300.361
300.361
300.325
300.276
300.325
300.358
300.347
300.347
300.276
300.325
300.325
300.358
300.347
300.347
300.325
300.276
300.325
300.325
300.276
300.325
300.361
300.361
300.361
300.361
300.361
300.361
300.361
300.361
300.361
300.361
300.361
300.361
300.359
300.36
300.36
300.361
300.361
300.361
300.361
300.361
300.361
300.359
300.36
300.36
300.361
300.361
300.361
300.325
300.276
300.325
300.358
300.347
300.347
300.276
300.325
300.325
300.325
300.276
300.325
300.358
300.347
300.347
300.276
300.325
300.325
300.361
300.361
300.361
300.358
300.36
300.36
300.361
300.361
300.361
300.361
300.361
300.361
300.358
300.36
300.36
300.361
300.361
300.361
300.358
300.36
300.359
300.358
300.36
300.359
300.361
300.361
300.36
300.319
300.261
300.308
300.319
300.261
300.308
300.243
300.243
300.292
300.325
300.276
300.325
300.358
300.346
300.346
300.276
300.325
300.325
300.358
300.346
300.346
300.32
300.273
300.322
300.325
300.275
300.324
300.361
300.361
300.361
300.361
300.361
300.361
300.361
300.361
300.361
300.361
300.361
300.361
300.359
300.36
300.36
300.361
300.361
300.361
300.361
300.361
300.361
300.359
300.36
300.36
300.361
300.361
300.361
300.325
300.276
300.325
300.358
300.347
300.347
300.276
300.325
300.325
300.358
300.347
300.347
300.325
300.276
300.325
300.325
300.276
300.325
300.325
300.276
300.325
300.358
300.347
300.347
300.276
300.325
300.325
300.358
300.347
300.347
300.325
300.276
300.325
300.325
300.276
300.325
300.325
300.276
300.325
300.358
300.346
300.347
300.276
300.325
300.325
300.358
300.346
300.346
300.32
300.273
300.322
300.325
300.275
300.324
300.325
300.276
300.325
300.358
300.346
300.346
300.276
300.325
300.325
300.357
300.346
300.346
300.32
300.273
300.322
300.325
300.275
300.324
300.319
300.261
300.308
300.319
300.261
300.308
300.243
300.243
300.292
)
;
        logInterval     -1;
        writePrecision  6;
        updateHeader    1;
        writeToFile     0;
        useUserTime     1;
        kappaMethod     solidThermo;
    }
}


// ************************************************************************* //
