/*--------------------------------*- C++ -*----------------------------------*\
| =========                 |                                                 |
| \\      /  F ield         | OpenFOAM: The Open Source CFD Toolbox           |
|  \\    /   O peration     | Version:  2412                                  |
|   \\  /    A nd           | Website:  www.openfoam.com                      |
|    \\/     M anipulation  |                                                 |
\*---------------------------------------------------------------------------*/
FoamFile
{
    version     2.0;
    format      ascii;
    arch        "LSB;label=32;scalar=64";
    class       volScalarField;
    location    "0.14/chip";
    object      T;
}
// * * * * * * * * * * * * * * * * * * * * * * * * * * * * * * * * * * * * * //

dimensions      [0 0 0 1 0 0 0];

internalField   nonuniform List<scalar> 
6620
(
308.157
308.035
308.035
307.916
308.81
308.561
308.561
308.325
307.896
307.956
307.956
307.896
307.956
307.956
308.017
308.017
308.017
308.017
307.956
307.956
307.896
307.956
307.956
307.896
307.916
308.265
308.035
308.035
308.501
308.501
307.916
308.265
308.035
308.035
308.501
308.501
308.157
308.157
308.157
308.749
308.749
308.749
308.749
308.035
308.501
308.501
307.916
308.265
308.035
308.501
308.501
308.265
308.325
308.561
308.561
308.325
308.561
308.561
308.81
308.81
308.81
308.561
308.325
308.561
306.761
306.45
307.667
307.227
307.373
307.519
306.951
307.125
306.651
307.417
307.667
307.227
307.373
307.519
308.744
308.335
308.335
308.501
308.521
308.621
308.621
307.972
307.464
308.208
308.253
307.617
307.868
308.366
306.952
307.125
306.651
307.418
307.972
308.208
307.464
308.253
307.617
308.366
307.868
307.311
307.357
307.357
308.017
306.862
307.65
307.65
307.051
307.808
307.956
307.704
307.235
307.808
307.956
308.93
308.93
309.053
308.183
308.675
308.288
307.704
307.235
308.675
308.182
308.288
307.964
307.964
307.629
306.463
307.122
306.564
307.122
306.564
307.24
307.241
306.67
307.173
307.346
307.173
307.346
307.293
308.16
307.47
307.293
308.16
307.47
307.122
306.564
306.463
307.24
307.241
306.67
307.122
306.564
307.173
307.346
307.293
308.16
307.47
307.173
307.346
308.16
307.293
307.47
308.224
308.224
308.44
308.224
308.224
308.44
308.224
308.224
308.44
308.224
308.224
308.44
307.293
308.16
307.47
307.173
307.346
308.16
307.293
307.47
307.173
307.346
307.122
306.564
307.24
307.24
306.67
306.463
307.122
306.564
308.16
307.293
307.47
308.16
307.293
307.47
307.173
307.346
307.173
307.346
307.241
307.24
306.67
307.122
306.564
307.122
306.564
306.463
306.951
307.125
306.651
307.417
306.952
307.126
306.651
307.418
307.311
307.357
307.357
308.017
306.862
307.65
307.65
306.842
307.014
307.03
307.665
307.496
307.198
307.03
307.665
307.496
307.198
307.46
308.162
307.903
307.903
307.796
307.796
307.565
307.667
307.227
307.373
307.519
307.972
307.464
308.208
308.253
307.617
307.868
308.366
307.972
307.464
308.208
308.253
307.617
307.868
308.366
307.746
307.767
307.598
307.916
307.746
307.767
307.598
307.916
308.119
308.398
308.122
308.614
308.014
308.512
308.227
308.119
308.398
308.122
308.614
308.014
308.512
308.227
306.761
306.45
307.311
307.357
307.357
308.017
306.862
307.65
307.65
306.952
307.126
306.651
307.418
307.03
307.665
307.496
307.198
306.842
307.014
307.46
308.162
307.903
307.903
307.796
307.796
307.565
307.03
307.665
307.496
307.198
307.972
307.464
308.208
308.253
307.617
307.868
308.366
307.667
307.227
307.373
307.519
307.972
308.208
307.464
308.253
307.617
308.366
307.868
307.746
307.767
307.598
307.916
308.119
308.398
308.122
308.614
308.014
308.512
308.227
307.746
307.767
307.598
307.916
308.119
308.398
308.614
308.122
308.512
308.014
308.227
308.744
308.335
308.335
308.501
308.521
308.621
308.621
308.744
308.335
308.335
308.501
308.521
308.621
308.621
308.744
308.335
308.335
308.501
308.521
308.621
308.621
307.667
307.227
307.373
307.519
307.972
308.208
307.464
308.253
307.617
308.366
307.868
307.667
307.227
307.373
307.519
308.119
308.398
308.122
308.614
308.014
308.512
308.227
307.746
307.767
307.598
307.916
308.119
308.398
308.614
308.122
308.512
308.014
308.227
307.746
307.767
307.598
307.916
307.311
307.357
307.357
308.017
306.862
307.65
307.65
306.761
306.45
306.952
307.125
306.651
307.418
307.03
307.665
307.496
307.198
307.46
308.162
307.903
307.903
307.796
307.796
307.565
306.842
307.014
307.03
307.665
307.496
307.198
307.972
308.208
307.464
308.253
307.617
308.366
307.868
307.667
307.227
307.373
307.519
307.667
307.227
307.373
307.519
308.119
308.398
308.614
308.122
308.512
308.014
308.227
308.119
308.398
308.614
308.122
308.512
308.014
308.227
307.746
307.767
307.598
307.916
307.746
307.767
307.598
307.916
306.952
307.126
306.651
307.418
306.951
307.125
306.651
307.417
306.761
306.45
307.46
308.162
307.903
307.903
307.796
307.796
307.565
307.03
307.665
307.496
307.198
307.03
307.665
307.496
307.198
306.842
307.014
307.704
307.235
307.704
307.235
307.964
307.964
307.629
307.808
307.956
308.182
308.675
308.288
308.182
308.675
308.288
307.051
307.964
307.964
307.629
307.704
307.235
308.183
308.675
308.288
307.808
307.956
308.675
308.182
308.288
308.93
308.93
309.053
308.93
308.93
309.053
308.93
308.93
309.053
307.808
307.956
308.675
308.183
308.288
307.808
307.956
307.964
307.964
307.629
307.051
307.704
307.235
308.675
308.182
308.288
307.808
307.956
307.808
307.956
307.704
307.235
307.704
307.235
307.051
308.443
308.247
308.247
308.26
308.34
308.351
308.351
308.065
307.877
308.123
308.138
307.961
307.98
308.226
308.065
308.123
307.877
308.138
307.961
308.226
307.98
307.716
307.761
307.761
308.019
307.612
307.864
307.864
307.662
307.662
307.441
307.72
308.089
307.845
307.72
308.089
307.845
307.662
307.662
307.441
307.72
308.089
307.845
308.089
307.72
307.845
308.151
308.151
308.29
308.151
308.151
308.29
308.151
308.151
308.29
308.151
308.151
308.29
307.72
308.089
307.845
308.089
307.72
307.845
307.662
307.662
307.441
308.089
307.72
307.845
308.089
307.72
307.845
307.662
307.662
307.441
307.716
307.761
307.761
308.019
307.612
307.864
307.864
308.065
307.877
308.123
308.138
308.226
307.961
307.98
308.065
307.877
308.123
308.138
307.961
307.98
308.226
307.716
307.761
307.761
308.019
307.864
307.612
307.864
308.065
307.877
308.123
308.138
308.226
307.961
307.98
308.065
308.123
307.877
308.138
307.961
308.226
307.98
308.443
308.247
308.247
308.26
308.351
308.34
308.351
308.443
308.247
308.247
308.26
308.351
308.34
308.351
308.443
308.247
308.247
308.26
308.34
308.351
308.351
308.065
308.123
307.877
308.138
307.98
307.961
308.226
307.716
307.761
307.761
308.019
307.864
307.612
307.864
308.065
308.123
307.877
308.138
307.98
307.961
308.226
306.238
306.669
306.594
306.594
306.492
306.492
306.422
306.167
306.565
306.251
306.251
305.924
306.378
306.378
307.366
307.58
307.488
307.643
307.389
307.556
307.464
307.211
307.013
307.301
307.336
307.084
307.14
307.41
307.258
307.483
307.154
307.349
307.131
307.282
307.459
307.319
307.594
307.433
307.344
307.247
307.507
307.417
306.868
306.863
306.783
307.128
306.685
307.041
306.964
306.916
306.915
306.996
307.234
306.79
307.042
307.105
306.761
306.763
306.447
306.835
306.635
306.574
306.945
307.022
307.287
307.331
307.246
307.149
307.201
307.119
307.366
307.58
307.643
307.488
307.556
307.389
307.464
307.212
307.013
307.301
307.336
307.084
307.14
307.41
307.258
307.483
307.349
307.154
307.131
307.459
307.282
307.319
307.594
307.433
307.345
307.247
307.507
307.417
308.503
308.306
308.429
308.439
308.399
308.41
308.533
308.503
308.306
308.429
308.439
308.399
308.41
308.533
308.564
308.624
308.49
308.49
308.46
308.594
308.594
307.868
307.682
307.541
307.57
307.764
307.786
307.648
308.12
308.18
308.044
308.312
308.017
308.283
308.148
307.921
307.724
307.592
307.843
307.817
307.699
307.947
306.868
306.863
307.128
306.784
307.041
306.685
306.964
306.916
306.916
306.996
307.234
306.79
307.042
307.105
306.761
306.763
306.836
306.447
306.635
306.945
306.574
307.023
307.287
307.331
307.246
307.149
307.201
307.119
308.12
308.18
308.044
308.312
308.017
308.283
308.148
307.868
307.682
307.541
307.57
307.764
307.786
307.648
307.921
307.724
307.843
307.592
307.817
307.947
307.699
307.532
307.572
307.221
307.463
307.428
307.676
307.328
307.532
307.572
307.221
307.463
307.428
307.676
307.328
307.357
306.97
307.052
307.052
307.253
307.158
307.158
306.799
307.085
306.976
306.977
306.793
307.074
306.912
306.912
306.752
306.937
306.937
307.779
307.986
307.815
307.961
307.747
307.648
307.882
307.826
307.721
307.674
307.9
307.795
307.974
307.793
307.932
307.769
307.819
307.95
307.756
307.837
307.645
307.911
307.33
307.268
307.068
307.444
307.447
307.549
307.575
307.722
307.421
307.574
307.593
307.293
307.257
307.093
307.413
307.267
307.119
307.433
307.405
307.733
307.597
307.605
307.779
307.986
307.961
307.815
307.747
307.648
307.882
307.826
307.721
307.674
307.9
307.795
307.974
307.932
307.793
307.769
307.95
307.819
307.756
307.837
307.645
307.911
309.027
309.088
309.057
309.057
308.906
308.722
308.813
308.813
308.966
308.901
308.872
308.996
308.966
308.901
308.872
308.996
308.387
308.205
308.179
308.414
308.529
308.599
308.443
308.688
308.334
308.05
308.251
308.128
308.585
308.774
308.745
308.612
307.33
307.269
307.444
307.068
307.447
307.549
307.575
307.722
307.421
307.574
307.594
307.293
307.257
307.413
307.093
307.267
307.433
307.119
307.405
307.733
307.597
307.605
308.387
308.205
308.414
308.179
308.529
308.599
308.688
308.443
308.584
308.774
308.745
308.612
308.334
308.05
308.251
308.128
307.825
307.46
307.639
307.639
308.18
308.48
308.327
308.327
307.998
307.942
308.141
307.807
307.998
307.942
308.141
307.807
306.167
306.168
305.831
306.808
306.925
306.62
306.265
306.844
306.544
306.808
306.925
306.621
306.266
306.844
306.545
307.567
307.039
307.349
307.567
307.039
307.349
306.954
306.954
307.26
306.855
307.285
306.962
307.02
307.31
306.985
306.855
307.285
306.962
307.02
307.31
306.985
307.622
307.408
307.746
308.117
307.914
307.873
307.433
307.812
307.772
307.622
307.408
307.746
308.117
307.914
307.873
307.433
307.812
307.772
306.808
306.925
306.62
306.265
306.844
306.544
306.167
306.168
305.831
307.567
307.039
307.349
307.567
307.039
307.349
306.954
306.954
307.26
306.808
306.925
306.621
306.266
306.844
306.545
306.856
307.285
306.962
307.31
307.02
306.985
307.622
307.408
307.746
308.117
307.914
307.873
307.433
307.812
307.772
306.856
307.285
306.962
307.02
307.31
306.985
308.117
307.914
307.873
307.622
307.408
307.746
307.812
307.433
307.772
308.18
308.364
308.319
308.18
308.364
308.319
308.395
308.395
308.35
308.18
308.364
308.319
308.18
308.364
308.319
308.395
308.395
308.35
308.18
308.364
308.319
308.18
308.364
308.319
308.395
308.395
308.35
308.18
308.364
308.319
308.18
308.364
308.319
308.395
308.395
308.35
307.622
307.408
307.746
308.117
307.914
307.873
307.433
307.812
307.772
306.856
307.285
306.962
307.31
307.02
306.985
308.117
307.914
307.873
307.622
307.408
307.746
307.812
307.433
307.772
306.856
307.285
306.962
307.02
307.31
306.985
306.808
306.925
306.62
306.844
306.266
306.544
307.567
307.039
307.349
307.567
307.039
307.349
306.954
306.954
307.26
306.168
306.168
305.831
306.808
306.925
306.62
306.844
306.266
306.544
308.117
307.914
307.873
307.622
307.408
307.746
307.812
307.433
307.772
308.117
307.914
307.873
307.622
307.408
307.746
307.812
307.433
307.772
306.856
307.285
306.962
307.31
307.02
306.985
306.855
307.285
306.962
307.31
307.02
306.985
307.567
307.039
307.349
307.567
307.039
307.349
306.954
306.954
307.26
306.808
306.925
306.621
306.844
306.266
306.545
306.808
306.925
306.62
306.844
306.265
306.544
306.168
306.167
305.831
306.868
306.863
306.783
307.128
306.685
307.041
306.964
306.916
306.915
306.996
307.234
307.042
306.79
307.105
306.761
306.763
306.447
306.835
306.574
306.635
306.945
307.022
307.287
307.331
307.246
307.149
307.201
307.119
306.869
306.863
306.784
307.128
306.685
307.042
306.965
306.917
306.916
306.996
307.234
307.042
306.79
307.105
306.762
306.763
306.447
306.836
306.574
306.635
306.945
307.023
307.287
307.331
307.246
307.149
307.201
307.12
307.532
307.572
307.221
307.463
307.428
307.328
307.676
307.532
307.572
307.221
307.463
307.428
307.328
307.676
307.357
306.97
307.052
307.052
307.253
307.158
307.158
306.608
306.683
306.683
306.911
306.475
306.759
306.759
306.645
306.969
306.874
306.874
306.731
306.823
306.823
307.124
306.871
307.206
307.097
307.049
306.946
307.274
307.341
307.516
307.623
307.534
307.491
307.469
307.389
307.28
307.365
307.332
307.565
307.205
307.433
307.407
307.186
307.155
307.058
307.376
307.009
307.332
307.233
307.125
306.872
307.206
307.098
307.051
306.947
307.275
307.342
307.517
307.623
307.534
307.491
307.47
307.389
307.28
307.365
307.333
307.566
307.206
307.434
307.408
307.187
307.155
307.059
307.376
307.01
307.333
307.235
307.366
307.58
307.488
307.643
307.389
307.556
307.464
307.211
307.013
307.301
307.336
307.14
307.084
307.41
307.258
307.483
307.154
307.349
307.282
307.131
307.459
307.319
307.594
307.433
307.344
307.247
307.507
307.417
307.868
307.682
307.541
307.57
307.648
307.764
307.786
308.12
308.18
308.044
308.312
308.283
308.017
308.148
307.921
307.724
307.592
307.843
307.699
307.817
307.947
307.868
307.682
307.541
307.57
307.764
307.648
307.786
308.12
308.18
308.044
308.312
308.017
308.148
308.283
307.921
307.724
307.592
307.843
307.817
307.699
307.947
307.627
307.575
307.722
307.816
307.551
307.65
307.791
307.641
307.615
307.724
307.842
307.689
307.568
307.8
307.579
307.673
307.431
307.667
307.504
307.506
307.742
307.689
307.873
307.76
307.891
307.736
307.713
307.849
307.627
307.575
307.722
307.816
307.551
307.65
307.791
307.641
307.615
307.724
307.842
307.8
307.568
307.689
307.579
307.673
307.431
307.667
307.504
307.742
307.506
307.689
307.873
307.76
307.891
307.713
307.849
307.736
306.238
306.669
306.594
306.594
306.492
306.492
306.422
306.167
306.565
306.251
306.251
306.378
305.924
306.378
307.532
307.572
307.221
307.463
307.328
307.428
307.676
307.532
307.572
307.221
307.463
307.676
307.428
307.328
307.357
306.97
307.052
307.052
307.158
307.253
307.158
306.869
306.863
306.784
307.128
306.685
307.042
306.965
306.917
306.916
306.996
307.234
306.79
307.105
307.042
306.762
306.763
306.447
306.836
306.635
306.574
306.945
307.023
307.287
307.331
307.246
307.201
307.12
307.149
307.124
306.871
307.206
307.097
307.049
306.946
307.274
307.341
307.516
307.623
307.534
307.389
307.469
307.491
307.28
307.365
307.332
307.565
307.205
307.407
307.433
307.186
307.155
307.058
307.376
307.233
307.009
307.332
306.608
306.683
306.683
306.911
306.475
306.759
306.759
306.645
306.969
306.874
306.874
306.823
306.823
306.731
307.125
306.872
307.206
307.098
307.051
306.947
307.275
307.342
307.517
307.623
307.534
307.491
307.47
307.389
307.281
307.365
307.333
307.566
307.206
307.434
307.408
307.187
307.155
307.059
307.376
307.01
307.333
307.235
307.868
307.682
307.541
307.57
307.648
307.764
307.786
308.12
308.18
308.044
308.312
308.283
308.017
308.148
307.921
307.724
307.592
307.843
307.699
307.817
307.947
307.366
307.58
307.488
307.643
307.389
307.556
307.464
307.211
307.013
307.301
307.336
307.14
307.084
307.41
307.258
307.483
307.154
307.349
307.282
307.131
307.459
307.319
307.594
307.433
307.344
307.247
307.507
307.417
308.12
308.18
308.044
308.312
308.017
308.148
308.283
307.868
307.682
307.541
307.57
307.764
307.648
307.786
307.921
307.724
307.843
307.592
307.817
307.947
307.699
307.627
307.722
307.575
307.816
307.551
307.791
307.651
307.641
307.616
307.724
307.842
307.689
307.568
307.8
307.579
307.673
307.431
307.667
307.504
307.507
307.742
307.689
307.873
307.891
307.76
307.736
307.849
307.713
307.627
307.575
307.722
307.816
307.551
307.651
307.791
307.641
307.616
307.724
307.842
307.8
307.568
307.689
307.579
307.673
307.431
307.667
307.504
307.742
307.506
307.689
307.873
307.76
307.891
307.713
307.849
307.736
308.503
308.306
308.429
308.439
308.533
308.399
308.41
308.503
308.306
308.429
308.439
308.41
308.399
308.533
308.564
308.624
308.49
308.49
308.594
308.46
308.594
308.503
308.306
308.429
308.439
308.533
308.399
308.41
308.503
308.306
308.429
308.439
308.41
308.399
308.533
308.564
308.624
308.49
308.49
308.594
308.46
308.594
308.503
308.306
308.429
308.439
308.399
308.533
308.41
308.503
308.306
308.429
308.439
308.399
308.533
308.41
308.564
308.624
308.49
308.49
308.46
308.594
308.594
307.366
307.58
307.643
307.488
307.556
307.389
307.464
307.212
307.013
307.301
307.336
307.41
307.084
307.14
307.258
307.483
307.349
307.154
307.459
307.131
307.282
307.319
307.594
307.433
307.345
307.507
307.247
307.417
308.12
308.18
308.044
308.312
308.148
308.017
308.283
307.868
307.682
307.541
307.57
307.786
307.764
307.648
307.921
307.724
307.843
307.592
307.947
307.817
307.699
307.366
307.58
307.488
307.643
307.389
307.556
307.464
307.212
307.013
307.301
307.336
307.084
307.41
307.14
307.258
307.483
307.154
307.349
307.131
307.282
307.459
307.319
307.594
307.433
307.345
307.507
307.417
307.247
307.627
307.722
307.575
307.816
307.551
307.791
307.651
307.641
307.616
307.724
307.842
307.568
307.8
307.689
307.579
307.673
307.431
307.667
307.507
307.504
307.742
307.689
307.873
307.891
307.76
307.849
307.713
307.736
307.627
307.575
307.722
307.816
307.551
307.651
307.791
307.641
307.616
307.724
307.842
307.8
307.568
307.689
307.579
307.673
307.431
307.667
307.504
307.742
307.507
307.689
307.873
307.76
307.891
307.713
307.849
307.736
307.532
307.572
307.221
307.463
307.328
307.428
307.676
307.532
307.572
307.221
307.463
307.676
307.428
307.328
307.357
306.97
307.052
307.052
307.158
307.253
307.158
306.238
306.669
306.594
306.594
306.492
306.492
306.422
306.167
306.565
306.251
306.251
306.378
305.924
306.378
306.868
306.863
307.128
306.784
307.041
306.685
306.964
306.916
306.916
306.996
307.234
306.79
307.105
307.042
306.762
306.763
306.836
306.447
306.635
306.945
306.574
307.023
307.287
307.331
307.246
307.201
307.119
307.149
307.125
307.206
306.871
307.098
307.05
307.275
306.947
307.342
307.516
307.623
307.534
307.389
307.469
307.491
307.28
307.365
307.333
307.566
307.205
307.408
307.433
307.186
307.155
307.376
307.058
307.234
307.332
307.01
306.608
306.683
306.683
306.911
306.475
306.759
306.759
306.645
306.969
306.874
306.874
306.823
306.823
306.731
307.124
307.206
306.871
307.098
307.05
307.275
306.946
307.342
307.516
307.623
307.534
307.491
307.469
307.389
307.28
307.365
307.333
307.566
307.205
307.433
307.408
307.186
307.155
307.376
307.059
307.332
307.009
307.234
308.12
308.18
308.044
308.312
308.148
308.017
308.283
307.868
307.682
307.541
307.57
307.786
307.764
307.648
307.921
307.724
307.843
307.592
307.947
307.817
307.699
307.366
307.58
307.643
307.488
307.556
307.389
307.464
307.211
307.013
307.301
307.336
307.41
307.084
307.14
307.258
307.483
307.349
307.154
307.459
307.131
307.282
307.319
307.594
307.433
307.344
307.507
307.247
307.417
307.366
307.58
307.643
307.488
307.556
307.389
307.464
307.211
307.013
307.301
307.336
307.084
307.41
307.14
307.258
307.483
307.349
307.154
307.131
307.459
307.282
307.319
307.594
307.433
307.344
307.507
307.417
307.247
307.627
307.722
307.575
307.816
307.551
307.791
307.651
307.641
307.616
307.724
307.842
307.568
307.8
307.689
307.579
307.673
307.431
307.667
307.506
307.504
307.742
307.689
307.873
307.891
307.76
307.849
307.713
307.736
307.627
307.722
307.575
307.816
307.551
307.791
307.651
307.641
307.615
307.724
307.842
307.8
307.568
307.689
307.579
307.673
307.431
307.667
307.504
307.742
307.506
307.689
307.873
307.891
307.76
307.849
307.713
307.736
306.869
306.863
307.128
306.784
307.042
306.685
306.965
306.917
306.916
306.996
307.234
307.105
306.79
307.042
306.762
306.763
306.836
306.447
306.945
306.635
306.574
307.023
307.287
307.331
307.246
307.201
307.149
307.12
306.868
306.863
307.128
306.783
307.041
306.685
306.964
306.916
306.915
306.996
307.234
307.105
306.79
307.042
306.761
306.763
306.835
306.447
306.945
306.635
306.574
307.022
307.287
307.331
307.246
307.201
307.149
307.119
306.238
306.669
306.594
306.594
306.492
306.492
306.422
306.167
306.565
306.251
306.251
305.924
306.378
306.378
307.125
307.206
306.872
307.098
307.051
307.275
306.947
307.342
307.517
307.623
307.534
307.469
307.491
307.389
307.28
307.365
307.333
307.566
307.408
307.206
307.434
307.187
307.155
307.376
307.059
307.333
307.01
307.234
307.124
307.206
306.871
307.097
307.049
307.275
306.946
307.341
307.516
307.623
307.534
307.469
307.491
307.389
307.28
307.365
307.332
307.565
307.407
307.205
307.433
307.186
307.155
307.376
307.058
307.332
307.009
307.234
306.608
306.683
306.683
306.911
306.475
306.759
306.759
306.645
306.969
306.874
306.874
306.823
306.823
306.731
307.33
307.268
307.068
307.444
307.447
307.549
307.575
307.722
307.574
307.421
307.593
307.293
307.257
307.093
307.413
307.119
307.267
307.433
307.405
307.733
307.597
307.605
307.33
307.269
307.068
307.444
307.447
307.549
307.575
307.722
307.574
307.422
307.594
307.293
307.257
307.093
307.414
307.119
307.267
307.433
307.405
307.734
307.597
307.605
307.825
307.46
307.639
307.639
308.18
308.48
308.327
308.327
307.998
307.942
307.807
308.141
307.998
307.942
307.807
308.141
307.779
307.986
307.815
307.961
307.747
307.648
307.882
307.826
307.674
307.721
307.9
307.795
307.974
307.793
307.932
307.819
307.769
307.95
307.756
307.837
307.645
307.911
308.387
308.205
308.179
308.414
308.529
308.599
308.688
308.443
308.334
308.05
308.128
308.251
308.584
308.774
308.745
308.612
308.387
308.205
308.179
308.414
308.529
308.599
308.443
308.688
308.334
308.05
308.128
308.251
308.584
308.774
308.612
308.745
306.799
307.085
306.976
306.977
306.793
307.074
306.912
306.912
306.937
306.752
306.937
307.825
307.46
307.639
307.639
308.18
308.48
308.327
308.327
307.998
307.942
307.807
308.141
307.998
307.942
308.141
307.807
307.33
307.269
307.068
307.444
307.447
307.549
307.575
307.722
307.422
307.594
307.574
307.293
307.257
307.093
307.414
307.267
307.119
307.433
307.405
307.734
307.605
307.597
308.387
308.205
308.179
308.414
308.529
308.599
308.688
308.443
308.334
308.05
308.128
308.251
308.585
308.774
308.745
308.612
307.779
307.986
307.815
307.961
307.747
307.648
307.882
307.826
307.674
307.721
307.9
307.795
307.974
307.793
307.932
307.819
307.769
307.95
307.756
307.837
307.645
307.911
308.387
308.205
308.414
308.179
308.529
308.599
308.688
308.443
308.585
308.774
308.612
308.745
308.334
308.05
308.128
308.251
309.027
309.088
309.057
309.057
308.906
308.722
308.813
308.813
308.966
308.901
308.996
308.872
308.966
308.901
308.872
308.996
309.027
309.088
309.057
309.057
308.906
308.722
308.813
308.813
308.966
308.901
308.996
308.872
308.966
308.901
308.872
308.996
309.027
309.088
309.057
309.057
308.906
308.722
308.813
308.813
308.966
308.901
308.996
308.872
308.966
308.901
308.996
308.872
307.779
307.986
307.961
307.815
307.747
307.648
307.882
307.826
307.9
307.721
307.674
307.795
307.974
307.932
307.793
307.95
307.769
307.819
307.756
307.837
307.911
307.645
308.387
308.205
308.414
308.179
308.529
308.599
308.443
308.688
308.585
308.774
308.612
308.745
308.334
308.05
308.251
308.128
307.779
307.986
307.815
307.961
307.747
307.648
307.882
307.826
307.721
307.9
307.674
307.795
307.974
307.793
307.932
307.769
307.819
307.95
307.756
307.837
307.911
307.645
307.825
307.46
307.639
307.639
308.18
308.48
308.327
308.327
307.998
307.942
307.807
308.141
307.998
307.942
308.141
307.807
306.799
307.085
306.977
306.977
306.793
307.074
306.912
306.912
306.937
306.752
306.937
307.33
307.269
307.444
307.068
307.447
307.549
307.575
307.722
307.421
307.594
307.574
307.293
307.257
307.413
307.093
307.267
307.433
307.119
307.405
307.733
307.605
307.597
308.387
308.205
308.414
308.179
308.529
308.599
308.443
308.688
308.584
308.774
308.612
308.745
308.334
308.05
308.251
308.128
307.779
307.986
307.961
307.815
307.747
307.648
307.882
307.826
307.9
307.721
307.674
307.795
307.974
307.932
307.793
307.95
307.769
307.819
307.756
307.837
307.911
307.645
307.779
307.986
307.961
307.815
307.747
307.648
307.882
307.826
307.721
307.9
307.674
307.795
307.974
307.932
307.793
307.769
307.95
307.819
307.756
307.837
307.911
307.645
307.33
307.269
307.444
307.068
307.447
307.549
307.575
307.722
307.594
307.422
307.574
307.293
307.257
307.414
307.093
307.433
307.267
307.119
307.405
307.734
307.605
307.597
307.33
307.268
307.444
307.068
307.447
307.549
307.575
307.722
307.594
307.421
307.574
307.293
307.257
307.413
307.093
307.433
307.267
307.119
307.405
307.733
307.605
307.597
306.799
307.085
306.977
306.977
306.793
307.074
306.912
306.912
306.752
306.937
306.937
307.7
307.837
307.827
307.827
307.768
307.768
307.76
307.878
307.896
307.886
308.008
307.827
307.949
307.937
307.878
307.896
307.886
308.008
307.827
307.949
307.937
307.7
307.837
307.827
307.827
307.768
307.768
307.76
307.878
307.896
307.886
308.008
307.827
307.949
307.937
307.878
307.896
308.008
307.886
307.949
307.827
307.937
308.063
307.957
308.069
308.069
308.123
308.01
308.01
308.063
307.957
308.069
308.069
308.01
308.01
308.123
308.063
307.957
308.069
308.069
308.01
308.01
308.123
308.063
307.957
308.069
308.069
308.01
308.01
308.123
307.878
307.896
307.886
308.008
307.937
307.827
307.949
307.878
307.896
308.008
307.886
307.949
307.827
307.937
307.7
307.837
307.827
307.827
307.768
307.768
307.76
307.878
307.896
308.008
307.886
307.937
307.949
307.827
307.878
307.896
308.008
307.886
307.949
307.827
307.937
307.7
307.837
307.827
307.827
307.76
307.768
307.768
306.183
306.398
306.353
306.353
306.25
306.287
306.287
306.881
307.002
307.06
307.064
307.001
306.937
306.945
306.486
306.501
306.453
306.663
306.388
306.6
306.55
306.881
307.002
307.06
307.064
307.002
306.938
306.945
306.486
306.501
306.454
306.663
306.389
306.6
306.551
307.233
307.355
307.179
307.181
307.12
307.295
307.294
307.233
307.355
307.179
307.181
307.12
307.295
307.294
306.812
306.607
306.77
306.77
306.708
306.708
306.873
307.03
307.052
307.111
307.218
307.095
306.988
307.155
307.15
307.284
307.221
307.34
307.215
307.156
307.278
307.03
307.052
307.111
307.218
307.155
306.988
307.095
307.15
307.284
307.221
307.34
307.156
307.278
307.215
307.395
307.409
307.232
307.338
307.348
307.277
307.455
308.021
308.153
308.101
308.087
308.028
308.094
308.08
307.523
307.409
307.464
307.59
307.403
307.53
307.584
307.395
307.409
307.232
307.338
307.277
307.348
307.455
308.021
308.153
308.101
308.087
308.028
308.094
308.08
307.523
307.409
307.464
307.59
307.403
307.53
307.584
306.881
307.002
307.06
307.064
306.945
306.937
307.001
306.486
306.501
306.453
306.663
306.55
306.388
306.6
306.183
306.398
306.353
306.353
306.287
306.287
306.25
307.233
307.355
307.179
307.181
307.295
307.12
307.294
307.233
307.355
307.179
307.181
307.12
307.295
307.294
306.812
306.607
306.77
306.77
306.708
306.708
306.873
306.881
307.002
307.06
307.064
307.002
306.938
306.945
306.486
306.501
306.454
306.663
306.389
306.6
306.551
307.03
307.052
307.111
307.218
307.095
306.988
307.155
307.15
307.284
307.34
307.221
307.215
307.278
307.156
307.395
307.409
307.232
307.338
307.348
307.277
307.455
308.021
308.153
308.101
308.087
308.028
308.094
308.08
307.523
307.409
307.464
307.591
307.403
307.53
307.584
307.03
307.052
307.111
307.218
307.155
306.988
307.095
307.15
307.284
307.221
307.34
307.156
307.278
307.215
308.021
308.153
308.101
308.087
308.028
308.094
308.08
307.395
307.409
307.232
307.338
307.277
307.348
307.455
307.523
307.409
307.591
307.464
307.53
307.403
307.584
308.212
308.216
308.164
308.279
308.271
308.157
308.219
308.212
308.216
308.164
308.279
308.271
308.157
308.219
308.366
308.381
308.433
308.433
308.425
308.373
308.373
308.212
308.216
308.164
308.279
308.157
308.219
308.271
308.212
308.216
308.164
308.279
308.219
308.157
308.271
308.366
308.381
308.433
308.433
308.373
308.373
308.425
308.212
308.216
308.164
308.279
308.157
308.219
308.271
308.212
308.216
308.164
308.279
308.219
308.157
308.271
308.366
308.381
308.433
308.433
308.373
308.373
308.425
308.212
308.216
308.164
308.279
308.219
308.157
308.271
308.212
308.216
308.164
308.279
308.219
308.157
308.271
308.366
308.381
308.433
308.433
308.373
308.373
308.425
307.395
307.409
307.232
307.338
307.455
307.348
307.277
308.021
308.153
308.101
308.087
308.08
308.094
308.028
307.523
307.409
307.464
307.591
307.584
307.403
307.53
307.03
307.052
307.111
307.218
306.988
307.155
307.095
307.15
307.284
307.34
307.221
307.278
307.156
307.215
308.021
308.153
308.101
308.087
308.094
308.028
308.08
307.395
307.409
307.232
307.338
307.277
307.348
307.455
307.523
307.409
307.591
307.464
307.53
307.403
307.584
307.03
307.052
307.111
307.218
307.155
306.988
307.095
307.15
307.284
307.221
307.34
307.156
307.278
307.215
306.881
307.002
307.06
307.064
306.945
306.938
307.002
306.486
306.501
306.663
306.454
306.551
306.6
306.388
307.233
307.355
307.179
307.181
307.295
307.12
307.294
307.233
307.355
307.179
307.181
307.12
307.295
307.294
306.812
306.607
306.77
306.77
306.708
306.708
306.873
306.183
306.398
306.353
306.353
306.287
306.287
306.25
306.881
307.002
307.06
307.064
307.002
306.938
306.945
306.486
306.501
306.663
306.454
306.6
306.389
306.551
308.021
308.153
308.101
308.087
308.08
308.094
308.028
307.395
307.409
307.232
307.338
307.455
307.348
307.277
307.523
307.409
307.59
307.464
307.584
307.53
307.403
308.021
308.153
308.101
308.087
308.094
308.028
308.08
307.395
307.409
307.232
307.338
307.277
307.348
307.455
307.523
307.409
307.59
307.464
307.53
307.403
307.584
307.03
307.052
307.111
307.218
306.988
307.155
307.095
307.15
307.284
307.34
307.221
307.278
307.156
307.215
307.03
307.052
307.111
307.218
307.155
306.988
307.095
307.15
307.284
307.34
307.221
307.278
307.156
307.215
307.233
307.355
307.179
307.181
307.294
307.295
307.12
307.233
307.355
307.179
307.181
307.294
307.295
307.12
306.812
306.607
306.77
306.77
306.873
306.708
306.708
306.881
307.002
307.06
307.064
306.938
307.002
306.945
306.486
306.501
306.663
306.454
306.6
306.389
306.551
306.881
307.002
307.06
307.064
306.937
307.001
306.945
306.486
306.501
306.663
306.453
306.6
306.388
306.551
306.183
306.398
306.353
306.353
306.287
306.287
306.25
307.623
307.749
307.603
307.597
307.69
307.683
307.538
307.623
307.749
307.603
307.597
307.69
307.683
307.538
307.548
307.381
307.523
307.523
307.608
307.464
307.464
307.799
307.807
307.66
307.769
307.748
307.858
307.709
307.922
308.052
308.029
308.017
307.993
307.981
307.958
307.841
307.786
307.811
307.936
307.901
307.751
307.876
307.799
307.807
307.66
307.769
307.748
307.858
307.709
307.922
308.052
308.029
308.017
307.993
307.981
307.958
307.841
307.786
307.811
307.936
307.901
307.751
307.876
307.623
307.749
307.603
307.597
307.69
307.683
307.538
307.623
307.749
307.603
307.597
307.69
307.683
307.538
307.548
307.381
307.523
307.523
307.608
307.464
307.464
307.799
307.807
307.66
307.769
307.748
307.858
307.709
307.922
308.052
308.029
308.017
307.993
307.981
307.958
307.841
307.786
307.811
307.936
307.901
307.751
307.876
307.922
308.052
308.029
308.017
307.993
307.981
307.958
307.799
307.807
307.66
307.769
307.748
307.858
307.709
307.841
307.786
307.936
307.811
307.901
307.876
307.751
308.108
308.114
308.205
308.092
308.168
308.055
308.146
308.108
308.114
308.205
308.092
308.168
308.055
308.146
308.154
308.23
308.252
308.252
308.214
308.192
308.192
308.108
308.114
308.092
308.205
308.055
308.168
308.146
308.108
308.114
308.092
308.205
308.055
308.168
308.146
308.154
308.23
308.252
308.252
308.214
308.192
308.192
308.108
308.114
308.092
308.205
308.055
308.168
308.146
308.108
308.114
308.092
308.205
308.055
308.168
308.146
308.154
308.23
308.252
308.252
308.214
308.192
308.192
308.108
308.114
308.092
308.205
308.055
308.168
308.146
308.108
308.114
308.092
308.205
308.055
308.168
308.146
308.154
308.23
308.252
308.252
308.214
308.192
308.192
307.799
307.807
307.769
307.66
307.858
307.748
307.709
307.922
308.052
308.017
308.029
307.981
307.993
307.958
307.841
307.786
307.811
307.936
307.901
307.751
307.876
307.922
308.052
308.029
308.017
307.993
307.981
307.958
307.799
307.807
307.66
307.769
307.748
307.858
307.709
307.841
307.786
307.936
307.811
307.901
307.876
307.751
307.623
307.749
307.603
307.597
307.69
307.683
307.538
307.623
307.749
307.603
307.597
307.69
307.683
307.538
307.548
307.381
307.523
307.523
307.608
307.464
307.464
307.922
308.052
308.017
308.029
307.981
307.993
307.958
307.799
307.807
307.769
307.66
307.858
307.748
307.709
307.841
307.786
307.936
307.811
307.901
307.876
307.751
307.922
308.052
308.029
308.017
307.993
307.981
307.958
307.799
307.807
307.66
307.769
307.748
307.858
307.709
307.841
307.786
307.936
307.811
307.901
307.876
307.751
307.623
307.749
307.597
307.603
307.683
307.69
307.538
307.623
307.749
307.597
307.603
307.683
307.69
307.538
307.548
307.381
307.523
307.523
307.608
307.464
307.464
306.43
306.316
306.316
306.304
306.375
306.376
306.376
306.482
306.365
306.483
306.483
306.43
306.43
306.531
306.256
306.091
306.254
306.254
306.317
306.187
306.187
306.193
306.01
306.044
306.044
306.118
306.118
306.126
306.876
306.833
306.833
306.803
306.871
306.837
306.837
306.941
306.896
307.007
306.979
306.937
306.9
307.013
306.941
306.896
307.007
306.979
306.937
306.9
307.013
306.854
306.783
306.827
306.827
306.864
306.819
306.819
306.841
306.769
306.789
306.79
306.806
306.806
306.825
307.842
307.797
307.82
307.783
307.837
307.801
307.825
307.854
307.809
307.855
307.819
307.85
307.813
307.86
307.771
307.725
307.794
307.759
307.799
307.766
307.729
307.732
307.689
307.687
307.649
307.726
307.693
307.691
307.29
307.245
307.361
307.333
307.287
307.25
307.367
307.197
307.16
307.11
307.072
307.191
307.163
307.113
307.516
307.477
307.447
307.409
307.45
307.511
307.48
307.585
307.539
307.632
307.6
307.581
307.543
307.638
307.842
307.82
307.797
307.783
307.837
307.825
307.801
307.854
307.809
307.855
307.819
307.85
307.813
307.86
307.771
307.725
307.794
307.759
307.799
307.767
307.729
307.732
307.689
307.687
307.649
307.726
307.693
307.691
307.29
307.362
307.245
307.333
307.287
307.367
307.25
307.197
307.161
307.11
307.072
307.191
307.163
307.113
307.516
307.477
307.447
307.409
307.451
307.511
307.48
307.585
307.539
307.632
307.6
307.581
307.543
307.638
306.073
306.238
306.069
306.091
306.142
305.993
306.171
306.073
306.238
306.069
306.092
306.142
305.993
306.171
305.985
305.728
305.969
305.969
306.057
305.889
305.889
306.76
306.883
306.732
306.752
306.677
306.816
306.827
306.817
306.999
306.863
306.809
306.745
306.936
306.881
306.697
306.545
306.69
306.694
306.614
306.627
306.764
306.368
306.338
306.191
306.363
306.271
306.288
306.435
306.579
306.756
306.781
306.73
306.665
306.693
306.644
306.463
306.468
306.457
306.616
306.383
306.549
306.53
306.76
306.883
306.732
306.752
306.677
306.816
306.828
306.817
306.999
306.863
306.81
306.745
306.936
306.881
306.698
306.546
306.691
306.694
306.615
306.627
306.765
306.369
306.338
306.191
306.364
306.271
306.288
306.436
306.579
306.756
306.781
306.73
306.666
306.693
306.644
306.464
306.469
306.458
306.617
306.383
306.55
306.531
307.342
307.464
307.507
307.503
307.443
307.404
307.401
307.165
307.114
306.977
307.148
307.053
307.087
307.225
307.27
307.289
307.43
307.251
307.37
307.191
307.33
307.342
307.464
307.507
307.503
307.443
307.404
307.401
307.165
307.114
306.977
307.148
307.053
307.087
307.225
307.27
307.289
307.43
307.251
307.37
307.191
307.33
306.909
306.865
306.893
307.062
306.803
307.001
306.97
306.909
306.865
306.893
307.062
306.803
307.001
306.97
307.009
307.2
307.164
307.164
307.103
307.103
307.07
306.906
306.932
306.898
306.78
306.821
306.974
306.864
307.067
307.255
307.161
307.223
307.131
307.097
307.192
306.942
306.885
306.933
307.039
306.856
307.01
306.972
307.024
307.098
307.014
306.943
307.092
306.937
307.03
307.139
307.328
307.186
307.247
307.203
307.121
307.266
307.012
306.909
307.002
307.063
307.08
306.926
306.995
306.906
306.932
306.78
306.898
306.821
306.864
306.974
307.067
307.255
307.223
307.161
307.097
307.192
307.131
306.942
306.885
306.933
307.039
306.856
306.972
307.01
307.024
307.098
306.943
307.014
307.03
306.937
307.092
307.139
307.328
307.247
307.186
307.121
307.266
307.203
307.012
306.909
307.002
307.063
306.926
306.995
307.08
307.505
307.518
307.562
307.671
307.611
307.458
307.565
307.434
307.376
307.346
307.527
307.315
307.466
307.494
307.546
307.686
307.712
307.639
307.652
307.579
307.606
308.007
308.139
308.058
308.045
307.986
308.079
308.066
307.939
308.005
307.854
307.907
307.847
307.946
307.998
307.925
307.813
307.964
307.893
307.904
307.833
307.985
307.511
307.452
307.372
307.552
307.39
307.491
307.571
307.638
307.704
307.753
307.806
307.746
307.644
307.698
307.624
307.712
307.665
307.792
307.605
307.732
307.685
307.505
307.518
307.562
307.671
307.611
307.458
307.565
307.434
307.376
307.346
307.527
307.315
307.466
307.494
307.546
307.686
307.712
307.639
307.652
307.579
307.606
308.007
308.139
308.058
308.045
307.986
308.079
308.066
307.939
308.005
307.854
307.907
307.946
307.847
307.998
307.925
307.813
307.964
307.893
307.904
307.833
307.985
307.511
307.452
307.372
307.552
307.39
307.491
307.571
307.638
307.704
307.753
307.806
307.644
307.746
307.698
307.624
307.712
307.665
307.792
307.605
307.732
307.685
306.76
306.883
306.752
306.732
306.677
306.827
306.816
306.817
306.999
306.809
306.863
306.881
306.745
306.936
306.697
306.545
306.69
306.694
306.614
306.764
306.627
306.368
306.338
306.363
306.191
306.435
306.288
306.271
306.579
306.756
306.73
306.781
306.644
306.665
306.693
306.463
306.468
306.457
306.616
306.53
306.383
306.549
306.073
306.238
306.091
306.069
306.171
305.993
306.142
306.073
306.238
306.092
306.069
305.993
306.171
306.142
305.985
305.728
305.969
305.969
305.889
305.889
306.057
307.342
307.464
307.507
307.503
307.443
307.404
307.401
307.165
307.114
306.977
307.148
307.053
307.087
307.225
307.27
307.289
307.43
307.251
307.37
307.191
307.33
307.342
307.464
307.507
307.503
307.443
307.404
307.401
307.165
307.114
306.977
307.148
307.087
307.053
307.225
307.27
307.289
307.43
307.251
307.37
307.191
307.33
306.909
306.865
306.893
307.062
306.803
307.001
306.97
306.909
306.865
306.893
307.062
307.001
306.803
306.97
307.009
307.2
307.164
307.164
307.103
307.103
307.07
306.76
306.883
306.732
306.752
306.677
306.816
306.828
306.817
306.999
306.863
306.81
306.936
306.745
306.881
306.698
306.546
306.691
306.694
306.615
306.627
306.765
306.369
306.338
306.191
306.364
306.271
306.288
306.436
306.579
306.756
306.781
306.73
306.693
306.666
306.644
306.464
306.469
306.458
306.617
306.383
306.55
306.531
306.907
306.932
306.898
306.78
306.821
306.974
306.865
307.067
307.255
307.161
307.223
307.131
307.097
307.192
306.942
306.885
306.933
307.039
306.856
307.01
306.972
307.139
307.328
307.186
307.247
307.203
307.121
307.266
307.024
307.098
307.014
306.943
307.092
306.937
307.03
307.012
306.909
307.063
307.002
307.08
306.995
306.926
307.505
307.518
307.562
307.671
307.611
307.458
307.565
307.434
307.377
307.346
307.527
307.315
307.466
307.494
307.546
307.686
307.712
307.639
307.652
307.579
307.606
308.007
308.139
308.058
308.045
307.986
308.079
308.066
307.939
308.005
307.854
307.907
307.847
307.946
307.998
307.925
307.813
307.964
307.893
307.904
307.834
307.985
307.511
307.452
307.372
307.552
307.39
307.492
307.572
307.638
307.704
307.753
307.806
307.746
307.644
307.698
307.624
307.713
307.665
307.792
307.605
307.732
307.685
306.907
306.932
306.78
306.898
306.821
306.865
306.974
307.067
307.255
307.223
307.161
307.097
307.192
307.131
306.942
306.885
306.933
307.039
306.856
306.972
307.01
307.024
307.098
306.943
307.014
307.03
306.937
307.092
307.139
307.328
307.247
307.186
307.121
307.266
307.203
307.012
306.909
307.002
307.063
306.926
306.995
307.08
308.007
308.139
308.058
308.045
307.986
308.079
308.066
307.939
308.005
307.854
307.907
307.946
307.847
307.998
307.925
307.813
307.964
307.893
307.904
307.834
307.985
307.505
307.518
307.562
307.671
307.611
307.458
307.565
307.434
307.377
307.346
307.527
307.315
307.466
307.494
307.546
307.686
307.712
307.639
307.652
307.579
307.606
307.638
307.704
307.753
307.806
307.644
307.746
307.698
307.511
307.452
307.372
307.552
307.39
307.492
307.571
307.624
307.712
307.792
307.665
307.732
307.605
307.685
308.197
308.202
308.235
308.121
308.175
308.257
308.142
308.259
308.326
308.357
308.305
308.318
308.297
308.266
308.244
308.26
308.281
308.342
308.222
308.303
308.282
308.197
308.202
308.235
308.121
308.175
308.257
308.142
308.259
308.326
308.357
308.305
308.318
308.297
308.266
308.244
308.26
308.281
308.342
308.222
308.303
308.282
308.35
308.417
308.387
308.335
308.41
308.328
308.358
308.35
308.417
308.387
308.335
308.41
308.328
308.358
308.335
308.29
308.372
308.372
308.395
308.313
308.313
308.197
308.202
308.121
308.235
308.175
308.142
308.257
308.259
308.326
308.305
308.357
308.266
308.297
308.318
308.244
308.26
308.281
308.342
308.222
308.282
308.303
308.197
308.202
308.121
308.235
308.175
308.142
308.257
308.259
308.326
308.305
308.357
308.297
308.266
308.318
308.244
308.26
308.281
308.342
308.222
308.282
308.303
308.35
308.417
308.335
308.387
308.358
308.328
308.41
308.35
308.417
308.335
308.387
308.328
308.358
308.41
308.335
308.29
308.372
308.372
308.313
308.313
308.395
308.197
308.202
308.121
308.235
308.175
308.142
308.257
308.259
308.326
308.305
308.357
308.266
308.297
308.318
308.244
308.26
308.281
308.342
308.222
308.282
308.303
308.197
308.202
308.121
308.235
308.175
308.142
308.257
308.259
308.326
308.305
308.357
308.297
308.266
308.318
308.244
308.26
308.281
308.342
308.222
308.282
308.303
308.35
308.417
308.335
308.387
308.358
308.328
308.41
308.35
308.417
308.335
308.387
308.328
308.358
308.41
308.335
308.29
308.372
308.372
308.313
308.313
308.395
308.197
308.202
308.121
308.235
308.175
308.142
308.257
308.259
308.326
308.305
308.357
308.266
308.297
308.318
308.244
308.26
308.281
308.342
308.222
308.282
308.303
308.197
308.202
308.121
308.235
308.175
308.142
308.257
308.259
308.326
308.305
308.357
308.266
308.297
308.318
308.244
308.26
308.281
308.342
308.222
308.282
308.303
308.35
308.417
308.335
308.387
308.358
308.328
308.41
308.35
308.417
308.335
308.387
308.358
308.328
308.41
308.335
308.29
308.372
308.372
308.313
308.313
308.395
307.505
307.518
307.671
307.562
307.611
307.565
307.458
307.434
307.377
307.527
307.346
307.494
307.466
307.315
307.546
307.686
307.712
307.639
307.652
307.606
307.579
308.007
308.139
308.045
308.058
307.986
308.066
308.079
307.939
308.005
307.907
307.854
307.998
307.847
307.946
307.925
307.813
307.964
307.893
307.904
307.985
307.834
307.511
307.452
307.552
307.372
307.572
307.492
307.39
307.638
307.704
307.806
307.753
307.698
307.746
307.644
307.624
307.713
307.665
307.792
307.685
307.605
307.732
306.907
306.932
306.78
306.898
306.821
306.865
306.974
307.067
307.255
307.223
307.161
307.192
307.097
307.131
306.942
306.885
306.933
307.039
306.856
306.972
307.01
307.139
307.328
307.247
307.186
307.266
307.121
307.203
307.024
307.098
306.943
307.014
306.937
307.03
307.092
307.012
306.909
307.063
307.002
306.995
306.926
307.08
308.007
308.139
308.058
308.045
307.986
308.079
308.066
307.939
308.005
307.854
307.907
307.946
307.847
307.998
307.925
307.813
307.964
307.893
307.904
307.834
307.985
307.505
307.518
307.562
307.671
307.611
307.458
307.565
307.434
307.377
307.346
307.527
307.466
307.315
307.494
307.546
307.686
307.712
307.639
307.652
307.579
307.606
307.638
307.704
307.753
307.806
307.644
307.746
307.698
307.511
307.452
307.372
307.552
307.492
307.39
307.572
307.624
307.713
307.792
307.665
307.732
307.605
307.685
306.907
306.932
306.78
306.898
306.821
306.865
306.974
307.067
307.255
307.223
307.161
307.192
307.097
307.131
306.942
306.885
306.933
307.039
306.856
306.972
307.01
307.024
307.098
306.943
307.014
307.03
306.937
307.092
307.139
307.328
307.247
307.186
307.266
307.121
307.203
307.012
306.909
307.002
307.063
306.926
306.995
307.08
306.76
306.883
306.752
306.732
306.677
306.827
306.816
306.817
306.999
306.81
306.863
306.881
306.745
306.936
306.697
306.545
306.691
306.694
306.615
306.764
306.627
306.579
306.756
306.73
306.781
306.644
306.666
306.693
306.368
306.338
306.364
306.191
306.435
306.288
306.271
306.463
306.469
306.616
306.458
306.53
306.549
306.383
307.342
307.464
307.507
307.503
307.443
307.404
307.401
307.165
307.114
306.977
307.148
307.053
307.087
307.225
307.27
307.289
307.43
307.251
307.37
307.191
307.33
307.342
307.464
307.507
307.503
307.443
307.404
307.401
307.165
307.114
306.977
307.148
307.087
307.053
307.225
307.27
307.289
307.43
307.251
307.37
307.191
307.33
306.909
306.865
306.893
307.062
306.803
307.001
306.97
306.909
306.865
306.893
307.062
307.001
306.803
306.97
307.009
307.2
307.164
307.164
307.103
307.103
307.07
306.073
306.238
306.092
306.069
306.171
305.993
306.142
306.073
306.238
306.092
306.069
305.993
306.171
306.142
305.985
305.728
305.969
305.969
305.889
305.889
306.057
306.76
306.883
306.732
306.752
306.677
306.816
306.827
306.817
306.999
306.863
306.81
306.936
306.745
306.881
306.697
306.545
306.691
306.694
306.615
306.627
306.764
306.579
306.756
306.781
306.73
306.693
306.666
306.644
306.368
306.338
306.191
306.364
306.271
306.288
306.435
306.463
306.469
306.616
306.458
306.549
306.383
306.53
308.007
308.139
308.045
308.058
307.986
308.066
308.079
307.939
308.005
307.907
307.854
307.998
307.847
307.946
307.925
307.813
307.964
307.893
307.904
307.985
307.833
307.505
307.518
307.671
307.562
307.611
307.565
307.458
307.434
307.377
307.527
307.346
307.494
307.466
307.315
307.546
307.686
307.712
307.639
307.652
307.606
307.579
307.638
307.704
307.806
307.753
307.698
307.746
307.644
307.511
307.452
307.552
307.372
307.571
307.491
307.39
307.624
307.712
307.792
307.665
307.685
307.732
307.605
308.007
308.139
308.058
308.045
307.986
308.079
308.066
307.939
308.005
307.854
307.907
307.946
307.847
307.998
307.925
307.813
307.964
307.893
307.904
307.833
307.985
307.505
307.518
307.562
307.671
307.611
307.458
307.565
307.434
307.377
307.346
307.527
307.466
307.315
307.494
307.546
307.686
307.712
307.639
307.652
307.579
307.606
307.638
307.704
307.753
307.806
307.644
307.746
307.698
307.511
307.452
307.372
307.552
307.491
307.39
307.571
307.624
307.712
307.792
307.665
307.732
307.605
307.685
306.907
306.932
306.78
306.898
306.821
306.865
306.974
307.067
307.255
307.223
307.161
307.192
307.097
307.131
306.942
306.885
306.933
307.039
306.856
306.972
307.01
307.139
307.328
307.247
307.186
307.266
307.121
307.203
307.024
307.098
306.943
307.014
306.937
307.03
307.092
307.012
306.909
307.063
307.002
306.995
306.926
307.08
306.906
306.932
306.78
306.898
306.821
306.864
306.974
307.067
307.255
307.223
307.161
307.192
307.097
307.131
306.942
306.885
306.933
307.039
306.856
306.972
307.01
307.139
307.328
307.247
307.186
307.266
307.121
307.203
307.024
307.098
306.943
307.014
307.03
306.937
307.092
307.012
306.909
307.063
307.002
306.995
306.926
307.08
307.342
307.464
307.503
307.507
307.443
307.401
307.404
307.165
307.114
307.148
306.977
307.225
307.087
307.053
307.27
307.289
307.43
307.251
307.37
307.33
307.191
307.342
307.464
307.503
307.507
307.443
307.401
307.404
307.165
307.114
307.148
306.977
307.225
307.087
307.053
307.27
307.289
307.43
307.251
307.37
307.33
307.191
306.909
306.865
307.062
306.893
306.97
307.001
306.803
306.909
306.865
307.062
306.893
306.97
307.001
306.803
307.009
307.2
307.164
307.164
307.07
307.103
307.103
306.76
306.883
306.732
306.752
306.677
306.816
306.828
306.817
306.999
306.863
306.81
306.936
306.745
306.881
306.698
306.546
306.691
306.694
306.615
306.627
306.765
306.579
306.756
306.781
306.73
306.693
306.666
306.644
306.369
306.338
306.191
306.364
306.288
306.271
306.436
306.464
306.469
306.617
306.458
306.55
306.383
306.531
306.76
306.883
306.732
306.752
306.677
306.816
306.827
306.817
306.999
306.863
306.81
306.936
306.745
306.881
306.697
306.545
306.69
306.694
306.614
306.627
306.764
306.579
306.756
306.781
306.73
306.693
306.665
306.644
306.368
306.338
306.191
306.363
306.288
306.271
306.435
306.463
306.468
306.616
306.457
306.549
306.383
306.53
306.073
306.238
306.092
306.069
306.171
305.993
306.142
306.073
306.238
306.091
306.069
306.171
305.993
306.142
305.985
305.728
305.969
305.969
305.889
305.889
306.057
306.658
306.568
306.655
306.655
306.617
306.617
306.694
306.619
306.524
306.531
306.531
306.576
306.576
306.576
306.756
306.677
306.688
306.688
306.727
306.719
306.719
306.782
306.706
306.77
306.77
306.805
306.746
306.746
306.43
306.316
306.316
306.304
306.375
306.376
306.376
306.482
306.365
306.483
306.483
306.43
306.43
306.531
306.256
306.254
306.091
306.254
306.317
306.187
306.187
306.193
306.01
306.044
306.044
306.126
306.118
306.118
306.658
306.568
306.655
306.655
306.617
306.617
306.694
306.619
306.524
306.531
306.531
306.576
306.576
306.576
306.756
306.688
306.688
306.677
306.727
306.719
306.719
306.782
306.706
306.77
306.77
306.746
306.746
306.805
306.43
306.316
306.316
306.304
306.375
306.376
306.376
306.482
306.365
306.483
306.483
306.43
306.43
306.531
306.256
306.254
306.091
306.254
306.317
306.187
306.187
306.193
306.01
306.044
306.044
306.126
306.118
306.118
306.658
306.568
306.655
306.655
306.617
306.617
306.694
306.619
306.524
306.531
306.531
306.576
306.576
306.576
306.756
306.688
306.688
306.677
306.727
306.719
306.719
306.782
306.706
306.77
306.77
306.746
306.746
306.805
306.43
306.316
306.316
306.304
306.375
306.376
306.376
306.482
306.365
306.483
306.483
306.43
306.43
306.531
306.256
306.091
306.254
306.254
306.317
306.187
306.187
306.193
306.01
306.044
306.044
306.126
306.118
306.118
306.658
306.568
306.655
306.655
306.617
306.617
306.694
306.619
306.524
306.531
306.531
306.576
306.576
306.576
306.756
306.688
306.688
306.677
306.727
306.719
306.719
306.782
306.706
306.77
306.77
306.746
306.746
306.805
307.29
307.245
307.361
307.333
307.287
307.25
307.367
307.197
307.16
307.11
307.072
307.113
307.191
307.163
307.516
307.477
307.447
307.409
307.45
307.511
307.48
307.585
307.539
307.632
307.6
307.638
307.581
307.543
307.291
307.246
307.362
307.333
307.287
307.25
307.367
307.197
307.161
307.11
307.073
307.113
307.191
307.163
307.517
307.477
307.447
307.409
307.451
307.511
307.48
307.585
307.539
307.632
307.6
307.638
307.581
307.543
307.842
307.797
307.82
307.783
307.837
307.801
307.825
307.854
307.809
307.855
307.819
307.86
307.85
307.813
307.771
307.725
307.794
307.759
307.799
307.766
307.729
307.732
307.689
307.687
307.649
307.691
307.726
307.693
306.876
306.833
306.833
306.803
306.871
306.837
306.837
306.941
306.896
307.007
306.979
307.013
306.937
306.9
306.941
306.896
307.007
306.979
306.937
306.9
307.013
306.854
306.827
306.783
306.827
306.864
306.819
306.819
306.841
306.769
306.789
306.79
306.825
306.806
306.806
307.291
307.246
307.362
307.333
307.287
307.25
307.367
307.197
307.161
307.11
307.073
307.113
307.191
307.163
307.517
307.447
307.409
307.477
307.451
307.511
307.48
307.585
307.539
307.632
307.6
307.581
307.543
307.638
307.842
307.797
307.82
307.783
307.837
307.801
307.825
307.854
307.809
307.855
307.819
307.86
307.85
307.813
307.771
307.725
307.794
307.759
307.799
307.766
307.729
307.732
307.689
307.687
307.649
307.691
307.726
307.693
307.842
307.82
307.797
307.783
307.837
307.825
307.801
307.854
307.809
307.855
307.819
307.85
307.813
307.86
307.771
307.794
307.725
307.759
307.799
307.767
307.729
307.732
307.689
307.687
307.649
307.691
307.726
307.693
307.842
307.797
307.82
307.783
307.837
307.801
307.825
307.854
307.809
307.855
307.819
307.86
307.85
307.813
307.771
307.794
307.759
307.725
307.799
307.767
307.729
307.732
307.689
307.687
307.649
307.726
307.693
307.691
306.876
306.833
306.833
306.803
306.871
306.837
306.837
306.941
306.896
307.007
306.979
307.013
306.937
306.9
306.941
306.896
307.007
306.979
306.937
306.9
307.013
306.854
306.827
306.783
306.827
306.864
306.819
306.819
306.841
306.769
306.79
306.79
306.825
306.806
306.806
307.29
307.362
307.246
307.333
307.287
307.367
307.25
307.197
307.161
307.11
307.072
307.113
307.191
307.163
307.516
307.447
307.409
307.477
307.451
307.511
307.48
307.585
307.539
307.632
307.6
307.581
307.543
307.638
307.842
307.82
307.797
307.783
307.837
307.825
307.801
307.854
307.809
307.855
307.819
307.85
307.813
307.86
307.771
307.794
307.725
307.759
307.799
307.766
307.729
307.732
307.689
307.687
307.649
307.691
307.726
307.693
307.842
307.82
307.797
307.783
307.837
307.825
307.801
307.854
307.809
307.855
307.819
307.86
307.85
307.813
307.771
307.794
307.759
307.725
307.799
307.766
307.729
307.732
307.689
307.687
307.649
307.726
307.693
307.691
307.291
307.362
307.246
307.333
307.287
307.367
307.25
307.197
307.161
307.11
307.072
307.191
307.163
307.113
307.517
307.447
307.477
307.409
307.451
307.511
307.48
307.585
307.539
307.632
307.6
307.638
307.581
307.543
307.29
307.361
307.245
307.333
307.287
307.367
307.25
307.197
307.16
307.11
307.072
307.191
307.163
307.113
307.516
307.447
307.477
307.409
307.45
307.511
307.48
307.585
307.539
307.632
307.6
307.638
307.581
307.543
306.876
306.833
306.833
306.803
306.871
306.837
306.837
306.941
306.896
307.007
306.979
307.013
306.937
306.9
306.941
306.896
307.007
306.979
307.013
306.937
306.9
306.854
306.783
306.827
306.827
306.864
306.819
306.819
306.841
306.769
306.79
306.789
306.825
306.806
306.806
308.889
308.647
308.869
308.869
308.766
308.766
308.992
308.889
308.647
308.869
308.869
308.766
308.766
308.992
308.889
308.647
308.869
308.869
308.766
308.766
308.992
308.889
308.647
308.869
308.869
308.766
308.766
308.992
)
;

boundaryField
{
    chip
    {
        type            zeroGradient;
    }
    chip_to_dbc_cu_top
    {
        type            compressible::turbulentTemperatureRadCoupledMixed;
        refValue        nonuniform List<scalar> 
1600
(
305.395
305.532
305.463
305.463
305.569
305.589
305.519
305.64
305.569
305.589
305.519
305.64
305.395
305.532
305.463
305.463
305.569
305.589
305.519
305.64
305.569
305.589
305.64
305.519
305.751
305.648
305.699
305.699
305.751
305.648
305.699
305.699
305.751
305.648
305.699
305.699
305.751
305.648
305.699
305.699
305.569
305.589
305.519
305.64
305.569
305.589
305.64
305.519
305.395
305.532
305.463
305.463
305.569
305.589
305.64
305.519
305.569
305.589
305.64
305.519
305.395
305.532
305.463
305.463
303.587
303.915
303.746
303.746
304.382
304.637
304.581
304.436
303.975
304.037
303.864
304.155
304.382
304.638
304.581
304.436
303.975
304.037
303.864
304.155
304.878
304.793
304.735
304.938
304.878
304.793
304.735
304.938
304.421
304.171
304.293
304.293
304.521
304.684
304.481
304.725
304.632
304.847
304.638
304.841
304.521
304.684
304.725
304.481
304.632
304.847
304.638
304.841
305.033
304.842
304.989
304.885
305.708
305.788
305.715
305.781
305.157
305.01
305.005
305.163
305.033
304.842
304.885
304.989
305.708
305.788
305.715
305.781
305.157
305.01
305.005
305.163
304.382
304.637
304.436
304.581
303.975
304.037
303.864
304.155
303.587
303.915
303.746
303.746
304.878
304.793
304.938
304.735
304.878
304.793
304.735
304.938
304.421
304.171
304.293
304.293
304.382
304.638
304.581
304.436
303.975
304.037
303.864
304.155
304.521
304.684
304.481
304.725
304.632
304.847
304.841
304.638
305.033
304.842
304.989
304.885
305.708
305.788
305.715
305.781
305.157
305.01
305.005
305.163
304.521
304.684
304.725
304.481
304.632
304.847
304.638
304.841
305.708
305.788
305.715
305.781
305.033
304.842
304.885
304.989
305.157
305.01
305.163
305.005
305.896
305.85
305.843
305.903
305.896
305.85
305.843
305.903
306.046
306.061
306.054
306.054
305.896
305.85
305.843
305.903
305.896
305.85
305.903
305.843
306.046
306.061
306.054
306.054
305.896
305.85
305.843
305.903
305.896
305.85
305.903
305.843
306.046
306.061
306.054
306.054
305.896
305.85
305.903
305.843
305.896
305.85
305.903
305.843
306.046
306.061
306.054
306.054
305.033
304.842
304.989
304.885
305.708
305.788
305.781
305.715
305.157
305.01
305.005
305.163
304.521
304.684
304.481
304.725
304.632
304.847
304.841
304.638
305.708
305.788
305.781
305.715
305.033
304.842
304.885
304.989
305.157
305.01
305.163
305.005
304.521
304.684
304.725
304.481
304.632
304.847
304.638
304.841
304.382
304.638
304.436
304.581
303.975
304.037
304.155
303.864
304.878
304.793
304.938
304.735
304.878
304.793
304.735
304.938
304.421
304.171
304.293
304.293
303.587
303.915
303.746
303.746
304.382
304.638
304.581
304.436
303.975
304.037
304.155
303.864
305.708
305.788
305.781
305.715
305.033
304.842
304.989
304.885
305.157
305.01
305.163
305.005
305.708
305.788
305.781
305.715
305.033
304.842
304.885
304.989
305.157
305.01
305.163
305.005
304.521
304.684
304.481
304.725
304.632
304.847
304.841
304.638
304.521
304.684
304.725
304.481
304.632
304.847
304.841
304.638
304.878
304.793
304.938
304.735
304.878
304.793
304.938
304.735
304.421
304.171
304.293
304.293
304.382
304.638
304.436
304.581
303.975
304.037
304.155
303.864
304.382
304.637
304.436
304.581
303.975
304.037
304.155
303.864
303.587
303.915
303.746
303.746
305.237
305.062
305.148
305.148
305.315
305.29
305.382
305.225
305.315
305.29
305.382
305.225
305.528
305.467
305.434
305.562
305.487
305.345
305.438
305.393
305.612
305.719
305.684
305.647
305.528
305.467
305.434
305.562
305.487
305.345
305.438
305.393
305.612
305.719
305.684
305.647
305.237
305.062
305.148
305.148
305.315
305.29
305.382
305.225
305.315
305.29
305.382
305.225
305.528
305.467
305.434
305.562
305.487
305.345
305.438
305.393
305.612
305.719
305.684
305.647
305.528
305.467
305.562
305.434
305.612
305.719
305.684
305.647
305.487
305.345
305.438
305.393
305.841
305.915
305.878
305.878
305.796
305.779
305.743
305.832
305.796
305.779
305.743
305.832
305.841
305.915
305.878
305.878
305.796
305.779
305.743
305.832
305.796
305.779
305.743
305.832
305.841
305.915
305.878
305.878
305.796
305.779
305.743
305.832
305.796
305.779
305.743
305.832
305.841
305.915
305.878
305.878
305.796
305.779
305.743
305.832
305.796
305.779
305.743
305.832
305.528
305.467
305.434
305.562
305.487
305.345
305.438
305.393
305.612
305.719
305.684
305.647
305.528
305.467
305.562
305.434
305.612
305.719
305.684
305.647
305.487
305.345
305.438
305.393
305.237
305.062
305.148
305.148
305.315
305.29
305.382
305.225
305.315
305.29
305.382
305.225
305.528
305.467
305.562
305.434
305.612
305.719
305.684
305.647
305.487
305.345
305.438
305.393
305.528
305.467
305.562
305.434
305.612
305.719
305.684
305.647
305.487
305.345
305.438
305.393
305.237
305.062
305.148
305.148
305.315
305.29
305.382
305.225
305.315
305.29
305.382
305.225
303.214
302.758
302.945
302.945
303.387
303.245
303.123
303.536
303.387
303.245
303.123
303.536
304.082
303.703
303.761
304.013
304.14
303.866
303.822
304.193
304.319
304.44
304.248
304.515
303.851
303.625
303.551
303.939
303.756
303.363
303.649
303.453
304.079
304.36
304.17
304.264
304.082
303.703
303.761
304.013
304.14
303.866
303.822
304.193
304.319
304.44
304.248
304.515
303.851
303.625
303.552
303.939
303.756
303.363
303.649
303.453
304.079
304.36
304.17
304.264
304.936
304.965
305.05
304.854
305.009
305.189
305.125
305.072
304.808
304.59
304.667
304.728
304.936
304.965
305.05
304.854
305.01
305.189
305.125
305.072
304.808
304.59
304.667
304.728
304.658
304.873
304.764
304.764
304.536
304.504
304.405
304.639
304.536
304.504
304.405
304.639
304.306
304.001
303.978
304.333
304.274
303.912
303.944
304.235
304.555
304.79
304.583
304.761
304.37
304.023
304.036
304.354
304.38
304.052
304.047
304.385
304.621
304.812
304.605
304.83
304.306
304.001
303.978
304.333
304.274
303.912
303.944
304.235
304.555
304.79
304.583
304.761
304.37
304.023
304.036
304.354
304.38
304.052
304.385
304.047
304.621
304.812
304.605
304.83
305.208
305.362
305.329
305.24
305.169
305.242
305.289
305.123
305.071
304.951
304.922
305.102
305.609
305.494
305.589
305.513
305.694
305.747
305.674
305.767
305.623
305.533
305.526
305.629
305.284
305.387
305.265
305.406
305.145
304.975
304.993
305.126
305.296
305.426
305.419
305.302
305.208
305.362
305.329
305.24
305.169
305.242
305.289
305.123
305.071
304.951
304.922
305.102
305.609
305.494
305.589
305.513
305.694
305.747
305.674
305.767
305.623
305.533
305.629
305.526
305.284
305.387
305.265
305.406
305.145
304.975
304.993
305.126
305.296
305.426
305.302
305.419
304.082
303.703
303.761
304.013
304.14
303.866
303.822
304.193
304.319
304.44
304.248
304.515
303.851
303.625
303.551
303.939
303.756
303.363
303.453
303.649
304.079
304.36
304.17
304.264
303.214
302.758
302.945
302.945
303.387
303.245
303.536
303.123
303.387
303.245
303.123
303.536
304.936
304.965
305.05
304.854
305.009
305.189
305.125
305.072
304.808
304.59
304.667
304.728
304.936
304.965
305.05
304.854
305.01
305.189
305.125
305.072
304.808
304.59
304.728
304.667
304.658
304.873
304.764
304.764
304.536
304.504
304.405
304.639
304.536
304.504
304.639
304.405
304.082
303.703
303.761
304.013
304.14
303.866
303.822
304.193
304.319
304.44
304.515
304.248
303.851
303.625
303.552
303.939
303.756
303.363
303.649
303.453
304.079
304.36
304.264
304.17
304.306
304.001
303.978
304.333
304.274
303.912
303.944
304.236
304.555
304.79
304.583
304.761
304.37
304.023
304.354
304.036
304.621
304.812
304.605
304.83
304.38
304.052
304.047
304.385
305.208
305.362
305.329
305.24
305.169
305.242
305.289
305.123
305.071
304.951
304.922
305.102
305.609
305.494
305.589
305.513
305.694
305.747
305.674
305.767
305.623
305.533
305.526
305.629
305.284
305.387
305.265
305.406
305.145
304.975
304.993
305.126
305.296
305.426
305.419
305.302
304.306
304.001
303.978
304.333
304.274
303.912
303.944
304.236
304.555
304.79
304.583
304.761
304.37
304.023
304.036
304.354
304.38
304.052
304.385
304.047
304.621
304.812
304.605
304.83
305.609
305.494
305.589
305.513
305.694
305.747
305.674
305.767
305.623
305.533
305.629
305.526
305.208
305.362
305.329
305.24
305.169
305.242
305.289
305.123
305.071
304.951
304.922
305.102
305.284
305.387
305.406
305.265
305.296
305.426
305.302
305.419
305.145
304.975
304.993
305.126
305.928
305.943
305.906
305.965
305.882
305.807
305.861
305.828
305.942
305.987
305.98
305.949
305.928
305.943
305.906
305.965
305.882
305.807
305.861
305.828
305.942
305.987
305.98
305.949
306.017
305.973
305.995
305.995
306.031
306.017
306.009
306.039
306.031
306.017
306.009
306.039
305.928
305.943
305.906
305.965
305.882
305.807
305.861
305.828
305.942
305.987
305.949
305.98
305.928
305.943
305.906
305.965
305.882
305.807
305.861
305.828
305.942
305.987
305.98
305.949
306.017
305.973
305.995
305.995
306.031
306.017
306.039
306.009
306.031
306.017
306.009
306.039
305.928
305.943
305.906
305.965
305.882
305.807
305.861
305.828
305.942
305.987
305.949
305.98
305.928
305.943
305.906
305.965
305.882
305.807
305.861
305.828
305.942
305.987
305.98
305.949
306.017
305.973
305.995
305.995
306.031
306.017
306.039
306.009
306.031
306.017
306.009
306.039
305.928
305.943
305.906
305.965
305.882
305.807
305.861
305.828
305.942
305.987
305.949
305.98
305.928
305.943
305.906
305.965
305.882
305.807
305.861
305.828
305.942
305.987
305.949
305.98
306.017
305.973
305.995
305.995
306.031
306.017
306.039
306.009
306.031
306.017
306.039
306.009
305.208
305.362
305.329
305.24
305.169
305.242
305.289
305.123
305.071
304.951
305.102
304.922
305.609
305.494
305.589
305.513
305.694
305.747
305.674
305.767
305.623
305.533
305.526
305.63
305.284
305.387
305.265
305.406
305.145
304.975
305.126
304.993
305.296
305.426
305.419
305.302
304.306
304.001
303.978
304.333
304.274
303.912
303.944
304.236
304.555
304.79
304.761
304.583
304.37
304.023
304.354
304.036
304.621
304.812
304.83
304.605
304.38
304.052
304.047
304.385
305.609
305.494
305.589
305.513
305.694
305.747
305.674
305.767
305.623
305.533
305.63
305.526
305.208
305.362
305.329
305.24
305.169
305.242
305.289
305.123
305.071
304.951
305.102
304.922
305.284
305.387
305.406
305.265
305.296
305.426
305.302
305.419
305.145
304.975
305.126
304.993
304.306
304.001
303.978
304.333
304.274
303.912
303.944
304.236
304.555
304.79
304.761
304.583
304.37
304.023
304.036
304.354
304.38
304.052
304.385
304.047
304.621
304.812
304.83
304.605
304.082
303.703
303.761
304.013
304.14
303.866
303.822
304.193
304.319
304.44
304.248
304.515
303.851
303.625
303.939
303.551
304.079
304.36
304.17
304.264
303.756
303.363
303.453
303.649
304.936
304.965
305.05
304.854
305.009
305.189
305.125
305.072
304.808
304.59
304.667
304.728
304.936
304.965
305.05
304.854
305.009
305.189
305.125
305.072
304.808
304.59
304.728
304.667
304.658
304.873
304.764
304.764
304.536
304.504
304.405
304.639
304.536
304.504
304.639
304.405
303.214
302.758
302.945
302.945
303.387
303.245
303.536
303.123
303.387
303.245
303.123
303.536
304.082
303.703
303.761
304.013
304.14
303.866
303.822
304.193
304.319
304.44
304.515
304.248
303.851
303.625
303.939
303.552
304.079
304.36
304.264
304.17
303.756
303.363
303.649
303.453
305.609
305.494
305.589
305.513
305.694
305.747
305.674
305.767
305.623
305.533
305.526
305.629
305.208
305.362
305.329
305.24
305.169
305.242
305.289
305.123
305.071
304.951
305.102
304.922
305.284
305.387
305.406
305.265
305.296
305.426
305.419
305.302
305.145
304.975
305.126
304.993
305.609
305.494
305.589
305.513
305.694
305.747
305.674
305.767
305.623
305.533
305.629
305.526
305.208
305.362
305.329
305.24
305.169
305.242
305.289
305.123
305.071
304.951
305.102
304.922
305.284
305.387
305.406
305.265
305.296
305.426
305.302
305.419
305.145
304.975
305.126
304.993
304.306
304.001
303.978
304.333
304.274
303.912
303.944
304.236
304.555
304.79
304.761
304.583
304.37
304.023
304.354
304.036
304.621
304.812
304.83
304.605
304.38
304.052
304.047
304.385
304.306
304.001
303.978
304.333
304.274
303.912
303.944
304.235
304.555
304.79
304.761
304.583
304.37
304.023
304.354
304.036
304.621
304.812
304.83
304.605
304.38
304.052
304.385
304.047
304.936
304.965
305.05
304.854
305.01
305.189
305.125
305.072
304.808
304.59
304.728
304.667
304.936
304.965
305.05
304.854
305.009
305.189
305.125
305.072
304.808
304.59
304.728
304.667
304.658
304.873
304.764
304.764
304.536
304.504
304.639
304.405
304.536
304.504
304.639
304.405
304.082
303.703
303.761
304.013
304.14
303.866
303.822
304.193
304.319
304.44
304.515
304.248
303.851
303.625
303.939
303.552
304.079
304.36
304.264
304.17
303.756
303.363
303.453
303.649
304.082
303.703
303.761
304.013
304.14
303.866
303.822
304.193
304.319
304.44
304.515
304.248
303.851
303.625
303.939
303.551
304.079
304.36
304.264
304.17
303.756
303.363
303.453
303.649
303.214
302.758
302.945
302.945
303.387
303.245
303.536
303.123
303.387
303.245
303.536
303.123
)
;
        refGradient     uniform 0;
        valueFraction   nonuniform List<scalar> 
1600
(
0.0134098
0.0134098
0.0134098
0.0134098
0.0134098
0.0134098
0.0134098
0.0134098
0.0134098
0.0134098
0.0134098
0.0134098
0.0134098
0.0134098
0.0134098
0.0134098
0.0134098
0.0134098
0.0134098
0.0134098
0.0134098
0.0134098
0.0134098
0.0134098
0.0134098
0.0134098
0.0134098
0.0134098
0.0134098
0.0134098
0.0134098
0.0134098
0.0134098
0.0134098
0.0134098
0.0134098
0.0134098
0.0134098
0.0134098
0.0134098
0.0134098
0.0134098
0.0134098
0.0134098
0.0134098
0.0134098
0.0134098
0.0134098
0.0134098
0.0134098
0.0134098
0.0134098
0.0134098
0.0134098
0.0134098
0.0134098
0.0134098
0.0134098
0.0134098
0.0134098
0.0134098
0.0134098
0.0134098
0.0134098
0.0134098
0.0134098
0.0134098
0.0134098
0.0134098
0.0134098
0.0134098
0.0134098
0.0134098
0.0134098
0.0134098
0.0134098
0.0134098
0.0134098
0.0134098
0.0134098
0.0134098
0.0134098
0.0134098
0.0134098
0.0134098
0.0134098
0.0134098
0.0134098
0.0134098
0.0134098
0.0134098
0.0134098
0.0134098
0.0134098
0.0134098
0.0134098
0.0134098
0.0134098
0.0134098
0.0134098
0.0134098
0.0134098
0.0134098
0.0134098
0.0134098
0.0134098
0.0134098
0.0134098
0.0134098
0.0134098
0.0134098
0.0134098
0.0134098
0.0134098
0.0134098
0.0134098
0.0134098
0.0134098
0.0134098
0.0134098
0.0134098
0.0134098
0.0134098
0.0134098
0.0134098
0.0134098
0.0134098
0.0134098
0.0134098
0.0134098
0.0134098
0.0134098
0.0134098
0.0134098
0.0134098
0.0134098
0.0134098
0.0134098
0.0134098
0.0134098
0.0134098
0.0134098
0.0134098
0.0134098
0.0134098
0.0134098
0.0134098
0.0134098
0.0134098
0.0134098
0.0134098
0.0134098
0.0134098
0.0134098
0.0134098
0.0134098
0.0134098
0.0134098
0.0134098
0.0134098
0.0134098
0.0134098
0.0134098
0.0134098
0.0134098
0.0134098
0.0134098
0.0134098
0.0134098
0.0134098
0.0134098
0.0134098
0.0134098
0.0134098
0.0134098
0.0134098
0.0134098
0.0134098
0.0134098
0.0134098
0.0134098
0.0134098
0.0134098
0.0134098
0.0134098
0.0134098
0.0134098
0.0134098
0.0134098
0.0134098
0.0134098
0.0134098
0.0134098
0.0134098
0.0134098
0.0134098
0.0134098
0.0134098
0.0134098
0.0134098
0.0134098
0.0134098
0.0134098
0.0134098
0.0134098
0.0134098
0.0134098
0.0134098
0.0134098
0.0134098
0.0134098
0.0134098
0.0134098
0.0134098
0.0134098
0.0134098
0.0134098
0.0134098
0.0134098
0.0134098
0.0134098
0.0134098
0.0134098
0.0134098
0.0134098
0.0134098
0.0134098
0.0134098
0.0134098
0.0134098
0.0134098
0.0134098
0.0134098
0.0134098
0.0134098
0.0134098
0.0134098
0.0134098
0.0134098
0.0134098
0.0134098
0.0134098
0.0134098
0.0134098
0.0134098
0.0134098
0.0134098
0.0134098
0.0134098
0.0134098
0.0134098
0.0134098
0.0134098
0.0134098
0.0134098
0.0134098
0.0134098
0.0134098
0.0134098
0.0134098
0.0134098
0.0134098
0.0134098
0.0134098
0.0134098
0.0134098
0.0134098
0.0134098
0.0134098
0.0134098
0.0134098
0.0134098
0.0134098
0.0134098
0.0134098
0.0134098
0.0134098
0.0134098
0.0134098
0.0134098
0.0134098
0.0134098
0.0134098
0.0134098
0.0134098
0.0134098
0.0134098
0.0134098
0.0134098
0.0134098
0.0134098
0.0134098
0.0134098
0.0134098
0.0134098
0.0134098
0.0134098
0.0134098
0.0134098
0.0134098
0.0134098
0.0134098
0.0134098
0.0134098
0.0134098
0.0134098
0.0134098
0.0134098
0.0134098
0.0134098
0.0134098
0.0134098
0.0134098
0.0134098
0.0134098
0.0134098
0.0134098
0.0134098
0.0134098
0.0134098
0.0134098
0.0134098
0.0134098
0.0134098
0.0134098
0.0134098
0.0134098
0.0134098
0.0134098
0.0134098
0.0134098
0.0134098
0.0134098
0.0134098
0.0134098
0.0134098
0.0134098
0.0134098
0.0134098
0.0134098
0.0134098
0.0134098
0.0134098
0.0134098
0.0134098
0.0134098
0.0134098
0.0134098
0.0134098
0.0134098
0.0134098
0.0134098
0.0134098
0.0134098
0.0134098
0.0134098
0.0134098
0.0134098
0.0134098
0.0134098
0.0134098
0.0134098
0.0134098
0.0134098
0.0134098
0.0134098
0.0134098
0.0134098
0.0134098
0.0134098
0.0134098
0.0134098
0.0134098
0.0134098
0.0134098
0.0134098
0.0134098
0.0134098
0.0134098
0.0134098
0.0134098
0.0134098
0.0134098
0.0134098
0.0134098
0.0134098
0.0134098
0.0134098
0.0134098
0.0134098
0.0134098
0.0134098
0.0134098
0.0134098
0.0134098
0.0134098
0.0134098
0.0134098
0.0134098
0.0134098
0.0134098
0.0134098
0.0134098
0.0134098
0.0134098
0.0134098
0.0134098
0.0134098
0.0134098
0.0134098
0.0134098
0.0134098
0.0134098
0.0134098
0.0134098
0.0134098
0.0134098
0.0134098
0.0134098
0.0134098
0.0134098
0.0134098
0.0134098
0.0134098
0.0134098
0.0134098
0.0134098
0.0134098
0.0134098
0.0134098
0.0134098
0.0134098
0.0134098
0.0134098
0.0134098
0.0134098
0.0134098
0.0134098
0.0134098
0.0134098
0.0134098
0.0134098
0.0134098
0.0134098
0.0134098
0.0134098
0.0134098
0.0134098
0.0134098
0.0134098
0.0134098
0.0134098
0.0134098
0.0134098
0.0134098
0.0134098
0.0134098
0.0134098
0.0134098
0.0134098
0.0134098
0.0134098
0.0134098
0.0134098
0.0134098
0.0134098
0.0134098
0.0134098
0.0134098
0.0134098
0.0134098
0.0134098
0.0134098
0.0134098
0.0134098
0.0134098
0.0134098
0.0134098
0.0134098
0.0134098
0.0134098
0.0134098
0.0134098
0.0134098
0.0134098
0.0134098
0.0134098
0.0134098
0.0134098
0.0134098
0.0134098
0.0134098
0.0134098
0.0134098
0.0134098
0.0134098
0.0134098
0.0134098
0.0134098
0.0134098
0.0134098
0.0134098
0.0134098
0.0134098
0.0134098
0.0134098
0.0134098
0.0134098
0.0134098
0.0134098
0.0134098
0.0134098
0.0134098
0.0134098
0.0134098
0.0134098
0.0134098
0.0134098
0.0134098
0.0134098
0.0134098
0.0134098
0.0134098
0.0134098
0.0134098
0.0134098
0.0134098
0.0134098
0.0134098
0.0134098
0.0134098
0.0134098
0.0134098
0.0134098
0.0134098
0.0134098
0.0134098
0.0134098
0.0134098
0.0134098
0.0134098
0.0134098
0.0134098
0.0134098
0.0134098
0.0134098
0.0134098
0.0134098
0.0134098
0.0134098
0.0134098
0.0134098
0.0134098
0.0134098
0.0134098
0.0134098
0.0134098
0.0134098
0.0134098
0.0134098
0.0134098
0.0134098
0.0134098
0.0134098
0.0134098
0.0134098
0.0134098
0.0134098
0.0134098
0.0134098
0.0134098
0.0134098
0.0134098
0.0134098
0.0134098
0.0134098
0.0134098
0.0134098
0.0134098
0.0134098
0.0134098
0.0134098
0.0134098
0.0134098
0.0134098
0.0134098
0.0134098
0.0134098
0.0134098
0.0134098
0.0134098
0.0134098
0.0133615
0.0119868
0.0126626
0.0126626
0.0133842
0.0126909
0.0126847
0.0133842
0.0133842
0.0126909
0.0126847
0.0133842
0.0133842
0.0126962
0.0126962
0.0133842
0.0133842
0.0126962
0.0126962
0.0133842
0.0134098
0.0134098
0.0134098
0.0134098
0.0133842
0.0126962
0.0126962
0.0133842
0.0133842
0.0126962
0.0133842
0.0126962
0.0134098
0.0134098
0.0134098
0.0134098
0.0133842
0.0126962
0.0126962
0.0133842
0.0133842
0.0126962
0.0126962
0.0133842
0.0134098
0.0134098
0.0134098
0.0134098
0.0133842
0.0126962
0.0126962
0.0133842
0.0133842
0.0126962
0.0133842
0.0126962
0.0134098
0.0134098
0.0134098
0.0134098
0.0134098
0.0134098
0.0134098
0.0134098
0.0134098
0.0134098
0.0134098
0.0134098
0.0134098
0.0134098
0.0134098
0.0134098
0.0134098
0.0134098
0.0134098
0.0134098
0.0134098
0.0134098
0.0134098
0.0134098
0.0134098
0.0134098
0.0134098
0.0134098
0.0134098
0.0134098
0.0134098
0.0134098
0.0134098
0.0134098
0.0134098
0.0134098
0.0134098
0.0134098
0.0134098
0.0134098
0.0133842
0.0126962
0.0126962
0.0133842
0.0133842
0.0126962
0.0126962
0.0133842
0.0134098
0.0134098
0.0134098
0.0134098
0.0133842
0.0126962
0.0126962
0.0133842
0.0133842
0.0126962
0.0126962
0.0133842
0.0134098
0.0134098
0.0134098
0.0134098
0.0133842
0.0126962
0.0126962
0.0133842
0.0133842
0.0126962
0.0126962
0.0133842
0.0134098
0.0134098
0.0134098
0.0134098
0.0133842
0.0126962
0.0126962
0.0133842
0.0133842
0.0126962
0.0133842
0.0126962
0.0134098
0.0134098
0.0134098
0.0134098
0.0134098
0.0134098
0.0134098
0.0134098
0.0134098
0.0134098
0.0134098
0.0134098
0.0134098
0.0134098
0.0134098
0.0134098
0.0134098
0.0134098
0.0134098
0.0134098
0.0134098
0.0134098
0.0134098
0.0134098
0.0134098
0.0134098
0.0134098
0.0134098
0.0134098
0.0134098
0.0134098
0.0134098
0.0134098
0.0134098
0.0134098
0.0134098
0.0134098
0.0134098
0.0134098
0.0134098
0.0134098
0.0134098
0.0134098
0.0134098
0.0134098
0.0134098
0.0134098
0.0134098
0.0134098
0.0134098
0.0134098
0.0134098
0.0134098
0.0134098
0.0134098
0.0134098
0.0134098
0.0134098
0.0134098
0.0134098
0.0134098
0.0134098
0.0134098
0.0134098
0.0134098
0.0134098
0.0134098
0.0134098
0.0134098
0.0134098
0.0134098
0.0134098
0.0134098
0.0134098
0.0134098
0.0134098
0.0133842
0.0126962
0.0126962
0.0133842
0.0133842
0.0126962
0.0126962
0.0133842
0.0134098
0.0134098
0.0134098
0.0134098
0.0133842
0.0126962
0.0126962
0.0133842
0.0133842
0.0126962
0.0126962
0.0133842
0.0134098
0.0134098
0.0134098
0.0134098
0.0133615
0.0119868
0.0126626
0.0126626
0.0133842
0.0126909
0.0133842
0.0126847
0.0133842
0.0126909
0.0126847
0.0133842
0.0134098
0.0134098
0.0134098
0.0134098
0.0134098
0.0134098
0.0134098
0.0134098
0.0134098
0.0134098
0.0134098
0.0134098
0.0134098
0.0134098
0.0134098
0.0134098
0.0134098
0.0134098
0.0134098
0.0134098
0.0134098
0.0134098
0.0134098
0.0134098
0.0134098
0.0134098
0.0134098
0.0134098
0.0134098
0.0134098
0.0134098
0.0134098
0.0134098
0.0134098
0.0134098
0.0134098
0.0133842
0.0126962
0.0126962
0.0133842
0.0133842
0.0126962
0.0126962
0.0133842
0.0134098
0.0134098
0.0134098
0.0134098
0.0133842
0.0126962
0.0126962
0.0133842
0.0133842
0.0126962
0.0133842
0.0126962
0.0134098
0.0134098
0.0134098
0.0134098
0.0133842
0.0126962
0.0126962
0.0133842
0.0133842
0.0126962
0.0126962
0.0133842
0.0134098
0.0134098
0.0134098
0.0134098
0.0133842
0.0126962
0.0133842
0.0126962
0.0134098
0.0134098
0.0134098
0.0134098
0.0133842
0.0126962
0.0126962
0.0133842
0.0134098
0.0134098
0.0134098
0.0134098
0.0134098
0.0134098
0.0134098
0.0134098
0.0134098
0.0134098
0.0134098
0.0134098
0.0134098
0.0134098
0.0134098
0.0134098
0.0134098
0.0134098
0.0134098
0.0134098
0.0134098
0.0134098
0.0134098
0.0134098
0.0134098
0.0134098
0.0134098
0.0134098
0.0134098
0.0134098
0.0134098
0.0134098
0.0134098
0.0134098
0.0134098
0.0134098
0.0133842
0.0126962
0.0126962
0.0133842
0.0133842
0.0126962
0.0126962
0.0133842
0.0134098
0.0134098
0.0134098
0.0134098
0.0133842
0.0126962
0.0126962
0.0133842
0.0133842
0.0126962
0.0133842
0.0126962
0.0134098
0.0134098
0.0134098
0.0134098
0.0134098
0.0134098
0.0134098
0.0134098
0.0134098
0.0134098
0.0134098
0.0134098
0.0134098
0.0134098
0.0134098
0.0134098
0.0134098
0.0134098
0.0134098
0.0134098
0.0134098
0.0134098
0.0134098
0.0134098
0.0134098
0.0134098
0.0134098
0.0134098
0.0134098
0.0134098
0.0134098
0.0134098
0.0134098
0.0134098
0.0134098
0.0134098
0.0134098
0.0134098
0.0134098
0.0134098
0.0134098
0.0134098
0.0134098
0.0134098
0.0134098
0.0134098
0.0134098
0.0134098
0.0134098
0.0134098
0.0134098
0.0134098
0.0134098
0.0134098
0.0134098
0.0134098
0.0134098
0.0134098
0.0134098
0.0134098
0.0134098
0.0134098
0.0134098
0.0134098
0.0134098
0.0134098
0.0134098
0.0134098
0.0134098
0.0134098
0.0134098
0.0134098
0.0134098
0.0134098
0.0134098
0.0134098
0.0134098
0.0134098
0.0134098
0.0134098
0.0134098
0.0134098
0.0134098
0.0134098
0.0134098
0.0134098
0.0134098
0.0134098
0.0134098
0.0134098
0.0134098
0.0134098
0.0134098
0.0134098
0.0134098
0.0134098
0.0134098
0.0134098
0.0134098
0.0134098
0.0134098
0.0134098
0.0134098
0.0134098
0.0134098
0.0134098
0.0134098
0.0134098
0.0134098
0.0134098
0.0134098
0.0134098
0.0134098
0.0134098
0.0134098
0.0134098
0.0134098
0.0134098
0.0134098
0.0134098
0.0134098
0.0134098
0.0134098
0.0134098
0.0134098
0.0134098
0.0134098
0.0134098
0.0134098
0.0134098
0.0134098
0.0134098
0.0134098
0.0134098
0.0134098
0.0134098
0.0134098
0.0134098
0.0134098
0.0134098
0.0134098
0.0134098
0.0134098
0.0134098
0.0134098
0.0134098
0.0134098
0.0134098
0.0134098
0.0134098
0.0134098
0.0134098
0.0134098
0.0134098
0.0134098
0.0134098
0.0134098
0.0134098
0.0134098
0.0134098
0.0134098
0.0134098
0.0134098
0.0134098
0.0134098
0.0134098
0.0134098
0.0134098
0.0134098
0.0134098
0.0134098
0.0134098
0.0134098
0.0134098
0.0134098
0.0134098
0.0134098
0.0134098
0.0134098
0.0134098
0.0134098
0.0134098
0.0134098
0.0134098
0.0134098
0.0134098
0.0134098
0.0134098
0.0134098
0.0134098
0.0134098
0.0134098
0.0134098
0.0134098
0.0134098
0.0134098
0.0134098
0.0134098
0.0134098
0.0134098
0.0134098
0.0134098
0.0134098
0.0134098
0.0134098
0.0134098
0.0134098
0.0134098
0.0134098
0.0134098
0.0134098
0.0134098
0.0134098
0.0134098
0.0134098
0.0134098
0.0134098
0.0134098
0.0134098
0.0134098
0.0133842
0.0126962
0.0126962
0.0133842
0.0133842
0.0126962
0.0126962
0.0133842
0.0134098
0.0134098
0.0134098
0.0134098
0.0133842
0.0126962
0.0133842
0.0126962
0.0134098
0.0134098
0.0134098
0.0134098
0.0133842
0.0126962
0.0126962
0.0133842
0.0134098
0.0134098
0.0134098
0.0134098
0.0134098
0.0134098
0.0134098
0.0134098
0.0134098
0.0134098
0.0134098
0.0134098
0.0134098
0.0134098
0.0134098
0.0134098
0.0134098
0.0134098
0.0134098
0.0134098
0.0134098
0.0134098
0.0134098
0.0134098
0.0134098
0.0134098
0.0134098
0.0134098
0.0134098
0.0134098
0.0134098
0.0134098
0.0134098
0.0134098
0.0134098
0.0134098
0.0133842
0.0126962
0.0126962
0.0133842
0.0133842
0.0126962
0.0126962
0.0133842
0.0134098
0.0134098
0.0134098
0.0134098
0.0133842
0.0126962
0.0126962
0.0133842
0.0133842
0.0126962
0.0133842
0.0126962
0.0134098
0.0134098
0.0134098
0.0134098
0.0133842
0.0126962
0.0126962
0.0133842
0.0133842
0.0126962
0.0126962
0.0133842
0.0134098
0.0134098
0.0134098
0.0134098
0.0133842
0.0126962
0.0133842
0.0126962
0.0134098
0.0134098
0.0134098
0.0134098
0.0133842
0.0126962
0.0126962
0.0133842
0.0134098
0.0134098
0.0134098
0.0134098
0.0134098
0.0134098
0.0134098
0.0134098
0.0134098
0.0134098
0.0134098
0.0134098
0.0134098
0.0134098
0.0134098
0.0134098
0.0134098
0.0134098
0.0134098
0.0134098
0.0134098
0.0134098
0.0134098
0.0134098
0.0134098
0.0134098
0.0134098
0.0134098
0.0134098
0.0134098
0.0134098
0.0134098
0.0134098
0.0134098
0.0134098
0.0134098
0.0133615
0.0119868
0.0126626
0.0126626
0.0133842
0.0126909
0.0133842
0.0126847
0.0133842
0.0126909
0.0126847
0.0133842
0.0133842
0.0126962
0.0126962
0.0133842
0.0133842
0.0126962
0.0126962
0.0133842
0.0134098
0.0134098
0.0134098
0.0134098
0.0133842
0.0126962
0.0133842
0.0126962
0.0134098
0.0134098
0.0134098
0.0134098
0.0133842
0.0126962
0.0133842
0.0126962
0.0134098
0.0134098
0.0134098
0.0134098
0.0134098
0.0134098
0.0134098
0.0134098
0.0134098
0.0134098
0.0134098
0.0134098
0.0134098
0.0134098
0.0134098
0.0134098
0.0134098
0.0134098
0.0134098
0.0134098
0.0134098
0.0134098
0.0134098
0.0134098
0.0134098
0.0134098
0.0134098
0.0134098
0.0134098
0.0134098
0.0134098
0.0134098
0.0134098
0.0134098
0.0134098
0.0134098
0.0134098
0.0134098
0.0134098
0.0134098
0.0134098
0.0134098
0.0134098
0.0134098
0.0134098
0.0134098
0.0134098
0.0134098
0.0134098
0.0134098
0.0134098
0.0134098
0.0134098
0.0134098
0.0134098
0.0134098
0.0134098
0.0134098
0.0134098
0.0134098
0.0134098
0.0134098
0.0134098
0.0134098
0.0134098
0.0134098
0.0134098
0.0134098
0.0134098
0.0134098
0.0134098
0.0134098
0.0133842
0.0126962
0.0126962
0.0133842
0.0133842
0.0126962
0.0126962
0.0133842
0.0134098
0.0134098
0.0134098
0.0134098
0.0133842
0.0126962
0.0133842
0.0126962
0.0134098
0.0134098
0.0134098
0.0134098
0.0133842
0.0126962
0.0126962
0.0133842
0.0133842
0.0126962
0.0126962
0.0133842
0.0133842
0.0126962
0.0126962
0.0133842
0.0134098
0.0134098
0.0134098
0.0134098
0.0133842
0.0126962
0.0133842
0.0126962
0.0134098
0.0134098
0.0134098
0.0134098
0.0133842
0.0126962
0.0133842
0.0126962
0.0134098
0.0134098
0.0134098
0.0134098
0.0134098
0.0134098
0.0134098
0.0134098
0.0134098
0.0134098
0.0134098
0.0134098
0.0134098
0.0134098
0.0134098
0.0134098
0.0134098
0.0134098
0.0134098
0.0134098
0.0134098
0.0134098
0.0134098
0.0134098
0.0134098
0.0134098
0.0134098
0.0134098
0.0134098
0.0134098
0.0134098
0.0134098
0.0134098
0.0134098
0.0134098
0.0134098
0.0133842
0.0126962
0.0126962
0.0133842
0.0133842
0.0126962
0.0126962
0.0133842
0.0134098
0.0134098
0.0134098
0.0134098
0.0133842
0.0126962
0.0133842
0.0126962
0.0134098
0.0134098
0.0134098
0.0134098
0.0133842
0.0126962
0.0126962
0.0133842
0.0133842
0.0126962
0.0126962
0.0133842
0.0133842
0.0126962
0.0126962
0.0133842
0.0134098
0.0134098
0.0134098
0.0134098
0.0133842
0.0126962
0.0133842
0.0126962
0.0134098
0.0134098
0.0134098
0.0134098
0.0133842
0.0126962
0.0126962
0.0133842
0.0133615
0.0119868
0.0126626
0.0126626
0.0133842
0.0126909
0.0133842
0.0126847
0.0133842
0.0126909
0.0133842
0.0126847
)
;
        source          uniform 0;
        logInterval     -1;
        thicknessLayers List<scalar> 1(0.0001);
        kappaLayers     List<scalar> 1(33.33);
        writePrecision  6;
        updateHeader    1;
        writeToFile     0;
        useUserTime     1;
        kappaMethod     solidThermo;
        value           nonuniform List<scalar> 
1600
(
307.669
307.806
307.737
307.737
307.847
307.866
307.796
307.918
307.847
307.866
307.796
307.918
307.669
307.806
307.737
307.737
307.847
307.866
307.796
307.918
307.847
307.866
307.918
307.796
308.032
307.926
307.979
307.979
308.032
307.926
307.979
307.979
308.032
307.926
307.979
307.979
308.032
307.926
307.979
307.979
307.847
307.866
307.796
307.918
307.847
307.866
307.918
307.796
307.669
307.806
307.737
307.737
307.847
307.866
307.918
307.796
307.847
307.866
307.918
307.796
307.669
307.806
307.737
307.737
306.148
306.365
306.253
306.253
306.847
307.027
306.969
306.904
306.452
306.468
306.355
306.567
306.847
307.027
306.969
306.904
306.452
306.468
306.355
306.567
307.202
307.147
307.088
307.263
307.202
307.147
307.088
307.263
306.78
306.574
306.675
306.675
306.997
307.078
306.954
307.122
307.117
307.251
307.122
307.245
306.997
307.078
307.122
306.954
307.117
307.251
307.122
307.245
307.363
307.2
307.316
307.245
307.99
308.07
307.997
308.063
307.492
307.377
307.37
307.498
307.363
307.2
307.245
307.316
307.99
308.07
307.997
308.063
307.492
307.377
307.37
307.498
306.847
307.027
306.904
306.969
306.452
306.468
306.355
306.567
306.148
306.365
306.253
306.253
307.202
307.147
307.263
307.088
307.202
307.147
307.088
307.263
306.78
306.574
306.675
306.675
306.847
307.027
306.969
306.904
306.452
306.468
306.355
306.567
306.997
307.078
306.954
307.122
307.117
307.251
307.245
307.122
307.363
307.2
307.316
307.245
307.99
308.07
307.997
308.063
307.492
307.377
307.37
307.498
306.997
307.078
307.122
306.954
307.117
307.251
307.122
307.245
307.99
308.07
307.997
308.063
307.363
307.2
307.245
307.316
307.492
307.377
307.498
307.37
308.181
308.133
308.126
308.188
308.181
308.133
308.126
308.188
308.334
308.35
308.342
308.342
308.181
308.133
308.126
308.188
308.181
308.133
308.188
308.126
308.334
308.35
308.342
308.342
308.181
308.133
308.126
308.188
308.181
308.133
308.188
308.126
308.334
308.35
308.342
308.342
308.181
308.133
308.188
308.126
308.181
308.133
308.188
308.126
308.334
308.35
308.342
308.342
307.363
307.2
307.316
307.245
307.99
308.07
308.063
307.997
307.492
307.377
307.37
307.498
306.997
307.078
306.954
307.122
307.117
307.251
307.245
307.122
307.99
308.07
308.063
307.997
307.363
307.2
307.245
307.316
307.492
307.377
307.498
307.37
306.997
307.078
307.122
306.954
307.117
307.251
307.122
307.245
306.847
307.027
306.904
306.969
306.452
306.468
306.567
306.355
307.202
307.147
307.263
307.088
307.202
307.147
307.088
307.263
306.78
306.574
306.675
306.675
306.148
306.365
306.253
306.253
306.847
307.027
306.969
306.904
306.452
306.468
306.567
306.355
307.99
308.07
308.063
307.997
307.363
307.2
307.316
307.245
307.492
307.377
307.498
307.37
307.99
308.07
308.063
307.997
307.363
307.2
307.245
307.316
307.492
307.377
307.498
307.37
306.997
307.078
306.954
307.122
307.117
307.251
307.245
307.122
306.997
307.078
307.122
306.954
307.117
307.251
307.245
307.122
307.202
307.147
307.263
307.088
307.202
307.147
307.263
307.088
306.78
306.574
306.675
306.675
306.847
307.027
306.904
306.969
306.452
306.468
306.567
306.355
306.847
307.027
306.904
306.969
306.452
306.468
306.567
306.355
306.148
306.365
306.253
306.253
307.517
307.35
307.433
307.433
307.592
307.572
307.659
307.507
307.592
307.572
307.659
307.507
307.81
307.755
307.72
307.845
307.768
307.629
307.717
307.678
307.891
307.998
307.962
307.927
307.81
307.755
307.72
307.845
307.768
307.629
307.717
307.678
307.891
307.998
307.962
307.927
307.517
307.35
307.433
307.433
307.592
307.572
307.659
307.507
307.592
307.572
307.659
307.507
307.81
307.755
307.72
307.845
307.768
307.629
307.717
307.678
307.891
307.998
307.962
307.927
307.81
307.755
307.845
307.72
307.891
307.998
307.962
307.927
307.768
307.629
307.717
307.678
308.123
308.199
308.161
308.161
308.077
308.06
308.024
308.115
308.077
308.06
308.024
308.115
308.123
308.199
308.161
308.161
308.077
308.06
308.024
308.115
308.077
308.06
308.024
308.115
308.123
308.199
308.161
308.161
308.077
308.06
308.024
308.115
308.077
308.06
308.024
308.115
308.123
308.199
308.161
308.161
308.077
308.06
308.024
308.115
308.077
308.06
308.024
308.115
307.81
307.755
307.72
307.845
307.768
307.629
307.717
307.678
307.891
307.998
307.962
307.927
307.81
307.755
307.845
307.72
307.891
307.998
307.962
307.927
307.768
307.629
307.717
307.678
307.517
307.35
307.433
307.433
307.592
307.572
307.659
307.507
307.592
307.572
307.659
307.507
307.81
307.755
307.845
307.72
307.891
307.998
307.962
307.927
307.768
307.629
307.717
307.678
307.81
307.755
307.845
307.72
307.891
307.998
307.962
307.927
307.768
307.629
307.717
307.678
307.517
307.35
307.433
307.433
307.592
307.572
307.659
307.507
307.592
307.572
307.659
307.507
305.948
305.692
305.852
305.852
306.037
306.055
305.957
306.136
306.037
306.056
305.957
306.136
306.662
306.509
306.578
306.592
306.725
306.695
306.641
306.781
306.783
306.83
306.712
306.904
306.428
306.432
306.347
306.514
306.333
306.155
306.236
306.252
306.546
306.749
306.632
306.661
306.663
306.51
306.578
306.592
306.725
306.695
306.641
306.781
306.783
306.83
306.712
306.904
306.429
306.433
306.348
306.515
306.334
306.155
306.236
306.252
306.546
306.749
306.632
306.661
307.239
307.258
307.339
307.16
307.31
307.476
307.412
307.373
307.133
306.945
307.02
307.055
307.239
307.258
307.339
307.16
307.31
307.476
307.412
307.373
307.133
306.945
307.021
307.055
306.978
307.169
307.072
307.072
306.877
306.861
306.771
306.969
306.877
306.861
306.771
306.969
306.907
306.849
306.82
306.936
306.871
306.743
306.784
306.829
307.033
307.19
307.063
307.159
306.977
306.872
306.889
306.96
306.989
306.906
306.9
306.994
307.105
307.215
307.087
307.233
306.907
306.849
306.82
306.936
306.871
306.743
306.784
306.829
307.033
307.19
307.063
307.159
306.977
306.872
306.889
306.96
306.989
306.906
306.994
306.9
307.105
307.215
307.087
307.233
307.515
307.655
307.621
307.548
307.474
307.531
307.58
307.427
307.402
307.314
307.283
307.434
307.894
307.782
307.873
307.802
307.976
308.027
307.955
308.048
307.908
307.823
307.816
307.915
307.593
307.681
307.574
307.701
307.479
307.339
307.358
307.46
307.606
307.721
307.715
307.613
307.515
307.655
307.621
307.548
307.474
307.531
307.58
307.427
307.402
307.314
307.283
307.434
307.894
307.782
307.873
307.802
307.976
308.027
307.955
308.048
307.908
307.823
307.915
307.816
307.593
307.681
307.574
307.701
307.479
307.339
307.358
307.46
307.606
307.721
307.613
307.715
306.662
306.509
306.578
306.592
306.725
306.695
306.641
306.781
306.783
306.83
306.712
306.904
306.428
306.432
306.347
306.514
306.333
306.155
306.252
306.236
306.546
306.749
306.632
306.661
305.948
305.692
305.852
305.852
306.037
306.055
306.136
305.957
306.037
306.056
305.957
306.136
307.239
307.258
307.339
307.16
307.31
307.476
307.412
307.373
307.133
306.945
307.02
307.055
307.239
307.258
307.339
307.16
307.31
307.476
307.412
307.373
307.133
306.945
307.055
307.021
306.978
307.169
307.072
307.072
306.877
306.861
306.771
306.969
306.877
306.861
306.969
306.771
306.663
306.51
306.579
306.592
306.725
306.695
306.641
306.781
306.783
306.83
306.904
306.712
306.429
306.433
306.348
306.515
306.334
306.155
306.236
306.252
306.546
306.749
306.661
306.632
306.907
306.849
306.82
306.936
306.871
306.743
306.785
306.829
307.033
307.19
307.063
307.159
306.977
306.872
306.96
306.889
307.105
307.215
307.087
307.233
306.989
306.906
306.9
306.994
307.515
307.655
307.621
307.548
307.474
307.531
307.58
307.427
307.402
307.314
307.283
307.434
307.894
307.782
307.873
307.802
307.976
308.027
307.955
308.048
307.908
307.823
307.816
307.915
307.593
307.681
307.574
307.701
307.479
307.339
307.358
307.46
307.606
307.721
307.715
307.613
306.907
306.849
306.82
306.936
306.871
306.743
306.785
306.829
307.033
307.19
307.063
307.159
306.977
306.872
306.889
306.96
306.989
306.906
306.994
306.9
307.105
307.215
307.087
307.233
307.894
307.782
307.873
307.802
307.976
308.027
307.955
308.048
307.908
307.823
307.915
307.816
307.515
307.655
307.621
307.548
307.474
307.531
307.58
307.427
307.402
307.314
307.283
307.434
307.593
307.681
307.701
307.574
307.606
307.721
307.613
307.715
307.479
307.339
307.358
307.46
308.213
308.229
308.191
308.251
308.166
308.09
308.144
308.111
308.228
308.274
308.266
308.235
308.213
308.229
308.191
308.251
308.166
308.09
308.144
308.111
308.228
308.274
308.266
308.235
308.304
308.259
308.281
308.281
308.319
308.304
308.296
308.327
308.319
308.304
308.296
308.327
308.213
308.229
308.191
308.251
308.166
308.09
308.144
308.111
308.228
308.274
308.235
308.266
308.213
308.229
308.191
308.251
308.166
308.09
308.144
308.111
308.228
308.274
308.266
308.235
308.304
308.259
308.281
308.281
308.319
308.304
308.327
308.296
308.319
308.304
308.296
308.327
308.213
308.229
308.191
308.251
308.166
308.09
308.144
308.111
308.228
308.274
308.235
308.266
308.213
308.229
308.191
308.251
308.166
308.09
308.144
308.111
308.228
308.274
308.266
308.235
308.304
308.259
308.281
308.281
308.319
308.304
308.327
308.296
308.319
308.304
308.296
308.327
308.213
308.229
308.191
308.251
308.166
308.09
308.144
308.111
308.228
308.274
308.235
308.266
308.213
308.229
308.191
308.251
308.166
308.09
308.144
308.111
308.228
308.274
308.235
308.266
308.304
308.259
308.281
308.281
308.319
308.304
308.327
308.296
308.319
308.304
308.327
308.296
307.515
307.655
307.621
307.548
307.474
307.531
307.58
307.427
307.402
307.314
307.434
307.283
307.894
307.782
307.873
307.802
307.976
308.027
307.955
308.048
307.908
307.823
307.816
307.915
307.593
307.681
307.574
307.701
307.479
307.339
307.46
307.358
307.606
307.721
307.715
307.613
306.907
306.849
306.82
306.936
306.871
306.743
306.785
306.829
307.033
307.19
307.159
307.063
306.977
306.872
306.96
306.889
307.105
307.215
307.233
307.087
306.989
306.906
306.9
306.994
307.894
307.782
307.873
307.802
307.976
308.027
307.955
308.048
307.908
307.823
307.915
307.816
307.515
307.655
307.621
307.548
307.474
307.531
307.58
307.427
307.402
307.314
307.434
307.283
307.593
307.681
307.701
307.574
307.606
307.721
307.613
307.715
307.479
307.339
307.46
307.358
306.907
306.849
306.82
306.936
306.871
306.743
306.785
306.829
307.033
307.19
307.159
307.063
306.977
306.872
306.889
306.96
306.989
306.906
306.994
306.9
307.105
307.215
307.233
307.087
306.662
306.509
306.578
306.592
306.725
306.695
306.641
306.781
306.783
306.83
306.712
306.904
306.428
306.432
306.514
306.347
306.546
306.749
306.632
306.661
306.333
306.155
306.252
306.236
307.239
307.258
307.339
307.16
307.31
307.476
307.412
307.373
307.133
306.945
307.021
307.055
307.239
307.258
307.339
307.16
307.31
307.476
307.412
307.373
307.133
306.945
307.055
307.021
306.978
307.169
307.072
307.072
306.877
306.861
306.771
306.969
306.877
306.861
306.969
306.771
305.948
305.692
305.852
305.852
306.037
306.055
306.136
305.957
306.037
306.055
305.957
306.136
306.662
306.509
306.578
306.592
306.725
306.695
306.641
306.781
306.783
306.83
306.904
306.712
306.428
306.432
306.514
306.347
306.546
306.749
306.661
306.632
306.333
306.155
306.236
306.252
307.894
307.782
307.873
307.802
307.976
308.027
307.955
308.048
307.908
307.823
307.816
307.915
307.515
307.655
307.621
307.548
307.474
307.531
307.58
307.427
307.402
307.314
307.434
307.283
307.593
307.681
307.701
307.574
307.606
307.721
307.715
307.613
307.479
307.339
307.46
307.358
307.894
307.782
307.873
307.802
307.976
308.027
307.955
308.048
307.908
307.823
307.915
307.816
307.515
307.655
307.621
307.548
307.474
307.531
307.58
307.427
307.402
307.314
307.434
307.283
307.593
307.681
307.701
307.574
307.606
307.721
307.613
307.715
307.479
307.339
307.46
307.358
306.907
306.849
306.82
306.936
306.871
306.743
306.785
306.829
307.033
307.19
307.159
307.063
306.977
306.872
306.96
306.889
307.105
307.215
307.233
307.087
306.989
306.906
306.9
306.994
306.907
306.849
306.82
306.936
306.871
306.743
306.784
306.829
307.033
307.19
307.159
307.063
306.977
306.872
306.96
306.889
307.105
307.215
307.233
307.087
306.989
306.906
306.994
306.9
307.239
307.258
307.339
307.16
307.31
307.476
307.412
307.373
307.133
306.945
307.055
307.021
307.239
307.258
307.339
307.16
307.31
307.476
307.412
307.373
307.133
306.945
307.055
307.02
306.978
307.169
307.072
307.072
306.877
306.861
306.969
306.771
306.877
306.861
306.969
306.771
306.663
306.51
306.578
306.592
306.725
306.695
306.641
306.781
306.783
306.83
306.904
306.712
306.429
306.433
306.515
306.347
306.546
306.749
306.661
306.632
306.334
306.155
306.252
306.236
306.662
306.509
306.578
306.592
306.725
306.695
306.641
306.781
306.783
306.83
306.904
306.712
306.428
306.432
306.514
306.347
306.546
306.749
306.661
306.632
306.333
306.155
306.252
306.236
305.948
305.692
305.852
305.852
306.037
306.055
306.136
305.957
306.037
306.055
306.136
305.957
)
;
    }
}


// ************************************************************************* //
