/*--------------------------------*- C++ -*----------------------------------*\
| =========                 |                                                 |
| \\      /  F ield         | OpenFOAM: The Open Source CFD Toolbox           |
|  \\    /   O peration     | Version:  2412                                  |
|   \\  /    A nd           | Website:  www.openfoam.com                      |
|    \\/     M anipulation  |                                                 |
\*---------------------------------------------------------------------------*/
FoamFile
{
    version     2.0;
    format      ascii;
    arch        "LSB;label=32;scalar=64";
    class       volScalarField;
    location    "0.49/chip";
    object      T;
}
// * * * * * * * * * * * * * * * * * * * * * * * * * * * * * * * * * * * * * //

dimensions      [0 0 0 1 0 0 0];

internalField   nonuniform List<scalar> 
6620
(
330.608
330.535
330.535
330.464
331.237
331.097
331.097
330.96
330.414
330.45
330.45
330.414
330.45
330.45
330.486
330.486
330.486
330.486
330.45
330.45
330.414
330.45
330.45
330.414
330.464
330.897
330.535
330.535
331.034
331.034
330.464
330.897
330.535
330.535
331.034
331.034
330.608
330.608
330.608
331.174
331.174
331.174
331.174
330.535
331.034
331.034
330.464
330.897
330.535
331.034
331.034
330.897
330.96
331.097
331.097
330.96
331.097
331.097
331.237
331.237
331.237
331.097
330.96
331.097
330.042
329.736
330.576
330.175
330.28
330.472
330.135
330.107
329.833
330.404
330.576
330.175
330.28
330.472
331.07
330.72
330.72
330.919
330.834
330.994
330.994
330.664
330.263
330.646
330.777
330.369
330.593
330.851
330.135
330.107
329.833
330.404
330.664
330.646
330.263
330.777
330.369
330.851
330.593
330.276
330.194
330.194
330.638
329.925
330.457
330.457
330.325
330.751
330.855
330.683
330.416
330.751
330.855
331.312
331.312
331.387
330.917
331.17
330.988
330.683
330.416
331.17
330.917
330.988
330.782
330.782
330.605
329.692
330.055
329.74
330.055
329.74
330.099
330.099
329.786
330.09
330.212
330.09
330.212
330.134
330.579
330.257
330.134
330.579
330.257
330.055
329.74
329.692
330.099
330.099
329.786
330.055
329.74
330.09
330.212
330.134
330.579
330.257
330.09
330.212
330.579
330.134
330.257
330.616
330.616
330.75
330.616
330.616
330.75
330.616
330.616
330.75
330.616
330.616
330.75
330.134
330.579
330.257
330.09
330.212
330.579
330.134
330.257
330.09
330.212
330.055
329.74
330.099
330.099
329.786
329.692
330.055
329.74
330.579
330.134
330.257
330.579
330.134
330.257
330.09
330.212
330.09
330.212
330.099
330.099
329.786
330.055
329.74
330.055
329.74
329.692
330.135
330.107
329.833
330.404
330.135
330.107
329.833
330.404
330.276
330.194
330.194
330.638
329.925
330.457
330.457
330.121
330.291
330.214
330.652
330.484
330.382
330.214
330.652
330.484
330.382
330.433
330.79
330.719
330.719
330.612
330.612
330.54
330.576
330.175
330.28
330.472
330.664
330.263
330.646
330.777
330.369
330.593
330.851
330.664
330.263
330.646
330.777
330.369
330.593
330.851
330.656
330.718
330.551
330.823
330.656
330.718
330.551
330.823
330.818
330.928
330.854
331.107
330.747
331.001
330.925
330.818
330.928
330.854
331.107
330.747
331.001
330.925
330.042
329.736
330.276
330.194
330.194
330.638
329.925
330.457
330.457
330.135
330.107
329.833
330.404
330.214
330.652
330.484
330.382
330.121
330.291
330.433
330.79
330.719
330.719
330.612
330.612
330.54
330.214
330.652
330.484
330.382
330.664
330.263
330.646
330.777
330.369
330.593
330.851
330.576
330.175
330.28
330.472
330.664
330.646
330.263
330.777
330.369
330.851
330.593
330.656
330.719
330.551
330.823
330.818
330.928
330.854
331.107
330.747
331.001
330.925
330.656
330.718
330.551
330.823
330.818
330.928
331.107
330.854
331.001
330.747
330.925
331.07
330.72
330.72
330.919
330.834
330.994
330.994
331.07
330.72
330.72
330.919
330.834
330.994
330.994
331.07
330.72
330.72
330.919
330.834
330.994
330.994
330.576
330.175
330.28
330.472
330.664
330.646
330.263
330.777
330.369
330.851
330.593
330.576
330.175
330.28
330.472
330.818
330.928
330.854
331.107
330.747
331.001
330.925
330.656
330.719
330.551
330.823
330.818
330.928
331.107
330.854
331.001
330.747
330.925
330.656
330.719
330.551
330.823
330.276
330.194
330.194
330.638
329.925
330.457
330.457
330.042
329.736
330.135
330.107
329.833
330.404
330.214
330.652
330.484
330.382
330.433
330.79
330.719
330.719
330.612
330.612
330.54
330.121
330.291
330.214
330.652
330.484
330.382
330.664
330.646
330.263
330.777
330.369
330.851
330.593
330.576
330.175
330.28
330.472
330.576
330.175
330.28
330.472
330.818
330.928
331.107
330.854
331.001
330.747
330.925
330.818
330.928
331.107
330.854
331.001
330.747
330.925
330.656
330.718
330.551
330.823
330.656
330.718
330.551
330.823
330.135
330.107
329.833
330.404
330.135
330.107
329.833
330.404
330.042
329.736
330.433
330.79
330.719
330.719
330.612
330.612
330.54
330.214
330.652
330.484
330.382
330.214
330.652
330.484
330.382
330.121
330.291
330.683
330.416
330.683
330.416
330.782
330.782
330.605
330.751
330.855
330.917
331.17
330.988
330.917
331.17
330.988
330.325
330.782
330.782
330.605
330.683
330.416
330.917
331.17
330.988
330.751
330.855
331.17
330.917
330.988
331.312
331.312
331.387
331.312
331.312
331.387
331.312
331.312
331.387
330.751
330.855
331.17
330.917
330.988
330.751
330.855
330.782
330.782
330.605
330.325
330.683
330.416
331.17
330.917
330.988
330.751
330.855
330.751
330.855
330.683
330.416
330.683
330.416
330.325
330.825
330.663
330.663
330.714
330.718
330.769
330.769
330.613
330.452
330.59
330.642
330.505
330.559
330.697
330.613
330.59
330.452
330.642
330.505
330.697
330.559
330.407
330.381
330.381
330.572
330.299
330.489
330.489
330.288
330.288
330.164
330.323
330.532
330.404
330.323
330.532
330.404
330.288
330.288
330.164
330.324
330.532
330.404
330.532
330.324
330.404
330.569
330.569
330.653
330.569
330.569
330.653
330.569
330.569
330.653
330.569
330.569
330.653
330.324
330.532
330.404
330.532
330.324
330.404
330.288
330.288
330.164
330.532
330.324
330.404
330.532
330.323
330.404
330.288
330.288
330.164
330.407
330.381
330.381
330.572
330.299
330.489
330.489
330.613
330.452
330.59
330.642
330.697
330.505
330.559
330.613
330.452
330.59
330.642
330.505
330.559
330.697
330.407
330.381
330.381
330.572
330.489
330.299
330.489
330.613
330.452
330.59
330.642
330.697
330.505
330.559
330.613
330.59
330.452
330.642
330.505
330.697
330.559
330.825
330.663
330.663
330.714
330.769
330.718
330.769
330.825
330.663
330.663
330.714
330.769
330.718
330.769
330.825
330.663
330.663
330.714
330.718
330.769
330.769
330.613
330.59
330.452
330.642
330.559
330.505
330.697
330.407
330.381
330.381
330.572
330.489
330.299
330.489
330.613
330.59
330.452
330.642
330.559
330.505
330.697
329.714
329.951
329.965
329.965
329.87
329.87
329.876
329.651
329.849
329.646
329.646
329.438
329.764
329.764
330.409
330.489
330.517
330.559
330.426
330.471
330.5
330.273
330.104
330.227
330.285
330.156
330.222
330.337
330.308
330.39
330.208
330.262
330.191
330.326
330.372
330.374
330.523
330.384
330.413
330.322
330.435
330.465
330.079
330.045
330.064
330.231
329.971
330.142
330.17
330.073
330.037
330.026
330.217
329.955
330.154
330.136
329.978
329.945
329.747
329.932
329.859
329.866
330.043
330.173
330.323
330.316
330.346
330.255
330.235
330.264
330.409
330.489
330.559
330.517
330.471
330.427
330.5
330.273
330.104
330.227
330.286
330.156
330.222
330.337
330.308
330.39
330.262
330.208
330.191
330.373
330.326
330.374
330.524
330.384
330.413
330.323
330.436
330.465
330.863
330.701
330.776
330.826
330.757
330.807
330.882
330.863
330.701
330.776
330.826
330.757
330.807
330.882
330.901
330.94
330.815
330.815
330.795
330.921
330.921
330.517
330.356
330.315
330.372
330.41
330.464
330.424
330.65
330.628
330.561
330.753
330.542
330.734
330.668
330.554
330.478
330.351
330.464
330.446
330.46
330.572
330.079
330.046
330.231
330.064
330.143
329.971
330.17
330.073
330.037
330.026
330.218
329.955
330.155
330.137
329.978
329.945
329.932
329.748
329.859
330.043
329.867
330.174
330.323
330.316
330.346
330.255
330.235
330.265
330.65
330.627
330.561
330.753
330.542
330.734
330.668
330.517
330.356
330.315
330.372
330.41
330.464
330.424
330.554
330.478
330.464
330.351
330.446
330.572
330.46
330.314
330.287
330.113
330.303
330.205
330.395
330.222
330.314
330.287
330.113
330.303
330.205
330.395
330.222
330.221
330.035
330.02
330.02
330.112
330.13
330.13
330.211
330.359
330.308
330.308
330.205
330.348
330.26
330.26
330.169
330.283
330.283
330.796
330.885
330.822
330.868
330.766
330.692
330.802
330.771
330.743
330.714
330.822
330.8
330.875
330.796
330.838
330.778
330.818
330.857
330.779
330.781
330.701
330.832
330.502
330.448
330.355
330.543
330.567
330.625
330.604
330.703
330.544
330.648
330.624
330.475
330.438
330.354
330.511
330.452
330.378
330.532
330.547
330.714
330.669
330.634
330.796
330.885
330.868
330.822
330.766
330.692
330.802
330.771
330.744
330.714
330.822
330.8
330.875
330.838
330.796
330.778
330.857
330.818
330.779
330.782
330.701
330.832
331.377
331.415
331.396
331.396
331.301
331.193
331.246
331.246
331.338
331.303
331.284
331.357
331.339
331.303
331.284
331.357
331.036
330.966
330.948
331.054
331.093
331.121
331.041
331.175
331
330.861
330.948
330.912
331.13
331.23
331.212
331.148
330.502
330.449
330.543
330.355
330.567
330.626
330.604
330.703
330.545
330.648
330.624
330.475
330.438
330.512
330.354
330.452
330.532
330.378
330.547
330.714
330.669
330.635
331.036
330.966
331.054
330.948
331.093
331.121
331.175
331.041
331.13
331.23
331.212
331.148
331
330.861
330.948
330.912
330.709
330.533
330.623
330.623
330.892
331.051
330.971
330.971
330.8
330.793
330.88
330.714
330.8
330.793
330.879
330.714
329.562
329.562
329.357
329.948
329.933
329.824
329.612
329.886
329.777
329.949
329.933
329.825
329.612
329.886
329.778
330.24
329.977
330.117
330.24
329.977
330.117
329.93
329.93
330.069
329.981
330.168
330.059
330.103
330.185
330.077
329.981
330.168
330.059
330.103
330.185
330.077
330.275
330.212
330.355
330.551
330.45
330.423
330.23
330.401
330.374
330.275
330.212
330.355
330.551
330.45
330.423
330.23
330.401
330.374
329.948
329.933
329.824
329.612
329.886
329.777
329.562
329.562
329.357
330.24
329.977
330.117
330.24
329.977
330.117
329.93
329.93
330.069
329.949
329.933
329.825
329.612
329.886
329.778
329.982
330.168
330.059
330.186
330.103
330.077
330.275
330.212
330.355
330.551
330.45
330.423
330.23
330.401
330.374
329.982
330.168
330.059
330.103
330.186
330.077
330.551
330.45
330.423
330.275
330.212
330.355
330.401
330.23
330.374
330.588
330.701
330.672
330.588
330.701
330.672
330.721
330.721
330.691
330.588
330.701
330.672
330.588
330.701
330.672
330.721
330.721
330.691
330.588
330.701
330.672
330.588
330.701
330.672
330.721
330.721
330.691
330.588
330.701
330.672
330.588
330.701
330.672
330.721
330.721
330.691
330.275
330.212
330.355
330.551
330.45
330.423
330.23
330.401
330.374
329.982
330.168
330.059
330.186
330.103
330.077
330.551
330.45
330.423
330.275
330.212
330.355
330.401
330.23
330.374
329.982
330.168
330.059
330.103
330.186
330.077
329.948
329.933
329.825
329.886
329.612
329.778
330.24
329.977
330.117
330.24
329.977
330.117
329.93
329.93
330.069
329.562
329.562
329.357
329.948
329.933
329.825
329.886
329.612
329.778
330.551
330.45
330.423
330.275
330.212
330.355
330.401
330.23
330.374
330.551
330.45
330.423
330.275
330.212
330.355
330.401
330.23
330.374
329.982
330.168
330.059
330.186
330.103
330.077
329.981
330.168
330.059
330.186
330.103
330.077
330.24
329.977
330.117
330.24
329.977
330.117
329.93
329.93
330.069
329.949
329.933
329.825
329.886
329.612
329.778
329.948
329.933
329.824
329.886
329.612
329.777
329.562
329.562
329.357
330.079
330.045
330.064
330.231
329.971
330.142
330.17
330.073
330.037
330.026
330.217
330.154
329.955
330.136
329.978
329.945
329.747
329.932
329.866
329.859
330.043
330.173
330.323
330.316
330.346
330.255
330.235
330.264
330.08
330.046
330.065
330.231
329.972
330.143
330.171
330.073
330.037
330.026
330.218
330.155
329.955
330.137
329.978
329.945
329.748
329.932
329.867
329.86
330.044
330.174
330.323
330.316
330.346
330.256
330.235
330.265
330.314
330.287
330.113
330.303
330.205
330.222
330.395
330.314
330.287
330.113
330.303
330.205
330.222
330.395
330.221
330.035
330.02
330.02
330.112
330.13
330.13
330.041
330.047
330.047
330.19
329.923
330.118
330.119
330.073
330.247
330.225
330.225
330.15
330.178
330.178
330.32
330.146
330.31
330.282
330.25
330.217
330.38
330.471
330.596
330.611
330.57
330.529
330.553
330.515
330.414
330.402
330.426
330.554
330.345
330.472
330.496
330.377
330.34
330.321
330.479
330.275
330.437
330.422
330.321
330.147
330.31
330.283
330.252
330.218
330.38
330.472
330.596
330.611
330.571
330.529
330.553
330.515
330.415
330.402
330.427
330.554
330.345
330.472
330.496
330.379
330.34
330.322
330.479
330.276
330.438
330.422
330.409
330.489
330.517
330.559
330.426
330.471
330.5
330.273
330.104
330.227
330.285
330.222
330.156
330.337
330.308
330.39
330.208
330.262
330.326
330.191
330.372
330.374
330.523
330.384
330.413
330.322
330.435
330.465
330.517
330.356
330.315
330.372
330.424
330.41
330.464
330.65
330.627
330.561
330.753
330.734
330.542
330.668
330.554
330.478
330.351
330.464
330.46
330.446
330.572
330.517
330.356
330.315
330.372
330.41
330.424
330.464
330.65
330.627
330.561
330.753
330.542
330.668
330.734
330.554
330.478
330.351
330.464
330.446
330.46
330.572
330.649
330.598
330.638
330.726
330.58
330.667
330.708
330.671
330.663
330.678
330.77
330.714
330.62
330.73
330.614
330.603
330.494
330.621
330.545
330.563
330.673
330.706
330.782
330.767
330.805
330.749
330.724
330.764
330.649
330.598
330.638
330.726
330.58
330.667
330.708
330.671
330.663
330.678
330.77
330.73
330.62
330.714
330.614
330.603
330.494
330.621
330.545
330.673
330.563
330.706
330.782
330.767
330.805
330.724
330.764
330.749
329.714
329.951
329.965
329.965
329.87
329.87
329.876
329.651
329.849
329.646
329.646
329.764
329.438
329.764
330.314
330.287
330.113
330.303
330.222
330.205
330.395
330.314
330.287
330.113
330.303
330.395
330.205
330.222
330.221
330.035
330.02
330.02
330.13
330.112
330.13
330.08
330.046
330.065
330.231
329.972
330.143
330.171
330.073
330.037
330.026
330.218
329.955
330.137
330.155
329.978
329.945
329.748
329.932
329.86
329.867
330.044
330.174
330.323
330.316
330.346
330.235
330.265
330.256
330.32
330.146
330.31
330.282
330.25
330.217
330.38
330.471
330.596
330.611
330.57
330.515
330.553
330.529
330.414
330.402
330.426
330.554
330.345
330.496
330.472
330.377
330.34
330.321
330.479
330.422
330.275
330.437
330.041
330.047
330.047
330.19
329.923
330.118
330.119
330.073
330.247
330.225
330.225
330.178
330.178
330.15
330.321
330.147
330.31
330.283
330.252
330.218
330.38
330.472
330.597
330.611
330.571
330.529
330.553
330.515
330.415
330.402
330.427
330.554
330.345
330.472
330.496
330.379
330.34
330.322
330.479
330.276
330.438
330.422
330.517
330.356
330.315
330.372
330.424
330.41
330.464
330.65
330.627
330.561
330.753
330.734
330.542
330.668
330.554
330.478
330.351
330.464
330.46
330.446
330.572
330.409
330.489
330.517
330.559
330.427
330.471
330.5
330.273
330.104
330.227
330.286
330.222
330.156
330.337
330.308
330.39
330.208
330.262
330.326
330.191
330.373
330.374
330.524
330.384
330.413
330.322
330.436
330.465
330.65
330.627
330.561
330.753
330.542
330.668
330.734
330.517
330.356
330.315
330.372
330.41
330.424
330.464
330.554
330.478
330.464
330.351
330.446
330.572
330.46
330.649
330.638
330.598
330.726
330.58
330.708
330.667
330.671
330.663
330.678
330.77
330.714
330.62
330.73
330.615
330.603
330.494
330.621
330.545
330.563
330.673
330.706
330.782
330.805
330.767
330.749
330.765
330.724
330.649
330.598
330.638
330.726
330.58
330.667
330.708
330.671
330.663
330.678
330.77
330.73
330.62
330.714
330.614
330.603
330.494
330.621
330.545
330.673
330.563
330.706
330.782
330.767
330.805
330.724
330.765
330.749
330.863
330.701
330.776
330.826
330.882
330.757
330.807
330.863
330.701
330.776
330.826
330.807
330.757
330.882
330.901
330.94
330.815
330.815
330.921
330.795
330.921
330.863
330.701
330.776
330.826
330.882
330.757
330.807
330.863
330.701
330.776
330.826
330.807
330.757
330.882
330.901
330.94
330.815
330.815
330.921
330.795
330.921
330.863
330.701
330.776
330.826
330.757
330.882
330.807
330.863
330.701
330.776
330.826
330.757
330.882
330.807
330.901
330.94
330.815
330.815
330.795
330.921
330.921
330.409
330.489
330.559
330.517
330.471
330.427
330.5
330.274
330.104
330.227
330.286
330.337
330.156
330.222
330.308
330.39
330.262
330.209
330.373
330.191
330.326
330.374
330.524
330.384
330.413
330.436
330.323
330.465
330.65
330.628
330.561
330.753
330.668
330.542
330.734
330.517
330.356
330.315
330.372
330.464
330.41
330.424
330.554
330.478
330.464
330.351
330.572
330.446
330.46
330.409
330.489
330.517
330.559
330.427
330.471
330.5
330.273
330.104
330.227
330.286
330.156
330.337
330.222
330.308
330.39
330.209
330.262
330.191
330.326
330.373
330.374
330.524
330.384
330.413
330.436
330.465
330.323
330.649
330.638
330.598
330.726
330.58
330.708
330.667
330.671
330.663
330.678
330.77
330.62
330.73
330.714
330.615
330.603
330.494
330.621
330.563
330.545
330.673
330.706
330.782
330.805
330.767
330.765
330.724
330.749
330.649
330.598
330.638
330.726
330.58
330.667
330.708
330.671
330.663
330.678
330.77
330.73
330.62
330.714
330.615
330.603
330.494
330.621
330.545
330.673
330.563
330.706
330.782
330.767
330.805
330.724
330.765
330.749
330.314
330.287
330.113
330.303
330.222
330.205
330.395
330.314
330.287
330.113
330.303
330.395
330.205
330.222
330.221
330.035
330.02
330.02
330.13
330.112
330.13
329.714
329.951
329.965
329.965
329.87
329.87
329.876
329.651
329.849
329.646
329.646
329.764
329.438
329.764
330.08
330.046
330.231
330.064
330.143
329.971
330.17
330.073
330.037
330.026
330.218
329.955
330.137
330.155
329.978
329.945
329.932
329.748
329.859
330.043
329.867
330.174
330.323
330.316
330.346
330.235
330.265
330.255
330.321
330.31
330.146
330.282
330.251
330.38
330.217
330.472
330.596
330.611
330.571
330.515
330.553
330.529
330.415
330.402
330.427
330.554
330.345
330.496
330.472
330.378
330.34
330.479
330.322
330.422
330.437
330.276
330.041
330.047
330.047
330.19
329.923
330.118
330.118
330.073
330.247
330.225
330.225
330.178
330.178
330.15
330.32
330.31
330.146
330.282
330.251
330.38
330.217
330.472
330.596
330.611
330.571
330.529
330.553
330.515
330.414
330.402
330.427
330.554
330.345
330.472
330.496
330.378
330.34
330.479
330.322
330.437
330.276
330.422
330.65
330.627
330.561
330.753
330.668
330.542
330.734
330.517
330.356
330.315
330.372
330.464
330.41
330.424
330.554
330.478
330.464
330.351
330.572
330.446
330.46
330.409
330.489
330.559
330.517
330.471
330.427
330.5
330.273
330.104
330.227
330.286
330.337
330.156
330.222
330.308
330.39
330.262
330.208
330.373
330.191
330.326
330.374
330.524
330.384
330.413
330.436
330.322
330.465
330.409
330.489
330.559
330.517
330.471
330.427
330.5
330.273
330.104
330.227
330.285
330.156
330.337
330.222
330.308
330.39
330.262
330.208
330.191
330.373
330.326
330.374
330.523
330.384
330.413
330.436
330.465
330.322
330.649
330.638
330.598
330.726
330.58
330.708
330.667
330.671
330.663
330.678
330.77
330.62
330.73
330.714
330.614
330.603
330.494
330.621
330.563
330.545
330.673
330.706
330.782
330.805
330.767
330.765
330.724
330.749
330.649
330.638
330.598
330.726
330.58
330.708
330.667
330.671
330.663
330.678
330.77
330.73
330.62
330.714
330.614
330.603
330.494
330.621
330.545
330.673
330.563
330.706
330.782
330.805
330.767
330.765
330.724
330.749
330.08
330.046
330.231
330.065
330.143
329.972
330.171
330.073
330.037
330.026
330.218
330.137
329.955
330.155
329.978
329.945
329.932
329.748
330.044
329.86
329.867
330.174
330.323
330.316
330.346
330.235
330.255
330.265
330.079
330.045
330.231
330.064
330.142
329.971
330.17
330.073
330.037
330.026
330.217
330.136
329.955
330.154
329.978
329.945
329.932
329.748
330.043
329.859
329.866
330.173
330.323
330.316
330.346
330.235
330.255
330.264
329.714
329.951
329.965
329.965
329.87
329.87
329.876
329.651
329.849
329.646
329.646
329.438
329.764
329.764
330.321
330.31
330.147
330.283
330.252
330.38
330.218
330.472
330.596
330.611
330.571
330.553
330.529
330.515
330.415
330.402
330.427
330.554
330.496
330.345
330.472
330.379
330.34
330.479
330.322
330.438
330.276
330.422
330.32
330.31
330.146
330.282
330.25
330.38
330.217
330.472
330.596
330.611
330.57
330.553
330.529
330.515
330.414
330.402
330.427
330.554
330.496
330.345
330.472
330.378
330.34
330.479
330.321
330.437
330.276
330.422
330.041
330.047
330.047
330.19
329.923
330.119
330.118
330.073
330.247
330.225
330.225
330.178
330.178
330.15
330.502
330.448
330.355
330.543
330.567
330.625
330.604
330.703
330.648
330.544
330.624
330.475
330.438
330.354
330.511
330.378
330.452
330.532
330.547
330.714
330.669
330.634
330.502
330.449
330.355
330.543
330.567
330.626
330.604
330.703
330.648
330.545
330.624
330.475
330.438
330.354
330.512
330.378
330.453
330.532
330.547
330.714
330.669
330.635
330.709
330.533
330.623
330.623
330.892
331.051
330.971
330.971
330.8
330.793
330.714
330.879
330.8
330.793
330.714
330.879
330.796
330.885
330.822
330.868
330.766
330.692
330.802
330.771
330.714
330.744
330.822
330.8
330.875
330.796
330.838
330.818
330.778
330.857
330.779
330.781
330.701
330.832
331.036
330.966
330.948
331.054
331.093
331.121
331.175
331.041
331
330.861
330.912
330.948
331.13
331.23
331.212
331.148
331.036
330.966
330.948
331.054
331.093
331.121
331.041
331.175
331
330.861
330.912
330.948
331.13
331.23
331.148
331.212
330.211
330.359
330.308
330.308
330.205
330.348
330.26
330.26
330.283
330.169
330.283
330.709
330.533
330.623
330.623
330.892
331.051
330.971
330.971
330.8
330.793
330.714
330.879
330.8
330.793
330.88
330.714
330.502
330.449
330.355
330.543
330.567
330.626
330.604
330.703
330.545
330.624
330.648
330.475
330.438
330.354
330.512
330.453
330.378
330.532
330.547
330.714
330.635
330.669
331.036
330.966
330.948
331.054
331.093
331.121
331.175
331.041
331
330.861
330.912
330.948
331.13
331.23
331.212
331.148
330.796
330.885
330.822
330.868
330.766
330.692
330.802
330.771
330.714
330.744
330.822
330.8
330.875
330.796
330.838
330.818
330.778
330.857
330.779
330.782
330.701
330.832
331.036
330.966
331.054
330.948
331.093
331.121
331.175
331.041
331.13
331.23
331.148
331.212
331
330.861
330.912
330.948
331.377
331.415
331.396
331.396
331.301
331.193
331.246
331.246
331.339
331.303
331.357
331.284
331.339
331.303
331.284
331.357
331.377
331.415
331.396
331.396
331.301
331.193
331.246
331.246
331.339
331.303
331.357
331.284
331.339
331.303
331.284
331.357
331.377
331.415
331.396
331.396
331.301
331.193
331.246
331.246
331.339
331.303
331.357
331.284
331.339
331.303
331.357
331.284
330.796
330.885
330.868
330.822
330.766
330.692
330.802
330.771
330.822
330.744
330.714
330.8
330.875
330.838
330.796
330.857
330.778
330.818
330.779
330.782
330.832
330.701
331.036
330.966
331.054
330.948
331.093
331.122
331.041
331.175
331.13
331.23
331.148
331.212
331
330.861
330.948
330.912
330.796
330.885
330.822
330.868
330.766
330.692
330.802
330.771
330.744
330.822
330.714
330.8
330.875
330.796
330.838
330.778
330.818
330.857
330.779
330.782
330.832
330.701
330.709
330.533
330.623
330.623
330.892
331.051
330.971
330.971
330.8
330.793
330.714
330.879
330.8
330.793
330.879
330.714
330.211
330.359
330.308
330.308
330.205
330.348
330.26
330.26
330.283
330.169
330.283
330.502
330.449
330.543
330.355
330.567
330.626
330.604
330.703
330.545
330.624
330.648
330.475
330.438
330.512
330.354
330.452
330.532
330.378
330.547
330.714
330.635
330.669
331.036
330.966
331.054
330.948
331.093
331.121
331.041
331.175
331.13
331.23
331.148
331.212
331
330.861
330.948
330.912
330.796
330.885
330.868
330.822
330.766
330.692
330.802
330.771
330.822
330.744
330.714
330.8
330.875
330.838
330.796
330.857
330.778
330.818
330.779
330.782
330.832
330.701
330.796
330.885
330.868
330.822
330.766
330.692
330.802
330.771
330.744
330.822
330.714
330.8
330.875
330.838
330.796
330.778
330.857
330.818
330.779
330.781
330.832
330.701
330.502
330.449
330.543
330.355
330.567
330.626
330.604
330.703
330.624
330.545
330.648
330.475
330.438
330.512
330.354
330.532
330.453
330.378
330.547
330.714
330.635
330.669
330.502
330.448
330.543
330.355
330.567
330.625
330.604
330.703
330.624
330.544
330.648
330.475
330.438
330.512
330.354
330.532
330.452
330.378
330.547
330.714
330.634
330.669
330.211
330.359
330.308
330.308
330.205
330.348
330.26
330.26
330.169
330.283
330.283
330.274
330.352
330.375
330.375
330.313
330.313
330.336
330.381
330.388
330.411
330.482
330.349
330.42
330.442
330.381
330.388
330.411
330.482
330.349
330.42
330.442
330.274
330.352
330.375
330.375
330.313
330.313
330.336
330.381
330.388
330.411
330.482
330.349
330.42
330.442
330.381
330.388
330.482
330.411
330.42
330.349
330.442
330.489
330.425
330.518
330.518
330.55
330.457
330.457
330.489
330.425
330.518
330.518
330.457
330.457
330.55
330.489
330.425
330.518
330.518
330.457
330.457
330.55
330.489
330.425
330.518
330.518
330.457
330.457
330.55
330.381
330.388
330.411
330.482
330.442
330.349
330.42
330.381
330.388
330.482
330.411
330.42
330.349
330.442
330.274
330.352
330.375
330.375
330.313
330.313
330.336
330.381
330.388
330.482
330.411
330.442
330.42
330.349
330.381
330.388
330.482
330.411
330.42
330.349
330.442
330.274
330.352
330.375
330.375
330.336
330.313
330.313
329.53
329.627
329.643
329.643
329.595
329.578
329.578
329.912
330.014
329.992
330.018
329.954
329.95
329.976
329.678
329.675
329.692
329.788
329.627
329.724
329.743
329.912
330.014
329.992
330.018
329.954
329.95
329.976
329.679
329.675
329.692
329.788
329.627
329.724
329.743
330.045
330.145
330.036
330.062
329.999
330.083
330.108
330.045
330.145
330.036
330.062
329.999
330.083
330.108
329.817
329.722
329.834
329.834
329.77
329.77
329.881
330.014
330.048
330.026
330.12
330.078
329.984
330.056
330.102
330.149
330.17
330.208
330.165
330.106
330.145
330.014
330.048
330.026
330.12
330.056
329.984
330.078
330.102
330.149
330.17
330.208
330.106
330.145
330.165
330.148
330.18
330.071
330.164
330.117
330.101
330.211
330.473
330.575
330.518
330.539
330.478
330.513
330.535
330.237
330.194
330.253
330.304
330.19
330.242
330.3
330.148
330.18
330.071
330.164
330.101
330.117
330.211
330.473
330.575
330.518
330.539
330.478
330.513
330.535
330.237
330.194
330.253
330.304
330.19
330.242
330.3
329.912
330.014
329.992
330.018
329.976
329.95
329.954
329.678
329.675
329.692
329.788
329.743
329.627
329.724
329.53
329.627
329.643
329.643
329.578
329.578
329.595
330.045
330.145
330.036
330.062
330.083
329.999
330.108
330.045
330.145
330.036
330.062
329.999
330.083
330.108
329.817
329.722
329.834
329.834
329.77
329.77
329.881
329.912
330.014
329.992
330.018
329.954
329.95
329.976
329.679
329.675
329.692
329.788
329.627
329.724
329.743
330.014
330.048
330.026
330.12
330.078
329.984
330.057
330.102
330.149
330.208
330.17
330.165
330.145
330.106
330.148
330.18
330.071
330.164
330.118
330.101
330.211
330.473
330.575
330.518
330.539
330.478
330.513
330.535
330.237
330.194
330.253
330.304
330.19
330.242
330.3
330.014
330.048
330.026
330.12
330.057
329.984
330.078
330.102
330.149
330.17
330.208
330.106
330.145
330.165
330.473
330.575
330.518
330.539
330.478
330.513
330.535
330.148
330.18
330.071
330.164
330.101
330.118
330.211
330.237
330.194
330.304
330.253
330.242
330.19
330.3
330.583
330.612
330.555
330.649
330.644
330.55
330.588
330.583
330.612
330.555
330.649
330.644
330.55
330.588
330.679
330.689
330.745
330.745
330.74
330.684
330.684
330.583
330.612
330.555
330.649
330.55
330.588
330.644
330.583
330.612
330.555
330.649
330.588
330.55
330.644
330.679
330.689
330.745
330.745
330.684
330.684
330.74
330.583
330.612
330.555
330.649
330.55
330.588
330.644
330.583
330.612
330.555
330.649
330.588
330.55
330.644
330.679
330.689
330.745
330.745
330.684
330.684
330.74
330.583
330.612
330.555
330.649
330.588
330.55
330.644
330.583
330.612
330.555
330.649
330.588
330.55
330.644
330.679
330.689
330.745
330.745
330.684
330.684
330.74
330.148
330.18
330.071
330.164
330.211
330.118
330.101
330.473
330.575
330.518
330.539
330.535
330.513
330.478
330.237
330.195
330.253
330.304
330.3
330.19
330.242
330.014
330.048
330.026
330.12
329.984
330.057
330.078
330.102
330.149
330.208
330.17
330.145
330.106
330.165
330.473
330.575
330.518
330.539
330.513
330.478
330.535
330.148
330.18
330.071
330.164
330.101
330.118
330.211
330.237
330.195
330.304
330.253
330.242
330.19
330.3
330.014
330.048
330.026
330.12
330.057
329.984
330.078
330.102
330.149
330.17
330.208
330.106
330.145
330.165
329.912
330.014
329.992
330.018
329.976
329.95
329.954
329.679
329.675
329.788
329.692
329.743
329.724
329.627
330.045
330.145
330.036
330.062
330.083
329.999
330.108
330.045
330.145
330.036
330.062
329.999
330.083
330.108
329.817
329.722
329.834
329.834
329.77
329.77
329.881
329.53
329.627
329.643
329.643
329.578
329.578
329.595
329.912
330.014
329.992
330.018
329.954
329.95
329.976
329.679
329.675
329.788
329.692
329.724
329.627
329.743
330.473
330.575
330.518
330.539
330.535
330.513
330.478
330.148
330.18
330.071
330.164
330.211
330.118
330.101
330.237
330.194
330.304
330.253
330.3
330.242
330.19
330.473
330.575
330.518
330.539
330.513
330.478
330.535
330.148
330.18
330.071
330.164
330.101
330.117
330.211
330.237
330.194
330.304
330.253
330.242
330.19
330.3
330.014
330.048
330.026
330.12
329.984
330.057
330.078
330.102
330.149
330.208
330.17
330.145
330.106
330.165
330.014
330.048
330.026
330.12
330.057
329.984
330.078
330.102
330.149
330.208
330.17
330.145
330.106
330.165
330.045
330.145
330.036
330.062
330.108
330.083
329.999
330.045
330.145
330.036
330.062
330.108
330.083
329.999
329.817
329.722
329.834
329.834
329.881
329.77
329.77
329.912
330.014
329.992
330.018
329.95
329.954
329.976
329.679
329.675
329.788
329.692
329.724
329.627
329.743
329.912
330.014
329.992
330.018
329.95
329.954
329.976
329.678
329.675
329.788
329.692
329.724
329.627
329.743
329.53
329.627
329.643
329.643
329.578
329.578
329.595
330.233
330.333
330.226
330.25
330.271
330.295
330.188
330.233
330.333
330.226
330.25
330.271
330.295
330.188
330.191
330.102
330.209
330.209
330.253
330.147
330.147
330.338
330.369
330.262
330.355
330.307
330.4
330.293
330.408
330.509
330.471
330.492
330.447
330.469
330.431
330.365
330.342
330.381
330.45
330.427
330.32
330.388
330.338
330.369
330.262
330.355
330.307
330.4
330.293
330.408
330.509
330.471
330.492
330.447
330.469
330.431
330.365
330.342
330.381
330.45
330.427
330.32
330.388
330.233
330.333
330.226
330.25
330.271
330.295
330.188
330.233
330.333
330.226
330.25
330.271
330.295
330.188
330.191
330.102
330.209
330.209
330.253
330.147
330.147
330.338
330.369
330.262
330.355
330.307
330.4
330.293
330.408
330.509
330.471
330.492
330.447
330.469
330.431
330.365
330.342
330.381
330.45
330.427
330.32
330.388
330.408
330.509
330.471
330.492
330.447
330.469
330.431
330.338
330.369
330.262
330.355
330.307
330.4
330.293
330.365
330.342
330.45
330.381
330.427
330.388
330.32
330.516
330.545
330.601
330.507
330.578
330.484
330.54
330.516
330.545
330.601
330.507
330.578
330.484
330.54
330.544
330.592
330.629
330.629
330.605
330.568
330.568
330.516
330.545
330.507
330.601
330.484
330.578
330.54
330.516
330.545
330.507
330.601
330.484
330.578
330.54
330.544
330.592
330.629
330.629
330.605
330.568
330.568
330.516
330.545
330.507
330.601
330.484
330.578
330.54
330.516
330.545
330.507
330.601
330.484
330.578
330.54
330.544
330.592
330.629
330.629
330.605
330.568
330.568
330.516
330.545
330.507
330.601
330.484
330.578
330.54
330.516
330.545
330.507
330.601
330.484
330.578
330.54
330.544
330.592
330.629
330.629
330.605
330.568
330.568
330.338
330.369
330.355
330.262
330.4
330.307
330.293
330.408
330.509
330.492
330.471
330.469
330.447
330.431
330.365
330.342
330.381
330.45
330.427
330.32
330.388
330.408
330.509
330.471
330.492
330.447
330.469
330.431
330.338
330.369
330.262
330.355
330.307
330.4
330.293
330.365
330.342
330.45
330.381
330.427
330.388
330.32
330.233
330.333
330.226
330.25
330.271
330.295
330.188
330.233
330.333
330.226
330.25
330.271
330.295
330.188
330.191
330.102
330.209
330.209
330.253
330.147
330.147
330.408
330.509
330.492
330.471
330.469
330.447
330.431
330.338
330.369
330.355
330.262
330.4
330.307
330.293
330.365
330.342
330.45
330.381
330.427
330.388
330.32
330.408
330.509
330.471
330.492
330.447
330.469
330.431
330.338
330.369
330.262
330.355
330.307
330.4
330.293
330.365
330.342
330.45
330.381
330.427
330.388
330.32
330.233
330.333
330.25
330.226
330.295
330.271
330.188
330.233
330.333
330.25
330.226
330.295
330.271
330.188
330.191
330.102
330.209
330.209
330.253
330.147
330.147
329.85
329.766
329.766
329.772
329.8
329.819
329.819
329.898
329.826
329.915
329.915
329.868
329.868
329.942
329.691
329.585
329.711
329.711
329.747
329.652
329.652
329.633
329.514
329.525
329.525
329.591
329.591
329.571
330.256
330.231
330.231
330.214
330.252
330.234
330.234
330.29
330.265
330.322
330.311
330.286
330.268
330.327
330.29
330.265
330.323
330.311
330.286
330.268
330.327
330.238
330.197
330.225
330.225
330.246
330.217
330.217
330.226
330.184
330.191
330.191
330.206
330.206
330.211
330.827
330.809
330.812
330.798
330.823
330.812
330.815
330.836
330.818
330.837
330.825
330.833
330.82
330.84
330.776
330.757
330.792
330.781
330.796
330.773
330.759
330.749
330.732
330.718
330.704
330.745
330.734
330.721
330.474
330.453
330.514
330.504
330.471
330.456
330.518
330.422
330.405
330.375
330.358
330.418
330.407
330.377
330.608
330.591
330.565
330.55
330.567
330.604
330.594
330.651
330.631
330.681
330.671
330.648
330.634
330.685
330.827
330.812
330.809
330.799
330.824
330.815
330.812
330.836
330.818
330.837
330.825
330.833
330.82
330.84
330.776
330.757
330.793
330.781
330.796
330.773
330.76
330.749
330.732
330.718
330.704
330.745
330.734
330.721
330.474
330.514
330.453
330.504
330.472
330.518
330.456
330.422
330.405
330.375
330.359
330.418
330.408
330.378
330.608
330.592
330.565
330.55
330.568
330.604
330.594
330.651
330.631
330.682
330.671
330.648
330.634
330.685
329.481
329.592
329.511
329.493
329.546
329.443
329.527
329.481
329.593
329.511
329.494
329.547
329.444
329.528
329.442
329.268
329.459
329.459
329.508
329.389
329.39
329.873
329.975
329.881
329.91
329.843
329.911
329.938
329.871
329.977
329.869
329.891
329.827
329.913
329.935
329.832
329.757
329.87
329.852
329.802
329.788
329.896
329.632
329.644
329.544
329.667
329.579
329.599
329.696
329.73
329.838
329.822
329.844
329.78
329.774
329.794
329.688
329.709
329.724
329.804
329.656
329.74
329.753
329.874
329.975
329.881
329.911
329.843
329.911
329.938
329.872
329.977
329.87
329.891
329.827
329.914
329.936
329.832
329.758
329.87
329.853
329.802
329.788
329.897
329.632
329.644
329.545
329.668
329.579
329.6
329.697
329.73
329.838
329.822
329.844
329.78
329.774
329.795
329.689
329.71
329.725
329.805
329.657
329.74
329.754
330.092
330.192
330.178
330.202
330.14
330.13
330.154
330.004
330.021
329.914
330.023
329.958
329.96
330.067
330.051
330.054
330.161
330.07
330.099
330.007
330.114
330.092
330.192
330.178
330.202
330.14
330.13
330.155
330.004
330.021
329.914
330.023
329.958
329.96
330.067
330.051
330.054
330.161
330.07
330.099
330.007
330.114
329.865
329.882
329.867
329.976
329.819
329.913
329.928
329.865
329.882
329.867
329.976
329.819
329.913
329.928
329.912
330.007
330.022
330.022
329.959
329.96
329.975
329.974
330.009
330.012
329.914
329.944
330.039
329.945
330.04
330.146
330.125
330.104
330.104
330.062
330.082
330
329.992
330.037
330.086
329.97
330.065
330.022
330.062
330.13
330.099
330.036
330.126
330.031
330.066
330.093
330.199
330.143
330.122
330.156
330.079
330.136
330.053
330.009
330.09
330.104
330.117
330.023
330.04
329.974
330.009
329.914
330.012
329.944
329.945
330.039
330.04
330.146
330.104
330.125
330.062
330.082
330.104
330
329.992
330.037
330.086
329.97
330.022
330.065
330.062
330.13
330.036
330.099
330.066
330.031
330.126
330.093
330.199
330.122
330.143
330.079
330.136
330.156
330.053
330.009
330.09
330.104
330.023
330.04
330.117
330.196
330.227
330.213
330.306
330.244
330.165
330.258
330.174
330.19
330.149
330.259
330.127
330.197
330.237
330.222
330.293
330.333
330.307
330.271
330.245
330.284
330.464
330.565
330.49
330.511
330.45
330.504
330.525
330.43
330.497
330.389
330.446
330.384
330.435
330.492
330.421
330.361
330.469
330.437
330.407
330.375
330.483
330.228
330.244
330.168
330.277
330.181
330.215
330.291
330.286
330.352
330.339
330.397
330.335
330.29
330.348
330.277
330.312
330.325
330.387
330.263
330.326
330.339
330.196
330.227
330.213
330.306
330.244
330.165
330.258
330.174
330.19
330.149
330.259
330.127
330.197
330.237
330.222
330.293
330.333
330.307
330.271
330.245
330.284
330.464
330.565
330.49
330.511
330.45
330.504
330.525
330.43
330.497
330.389
330.446
330.435
330.384
330.492
330.421
330.361
330.469
330.437
330.407
330.375
330.483
330.228
330.244
330.168
330.277
330.181
330.215
330.291
330.286
330.352
330.339
330.397
330.29
330.335
330.348
330.277
330.312
330.325
330.387
330.263
330.326
330.339
329.873
329.975
329.91
329.881
329.843
329.938
329.911
329.871
329.977
329.891
329.869
329.935
329.827
329.914
329.832
329.757
329.87
329.852
329.802
329.896
329.788
329.632
329.644
329.667
329.544
329.696
329.599
329.579
329.73
329.838
329.844
329.822
329.794
329.78
329.774
329.688
329.709
329.724
329.804
329.753
329.656
329.74
329.481
329.593
329.493
329.511
329.527
329.443
329.546
329.481
329.593
329.494
329.511
329.444
329.528
329.547
329.442
329.268
329.459
329.459
329.389
329.39
329.508
330.092
330.192
330.178
330.202
330.14
330.13
330.154
330.004
330.021
329.914
330.023
329.958
329.96
330.067
330.051
330.054
330.161
330.07
330.099
330.007
330.114
330.092
330.192
330.178
330.202
330.14
330.13
330.155
330.004
330.021
329.914
330.023
329.96
329.958
330.067
330.051
330.054
330.161
330.07
330.099
330.007
330.114
329.865
329.882
329.867
329.976
329.819
329.913
329.928
329.865
329.882
329.867
329.976
329.913
329.819
329.928
329.912
330.007
330.022
330.022
329.959
329.96
329.975
329.874
329.975
329.881
329.911
329.843
329.911
329.938
329.872
329.977
329.87
329.891
329.914
329.827
329.936
329.832
329.758
329.87
329.853
329.802
329.788
329.897
329.632
329.644
329.545
329.668
329.579
329.6
329.697
329.73
329.838
329.822
329.844
329.774
329.78
329.795
329.689
329.71
329.725
329.805
329.657
329.74
329.754
329.975
330.009
330.012
329.915
329.944
330.039
329.945
330.04
330.146
330.126
330.105
330.104
330.062
330.083
330.001
329.992
330.037
330.086
329.97
330.065
330.022
330.093
330.199
330.143
330.122
330.157
330.08
330.136
330.062
330.131
330.099
330.036
330.126
330.031
330.066
330.053
330.009
330.104
330.09
330.117
330.04
330.023
330.196
330.227
330.213
330.306
330.244
330.165
330.258
330.174
330.19
330.15
330.259
330.128
330.197
330.237
330.222
330.293
330.333
330.307
330.271
330.245
330.285
330.464
330.565
330.49
330.511
330.45
330.504
330.525
330.43
330.497
330.389
330.446
330.384
330.435
330.492
330.421
330.361
330.469
330.437
330.407
330.375
330.483
330.228
330.244
330.168
330.277
330.181
330.215
330.291
330.286
330.352
330.339
330.397
330.335
330.29
330.348
330.277
330.312
330.325
330.388
330.263
330.326
330.339
329.975
330.009
329.914
330.012
329.944
329.945
330.039
330.04
330.146
330.104
330.125
330.062
330.083
330.104
330.001
329.992
330.037
330.086
329.97
330.022
330.065
330.062
330.13
330.036
330.099
330.066
330.031
330.126
330.093
330.199
330.122
330.143
330.08
330.136
330.156
330.053
330.009
330.09
330.104
330.023
330.04
330.117
330.464
330.565
330.49
330.511
330.45
330.504
330.525
330.43
330.497
330.389
330.446
330.435
330.384
330.492
330.421
330.361
330.469
330.437
330.407
330.375
330.483
330.196
330.227
330.213
330.306
330.244
330.165
330.258
330.174
330.19
330.15
330.259
330.127
330.197
330.237
330.222
330.293
330.333
330.307
330.271
330.245
330.285
330.286
330.352
330.339
330.397
330.29
330.335
330.348
330.228
330.244
330.168
330.277
330.181
330.215
330.291
330.277
330.312
330.388
330.325
330.326
330.263
330.339
330.573
330.602
330.62
330.527
330.559
330.635
330.541
330.611
330.677
330.696
330.64
330.672
330.635
330.616
330.602
330.611
330.648
330.687
330.587
330.663
330.625
330.573
330.602
330.62
330.527
330.559
330.635
330.541
330.611
330.677
330.696
330.64
330.672
330.635
330.616
330.602
330.611
330.648
330.687
330.587
330.663
330.625
330.669
330.735
330.716
330.66
330.73
330.655
330.674
330.669
330.735
330.716
330.66
330.73
330.655
330.674
330.66
330.63
330.706
330.706
330.721
330.645
330.645
330.573
330.602
330.527
330.62
330.559
330.541
330.635
330.611
330.677
330.64
330.696
330.616
330.635
330.672
330.602
330.611
330.648
330.687
330.587
330.625
330.663
330.573
330.602
330.527
330.62
330.559
330.541
330.635
330.611
330.677
330.64
330.696
330.635
330.616
330.672
330.602
330.611
330.648
330.687
330.587
330.625
330.663
330.669
330.735
330.66
330.716
330.674
330.655
330.73
330.669
330.735
330.66
330.716
330.655
330.674
330.73
330.66
330.63
330.706
330.706
330.645
330.645
330.721
330.573
330.602
330.527
330.62
330.559
330.541
330.635
330.611
330.677
330.64
330.696
330.616
330.635
330.672
330.602
330.611
330.648
330.687
330.587
330.625
330.663
330.573
330.602
330.527
330.62
330.559
330.541
330.635
330.611
330.677
330.64
330.696
330.635
330.616
330.672
330.602
330.611
330.648
330.687
330.587
330.625
330.663
330.669
330.735
330.66
330.716
330.674
330.655
330.73
330.669
330.735
330.66
330.716
330.655
330.674
330.73
330.66
330.63
330.706
330.706
330.645
330.645
330.721
330.573
330.602
330.527
330.62
330.559
330.541
330.635
330.611
330.677
330.64
330.696
330.616
330.635
330.672
330.602
330.611
330.648
330.687
330.587
330.625
330.663
330.573
330.602
330.527
330.62
330.559
330.541
330.635
330.611
330.677
330.64
330.696
330.616
330.635
330.672
330.602
330.611
330.648
330.687
330.587
330.625
330.663
330.669
330.735
330.66
330.716
330.674
330.655
330.73
330.669
330.735
330.66
330.716
330.674
330.655
330.73
330.66
330.63
330.706
330.706
330.645
330.645
330.721
330.196
330.227
330.306
330.213
330.244
330.258
330.165
330.174
330.19
330.259
330.15
330.237
330.197
330.128
330.222
330.293
330.333
330.307
330.271
330.285
330.245
330.464
330.565
330.511
330.49
330.45
330.525
330.504
330.43
330.497
330.446
330.389
330.492
330.384
330.435
330.421
330.361
330.469
330.437
330.407
330.483
330.375
330.228
330.244
330.277
330.168
330.291
330.215
330.181
330.286
330.352
330.397
330.339
330.348
330.335
330.29
330.277
330.312
330.325
330.388
330.339
330.263
330.326
329.975
330.009
329.915
330.012
329.944
329.945
330.039
330.04
330.146
330.105
330.126
330.083
330.062
330.104
330.001
329.992
330.037
330.086
329.97
330.022
330.065
330.093
330.199
330.122
330.143
330.136
330.08
330.157
330.062
330.131
330.036
330.099
330.031
330.066
330.126
330.053
330.009
330.104
330.09
330.04
330.023
330.117
330.464
330.565
330.49
330.511
330.45
330.504
330.525
330.43
330.497
330.389
330.446
330.435
330.384
330.492
330.421
330.361
330.469
330.437
330.407
330.375
330.483
330.196
330.227
330.213
330.306
330.244
330.165
330.258
330.174
330.19
330.15
330.259
330.197
330.128
330.237
330.222
330.293
330.333
330.307
330.271
330.245
330.285
330.286
330.352
330.339
330.397
330.29
330.335
330.348
330.228
330.244
330.168
330.277
330.215
330.181
330.291
330.277
330.312
330.388
330.325
330.326
330.263
330.339
329.975
330.009
329.915
330.012
329.944
329.945
330.039
330.04
330.146
330.105
330.126
330.083
330.062
330.104
330.001
329.992
330.037
330.086
329.97
330.022
330.065
330.062
330.131
330.036
330.099
330.066
330.031
330.126
330.093
330.199
330.122
330.143
330.136
330.08
330.157
330.053
330.009
330.09
330.104
330.023
330.04
330.117
329.873
329.975
329.91
329.881
329.843
329.938
329.911
329.871
329.977
329.891
329.87
329.935
329.827
329.914
329.832
329.757
329.87
329.852
329.802
329.897
329.788
329.73
329.838
329.844
329.822
329.794
329.78
329.774
329.632
329.644
329.667
329.544
329.697
329.599
329.579
329.688
329.71
329.805
329.724
329.753
329.74
329.657
330.092
330.192
330.178
330.202
330.14
330.13
330.155
330.004
330.021
329.914
330.023
329.958
329.96
330.067
330.051
330.054
330.161
330.07
330.099
330.007
330.114
330.092
330.192
330.178
330.202
330.14
330.13
330.155
330.004
330.021
329.914
330.023
329.96
329.958
330.067
330.051
330.054
330.161
330.07
330.099
330.007
330.114
329.865
329.882
329.867
329.976
329.819
329.913
329.928
329.865
329.882
329.867
329.976
329.913
329.819
329.928
329.912
330.007
330.022
330.022
329.96
329.96
329.975
329.481
329.593
329.493
329.511
329.528
329.443
329.547
329.481
329.593
329.493
329.511
329.444
329.528
329.547
329.442
329.268
329.459
329.459
329.389
329.389
329.508
329.873
329.975
329.881
329.91
329.843
329.911
329.938
329.871
329.977
329.87
329.891
329.914
329.827
329.935
329.832
329.757
329.87
329.852
329.802
329.788
329.897
329.73
329.838
329.822
329.844
329.774
329.78
329.794
329.632
329.644
329.545
329.668
329.579
329.599
329.697
329.689
329.71
329.805
329.724
329.74
329.657
329.753
330.464
330.565
330.511
330.49
330.45
330.525
330.504
330.43
330.497
330.446
330.389
330.492
330.384
330.435
330.421
330.361
330.469
330.437
330.407
330.483
330.375
330.196
330.227
330.306
330.213
330.244
330.258
330.165
330.174
330.19
330.259
330.15
330.237
330.197
330.127
330.222
330.293
330.333
330.307
330.271
330.285
330.245
330.286
330.352
330.397
330.339
330.348
330.335
330.29
330.228
330.244
330.277
330.168
330.291
330.215
330.181
330.277
330.312
330.388
330.325
330.339
330.326
330.263
330.464
330.565
330.49
330.511
330.45
330.504
330.525
330.43
330.497
330.389
330.446
330.435
330.384
330.492
330.421
330.361
330.469
330.437
330.407
330.375
330.483
330.196
330.227
330.213
330.306
330.244
330.165
330.258
330.174
330.19
330.149
330.259
330.197
330.127
330.237
330.222
330.293
330.333
330.307
330.271
330.245
330.284
330.286
330.352
330.339
330.397
330.29
330.335
330.348
330.228
330.244
330.168
330.277
330.215
330.181
330.291
330.277
330.312
330.388
330.325
330.326
330.263
330.339
329.975
330.009
329.914
330.012
329.944
329.945
330.039
330.04
330.146
330.104
330.125
330.083
330.062
330.104
330.001
329.992
330.037
330.086
329.97
330.022
330.065
330.093
330.199
330.122
330.143
330.136
330.08
330.156
330.062
330.13
330.036
330.099
330.031
330.066
330.126
330.053
330.009
330.104
330.09
330.04
330.023
330.117
329.974
330.009
329.914
330.012
329.944
329.945
330.039
330.04
330.146
330.104
330.125
330.082
330.062
330.104
330
329.992
330.037
330.086
329.97
330.022
330.065
330.093
330.199
330.122
330.143
330.136
330.08
330.156
330.062
330.13
330.036
330.099
330.066
330.031
330.126
330.053
330.009
330.104
330.09
330.04
330.023
330.117
330.092
330.192
330.202
330.178
330.14
330.155
330.13
330.004
330.021
330.023
329.914
330.067
329.96
329.958
330.051
330.054
330.161
330.07
330.099
330.114
330.007
330.092
330.192
330.202
330.178
330.14
330.154
330.13
330.004
330.021
330.023
329.914
330.067
329.96
329.958
330.051
330.054
330.161
330.07
330.099
330.114
330.007
329.865
329.882
329.976
329.867
329.928
329.913
329.819
329.865
329.882
329.976
329.867
329.928
329.913
329.819
329.912
330.007
330.022
330.022
329.975
329.96
329.959
329.874
329.975
329.881
329.911
329.843
329.911
329.938
329.872
329.977
329.87
329.891
329.914
329.827
329.936
329.832
329.758
329.87
329.853
329.802
329.788
329.897
329.73
329.838
329.822
329.844
329.774
329.78
329.795
329.632
329.644
329.545
329.668
329.6
329.579
329.697
329.689
329.71
329.805
329.725
329.74
329.657
329.754
329.873
329.975
329.881
329.91
329.843
329.911
329.938
329.871
329.977
329.869
329.891
329.914
329.827
329.935
329.832
329.757
329.87
329.852
329.802
329.788
329.896
329.73
329.838
329.822
329.844
329.774
329.78
329.794
329.632
329.644
329.544
329.667
329.599
329.579
329.696
329.688
329.71
329.804
329.724
329.74
329.657
329.753
329.481
329.593
329.494
329.511
329.528
329.444
329.547
329.481
329.593
329.493
329.511
329.527
329.443
329.546
329.442
329.268
329.459
329.459
329.39
329.389
329.508
330.059
330.005
330.069
330.069
330.035
330.035
330.091
330.023
329.966
329.957
329.958
329.984
329.998
329.998
330.148
330.102
330.099
330.099
330.121
330.127
330.127
330.172
330.128
330.173
330.173
330.193
330.151
330.151
329.85
329.766
329.766
329.772
329.8
329.819
329.819
329.898
329.826
329.915
329.915
329.868
329.868
329.942
329.691
329.711
329.585
329.711
329.747
329.652
329.652
329.633
329.514
329.525
329.525
329.571
329.591
329.591
330.059
330.005
330.069
330.069
330.035
330.035
330.091
330.023
329.966
329.957
329.958
329.984
329.998
329.998
330.148
330.099
330.099
330.102
330.121
330.127
330.127
330.172
330.128
330.173
330.173
330.151
330.151
330.193
329.85
329.766
329.766
329.772
329.8
329.819
329.819
329.898
329.826
329.915
329.915
329.868
329.868
329.942
329.691
329.711
329.585
329.711
329.747
329.652
329.652
329.633
329.514
329.525
329.525
329.571
329.591
329.591
330.059
330.005
330.069
330.069
330.035
330.035
330.091
330.023
329.966
329.958
329.958
329.984
329.998
329.998
330.148
330.099
330.099
330.102
330.121
330.127
330.127
330.172
330.128
330.173
330.173
330.151
330.151
330.193
329.85
329.766
329.766
329.772
329.8
329.819
329.819
329.898
329.826
329.915
329.915
329.868
329.868
329.942
329.691
329.585
329.711
329.711
329.747
329.652
329.652
329.633
329.514
329.525
329.525
329.572
329.591
329.591
330.059
330.005
330.069
330.069
330.035
330.035
330.091
330.023
329.966
329.958
329.958
329.984
329.998
329.998
330.148
330.099
330.099
330.102
330.121
330.127
330.127
330.172
330.128
330.173
330.173
330.151
330.151
330.193
330.474
330.453
330.514
330.504
330.471
330.456
330.518
330.422
330.405
330.375
330.358
330.377
330.418
330.407
330.608
330.591
330.565
330.55
330.567
330.604
330.594
330.651
330.631
330.681
330.671
330.685
330.648
330.634
330.474
330.453
330.515
330.505
330.472
330.457
330.519
330.422
330.406
330.375
330.359
330.378
330.418
330.408
330.608
330.592
330.565
330.55
330.568
330.604
330.594
330.651
330.631
330.682
330.671
330.685
330.648
330.634
330.827
330.809
330.812
330.798
330.823
330.812
330.815
330.836
330.818
330.837
330.825
330.84
330.833
330.82
330.776
330.757
330.792
330.781
330.796
330.773
330.759
330.749
330.732
330.718
330.704
330.721
330.745
330.734
330.256
330.231
330.231
330.214
330.252
330.234
330.234
330.29
330.265
330.322
330.311
330.327
330.286
330.268
330.29
330.265
330.323
330.311
330.286
330.268
330.327
330.238
330.225
330.197
330.225
330.246
330.217
330.217
330.226
330.184
330.191
330.191
330.211
330.206
330.206
330.474
330.453
330.515
330.505
330.472
330.457
330.519
330.422
330.406
330.375
330.359
330.378
330.418
330.408
330.608
330.565
330.55
330.592
330.568
330.604
330.594
330.651
330.631
330.682
330.671
330.648
330.634
330.685
330.827
330.809
330.812
330.798
330.823
330.812
330.815
330.836
330.818
330.837
330.825
330.84
330.833
330.82
330.776
330.757
330.793
330.781
330.796
330.773
330.76
330.749
330.732
330.718
330.704
330.721
330.745
330.734
330.827
330.812
330.809
330.799
330.824
330.815
330.812
330.836
330.818
330.837
330.825
330.833
330.82
330.84
330.776
330.793
330.757
330.781
330.796
330.773
330.76
330.749
330.732
330.718
330.704
330.721
330.745
330.734
330.827
330.809
330.812
330.799
330.824
330.812
330.815
330.836
330.818
330.837
330.825
330.84
330.833
330.82
330.776
330.793
330.781
330.757
330.796
330.773
330.76
330.749
330.732
330.718
330.704
330.745
330.734
330.721
330.256
330.231
330.231
330.214
330.252
330.234
330.234
330.29
330.265
330.322
330.311
330.327
330.286
330.268
330.29
330.265
330.323
330.311
330.286
330.268
330.327
330.238
330.225
330.197
330.225
330.246
330.217
330.217
330.226
330.184
330.191
330.191
330.211
330.206
330.206
330.474
330.514
330.453
330.504
330.472
330.518
330.456
330.422
330.405
330.375
330.359
330.378
330.418
330.408
330.608
330.565
330.55
330.592
330.568
330.604
330.594
330.651
330.631
330.682
330.671
330.648
330.634
330.685
330.827
330.812
330.809
330.798
330.823
330.815
330.812
330.836
330.818
330.837
330.825
330.833
330.82
330.84
330.776
330.793
330.757
330.781
330.796
330.773
330.76
330.749
330.732
330.718
330.704
330.721
330.745
330.734
330.827
330.812
330.809
330.798
330.823
330.815
330.812
330.836
330.818
330.837
330.825
330.84
330.833
330.82
330.776
330.792
330.781
330.757
330.796
330.773
330.759
330.749
330.732
330.718
330.704
330.745
330.734
330.721
330.474
330.515
330.453
330.505
330.472
330.519
330.457
330.422
330.406
330.375
330.359
330.418
330.408
330.378
330.608
330.565
330.592
330.55
330.568
330.604
330.594
330.651
330.631
330.682
330.671
330.685
330.648
330.634
330.474
330.514
330.453
330.504
330.471
330.518
330.456
330.422
330.405
330.375
330.358
330.418
330.407
330.377
330.608
330.565
330.591
330.55
330.568
330.604
330.594
330.651
330.631
330.681
330.671
330.685
330.648
330.634
330.256
330.231
330.231
330.214
330.252
330.234
330.234
330.29
330.265
330.323
330.311
330.327
330.286
330.268
330.29
330.265
330.322
330.311
330.327
330.286
330.268
330.238
330.197
330.225
330.225
330.246
330.217
330.217
330.226
330.184
330.191
330.191
330.211
330.206
330.206
331.22
331.069
331.249
331.249
331.144
331.144
331.325
331.22
331.069
331.249
331.249
331.144
331.144
331.325
331.22
331.069
331.249
331.249
331.144
331.144
331.325
331.22
331.069
331.249
331.249
331.144
331.144
331.325
)
;

boundaryField
{
    chip
    {
        type            zeroGradient;
    }
    chip_to_dbc_cu_top
    {
        type            compressible::turbulentTemperatureRadCoupledMixed;
        refValue        nonuniform List<scalar> 
1600
(
306.628
306.778
306.702
306.702
306.816
306.84
306.763
306.894
306.816
306.84
306.763
306.894
306.628
306.778
306.702
306.702
306.816
306.84
306.763
306.894
306.816
306.84
306.894
306.763
307.014
306.903
306.958
306.958
307.014
306.903
306.958
306.958
307.014
306.903
306.958
306.958
307.014
306.903
306.958
306.958
306.816
306.84
306.763
306.894
306.816
306.84
306.894
306.763
306.628
306.778
306.702
306.702
306.816
306.84
306.894
306.763
306.816
306.84
306.894
306.763
306.628
306.778
306.702
306.702
304.624
304.98
304.795
304.795
305.49
305.772
305.711
305.547
305.05
305.118
304.927
305.249
305.49
305.772
305.711
305.547
305.05
305.118
304.927
305.249
306.052
305.951
305.889
306.117
306.052
305.951
305.889
306.117
305.55
305.269
305.406
305.406
305.636
305.821
305.595
305.865
305.753
305.992
305.759
305.986
305.636
305.821
305.865
305.595
305.753
305.992
305.759
305.986
306.219
306.004
306.171
306.049
306.965
307.053
306.973
307.045
306.349
306.181
306.175
306.355
306.219
306.004
306.049
306.171
306.965
307.053
306.973
307.045
306.349
306.181
306.175
306.355
305.49
305.772
305.547
305.711
305.05
305.118
304.927
305.249
304.624
304.98
304.795
304.795
306.052
305.951
306.117
305.889
306.052
305.951
305.889
306.117
305.55
305.269
305.406
305.406
305.49
305.772
305.711
305.547
305.05
305.118
304.927
305.249
305.636
305.821
305.595
305.865
305.753
305.992
305.986
305.759
306.219
306.004
306.171
306.049
306.965
307.053
306.973
307.045
306.349
306.181
306.175
306.355
305.636
305.821
305.865
305.595
305.753
305.992
305.759
305.986
306.965
307.053
306.973
307.045
306.219
306.004
306.049
306.171
306.349
306.181
306.355
306.175
307.17
307.119
307.112
307.177
307.17
307.119
307.112
307.177
307.331
307.347
307.339
307.339
307.17
307.119
307.112
307.177
307.17
307.119
307.177
307.112
307.331
307.347
307.339
307.339
307.17
307.119
307.112
307.177
307.17
307.119
307.177
307.112
307.331
307.347
307.339
307.339
307.17
307.119
307.177
307.112
307.17
307.119
307.177
307.112
307.331
307.347
307.339
307.339
306.219
306.004
306.171
306.049
306.965
307.053
307.045
306.973
306.349
306.181
306.175
306.355
305.636
305.821
305.595
305.865
305.753
305.992
305.986
305.759
306.965
307.053
307.045
306.973
306.219
306.004
306.049
306.171
306.349
306.181
306.355
306.175
305.636
305.821
305.865
305.595
305.753
305.992
305.759
305.986
305.49
305.772
305.547
305.711
305.05
305.118
305.249
304.927
306.052
305.951
306.117
305.889
306.052
305.951
305.889
306.117
305.55
305.269
305.406
305.406
304.624
304.98
304.795
304.795
305.49
305.772
305.711
305.547
305.05
305.118
305.249
304.927
306.965
307.053
307.045
306.973
306.219
306.004
306.171
306.049
306.349
306.181
306.355
306.175
306.965
307.053
307.045
306.973
306.219
306.004
306.049
306.171
306.349
306.181
306.355
306.175
305.636
305.821
305.595
305.865
305.753
305.992
305.986
305.759
305.636
305.821
305.865
305.595
305.753
305.992
305.986
305.759
306.052
305.951
306.117
305.889
306.052
305.951
306.117
305.889
305.55
305.269
305.406
305.406
305.49
305.772
305.547
305.711
305.05
305.118
305.249
304.927
305.49
305.772
305.547
305.711
305.05
305.118
305.249
304.927
304.624
304.98
304.795
304.795
306.455
306.263
306.357
306.357
306.54
306.512
306.613
306.441
306.54
306.512
306.613
306.441
306.77
306.702
306.666
306.807
306.726
306.571
306.673
306.622
306.863
306.979
306.941
306.9
306.77
306.702
306.666
306.807
306.726
306.571
306.673
306.622
306.863
306.979
306.941
306.9
306.455
306.263
306.357
306.357
306.54
306.512
306.613
306.441
306.54
306.512
306.613
306.441
306.77
306.702
306.666
306.807
306.726
306.571
306.673
306.622
306.863
306.979
306.941
306.9
306.77
306.702
306.807
306.666
306.863
306.979
306.941
306.9
306.726
306.571
306.673
306.622
307.111
307.19
307.15
307.15
307.062
307.044
307.006
307.101
307.062
307.044
307.006
307.101
307.111
307.19
307.15
307.15
307.062
307.044
307.006
307.101
307.062
307.044
307.006
307.101
307.111
307.19
307.15
307.15
307.062
307.044
307.006
307.101
307.062
307.044
307.006
307.101
307.111
307.19
307.15
307.15
307.062
307.044
307.006
307.101
307.062
307.044
307.006
307.101
306.77
306.702
306.666
306.807
306.726
306.571
306.673
306.622
306.863
306.979
306.941
306.9
306.77
306.702
306.807
306.666
306.863
306.979
306.941
306.9
306.726
306.571
306.673
306.622
306.455
306.263
306.357
306.357
306.54
306.512
306.613
306.441
306.54
306.512
306.613
306.441
306.77
306.702
306.807
306.666
306.863
306.979
306.941
306.9
306.726
306.571
306.673
306.622
306.77
306.702
306.807
306.666
306.863
306.979
306.941
306.9
306.726
306.571
306.673
306.622
306.455
306.263
306.357
306.357
306.54
306.512
306.613
306.441
306.54
306.512
306.613
306.441
304.228
303.766
303.953
303.953
304.41
304.271
304.14
304.571
304.41
304.271
304.14
304.571
305.164
304.766
304.828
305.091
305.226
304.94
304.893
305.282
305.422
305.561
305.346
305.641
304.917
304.682
304.604
305.011
304.814
304.4
304.696
304.498
305.164
305.473
305.262
305.369
305.164
304.766
304.828
305.091
305.226
304.94
304.893
305.282
305.422
305.561
305.346
305.641
304.917
304.682
304.604
305.011
304.814
304.4
304.696
304.498
305.164
305.473
305.262
305.369
306.121
306.156
306.248
306.032
306.201
306.4
306.33
306.268
305.976
305.732
305.815
305.889
306.121
306.156
306.248
306.032
306.201
306.4
306.33
306.268
305.977
305.732
305.815
305.889
305.815
306.054
305.932
305.932
305.679
305.638
305.53
305.792
305.679
305.638
305.53
305.792
305.401
305.081
305.057
305.429
305.367
304.988
305.022
305.327
305.672
305.933
305.701
305.902
305.467
305.105
305.119
305.451
305.478
305.135
305.13
305.484
305.741
305.956
305.724
305.974
305.401
305.081
305.057
305.429
305.367
304.988
305.022
305.327
305.672
305.933
305.701
305.902
305.467
305.105
305.119
305.451
305.478
305.135
305.484
305.13
305.741
305.956
305.724
305.974
306.414
306.584
306.549
306.448
306.372
306.456
306.506
306.323
306.258
306.119
306.087
306.291
306.857
306.73
306.835
306.75
306.951
307.008
306.929
307.031
306.871
306.771
306.764
306.878
306.493
306.611
306.474
306.631
306.336
306.144
306.162
306.317
306.507
306.652
306.645
306.513
306.414
306.584
306.549
306.448
306.372
306.456
306.506
306.323
306.258
306.119
306.087
306.291
306.857
306.73
306.835
306.75
306.951
307.008
306.929
307.031
306.871
306.771
306.878
306.764
306.493
306.611
306.474
306.631
306.336
306.144
306.162
306.317
306.507
306.652
306.513
306.645
305.164
304.766
304.828
305.091
305.226
304.94
304.893
305.282
305.422
305.561
305.346
305.641
304.917
304.682
304.604
305.011
304.814
304.4
304.498
304.696
305.164
305.473
305.262
305.369
304.228
303.766
303.953
303.953
304.41
304.271
304.571
304.14
304.41
304.271
304.14
304.571
306.121
306.156
306.248
306.032
306.201
306.4
306.33
306.268
305.976
305.732
305.815
305.889
306.121
306.156
306.248
306.032
306.201
306.4
306.33
306.268
305.977
305.732
305.889
305.815
305.815
306.054
305.932
305.932
305.679
305.638
305.53
305.792
305.679
305.638
305.792
305.53
305.164
304.766
304.828
305.091
305.226
304.94
304.893
305.282
305.422
305.561
305.641
305.346
304.917
304.682
304.604
305.011
304.814
304.4
304.696
304.498
305.164
305.473
305.369
305.262
305.401
305.081
305.057
305.429
305.367
304.988
305.022
305.327
305.672
305.933
305.702
305.902
305.467
305.105
305.451
305.119
305.741
305.956
305.724
305.974
305.478
305.135
305.13
305.484
306.414
306.584
306.549
306.448
306.372
306.456
306.506
306.323
306.258
306.119
306.087
306.291
306.857
306.73
306.835
306.75
306.951
307.008
306.929
307.031
306.871
306.771
306.764
306.878
306.493
306.611
306.474
306.631
306.336
306.144
306.162
306.317
306.507
306.652
306.645
306.513
305.401
305.081
305.057
305.429
305.367
304.988
305.022
305.327
305.672
305.933
305.702
305.902
305.467
305.105
305.119
305.451
305.478
305.135
305.484
305.13
305.741
305.956
305.724
305.974
306.857
306.73
306.835
306.75
306.951
307.008
306.929
307.031
306.871
306.771
306.878
306.764
306.414
306.584
306.549
306.448
306.372
306.456
306.506
306.323
306.258
306.119
306.087
306.291
306.493
306.611
306.631
306.474
306.507
306.652
306.513
306.645
306.336
306.144
306.162
306.317
307.204
307.221
307.181
307.244
307.154
307.074
307.132
307.097
307.219
307.268
307.26
307.227
307.204
307.221
307.181
307.244
307.154
307.074
307.132
307.097
307.219
307.268
307.26
307.227
307.299
307.252
307.276
307.276
307.315
307.299
307.291
307.323
307.315
307.299
307.291
307.323
307.204
307.221
307.181
307.244
307.154
307.074
307.132
307.097
307.219
307.268
307.227
307.26
307.204
307.221
307.181
307.244
307.154
307.074
307.132
307.097
307.219
307.268
307.26
307.227
307.299
307.252
307.276
307.276
307.315
307.299
307.323
307.291
307.315
307.299
307.291
307.323
307.204
307.221
307.181
307.244
307.154
307.074
307.132
307.097
307.219
307.268
307.227
307.26
307.204
307.221
307.181
307.244
307.154
307.074
307.132
307.097
307.219
307.268
307.26
307.227
307.299
307.252
307.276
307.276
307.315
307.299
307.323
307.291
307.315
307.299
307.291
307.323
307.204
307.221
307.181
307.244
307.154
307.074
307.132
307.097
307.219
307.268
307.227
307.26
307.204
307.221
307.181
307.244
307.154
307.074
307.132
307.097
307.219
307.268
307.227
307.26
307.299
307.252
307.276
307.276
307.315
307.299
307.323
307.291
307.315
307.299
307.323
307.291
306.414
306.584
306.549
306.448
306.372
306.456
306.506
306.323
306.258
306.119
306.291
306.087
306.857
306.73
306.835
306.75
306.951
307.008
306.929
307.031
306.871
306.771
306.764
306.878
306.493
306.611
306.474
306.631
306.336
306.144
306.317
306.162
306.507
306.652
306.645
306.513
305.401
305.081
305.057
305.429
305.367
304.988
305.022
305.327
305.672
305.933
305.902
305.702
305.467
305.105
305.451
305.119
305.741
305.956
305.974
305.724
305.478
305.135
305.13
305.484
306.857
306.73
306.835
306.75
306.951
307.008
306.929
307.031
306.871
306.771
306.878
306.764
306.414
306.584
306.549
306.448
306.372
306.456
306.506
306.323
306.258
306.119
306.291
306.087
306.493
306.611
306.631
306.474
306.507
306.652
306.513
306.645
306.336
306.144
306.317
306.162
305.401
305.081
305.057
305.429
305.367
304.988
305.022
305.327
305.672
305.933
305.902
305.702
305.467
305.105
305.119
305.451
305.478
305.135
305.484
305.13
305.741
305.956
305.974
305.724
305.164
304.766
304.828
305.091
305.226
304.94
304.893
305.282
305.422
305.561
305.346
305.641
304.917
304.682
305.011
304.604
305.164
305.473
305.262
305.369
304.814
304.4
304.498
304.696
306.121
306.156
306.248
306.032
306.201
306.4
306.33
306.268
305.976
305.732
305.815
305.889
306.121
306.156
306.248
306.032
306.201
306.4
306.33
306.268
305.976
305.732
305.889
305.815
305.815
306.054
305.932
305.932
305.679
305.638
305.53
305.792
305.679
305.638
305.792
305.53
304.228
303.766
303.953
303.953
304.41
304.271
304.571
304.14
304.41
304.271
304.14
304.571
305.164
304.766
304.828
305.091
305.226
304.94
304.893
305.282
305.422
305.561
305.641
305.346
304.917
304.682
305.011
304.604
305.164
305.473
305.369
305.262
304.814
304.4
304.696
304.498
306.857
306.73
306.835
306.75
306.951
307.008
306.929
307.031
306.871
306.771
306.764
306.878
306.414
306.584
306.549
306.448
306.372
306.456
306.506
306.323
306.258
306.119
306.291
306.087
306.493
306.611
306.631
306.474
306.507
306.652
306.645
306.513
306.336
306.144
306.317
306.162
306.857
306.73
306.835
306.75
306.951
307.008
306.929
307.031
306.871
306.771
306.878
306.764
306.414
306.584
306.549
306.448
306.372
306.456
306.506
306.323
306.258
306.119
306.291
306.087
306.493
306.611
306.631
306.474
306.507
306.652
306.513
306.645
306.336
306.144
306.317
306.162
305.401
305.081
305.057
305.429
305.367
304.988
305.022
305.327
305.672
305.933
305.902
305.702
305.467
305.105
305.451
305.119
305.741
305.956
305.974
305.724
305.478
305.135
305.13
305.484
305.401
305.081
305.057
305.429
305.367
304.988
305.022
305.327
305.672
305.933
305.902
305.701
305.467
305.105
305.451
305.119
305.741
305.956
305.974
305.724
305.478
305.135
305.484
305.13
306.121
306.156
306.248
306.032
306.201
306.4
306.33
306.268
305.977
305.732
305.889
305.815
306.121
306.156
306.248
306.032
306.201
306.4
306.33
306.268
305.976
305.732
305.889
305.815
305.815
306.054
305.932
305.932
305.679
305.638
305.792
305.53
305.679
305.638
305.792
305.53
305.164
304.766
304.828
305.091
305.226
304.94
304.893
305.282
305.422
305.561
305.641
305.346
304.917
304.682
305.011
304.604
305.164
305.473
305.369
305.262
304.814
304.4
304.498
304.696
305.164
304.766
304.828
305.091
305.226
304.94
304.893
305.282
305.422
305.561
305.641
305.346
304.917
304.682
305.011
304.604
305.164
305.473
305.369
305.262
304.814
304.4
304.498
304.696
304.228
303.766
303.953
303.953
304.41
304.271
304.571
304.14
304.41
304.271
304.571
304.14
)
;
        refGradient     uniform 0;
        valueFraction   nonuniform List<scalar> 
1600
(
0.00136353
0.00136353
0.00136353
0.00136353
0.00136353
0.00136353
0.00136353
0.00136353
0.00136353
0.00136353
0.00136353
0.00136353
0.00136353
0.00136353
0.00136353
0.00136353
0.00136353
0.00136353
0.00136353
0.00136353
0.00136353
0.00136353
0.00136353
0.00136353
0.00136353
0.00136353
0.00136353
0.00136353
0.00136353
0.00136353
0.00136353
0.00136353
0.00136353
0.00136353
0.00136353
0.00136353
0.00136353
0.00136353
0.00136353
0.00136353
0.00136353
0.00136353
0.00136353
0.00136353
0.00136353
0.00136353
0.00136353
0.00136353
0.00136353
0.00136353
0.00136353
0.00136353
0.00136353
0.00136353
0.00136353
0.00136353
0.00136353
0.00136353
0.00136353
0.00136353
0.00136353
0.00136353
0.00136353
0.00136353
0.00136353
0.00136353
0.00136353
0.00136353
0.00136353
0.00136353
0.00136353
0.00136353
0.00136353
0.00136353
0.00136353
0.00136353
0.00136353
0.00136353
0.00136353
0.00136353
0.00136353
0.00136353
0.00136353
0.00136353
0.00136353
0.00136353
0.00136353
0.00136353
0.00136353
0.00136353
0.00136353
0.00136353
0.00136353
0.00136353
0.00136353
0.00136353
0.00136353
0.00136353
0.00136353
0.00136353
0.00136353
0.00136353
0.00136353
0.00136353
0.00136353
0.00136353
0.00136353
0.00136353
0.00136353
0.00136353
0.00136353
0.00136353
0.00136353
0.00136353
0.00136353
0.00136353
0.00136353
0.00136353
0.00136353
0.00136353
0.00136353
0.00136353
0.00136353
0.00136353
0.00136353
0.00136353
0.00136353
0.00136353
0.00136353
0.00136353
0.00136353
0.00136353
0.00136353
0.00136353
0.00136353
0.00136353
0.00136353
0.00136353
0.00136353
0.00136353
0.00136353
0.00136353
0.00136353
0.00136353
0.00136353
0.00136353
0.00136353
0.00136353
0.00136353
0.00136353
0.00136353
0.00136353
0.00136353
0.00136353
0.00136353
0.00136353
0.00136353
0.00136353
0.00136353
0.00136353
0.00136353
0.00136353
0.00136353
0.00136353
0.00136353
0.00136353
0.00136353
0.00136353
0.00136353
0.00136353
0.00136353
0.00136353
0.00136353
0.00136353
0.00136353
0.00136353
0.00136353
0.00136353
0.00136353
0.00136353
0.00136353
0.00136353
0.00136353
0.00136353
0.00136353
0.00136353
0.00136353
0.00136353
0.00136353
0.00136353
0.00136353
0.00136353
0.00136353
0.00136353
0.00136353
0.00136353
0.00136353
0.00136353
0.00136353
0.00136353
0.00136353
0.00136353
0.00136353
0.00136353
0.00136353
0.00136353
0.00136353
0.00136353
0.00136353
0.00136353
0.00136353
0.00136353
0.00136353
0.00136353
0.00136353
0.00136353
0.00136353
0.00136353
0.00136353
0.00136353
0.00136353
0.00136353
0.00136353
0.00136353
0.00136353
0.00136353
0.00136353
0.00136353
0.00136353
0.00136353
0.00136353
0.00136353
0.00136353
0.00136353
0.00136353
0.00136353
0.00136353
0.00136353
0.00136353
0.00136353
0.00136353
0.00136353
0.00136353
0.00136353
0.00136353
0.00136353
0.00136353
0.00136353
0.00136353
0.00136353
0.00136353
0.00136353
0.00136353
0.00136353
0.00136353
0.00136353
0.00136353
0.00136353
0.00136353
0.00136353
0.00136353
0.00136353
0.00136353
0.00136353
0.00136353
0.00136353
0.00136353
0.00136353
0.00136353
0.00136353
0.00136353
0.00136353
0.00136353
0.00136353
0.00136353
0.00136353
0.00136353
0.00136353
0.00136353
0.00136353
0.00136353
0.00136353
0.00136353
0.00136353
0.00136353
0.00136353
0.00136353
0.00136353
0.00136353
0.00136353
0.00136353
0.00136353
0.00136353
0.00136353
0.00136353
0.00136353
0.00136353
0.00136353
0.00136353
0.00136353
0.00136353
0.00136353
0.00136353
0.00136353
0.00136353
0.00136353
0.00136353
0.00136353
0.00136353
0.00136353
0.00136353
0.00136353
0.00136353
0.00136353
0.00136353
0.00136353
0.00136353
0.00136353
0.00136353
0.00136353
0.00136353
0.00136353
0.00136353
0.00136353
0.00136353
0.00136353
0.00136353
0.00136353
0.00136353
0.00136353
0.00136353
0.00136353
0.00136353
0.00136353
0.00136353
0.00136353
0.00136353
0.00136353
0.00136353
0.00136353
0.00136353
0.00136353
0.00136353
0.00136353
0.00136353
0.00136353
0.00136353
0.00136353
0.00136353
0.00136353
0.00136353
0.00136353
0.00136353
0.00136353
0.00136353
0.00136353
0.00136353
0.00136353
0.00136353
0.00136353
0.00136353
0.00136353
0.00136353
0.00136353
0.00136353
0.00136353
0.00136353
0.00136353
0.00136353
0.00136353
0.00136353
0.00136353
0.00136353
0.00136353
0.00136353
0.00136353
0.00136353
0.00136353
0.00136353
0.00136353
0.00136353
0.00136353
0.00136353
0.00136353
0.00136353
0.00136353
0.00136353
0.00136353
0.00136353
0.00136353
0.00136353
0.00136353
0.00136353
0.00136353
0.00136353
0.00136353
0.00136353
0.00136353
0.00136353
0.00136353
0.00136353
0.00136353
0.00136353
0.00136353
0.00136353
0.00136353
0.00136353
0.00136353
0.00136353
0.00136353
0.00136353
0.00136353
0.00136353
0.00136353
0.00136353
0.00136353
0.00136353
0.00136353
0.00136353
0.00136353
0.00136353
0.00136353
0.00136353
0.00136353
0.00136353
0.00136353
0.00136353
0.00136353
0.00136353
0.00136353
0.00136353
0.00136353
0.00136353
0.00136353
0.00136353
0.00136353
0.00136353
0.00136353
0.00136353
0.00136353
0.00136353
0.00136353
0.00136353
0.00136353
0.00136353
0.00136353
0.00136353
0.00136353
0.00136353
0.00136353
0.00136353
0.00136353
0.00136353
0.00136353
0.00136353
0.00136353
0.00136353
0.00136353
0.00136353
0.00136353
0.00136353
0.00136353
0.00136353
0.00136353
0.00136353
0.00136353
0.00136353
0.00136353
0.00136353
0.00136353
0.00136353
0.00136353
0.00136353
0.00136353
0.00136353
0.00136353
0.00136353
0.00136353
0.00136353
0.00136353
0.00136353
0.00136353
0.00136353
0.00136353
0.00136353
0.00136353
0.00136353
0.00136353
0.00136353
0.00136353
0.00136353
0.00136353
0.00136353
0.00136353
0.00136353
0.00136353
0.00136353
0.00136353
0.00136353
0.00136353
0.00136353
0.00136353
0.00136353
0.00136353
0.00136353
0.00136353
0.00136353
0.00136353
0.00136353
0.00136353
0.00136353
0.00136353
0.00136353
0.00136353
0.00136353
0.00136353
0.00136353
0.00136353
0.00136353
0.00136353
0.00136353
0.00136353
0.00136353
0.00136353
0.00136353
0.00136353
0.00136353
0.00136353
0.00136353
0.00136353
0.00136353
0.00136353
0.00136353
0.00136353
0.00136353
0.00136353
0.00136353
0.00136353
0.00136353
0.00136353
0.00136353
0.00136353
0.00136353
0.00136353
0.00136353
0.00136353
0.00136353
0.00136353
0.00136353
0.00136353
0.00136353
0.00136353
0.00136353
0.00136353
0.00136353
0.00136353
0.00136353
0.00136353
0.00136353
0.00136353
0.00136353
0.00136353
0.00136353
0.00136353
0.00136353
0.00136353
0.00136353
0.00136353
0.00136353
0.00136353
0.00136353
0.00136353
0.00136353
0.00136353
0.00136353
0.00136353
0.00136353
0.00136353
0.00136353
0.00136353
0.00136353
0.00136353
0.00136353
0.00136353
0.00136353
0.00136353
0.00136353
0.00136353
0.00136353
0.00136353
0.00136353
0.00136353
0.00135857
0.0012177
0.00128701
0.00128701
0.00136091
0.00128991
0.00128927
0.00136091
0.00136091
0.00128991
0.00128927
0.00136091
0.00136091
0.00129045
0.00129045
0.00136091
0.00136091
0.00129045
0.00129045
0.00136091
0.00136353
0.00136353
0.00136353
0.00136353
0.00136091
0.00129045
0.00129045
0.00136091
0.00136091
0.00129045
0.00136091
0.00129045
0.00136353
0.00136353
0.00136353
0.00136353
0.00136091
0.00129045
0.00129045
0.00136091
0.00136091
0.00129045
0.00129045
0.00136091
0.00136353
0.00136353
0.00136353
0.00136353
0.00136091
0.00129045
0.00129045
0.00136091
0.00136091
0.00129045
0.00136091
0.00129045
0.00136353
0.00136353
0.00136353
0.00136353
0.00136353
0.00136353
0.00136353
0.00136353
0.00136353
0.00136353
0.00136353
0.00136353
0.00136353
0.00136353
0.00136353
0.00136353
0.00136353
0.00136353
0.00136353
0.00136353
0.00136353
0.00136353
0.00136353
0.00136353
0.00136353
0.00136353
0.00136353
0.00136353
0.00136353
0.00136353
0.00136353
0.00136353
0.00136353
0.00136353
0.00136353
0.00136353
0.00136353
0.00136353
0.00136353
0.00136353
0.00136091
0.00129045
0.00129045
0.00136091
0.00136091
0.00129045
0.00129045
0.00136091
0.00136353
0.00136353
0.00136353
0.00136353
0.00136091
0.00129045
0.00129045
0.00136091
0.00136091
0.00129045
0.00129045
0.00136091
0.00136353
0.00136353
0.00136353
0.00136353
0.00136091
0.00129045
0.00129045
0.00136091
0.00136091
0.00129045
0.00129045
0.00136091
0.00136353
0.00136353
0.00136353
0.00136353
0.00136091
0.00129045
0.00129045
0.00136091
0.00136091
0.00129045
0.00136091
0.00129045
0.00136353
0.00136353
0.00136353
0.00136353
0.00136353
0.00136353
0.00136353
0.00136353
0.00136353
0.00136353
0.00136353
0.00136353
0.00136353
0.00136353
0.00136353
0.00136353
0.00136353
0.00136353
0.00136353
0.00136353
0.00136353
0.00136353
0.00136353
0.00136353
0.00136353
0.00136353
0.00136353
0.00136353
0.00136353
0.00136353
0.00136353
0.00136353
0.00136353
0.00136353
0.00136353
0.00136353
0.00136353
0.00136353
0.00136353
0.00136353
0.00136353
0.00136353
0.00136353
0.00136353
0.00136353
0.00136353
0.00136353
0.00136353
0.00136353
0.00136353
0.00136353
0.00136353
0.00136353
0.00136353
0.00136353
0.00136353
0.00136353
0.00136353
0.00136353
0.00136353
0.00136353
0.00136353
0.00136353
0.00136353
0.00136353
0.00136353
0.00136353
0.00136353
0.00136353
0.00136353
0.00136353
0.00136353
0.00136353
0.00136353
0.00136353
0.00136353
0.00136091
0.00129045
0.00129045
0.00136091
0.00136091
0.00129045
0.00129045
0.00136091
0.00136353
0.00136353
0.00136353
0.00136353
0.00136091
0.00129045
0.00129045
0.00136091
0.00136091
0.00129045
0.00129045
0.00136091
0.00136353
0.00136353
0.00136353
0.00136353
0.00135857
0.0012177
0.00128701
0.00128701
0.00136091
0.00128991
0.00136091
0.00128927
0.00136091
0.00128991
0.00128927
0.00136091
0.00136353
0.00136353
0.00136353
0.00136353
0.00136353
0.00136353
0.00136353
0.00136353
0.00136353
0.00136353
0.00136353
0.00136353
0.00136353
0.00136353
0.00136353
0.00136353
0.00136353
0.00136353
0.00136353
0.00136353
0.00136353
0.00136353
0.00136353
0.00136353
0.00136353
0.00136353
0.00136353
0.00136353
0.00136353
0.00136353
0.00136353
0.00136353
0.00136353
0.00136353
0.00136353
0.00136353
0.00136091
0.00129045
0.00129045
0.00136091
0.00136091
0.00129045
0.00129045
0.00136091
0.00136353
0.00136353
0.00136353
0.00136353
0.00136091
0.00129045
0.00129045
0.00136091
0.00136091
0.00129045
0.00136091
0.00129045
0.00136353
0.00136353
0.00136353
0.00136353
0.00136091
0.00129045
0.00129045
0.00136091
0.00136091
0.00129045
0.00129045
0.00136091
0.00136353
0.00136353
0.00136353
0.00136353
0.00136091
0.00129045
0.00136091
0.00129045
0.00136353
0.00136353
0.00136353
0.00136353
0.00136091
0.00129045
0.00129045
0.00136091
0.00136353
0.00136353
0.00136353
0.00136353
0.00136353
0.00136353
0.00136353
0.00136353
0.00136353
0.00136353
0.00136353
0.00136353
0.00136353
0.00136353
0.00136353
0.00136353
0.00136353
0.00136353
0.00136353
0.00136353
0.00136353
0.00136353
0.00136353
0.00136353
0.00136353
0.00136353
0.00136353
0.00136353
0.00136353
0.00136353
0.00136353
0.00136353
0.00136353
0.00136353
0.00136353
0.00136353
0.00136091
0.00129045
0.00129045
0.00136091
0.00136091
0.00129045
0.00129045
0.00136091
0.00136353
0.00136353
0.00136353
0.00136353
0.00136091
0.00129045
0.00129045
0.00136091
0.00136091
0.00129045
0.00136091
0.00129045
0.00136353
0.00136353
0.00136353
0.00136353
0.00136353
0.00136353
0.00136353
0.00136353
0.00136353
0.00136353
0.00136353
0.00136353
0.00136353
0.00136353
0.00136353
0.00136353
0.00136353
0.00136353
0.00136353
0.00136353
0.00136353
0.00136353
0.00136353
0.00136353
0.00136353
0.00136353
0.00136353
0.00136353
0.00136353
0.00136353
0.00136353
0.00136353
0.00136353
0.00136353
0.00136353
0.00136353
0.00136353
0.00136353
0.00136353
0.00136353
0.00136353
0.00136353
0.00136353
0.00136353
0.00136353
0.00136353
0.00136353
0.00136353
0.00136353
0.00136353
0.00136353
0.00136353
0.00136353
0.00136353
0.00136353
0.00136353
0.00136353
0.00136353
0.00136353
0.00136353
0.00136353
0.00136353
0.00136353
0.00136353
0.00136353
0.00136353
0.00136353
0.00136353
0.00136353
0.00136353
0.00136353
0.00136353
0.00136353
0.00136353
0.00136353
0.00136353
0.00136353
0.00136353
0.00136353
0.00136353
0.00136353
0.00136353
0.00136353
0.00136353
0.00136353
0.00136353
0.00136353
0.00136353
0.00136353
0.00136353
0.00136353
0.00136353
0.00136353
0.00136353
0.00136353
0.00136353
0.00136353
0.00136353
0.00136353
0.00136353
0.00136353
0.00136353
0.00136353
0.00136353
0.00136353
0.00136353
0.00136353
0.00136353
0.00136353
0.00136353
0.00136353
0.00136353
0.00136353
0.00136353
0.00136353
0.00136353
0.00136353
0.00136353
0.00136353
0.00136353
0.00136353
0.00136353
0.00136353
0.00136353
0.00136353
0.00136353
0.00136353
0.00136353
0.00136353
0.00136353
0.00136353
0.00136353
0.00136353
0.00136353
0.00136353
0.00136353
0.00136353
0.00136353
0.00136353
0.00136353
0.00136353
0.00136353
0.00136353
0.00136353
0.00136353
0.00136353
0.00136353
0.00136353
0.00136353
0.00136353
0.00136353
0.00136353
0.00136353
0.00136353
0.00136353
0.00136353
0.00136353
0.00136353
0.00136353
0.00136353
0.00136353
0.00136353
0.00136353
0.00136353
0.00136353
0.00136353
0.00136353
0.00136353
0.00136353
0.00136353
0.00136353
0.00136353
0.00136353
0.00136353
0.00136353
0.00136353
0.00136353
0.00136353
0.00136353
0.00136353
0.00136353
0.00136353
0.00136353
0.00136353
0.00136353
0.00136353
0.00136353
0.00136353
0.00136353
0.00136353
0.00136353
0.00136353
0.00136353
0.00136353
0.00136353
0.00136353
0.00136353
0.00136353
0.00136353
0.00136353
0.00136353
0.00136353
0.00136353
0.00136353
0.00136353
0.00136353
0.00136353
0.00136353
0.00136353
0.00136353
0.00136353
0.00136353
0.00136353
0.00136353
0.00136353
0.00136353
0.00136353
0.00136353
0.00136353
0.00136353
0.00136091
0.00129045
0.00129045
0.00136091
0.00136091
0.00129045
0.00129045
0.00136091
0.00136353
0.00136353
0.00136353
0.00136353
0.00136091
0.00129045
0.00136091
0.00129045
0.00136353
0.00136353
0.00136353
0.00136353
0.00136091
0.00129045
0.00129045
0.00136091
0.00136353
0.00136353
0.00136353
0.00136353
0.00136353
0.00136353
0.00136353
0.00136353
0.00136353
0.00136353
0.00136353
0.00136353
0.00136353
0.00136353
0.00136353
0.00136353
0.00136353
0.00136353
0.00136353
0.00136353
0.00136353
0.00136353
0.00136353
0.00136353
0.00136353
0.00136353
0.00136353
0.00136353
0.00136353
0.00136353
0.00136353
0.00136353
0.00136353
0.00136353
0.00136353
0.00136353
0.00136091
0.00129045
0.00129045
0.00136091
0.00136091
0.00129045
0.00129045
0.00136091
0.00136353
0.00136353
0.00136353
0.00136353
0.00136091
0.00129045
0.00129045
0.00136091
0.00136091
0.00129045
0.00136091
0.00129045
0.00136353
0.00136353
0.00136353
0.00136353
0.00136091
0.00129045
0.00129045
0.00136091
0.00136091
0.00129045
0.00129045
0.00136091
0.00136353
0.00136353
0.00136353
0.00136353
0.00136091
0.00129045
0.00136091
0.00129045
0.00136353
0.00136353
0.00136353
0.00136353
0.00136091
0.00129045
0.00129045
0.00136091
0.00136353
0.00136353
0.00136353
0.00136353
0.00136353
0.00136353
0.00136353
0.00136353
0.00136353
0.00136353
0.00136353
0.00136353
0.00136353
0.00136353
0.00136353
0.00136353
0.00136353
0.00136353
0.00136353
0.00136353
0.00136353
0.00136353
0.00136353
0.00136353
0.00136353
0.00136353
0.00136353
0.00136353
0.00136353
0.00136353
0.00136353
0.00136353
0.00136353
0.00136353
0.00136353
0.00136353
0.00135857
0.0012177
0.00128701
0.00128701
0.00136091
0.00128991
0.00136091
0.00128927
0.00136091
0.00128991
0.00128927
0.00136091
0.00136091
0.00129045
0.00129045
0.00136091
0.00136091
0.00129045
0.00129045
0.00136091
0.00136353
0.00136353
0.00136353
0.00136353
0.00136091
0.00129045
0.00136091
0.00129045
0.00136353
0.00136353
0.00136353
0.00136353
0.00136091
0.00129045
0.00136091
0.00129045
0.00136353
0.00136353
0.00136353
0.00136353
0.00136353
0.00136353
0.00136353
0.00136353
0.00136353
0.00136353
0.00136353
0.00136353
0.00136353
0.00136353
0.00136353
0.00136353
0.00136353
0.00136353
0.00136353
0.00136353
0.00136353
0.00136353
0.00136353
0.00136353
0.00136353
0.00136353
0.00136353
0.00136353
0.00136353
0.00136353
0.00136353
0.00136353
0.00136353
0.00136353
0.00136353
0.00136353
0.00136353
0.00136353
0.00136353
0.00136353
0.00136353
0.00136353
0.00136353
0.00136353
0.00136353
0.00136353
0.00136353
0.00136353
0.00136353
0.00136353
0.00136353
0.00136353
0.00136353
0.00136353
0.00136353
0.00136353
0.00136353
0.00136353
0.00136353
0.00136353
0.00136353
0.00136353
0.00136353
0.00136353
0.00136353
0.00136353
0.00136353
0.00136353
0.00136353
0.00136353
0.00136353
0.00136353
0.00136091
0.00129045
0.00129045
0.00136091
0.00136091
0.00129045
0.00129045
0.00136091
0.00136353
0.00136353
0.00136353
0.00136353
0.00136091
0.00129045
0.00136091
0.00129045
0.00136353
0.00136353
0.00136353
0.00136353
0.00136091
0.00129045
0.00129045
0.00136091
0.00136091
0.00129045
0.00129045
0.00136091
0.00136091
0.00129045
0.00129045
0.00136091
0.00136353
0.00136353
0.00136353
0.00136353
0.00136091
0.00129045
0.00136091
0.00129045
0.00136353
0.00136353
0.00136353
0.00136353
0.00136091
0.00129045
0.00136091
0.00129045
0.00136353
0.00136353
0.00136353
0.00136353
0.00136353
0.00136353
0.00136353
0.00136353
0.00136353
0.00136353
0.00136353
0.00136353
0.00136353
0.00136353
0.00136353
0.00136353
0.00136353
0.00136353
0.00136353
0.00136353
0.00136353
0.00136353
0.00136353
0.00136353
0.00136353
0.00136353
0.00136353
0.00136353
0.00136353
0.00136353
0.00136353
0.00136353
0.00136353
0.00136353
0.00136353
0.00136353
0.00136091
0.00129045
0.00129045
0.00136091
0.00136091
0.00129045
0.00129045
0.00136091
0.00136353
0.00136353
0.00136353
0.00136353
0.00136091
0.00129045
0.00136091
0.00129045
0.00136353
0.00136353
0.00136353
0.00136353
0.00136091
0.00129045
0.00129045
0.00136091
0.00136091
0.00129045
0.00129045
0.00136091
0.00136091
0.00129045
0.00129045
0.00136091
0.00136353
0.00136353
0.00136353
0.00136353
0.00136091
0.00129045
0.00136091
0.00129045
0.00136353
0.00136353
0.00136353
0.00136353
0.00136091
0.00129045
0.00129045
0.00136091
0.00135857
0.0012177
0.00128701
0.00128701
0.00136091
0.00128991
0.00136091
0.00128927
0.00136091
0.00128991
0.00136091
0.00128927
)
;
        source          uniform 0;
        value           nonuniform List<scalar> 
1600
(
330.242
330.32
330.281
330.281
330.348
330.356
330.317
330.388
330.348
330.356
330.317
330.388
330.242
330.32
330.281
330.281
330.348
330.356
330.317
330.388
330.348
330.356
330.388
330.317
330.457
330.392
330.424
330.424
330.457
330.392
330.424
330.424
330.457
330.392
330.424
330.424
330.457
330.392
330.424
330.424
330.348
330.356
330.317
330.388
330.348
330.356
330.388
330.317
330.242
330.32
330.281
330.281
330.348
330.356
330.388
330.317
330.348
330.356
330.388
330.317
330.242
330.32
330.281
330.281
329.496
329.594
329.544
329.544
329.879
329.959
329.921
329.916
329.645
329.642
329.594
329.691
329.879
329.959
329.921
329.917
329.645
329.642
329.594
329.691
330.012
330.003
329.966
330.05
330.012
330.004
329.966
330.05
329.784
329.689
329.737
329.737
329.981
329.993
329.951
330.023
330.068
330.116
330.073
330.112
329.981
329.993
330.023
329.951
330.068
330.116
330.073
330.112
330.115
330.038
330.085
330.068
330.441
330.486
330.446
330.481
330.205
330.162
330.157
330.209
330.115
330.038
330.068
330.085
330.441
330.486
330.446
330.481
330.205
330.162
330.157
330.209
329.879
329.959
329.916
329.921
329.645
329.642
329.594
329.691
329.496
329.594
329.544
329.544
330.012
330.003
330.05
329.966
330.012
330.004
329.966
330.05
329.784
329.689
329.737
329.737
329.879
329.959
329.921
329.917
329.645
329.642
329.594
329.691
329.981
329.993
329.951
330.024
330.068
330.116
330.112
330.073
330.115
330.038
330.085
330.069
330.441
330.486
330.446
330.481
330.205
330.162
330.157
330.209
329.981
329.993
330.024
329.951
330.068
330.116
330.073
330.112
330.441
330.486
330.446
330.481
330.115
330.038
330.069
330.085
330.205
330.162
330.209
330.157
330.551
330.523
330.518
330.556
330.551
330.523
330.518
330.556
330.647
330.657
330.652
330.652
330.551
330.523
330.518
330.556
330.551
330.523
330.556
330.518
330.647
330.657
330.652
330.652
330.551
330.523
330.518
330.556
330.551
330.523
330.556
330.518
330.647
330.657
330.652
330.652
330.551
330.523
330.556
330.518
330.551
330.523
330.556
330.518
330.647
330.657
330.652
330.652
330.116
330.038
330.085
330.069
330.441
330.486
330.481
330.446
330.205
330.162
330.157
330.209
329.981
329.993
329.951
330.024
330.069
330.116
330.112
330.073
330.441
330.486
330.481
330.446
330.115
330.038
330.069
330.085
330.205
330.162
330.209
330.157
329.981
329.993
330.024
329.951
330.069
330.116
330.073
330.112
329.879
329.959
329.917
329.921
329.645
329.642
329.691
329.594
330.012
330.004
330.05
329.966
330.012
330.004
329.966
330.05
329.784
329.689
329.737
329.737
329.496
329.594
329.544
329.544
329.879
329.959
329.921
329.917
329.645
329.642
329.691
329.594
330.441
330.486
330.481
330.446
330.115
330.038
330.085
330.069
330.205
330.162
330.209
330.157
330.441
330.486
330.481
330.446
330.115
330.038
330.069
330.085
330.205
330.162
330.209
330.157
329.981
329.993
329.951
330.024
330.068
330.116
330.112
330.073
329.981
329.993
330.024
329.951
330.068
330.116
330.112
330.073
330.012
330.004
330.05
329.966
330.012
330.004
330.05
329.966
329.784
329.689
329.737
329.737
329.879
329.959
329.917
329.921
329.645
329.642
329.691
329.594
329.879
329.959
329.916
329.921
329.645
329.642
329.691
329.594
329.496
329.594
329.544
329.544
330.159
330.069
330.114
330.114
330.2
330.194
330.239
330.155
330.2
330.194
330.239
330.155
330.333
330.31
330.287
330.356
330.306
330.229
330.275
330.26
330.376
330.439
330.415
330.399
330.333
330.31
330.287
330.356
330.306
330.229
330.275
330.26
330.376
330.439
330.415
330.399
330.159
330.069
330.114
330.114
330.2
330.194
330.239
330.155
330.2
330.194
330.239
330.155
330.333
330.31
330.287
330.356
330.306
330.229
330.275
330.26
330.376
330.439
330.415
330.399
330.333
330.31
330.356
330.287
330.376
330.439
330.415
330.399
330.306
330.229
330.275
330.26
330.512
330.56
330.536
330.536
330.484
330.475
330.452
330.508
330.484
330.475
330.452
330.508
330.512
330.56
330.536
330.536
330.484
330.475
330.452
330.508
330.484
330.475
330.452
330.508
330.512
330.56
330.536
330.536
330.484
330.475
330.452
330.508
330.484
330.475
330.452
330.508
330.512
330.56
330.536
330.536
330.484
330.475
330.452
330.508
330.484
330.475
330.452
330.508
330.333
330.31
330.287
330.356
330.306
330.229
330.275
330.26
330.376
330.439
330.415
330.399
330.333
330.31
330.356
330.287
330.376
330.439
330.415
330.399
330.306
330.229
330.275
330.26
330.159
330.069
330.114
330.114
330.2
330.194
330.239
330.155
330.2
330.194
330.239
330.155
330.333
330.31
330.356
330.287
330.376
330.439
330.415
330.399
330.306
330.229
330.275
330.26
330.333
330.31
330.356
330.287
330.376
330.439
330.415
330.399
330.306
330.229
330.275
330.26
330.159
330.069
330.114
330.114
330.2
330.194
330.239
330.155
330.2
330.194
330.239
330.155
329.407
329.237
329.357
329.357
329.447
329.461
329.411
329.493
329.447
329.461
329.411
329.494
329.798
329.725
329.77
329.754
329.84
329.848
329.811
329.877
329.838
329.836
329.794
329.88
329.654
329.677
329.624
329.706
329.598
329.512
329.545
329.567
329.696
329.789
329.746
329.741
329.799
329.726
329.77
329.754
329.84
329.849
329.811
329.877
329.838
329.837
329.794
329.881
329.655
329.678
329.625
329.707
329.598
329.512
329.545
329.567
329.697
329.789
329.747
329.741
330.018
330.022
330.066
329.974
330.059
330.146
330.107
330.097
329.971
329.881
329.925
329.927
330.019
330.022
330.066
329.974
330.06
330.146
330.107
330.098
329.971
329.881
329.925
329.927
329.879
329.974
329.927
329.927
329.832
329.834
329.786
329.88
329.832
329.834
329.786
329.88
329.967
329.96
329.938
329.989
329.941
329.882
329.912
329.911
330.007
330.071
330.028
330.049
330.019
329.977
329.99
330.006
330.028
330.004
329.999
330.033
330.06
330.089
330.046
330.103
329.967
329.96
329.938
329.989
329.941
329.882
329.912
329.911
330.007
330.071
330.028
330.049
330.019
329.977
329.99
330.006
330.028
330.004
330.033
329.999
330.06
330.089
330.046
330.103
330.19
330.261
330.238
330.212
330.163
330.181
330.212
330.132
330.142
330.117
330.095
330.164
330.389
330.329
330.375
330.343
330.432
330.458
330.418
330.472
330.398
330.356
330.352
330.403
330.244
330.279
330.23
330.293
330.196
330.135
330.148
330.182
330.253
330.307
330.302
330.258
330.19
330.261
330.238
330.212
330.163
330.181
330.212
330.132
330.142
330.117
330.095
330.164
330.389
330.329
330.375
330.343
330.432
330.458
330.418
330.472
330.398
330.356
330.403
330.352
330.244
330.279
330.23
330.293
330.196
330.135
330.148
330.182
330.253
330.307
330.258
330.302
329.798
329.725
329.77
329.754
329.84
329.848
329.811
329.877
329.838
329.836
329.794
329.88
329.654
329.677
329.624
329.706
329.598
329.512
329.567
329.545
329.696
329.789
329.746
329.741
329.407
329.237
329.357
329.357
329.447
329.461
329.493
329.411
329.447
329.461
329.411
329.494
330.018
330.022
330.066
329.974
330.059
330.146
330.107
330.097
329.971
329.881
329.925
329.927
330.019
330.022
330.066
329.974
330.06
330.146
330.107
330.098
329.971
329.881
329.927
329.925
329.879
329.974
329.927
329.927
329.832
329.834
329.786
329.88
329.832
329.834
329.88
329.786
329.799
329.726
329.77
329.754
329.84
329.849
329.811
329.877
329.838
329.837
329.881
329.794
329.655
329.678
329.625
329.707
329.598
329.512
329.545
329.567
329.697
329.789
329.741
329.747
329.967
329.96
329.938
329.989
329.941
329.882
329.912
329.911
330.007
330.072
330.029
330.05
330.02
329.977
330.006
329.991
330.06
330.089
330.046
330.103
330.028
330.004
329.999
330.033
330.19
330.261
330.239
330.212
330.163
330.181
330.212
330.133
330.142
330.117
330.095
330.164
330.389
330.329
330.375
330.343
330.432
330.458
330.418
330.472
330.398
330.356
330.352
330.403
330.244
330.279
330.231
330.293
330.196
330.135
330.148
330.182
330.253
330.307
330.303
330.258
329.967
329.96
329.938
329.989
329.941
329.882
329.912
329.911
330.007
330.072
330.029
330.05
330.02
329.977
329.99
330.006
330.028
330.004
330.033
329.999
330.06
330.089
330.046
330.103
330.389
330.329
330.375
330.343
330.432
330.458
330.418
330.472
330.398
330.356
330.403
330.352
330.19
330.261
330.238
330.212
330.163
330.181
330.212
330.132
330.142
330.117
330.095
330.164
330.244
330.279
330.293
330.23
330.253
330.307
330.258
330.302
330.196
330.135
330.148
330.182
330.57
330.579
330.555
330.594
330.542
330.495
330.527
330.509
330.579
330.608
330.603
330.584
330.57
330.579
330.555
330.594
330.542
330.495
330.527
330.509
330.579
330.608
330.603
330.584
330.628
330.598
330.613
330.613
330.637
330.628
330.623
330.642
330.637
330.628
330.623
330.642
330.57
330.579
330.555
330.594
330.542
330.495
330.527
330.509
330.579
330.608
330.584
330.603
330.57
330.579
330.555
330.594
330.542
330.495
330.527
330.509
330.579
330.608
330.603
330.584
330.628
330.598
330.613
330.613
330.637
330.628
330.642
330.623
330.637
330.628
330.623
330.642
330.57
330.579
330.555
330.594
330.542
330.495
330.527
330.509
330.579
330.608
330.584
330.603
330.57
330.579
330.555
330.594
330.542
330.495
330.527
330.509
330.579
330.608
330.603
330.584
330.628
330.598
330.613
330.613
330.637
330.628
330.642
330.623
330.637
330.628
330.623
330.642
330.57
330.579
330.555
330.594
330.542
330.495
330.527
330.509
330.579
330.608
330.584
330.603
330.57
330.579
330.555
330.594
330.542
330.495
330.527
330.509
330.579
330.608
330.584
330.603
330.628
330.599
330.613
330.613
330.637
330.628
330.642
330.623
330.637
330.628
330.642
330.623
330.19
330.261
330.239
330.212
330.163
330.181
330.212
330.133
330.142
330.117
330.164
330.095
330.389
330.329
330.375
330.343
330.432
330.458
330.418
330.472
330.398
330.356
330.352
330.403
330.244
330.28
330.231
330.293
330.196
330.135
330.182
330.148
330.253
330.307
330.303
330.258
329.967
329.96
329.938
329.989
329.941
329.882
329.912
329.911
330.007
330.072
330.05
330.029
330.02
329.977
330.006
329.991
330.06
330.089
330.103
330.046
330.028
330.004
329.999
330.033
330.389
330.329
330.375
330.343
330.432
330.458
330.418
330.472
330.398
330.356
330.403
330.352
330.19
330.261
330.239
330.212
330.163
330.181
330.212
330.133
330.142
330.117
330.164
330.095
330.244
330.28
330.293
330.231
330.253
330.307
330.258
330.303
330.196
330.135
330.182
330.148
329.967
329.96
329.938
329.989
329.941
329.882
329.912
329.911
330.007
330.072
330.05
330.029
330.02
329.977
329.991
330.006
330.028
330.004
330.033
329.999
330.06
330.089
330.103
330.046
329.799
329.725
329.77
329.754
329.84
329.849
329.811
329.877
329.838
329.836
329.794
329.881
329.655
329.678
329.706
329.624
329.697
329.789
329.747
329.741
329.598
329.512
329.567
329.545
330.018
330.022
330.066
329.974
330.06
330.146
330.107
330.098
329.971
329.881
329.925
329.927
330.018
330.022
330.066
329.974
330.06
330.146
330.107
330.098
329.971
329.881
329.927
329.925
329.879
329.974
329.927
329.927
329.832
329.834
329.786
329.88
329.832
329.834
329.88
329.786
329.407
329.237
329.357
329.357
329.447
329.461
329.494
329.411
329.447
329.461
329.411
329.494
329.799
329.725
329.77
329.754
329.84
329.849
329.811
329.877
329.838
329.836
329.881
329.794
329.655
329.678
329.706
329.625
329.697
329.789
329.741
329.747
329.598
329.512
329.545
329.567
330.389
330.329
330.375
330.343
330.432
330.458
330.418
330.472
330.398
330.356
330.352
330.403
330.19
330.261
330.238
330.212
330.163
330.181
330.212
330.132
330.142
330.117
330.164
330.095
330.244
330.279
330.293
330.23
330.253
330.307
330.302
330.258
330.196
330.135
330.182
330.148
330.389
330.329
330.375
330.343
330.432
330.458
330.418
330.472
330.398
330.356
330.403
330.352
330.19
330.261
330.238
330.212
330.163
330.181
330.212
330.132
330.142
330.117
330.164
330.095
330.244
330.279
330.293
330.23
330.253
330.307
330.258
330.302
330.196
330.135
330.182
330.148
329.967
329.96
329.938
329.989
329.941
329.882
329.912
329.911
330.007
330.072
330.05
330.029
330.02
329.977
330.006
329.99
330.06
330.089
330.103
330.046
330.028
330.004
329.999
330.033
329.967
329.96
329.938
329.989
329.941
329.882
329.912
329.911
330.007
330.071
330.049
330.029
330.02
329.977
330.006
329.99
330.06
330.089
330.103
330.046
330.028
330.004
330.033
329.999
330.019
330.022
330.066
329.974
330.06
330.146
330.107
330.098
329.971
329.881
329.927
329.925
330.018
330.022
330.066
329.974
330.059
330.146
330.107
330.098
329.971
329.881
329.927
329.925
329.879
329.974
329.927
329.927
329.832
329.834
329.88
329.786
329.832
329.834
329.88
329.786
329.799
329.725
329.77
329.754
329.84
329.849
329.811
329.877
329.838
329.837
329.881
329.794
329.655
329.678
329.707
329.625
329.697
329.789
329.741
329.747
329.598
329.512
329.567
329.545
329.798
329.725
329.77
329.754
329.84
329.849
329.811
329.877
329.838
329.836
329.88
329.794
329.654
329.677
329.706
329.624
329.696
329.789
329.741
329.746
329.598
329.512
329.567
329.545
329.407
329.237
329.357
329.357
329.447
329.461
329.494
329.411
329.447
329.461
329.494
329.411
)
;
        logInterval     -1;
        thicknessLayers List<scalar> 1(0.0001);
        kappaLayers     List<scalar> 1(3.333);
        writePrecision  6;
        updateHeader    1;
        writeToFile     0;
        useUserTime     1;
        kappaMethod     solidThermo;
    }
}


// ************************************************************************* //
