/*--------------------------------*- C++ -*----------------------------------*\
| =========                 |                                                 |
| \\      /  F ield         | OpenFOAM: The Open Source CFD Toolbox           |
|  \\    /   O peration     | Version:  2412                                  |
|   \\  /    A nd           | Website:  www.openfoam.com                      |
|    \\/     M anipulation  |                                                 |
\*---------------------------------------------------------------------------*/
FoamFile
{
    version     2.0;
    format      ascii;
    arch        "LSB;label=32;scalar=64";
    class       volScalarField;
    location    "1.4";
    object      gradTx;
}
// * * * * * * * * * * * * * * * * * * * * * * * * * * * * * * * * * * * * * //

dimensions      [0 -1 0 1 0 0 0];

internalField   nonuniform List<scalar> 
5712
(
-8479.86
-10378.8
-19317.7
-30268.2
-29275.7
-57103.3
-20161.9
-60649.3
-20759.6
-48587.2
-25540.7
-42069.2
-19507.1
-25886.2
-10501.9
-10690.3
-14047.4
-16057.2
-19075.5
-17366.4
-13193.3
-19860.4
-19604
-19620.2
-5622.28
-4141.07
-7611.16
-5500.81
-12805.8
-8474.83
-23563.3
-16585.3
-19593.3
-19987.3
-20099.7
-20654.2
-4825.94
-4185.45
-45291.9
-55987.3
-24189.1
-32215.4
-58056.3
-71481.4
-26922
-33127.1
-34099.8
-44550.4
-27290.8
-37691.7
-15770.3
-19889
-3296.49
-1052.51
-4255.81
-1484.72
-7394.05
-3053.82
-12665.5
-4673.88
-8472.91
-2813.43
-8379.71
-2384.11
-16364.9
-4786.78
-21402.9
-6740.73
-27251
-15697.1
-22963.7
-15874.8
-27605.7
-17821.9
-21862.3
-17583.7
-18024.4
-13033
-19901.7
-12682.1
-22280.6
-16355.6
-23028.4
-16747.1
-21414
-17881.8
-22255.3
-18207
-18534.1
-13710.7
-19952.2
-14185.8
-19919.9
-8268.17
-11502.2
-13239.2
-21511.3
-9608.33
-11530.3
-14005
-19921.6
-7670.14
-11963.8
-12957.5
-20581.9
-7702.6
-12536.6
-13026.5
-3194.58
-3619.33
-1132.39
-2310.37
-9192.17
-10839
-3844.94
-7468.86
-14965.1
-17789.4
-6958.08
-12593.9
-18142
-9453.45
-18925.8
-23242.8
-11960.8
-6743.93
-10828.5
-13159.7
-23629.6
-15735.2
-10803.9
-14363.2
-16187
-15990.2
-20162.1
-3495.73
-3558.22
-2200.62
-2336.13
-10348.7
-9705.77
-6839.66
-6887.97
-15485.9
-13896.2
-10159.7
-10105.8
-9863.52
-10962.9
-15557.1
-16521.1
-18035.9
-16922.9
-21797.4
-19835
-15626.7
-15525.5
-13517.3
-14324.7
-17500.2
-15519.5
-16715.9
-13547.7
-15232.3
-11796.5
-17401.4
-13593.4
-14559.4
-7295.57
-11505.3
-10907.7
-16019.6
-18250.7
-16373.1
-21040
-9782.4
-9371.45
-13287.1
-5414.54
-11208.7
-17373
-11663.2
-18668.1
-16661.6
-25907.8
-17283.4
-26651
-9610.63
-15438.8
-10025.4
-16851.6
-11907
-8571.1
-15544.2
-6729.53
-12767.2
-4115.33
-14668.7
-2891.32
-12473.2
-12558.9
-16336.8
-8267.12
-11327.7
-14586.8
-15063.2
-10594.2
-3271.02
-2990.6
-2490.8
-2124.83
-2048.38
-1748.81
-8738.68
-7313.49
-6180.21
-5826.61
-4721.1
-3858.6
-11289.1
-9227.49
-8208.4
-8419.48
-6510.34
-5697.36
-9618.2
-7414.23
-6823.73
-15208.3
-10753
-8408.18
-14090.7
-9824.87
-7287.05
-15895.6
-11917.8
-9659.5
-12907
-8421.32
-5988.19
-17997.6
-14024.2
-12015.8
-13493.3
-10189.1
-8060.59
-12245.1
-8749.58
-6526.3
-11258.7
-7994.83
-5992.56
-12653.9
-7272.81
-4249.28
-11879.1
-19246.1
-10158.1
-14432.5
-9844.24
-20118.4
-8304.7
-16545.6
-149.127
-1708.26
277.231
-1022.63
-3567.17
-6718.24
-2275.25
-4136.41
-1930.3
-3974.81
-11226
-16591.9
-8770.75
-6684.56
-12128
-10620.9
-16491.9
-17684.8
548.555
5709.48
-8607.69
-6007.89
-6754.63
-3874.5
-1573.12
-1003.13
-1299.87
-811.847
-3885.9
-1211.08
-1997.46
-292.288
-10010
-2905.24
-7658.5
-2364.85
-8711.79
-2616.54
-9841.39
-3202.08
-12694.7
-12371.7
-9852.54
-12205.4
-19558.2
-17448.5
-15964
-16518.3
-7143.53
-9159.06
-8346.6
-8489.68
-9211.49
-12083.4
-9673.94
-12171.3
-15226.8
-16139.1
-15776.8
-16231.5
-6303.88
-9252.03
-6086.18
-9342.31
-613.076
-1187.84
-7093.35
-3639.64
-603.897
-951.328
-6217.68
-3059.21
-615.423
-1067.24
-7468.97
-4012.04
-907.394
-1175.46
-7523.61
-4226.98
201.097
353.03
-454.506
-275.89
912.399
1439.74
-697.469
-379.752
-1010.66
46.1189
-2311.88
-1905.52
7470.07
3779.17
4422.26
3057.04
160.513
7044.2
10180.5
4782.51
4919.55
198.21
-9761.5
-6986.64
-5491.19
-5412.6
-2881.32
530.758
431.422
-136.489
-196.567
1502.54
1584.09
-357.99
-463.149
1338.62
1803.15
-1130.45
-1264.12
2889.07
1254.1
7714.2
5191.76
4099.43
2788
3813.35
3052.28
-2.39948
-569.205
-5223
-3679.86
285.446
1848.42
643.853
1741.72
-193.356
776.461
-430.635
-674.893
-4118.24
-4467.34
-9576.39
-6043.17
-8821.97
-8394.37
-13110.1
-10113.6
-7055.49
-4257.81
-2372.87
-3011.31
-11303.3
-4812.94
-12124.4
-4476.44
-15035.8
-9794.08
-16032.3
-9483.3
-8500.02
-3092.26
-9230
-2677.29
-4956.15
-3857.07
-3341.05
-5943.25
-2322.07
-3080.46
-2072.13
-4935.02
-5467.71
-3536.66
-4113.39
-6837.65
-6683.05
-3286.4
-4988.65
-6700.37
496.465
587.377
663.414
-124.522
114.546
149.168
1749.36
1951.59
2040.31
-152.636
467.354
546.397
2139.51
2798.66
3059.52
-649.982
817.014
1101.6
473.623
1044.69
923.602
3657.22
3851.95
3518.4
2833.21
3210.02
3062.71
3081.73
3634.12
3674.24
-298.64
1180.08
1092.79
-4318.16
-2208.67
-1312.16
781.297
1834.93
2181.37
1124.82
2162.85
2422
725.457
1922.83
2162.72
-1322.45
776.109
904.844
-73.3209
-1.46697
19.9714
40.4025
77.3565
73.3479
86.2809
74.2682
-193.451
-11.5813
57.8931
109.187
175.831
167.282
182.943
163.493
-363.079
-64.2594
49.5297
170.138
-4.29527
123.667
134.254
170.662
14.9211
80.2684
39.4603
47.0215
-149.378
-22.3678
19.4644
57.7258
-889.941
-277.125
-149.473
65.081
-1280.62
-414.689
-309.345
90.6908
-730.971
-211.668
-89.4034
154.737
-1039.56
-332.58
-271.119
96.6661
-820.403
-264.899
-136.055
52.3213
-1412
-458.527
-329.81
118.831
-865.284
-301.83
-126.368
85.2793
-1482.78
-484.6
-344.039
131.552
-66.1195
-8.12403
1.79779
33.0352
-51.5975
-4.19089
-10.2191
35.9452
-176.575
-25.4196
8.21971
90.6921
-84.1222
8.25513
-14.5904
99.1424
-601.119
-166.446
-76.2485
129.607
-450.014
-105.784
-78.0371
159.425
-266.336
-39.5151
-8.06851
172.561
-174.998
-12.573
-38.5842
162.076
-867.775
-260.362
-218.726
168.046
31.8795
23.1143
10.8063
32.4796
107.526
45.7705
23.359
21.8621
26.7025
43.7029
12.1923
82.6276
266.225
118.513
55.3228
56.4351
-54.0546
29.5722
2.17482
128.642
372.486
171.668
82.2268
85.1618
-57.1515
40.7202
2.35168
169.067
411.404
203.144
89.3839
97.0419
-224.541
4.3499
-68.9726
149.745
259.449
180.88
55.3002
83.7562
-858.992
-125.815
-184.932
119.33
-237.926
47.1074
-13.4559
48.4547
-534.529
-41.2201
-140.777
128.79
-35.6547
115.709
16.4861
65.5358
-1133.9
-233.824
-232.237
125.645
-369.632
-20.3147
-39.7047
39.1139
-1324.58
-342.193
-279.818
119.333
-483.334
-97.1553
-69.1452
29.1579
15.1372
6.90761
3.29626
1.6816
1.06462
22.1691
10.7328
5.28077
2.74983
1.75635
31.6887
14.6702
6.99157
3.57917
2.2895
58.1087
29.2865
14.6391
7.72333
4.97685
46.3118
21.4862
10.3267
5.34129
3.44336
84.5998
41.9465
21.1002
11.2304
7.28154
27.9302
13.624
6.90579
3.7051
2.41238
14.2046
7.11653
3.60997
1.93961
1.26051
41.5162
17.9966
8.68949
4.5456
2.92118
7.89803
2.46464
0.995456
0.466388
0.282846
65.3559
30.3559
14.9625
7.90925
5.1187
16.7401
6.60738
3.06529
1.56596
0.987836
11.4291
3.42762
1.33245
0.618053
0.376143
7.97851
2.75046
1.19468
0.596061
0.376031
9.53942
2.85454
1.11254
0.521179
0.308153
4.27689
0.653238
0.102552
0.00436877
-0.0176679
11.9999
5.17212
2.36441
1.16648
0.724618
12.1253
5.03487
2.26467
1.10902
0.68675
28.0486
11.8383
5.39552
2.66748
1.66827
28.3924
11.4626
5.15449
2.53042
1.56911
36.4122
14.492
6.53628
3.21422
2.00953
35.1611
14.2246
6.48543
3.20519
2.01223
48.49
21.682
10.5012
5.47856
3.53871
24.7217
10.592
4.96441
2.49749
1.59854
28.4241
13.1736
6.50339
3.44983
2.23715
-503.574
-633.036
-1395.35
-1812.29
-2144.57
-2919.22
-2579.77
-3861.17
-2479.99
-3723.94
-2267.93
-3135.26
-1972.59
-2454.26
-2755.97
-3818.08
-2950.19
-4055.19
-593.163
-131.223
-28.7928
-6.15729
-1.50843
-226.409
-86.7617
-8.88108
-2.66709
-1.12636
-1917.13
-427.059
-94.2549
-20.315
-5.01402
-581.262
-123.734
-25.1023
-4.89452
-1.04076
-3360.65
-752.943
-167.192
-36.3754
-9.06053
-1032.84
-248.447
-55.4694
-12.2531
-2.99836
-4774.02
-1075.82
-241.334
-53.1363
-13.4076
-1457.24
-385.829
-92.5951
-21.5634
-5.54909
-6576.05
-1525.33
-349.733
-78.4693
-20.158
-1957.03
-590.298
-150.403
-36.1486
-9.54806
-8661.6
-2196.69
-532.621
-124.603
-33.0664
-2304.39
-731.094
-191.88
-46.8875
-12.5882
-7976.89
-1959.82
-463.366
-106.203
-27.7219
-2209.2
-713.329
-187.346
-45.7126
-12.169
-8968.88
-2304.8
-565.989
-133.945
-35.8796
-2380.08
-729.347
-188.016
-45.3708
-12.1381
-9209.32
-2358.83
-581.802
-138.481
-37.2973
-2397.57
-734.506
-188.905
-42.3279
-11.9886
-283.014
-6992.94
-6855.36
-3826.39
3864.5
5312.8
10667.9
14055.7
6041.34
12241.8
2191.55
7254.85
5919.9
9922.47
10980.5
15196.7
13208.2
15067.5
7538.38
8546.73
-19054.7
-14072.1
-3796.48
-2803.53
-2148.9
-3420.37
-2480.01
-12200.6
-11531.4
-9994.01
-10235.1
-8161.15
-5620
-7985.06
-4677.49
-3562.39
-4351.43
-2771.1
-20238.1
-9745.07
-2698.46
-4611.75
-7266.21
-4817.04
-5481.74
-4073.78
-1904.48
-3197.85
-2924.4
-3429.8
-19051.5
-11644.2
-11621.9
-7247.46
-7567.43
-7734.04
-3534.27
-4407.77
-4823.42
-12582.7
-11626.9
-9546.69
-8936.91
-7632.82
-9900.91
-7206.74
-5760.18
-4560.47
-1978.7
-3338.49
-2749.54
-2045.73
-1265.47
-428.622
-2494.9
-2078.9
-1556.87
-963.553
-326.233
-1899.71
-1570.71
-1167.14
-717.97
-242.366
-3047.2
-2540.87
-1901.96
-1175.51
-397.612
-2192.1
-1813.19
-1349.34
-831.865
-281.216
-7949.04
-6582.77
-5065.66
-4457.69
-4523.16
-6233.57
-4807.5
-3291.21
-2547.9
-2023.98
-6893.46
-4661.98
-3426.35
-2461.73
-1043.46
-5512.93
-4036.45
-2719.33
-2025.37
-1343.38
-4127.44
-2828.2
-1833.35
-1423.95
-809.287
-4452.23
-3324.16
-2335.24
-1432.86
-501.154
-5717.86
-3949.51
-2760.29
-1774.32
-688.56
-3274.87
-2160.6
-1446.46
-894.853
-332.623
-2928.98
-2255.12
-1599.11
-969.707
-330.203
-3492.53
-2621.64
-1825.67
-1096.6
-373.096
-2305.07
-1791.94
-1274.13
-769.014
-259.668
-13504.3
-10867.4
-8686.63
-7635.19
-6680.9
-7418.51
-5455.87
-4061.52
-2818.45
-1149.81
-2232.34
-1732.63
-1241.71
-761.914
-261.491
-3880.62
-3068.03
-2237.71
-1392.51
-480.71
-5944.9
-4600.52
-3374.51
-2166.08
-774.165
-4083.47
-3251.51
-2390.09
-1495.12
-513.534
-4732.16
-3826.61
-2826.31
-1754.92
-594.617
-3528.73
-2862.56
-2107.38
-1299.09
-440.836
-1634.34
-1310.07
-950.41
-577.526
-194.435
-2798.31
-2289.98
-1689.42
-1036.53
-349.946
-2473.66
-1957.8
-1413.46
-862.296
-292.412
-2949.56
-2375.36
-1739.01
-1069.34
-363.21
-12521.5
-10870.9
-8933.49
-8144.94
-6752.67
-8513.93
-6245.73
-4889.87
-3694.17
-1587.64
-9163.44
-7254.76
-5581.18
-4196.92
-1792.8
-5862.93
-4367.08
-3264.75
-2184.78
-692.49
-6318.83
-4935.49
-3644.92
-2324.75
-780.111
-6233.5
-4616.85
-3437.29
-2293.66
-707.943
-3026.26
-2428.23
-1781.32
-1102.7
-375.514
-3858.61
-3161.64
-2339.83
-1441.58
-487.835
-4126.8
-3311.35
-2433.05
-1510.06
-515.301
-6808.03
-15001.6
-11897.8
-38996.4
-11144.3
-50598.9
-7523.43
-19945.5
-9718.42
-8221.19
-19249.1
-15027
-9794.59
-11748
-20920.6
-17273.6
-4294.94
-2938.24
-9938.47
-7016.18
-7496.73
-3923.37
-27335.7
-19361.8
-16355.7
-11305.1
-17076
-11123.1
1945.87
-1604.71
-46570.2
-56487.8
-23452.9
-32113.3
-59053.1
-71894
-26037.3
-32918.3
-34947.8
-45034
-26585.3
-37686.6
-16978.4
-20381.2
-2331.58
-447.655
-5110.68
-1650
-4407.07
-2098.35
-14283.5
-5115.36
-2204.22
-1066.76
-6210.31
-1728.8
-16419.9
-4742.98
-21603.1
-6785.99
-19716.5
-12196.7
-20426.3
-14133.7
-18922.6
-13550.6
-18962.4
-15547
-16277.5
-11705.2
-14926.5
-10139.1
-21269.9
-15557.3
-22782.2
-16521.6
-20221.2
-16977
-21927.7
-17949.3
-17902.6
-13088.5
-19813.2
-14007.8
-18938.1
-8010.27
-10537.3
-12799.5
-18485.4
-8785.83
-9614.43
-13160.5
-19646.1
-7591.63
-11514.6
-12743
-20550.6
-7693.19
-12406.1
-12965.8
-706.87
-541.322
117.21
-787.063
-2665.65
-3345.7
-1926.58
-5066.91
-4053.97
-5481.69
-4280.92
-9320.21
-17686.7
-16715.2
-14421.5
-17138.8
-10504.8
-11033.8
-8859.84
-8015.11
-16972.8
-14265.8
-13333.4
-12920.7
-12498.3
-11954.6
-18291.6
-790.771
-1002.49
-535.049
-781.034
-3363.17
-3011.4
-3855.65
-3802.33
-3340.63
-1834.73
-6393.79
-6056.36
-11985.5
-12765.9
-11322.7
-11271.1
-10640.7
-8863.59
-14529.7
-12462.1
-13220.9
-12458.7
-15616.3
-15830.6
-14923.1
-13120.1
-12455.3
-10044.8
-11394.1
-8751.08
-15557.5
-11405.3
-13552.4
-7774.61
-11102.4
-11051.7
-16473.6
-19255.8
-16410.7
-21396
-9197.28
-9361.29
-11780.9
-5589.53
-11035
-17365.9
-11602.8
-18650.8
-16681.5
-26173
-17263.8
-26670.2
-9360.19
-15353.6
-9948.45
-16820.3
-11415.4
-8565.47
-15309.9
-6809.26
-11522.4
-4378.44
-14155
-3386.29
-12264.6
-12494.9
-16224.8
-8271.22
-11263.6
-14560.3
-15032.5
-10582
-1206.33
-932.337
-709.843
-873.103
-2339.72
-1201.92
-3166.87
-3161.48
-683.106
-501.634
-5560.74
-5367.82
-13674.5
-11622.3
-11057.7
-8390.67
-7428.25
-4971.14
-9961.53
-7495.6
-10776.2
-7193.58
-19945.7
-16726
-10647.3
-8418.33
-8464.19
-6060.8
-7525.64
-5060.41
-8637.56
-4269
-5887.57
-11298.5
-5393.88
-11127.7
-7579.6
-12348
-8986.99
-13982.9
-1637.74
-1530.07
-1434
-1433.54
-4594.52
-4788.04
-4249.25
-4380.52
-1697.08
-2099.59
-9074.23
-9894.95
-5487.74
-6175.56
-10824.7
-10298.2
-15278.1
-17331.3
750.245
5633.12
-7785.85
-5836.23
-6391.93
-3843.47
-1336.87
-1254.27
-1450.23
-1225.96
-2990.71
-1917.59
-2309.1
-1344.14
-8093.13
-3815.95
-7605.84
-3496.12
-8602.18
-3244.4
-9820.25
-3452.77
-6734.39
-9733.89
-7663.24
-10753.7
-11808.3
-13365.8
-13208
-14514.5
-5891.8
-8448.96
-5052
-7503.34
-8269.82
-11445.5
-9393.96
-11988.6
-14030.5
-15264.7
-15423
-15981.6
-5770.29
-8934.38
-5925.35
-9251.19
-604.213
-1537.48
-7019.43
-3831.81
-732.765
-1607.37
-6318.42
-3370.03
-689.312
-1353.49
-7436.2
-4152.47
-942.858
-1294.73
-7501.2
-4291.99
-1217.46
-1366.51
-1258.34
-1396.84
-2958.26
-3249.94
-2141.23
-2409.59
-7270.61
-7769.58
-3957.44
-4262.2
-4135.81
-9672.23
-2636.14
-193.065
-1178
-4132.6
-1088.39
-1881.13
1940.65
-695.636
-14182.7
-10107.9
-7513.99
-7057.27
-3609.49
-1628.37
-1734.44
-1615.29
-1904.3
-3816.13
-4022.99
-2823.06
-3427.24
-8167.26
-9009.8
-4264.67
-5236.88
-6161.56
-7454.44
-2057.93
-4078.5
-3273.5
-4516
-719.84
-1573.72
-1520.37
-2415.04
-11425.2
-8827.21
-6098.74
-4198.6
-4354.58
-2986.84
-3962.16
-2627.02
-1986.47
-2446.6
-7258.47
-7709.2
-10953.2
-7430.41
-11239.7
-11077.8
-13961
-11269.8
-8707.14
-5657.58
-5401.1
-6057.5
-11936.1
-5586.74
-12285.7
-4650.38
-15386.3
-10458
-16100.2
-9612.86
-9314.96
-3873.37
-9456.18
-2872.38
-6556.07
-5151.25
-4735.38
-7426
-4926.41
-5704.65
-3893.41
-7352.51
-6304.66
-4296.49
-4939.5
-7711.69
-6935.81
-3511.69
-5250.16
-6925.18
-1422.41
-1497.67
-1334.9
-1092.57
-4327.74
-4882.03
-2099.28
-1251.04
-9543.83
-7923.25
-3049.32
-382.968
-9258.86
-7931.26
-5884.69
-4868.55
-4823.21
-3861.44
-1729.32
-911.228
-1709.89
561.469
-8449.46
-6911.23
-4201.01
-3005.18
-2787.24
-1553.83
-2082.05
-796.852
-3126.04
328.614
-258.392
-101.406
-32.6287
14.3623
-266.902
-121.74
-21.2172
15.2515
-661.852
-264.576
-69.1463
54.4831
-606.9
-283.434
-78.2833
1.82999
-982.671
-403.526
-138.445
76.7713
-945.218
-436.576
-229.653
-82.3117
-555.233
-271.358
-174.639
-64.1071
-393.726
-178.209
-75.9517
5.74782
-1217.11
-477.339
-293.65
-34.0766
-1386.29
-462.665
-358.851
86.3571
-1217.75
-475.278
-277.981
2.14439
-1178.75
-395.143
-334.142
91.0965
-1071.1
-421.88
-229.047
19.7774
-1494.1
-497.085
-372.667
98.9452
-972.759
-370.645
-168.54
66.2283
-1519.11
-502.694
-360.565
126.029
-245.499
-88.1225
-36.6863
20.0106
-245.631
-77.8391
-49.7899
24.0127
-630.825
-231.653
-92.331
57.0538
-620.325
-203.914
-124.245
69.4195
-1094.89
-404.342
-208.084
95.1317
-1057.76
-362.852
-227.635
121.058
-1059.69
-421.298
-231.357
46.1554
-786.543
-284.745
-181.334
131.684
-1187.69
-407.73
-340.263
133.436
-183.921
-56.6286
-24.6476
17.8638
-112.87
-39.5109
-11.9294
2.24641
-499.655
-157.019
-83.6251
42.9085
-306.635
-111.067
-44.2832
1.53679
-680.864
-227.412
-131.347
68.9469
-410.938
-169.016
-69.3536
1.69292
-778.43
-282.666
-171.334
86.5566
-501.87
-222.889
-100.418
-4.43685
-915.83
-314.956
-252.98
54.7506
-670.881
-257.509
-149.75
-29.1048
-1591.37
-512.547
-405.8
7.13487
-843.089
-282.296
-181.452
-43.6231
-1364.64
-442.193
-370.794
11.5798
-869.611
-291.736
-184.358
-46.3805
-1600.47
-497.947
-383.772
50.3747
-728.862
-234.429
-150.815
-19.0545
-1478.66
-433.319
-332.253
93.7443
-596.62
-168.776
-106.745
9.72162
-4.51119
-4.78679
-2.99772
-1.76816
-1.20468
-13.0648
-8.60485
-4.90937
-2.80288
-1.89123
-10.7483
-10.1386
-6.27774
-3.67692
-2.47946
-41.8752
-24.587
-13.5596
-7.61088
-5.09128
-22.0846
-16.019
-9.35207
-5.35795
-3.57779
-63.5569
-35.8388
-19.2849
-10.6788
-7.09553
-21.8119
-11.964
-6.35386
-3.49188
-2.31338
-11.526
-6.23668
-3.34929
-1.85243
-1.23877
-20.1735
-13.7397
-7.6974
-4.32867
-2.89932
1.09845
-1.10203
-0.855928
-0.536444
-0.374648
-43.4482
-24.9335
-13.4198
-7.42939
-4.93391
-5.08908
-4.69443
-2.74238
-1.57068
-1.06691
1.26274
-1.16517
-0.996284
-0.641083
-0.451731
-1.05288
-1.55968
-1.00193
-0.591756
-0.404574
1.47362
-1.02411
-0.894484
-0.583307
-0.435668
3.3558
0.36342
-0.0379038
-0.0786495
-0.082967
-1.356
-3.22766
-2.20907
-1.34692
-0.929431
-1.76107
-3.14029
-2.11098
-1.28304
-0.884831
-4.63014
-7.79931
-5.13646
-3.091
-2.11517
-5.07059
-7.6584
-4.96652
-2.98116
-2.04785
-5.70157
-10.1086
-6.47854
-3.86939
-2.63842
-11.8858
-11.0675
-6.63119
-3.89469
-2.63938
-30.306
-17.9399
-9.71089
-5.41823
-3.59558
-14.3892
-9.22275
-5.1339
-2.9423
-1.96084
-21.6264
-11.0958
-5.78087
-3.16106
-2.08993
-185.161
-327.12
-633.4
-1054.45
-1254.64
-1984.55
-1848.32
-3013.2
-2062.54
-3237.49
-2333.59
-3208.36
-1940.35
-2527.38
-2805.41
-3851.11
-2966.7
-4064.88
-568.516
-128.118
-28.3085
-6.07305
-1.49089
-165.513
-78.6211
-7.39449
-2.44986
-1.09638
-1856.5
-419.232
-93.0063
-20.0928
-4.96635
-431.648
-99.9159
-21.3641
-4.31876
-0.942672
-3266.48
-739.624
-164.978
-35.9766
-8.97458
-852.973
-219.085
-50.7341
-11.4997
-2.86455
-4646.49
-1055.7
-237.807
-52.4878
-13.2675
-1305.61
-359.605
-88.0871
-20.7949
-5.40323
-6426.47
-1498.56
-344.677
-77.5009
-19.9447
-1875.88
-572.122
-146.735
-35.4449
-9.40134
-8573.89
-2174.63
-527.625
-123.544
-32.8191
-2309.4
-728.91
-190.997
-46.6548
-12.5287
-7847.46
-1931.42
-457.455
-105.014
-27.4538
-2192.82
-704.483
-185.029
-45.201
-12.0529
-8918.31
-2291.3
-562.774
-133.241
-35.7108
-2384.5
-729.163
-187.804
-45.306
-12.1202
-9192.92
-2354.38
-580.715
-138.24
-37.2388
-2398.92
-734.579
-188.885
-42.3279
-11.987
-127.372
-6823.73
-6273.83
-2933.31
-1513.5
-837.173
-3193.41
-2402.19
-5716.15
-6218.09
-3304.91
-3096.48
-273.494
-427.541
-739.959
-1179.56
-1720.68
-2297.41
-192.243
-412.176
-855.624
-1489.57
-2260.92
-3092.94
-210.52
-91.3066
-380.475
-233.734
-723.003
-532.154
-1191.96
-1015.34
-1690.88
-1654.57
-2163.37
-2328.59
-2935.52
-3650.92
-4566.09
-6684.08
-7241.44
-8905.31
-3896.58
-4518.46
-4769.15
-4697.71
-3983.37
-3648.76
-246.826
-208.823
-158.377
-98.7582
-33.5461
-385.517
-325.834
-246.873
-153.823
-52.2288
-666.544
-562.681
-425.84
-265.116
-89.9801
-1061.01
-894.251
-675.795
-420.313
-142.585
-1544.54
-1298.87
-979.698
-608.608
-206.356
-2055.49
-1722.69
-1295.96
-803.995
-272.483
-173.373
-146.59
-111.11
-69.2484
-23.5124
-371.403
-313.674
-237.494
-147.9
-50.2013
-770.239
-649.784
-491.47
-305.852
-103.783
-1338.99
-1127.8
-851.851
-529.666
-179.663
-2028.01
-1704.27
-1284.91
-798.117
-270.622
-2765.52
-2316.58
-1742.48
-1081.25
-366.556
-190.107
-160.904
-122.081
-76.1536
-25.8782
-82.4623
-69.8039
-52.9678
-33.0434
-11.2294
-343.28
-290.296
-220.063
-137.176
-46.5919
-210.934
-178.432
-135.303
-84.3583
-28.655
-651.684
-550.5
-416.871
-259.644
-88.1466
-479.81
-405.469
-307.155
-191.356
-64.9699
-1072.8
-904.737
-684.055
-425.574
-144.39
-914.024
-771.01
-583.044
-362.757
-123.078
-1518.47
-1277.48
-963.794
-598.741
-202.997
-1485.89
-1249.99
-942.86
-585.569
-198.489
-1935.39
-1621.58
-1219.36
-756.094
-256.16
-2082.86
-1744.4
-1310.66
-811.929
-274.907
-2612.54
-2178.1
-1632.91
-1011.95
-342.974
-3219.74
-2661.71
-1987.06
-1232.18
-418.304
-3961.19
-3228.17
-2399.93
-1497.36
-511.353
-5638.85
-4490.62
-3339.93
-2129.53
-738.041
-5792.19
-4481.05
-3383.83
-2288.19
-859.02
-6834.08
-5183.87
-3981.7
-2829.76
-1107.45
-3468.14
-2892.41
-2169.74
-1345.63
-456.357
-3995.26
-3312.47
-2477.96
-1537.91
-522.44
-4175.74
-3433.94
-2562.62
-1596.09
-544.527
-4045.4
-3283.93
-2447.93
-1540.55
-530.968
-3326.59
-2648.48
-1983.15
-1283.55
-457.637
-2941.04
-2292.08
-1730.8
-1161.56
-428.991
-287.631
-472.125
-820.758
-1301.9
-1888.75
-2502.67
-209.935
-468.264
-956.692
-1640.18
-2455.99
-3310.09
-224.55
-101.451
-425.724
-267.669
-808.935
-600.725
-1330.05
-1138.92
-1893.41
-1892.05
-2418.34
-2767.12
-3170.91
-3910.28
-4840.69
-6891.56
-7377.7
-8955.76
-4099.34
-4666.24
-4836.98
-4683.7
-3937.75
-3626.31
-259.661
-219.764
-166.739
-104.006
-35.3348
-426.023
-360.38
-273.297
-170.416
-57.8876
-740.006
-625.409
-473.882
-295.316
-100.285
-1172.42
-989.566
-748.948
-466.381
-158.321
-1697.95
-1430.5
-1081.03
-672.591
-228.245
-2243.64
-1884.96
-1421.58
-883.682
-299.818
-189.448
-160.292
-121.582
-75.821
-25.7539
-422.35
-357.12
-270.721
-168.762
-57.3153
-862.129
-728.253
-551.573
-343.636
-116.676
-1476.16
-1245.19
-941.973
-586.433
-199.055
-2206.13
-1857.2
-1402.74
-872.559
-296.095
-2964.7
-2488.54
-1875.76
-1165.87
-395.596
-202.828
-171.739
-130.357
-81.3442
-27.6468
-91.6622
-77.6363
-58.9474
-36.7929
-12.5076
-384.368
-325.318
-246.833
-153.978
-52.321
-241.732
-204.668
-155.345
-96.9311
-32.9407
-729.787
-617.16
-467.899
-291.708
-99.0858
-542.116
-458.631
-347.838
-216.913
-73.6875
-1198.52
-1012.27
-766.559
-477.518
-162.131
-1026.59
-867.353
-657.014
-409.354
-138.997
-1703.24
-1435.9
-1085.67
-675.646
-229.3
-1702.56
-1435.81
-1085.86
-675.845
-229.375
-2168.86
-1822.76
-1374.95
-854.722
-289.966
-2483.38
-2088.45
-1575.97
-979.738
-332.373
-2829.93
-2367.26
-1780.72
-1106.48
-375.549
-3462.37
-2875.93
-2157.04
-1342.34
-456.543
-4224.09
-3465.83
-2593.21
-1625.49
-556.343
-5852.37
-4695.89
-3517.73
-2254.8
-782.992
-5943.55
-4632.56
-3522.02
-2393.29
-900.596
-6894.49
-5246.9
-4042.27
-2879.29
-1127.42
-3655.7
-3055.97
-2297.84
-1427.71
-484.674
-4134.55
-3436.53
-2577.28
-1602.77
-545.055
-4243.94
-3498.76
-2617.9
-1634.15
-558.186
-4040.66
-3287.55
-2457.49
-1550.89
-535.37
-3292.21
-2625.35
-1971.4
-1280.7
-457.946
-2923.92
-2280.26
-1724.6
-1160.11
-429.155
-18998.3
-14133.5
-4180.82
-3172.12
-2702.59
-4064.94
-2967.73
-13075.4
-13998
-11569
-13305
-6839
-10978.8
-4916.06
-5196.26
-3603.18
-21077.7
-10703.4
-3290.9
-5282.39
-7935.04
-5226.94
-6135.79
-4650.76
-2258.07
-3934.61
-3626.73
-3984.1
-18990.2
-11874.8
-12187.8
-7643.57
-7966.26
-8221.44
-4201.24
-5098.7
-5301.77
-12575
-11670.2
-9631.48
-9080.2
-7773.48
-9990.24
-7303.55
-5860.2
-4653.95
-2018.77
-3699.68
-3069.9
-2301.06
-1431.54
-486.382
-2834.35
-2373.37
-1786.28
-1109.88
-376.573
-2410.87
-2015.47
-1515.01
-940.876
-319.344
-3639.75
-3053.85
-2300.79
-1429.52
-484.959
-2643.82
-2207.55
-1658.61
-1030.34
-349.797
-9453.58
-8324.25
-6831.91
-6077.3
-5844.98
-9674.81
-8682.74
-6975.96
-5692.13
-4158.39
-8838.01
-6577.98
-5156.41
-3802.62
-1619.16
-9556.04
-8077.74
-6311.42
-4991.87
-3021.56
-5766.6
-4589.78
-3420.65
-2194.69
-787.492
-8813.51
-6702.13
-5050.27
-3415.45
-1353.68
-4236.4
-3434.17
-2556.23
-1608.76
-559.231
-4460.41
-3603.54
-2680.8
-1691.14
-590.097
-3127.4
-2550.64
-1899.49
-1189.34
-410.155
-14832.2
-12377.4
-10219.9
-9042.88
-7755.9
-8504.84
-6539.3
-5037.33
-3552.97
-1450.32
-2829.58
-2291
-1708.3
-1079.75
-376.679
-4549.8
-3693.62
-2762
-1750.18
-609.942
-6653.51
-5292.05
-3980.69
-2600.59
-938.227
-4497.28
-3642.99
-2722.48
-1724.44
-596.593
-5357.25
-4389.91
-3282.81
-2056.56
-700.324
-4084.73
-3368.04
-2519.57
-1572.43
-537.225
-1986.4
-1639.42
-1224.94
-762.382
-260.226
-3488.59
-2900.17
-2174.16
-1351.22
-459.512
-3159.85
-2586.69
-1929.77
-1207.62
-415.372
-3489.57
-2870.83
-2146.24
-1341.3
-459.668
-12627.8
-11111.4
-9266.06
-8570.34
-7199.68
-8804.89
-6543.05
-5174.74
-3932.88
-1693.82
-9905.47
-8042.27
-6346.42
-4833.01
-2083.28
-6288.52
-4781.39
-3631.09
-2451.52
-780.361
-6742.78
-5347.96
-4007.69
-2584.09
-873.293
-6772.74
-5139.92
-3905.13
-2637.39
-827.373
-3663.53
-3002.31
-2246.02
-1409.6
-483.522
-4509.08
-3739.63
-2801.15
-1742.05
-592.571
-4601.09
-3753.79
-2803.15
-1761.39
-605.284
-408.679
-1133.11
-1758.81
-2359.29
-2975.59
-3545.09
-2527.85
-6492.35
-6040.43
-2513.32
-7403.31
-6775.56
-7829.69
-10527.9
-1435.4
-159.912
-2705.28
1434.88
-10571.3
-8956.52
2199.51
-1829.53
-5097.12
-4843.1
-1915.8
-5593.57
-3170.96
-6176.29
-6338.08
-624.76
1036.72
-1138.16
3803.86
-7327.75
-4837.94
4234.21
-1106.31
-3402.77
-3468.71
-1289.83
-3396.68
-431.986
-4499.04
-4448.66
-150.423
1227.56
175.513
3942.77
-4348.78
-373.875
4776.86
-716.082
-2367.65
-2725.28
-962.804
-1725.78
1009.88
-3698.27
-4089.59
70.4057
873.489
545.63
3253.24
-3188.5
1762.68
4506.42
-604.903
-2192.79
-2565.2
-866.631
-1568.5
706.456
-3892.29
-5311.85
150.661
641.56
646.263
2747.2
-3058.53
1705.67
3038.68
-578.093
-2146.72
-2479.84
-831.991
-1992
-151.135
-3796.32
-5224.59
194.209
990.109
518.018
2794.83
-3666.72
637.597
2170.22
-1319.37
-3118.95
-4304.33
-1762.75
-6443.01
-11590.5
-7144.09
-12664.8
-1591.46
-1400.04
-5140.53
-4282.84
-2176.65
-9282.13
-4602.47
-1281.4
-3015.49
-3808.7
-1511.4
-6052.09
-9814.45
-6359.89
-9148.16
-1644.62
-1282.8
-4963.73
-4054.27
-1533.94
-8511.46
-4450.17
-1166.28
-2766.67
-3114.32
-1198.7
-5390.82
-8401.02
-5258.39
-7936.5
-1387.2
-1626.01
-4290.86
-4752.07
-1828.36
-7455.76
-4946.03
-1144.79
-2957.61
-2805.7
-1032.71
-5595.38
-8045.13
-5076.91
-7636.72
-1416.36
-1956.65
-4326.49
-5682.02
-2328.26
-8025.47
-5834.73
-1133.27
-2890.11
-2714.56
-977.809
-5413.08
-8511.76
-5022.55
-8321.77
-1505.47
-2450.87
-4559.83
-7062.48
-3315.74
-9327.58
-7374.94
-1133.62
-2857.1
-2656.12
-955.118
-5459.13
-8677.08
-4869
-8176.63
-1675.67
-3024.46
-4982.83
-7985.44
-4435.54
-10227.7
-8171.98
7777.06
9434.11
19314.5
30217.6
29279.6
57086.6
20165.2
60644.7
20763.8
48582.2
25554.9
42064.3
19541.8
25873.8
9051.66
9189.82
14049.8
16057.6
19070.7
17364.9
13196
19861.9
19604.1
19620.7
5181.67
3833.46
6979.46
5048.93
12812.8
8470.75
23526.4
16555
19578.2
19985.5
20093.6
20651
4821.81
4169.32
45293
55988.4
24188.9
32215.8
58056.4
71481.6
26922.4
33127.4
34100.8
44552
27289.7
37692.4
15773.2
19890.9
3090.81
995.827
3927.27
1377.79
7377.45
3055.32
12639.1
4668.2
8464.33
2810.87
8367.92
2380.51
16365.2
4786.69
21404.3
6741.17
27250.1
15696.7
22962.7
15874.4
27606.2
17822.2
21862.4
17583.8
18022.6
13032.2
19899.9
12681.1
22280.2
16355.3
23028.3
16746.9
21414.1
17881.8
22255.3
18206.9
18533.6
13710.3
19952.1
14185.5
19916.8
8267.35
11501.1
13238.9
21507.1
9607.29
11528.7
14004.5
19920.9
7670
11963.3
12957.4
20582.1
7702.72
12536.3
13026.5
2994.41
3378.59
1069.33
2156.52
9161.46
10789.9
3844
7446.88
14951.7
17772.4
6954.11
12586.8
18141
9453.11
18923.9
23236.9
11959.5
6743.58
10827.8
13158.4
23622.8
15733.5
10803.9
14362.7
16185.6
15987.3
20160.9
3224.16
3281.75
2004.32
2162.16
10338.7
9678.75
6862.43
6892.82
15478.6
13887.7
10163
10107.8
9863.22
10962.7
15556.4
16520.5
18034.4
16921.9
21793.6
19832
15628
15527.2
13517.1
14324.4
17499.5
15519
16714.7
13547
15230.6
11795.7
17401.8
13594.1
14558.9
7295.34
11505
10907.5
16019.5
18250.5
16373
21039.8
9781.91
9371.26
13286.3
5414.25
11208.4
17372.9
11663
18668
16661.5
25907.6
17283.3
26650.8
9610.34
15438.7
10025.2
16851.5
11906.6
8571.01
15544.2
6729.62
12766.4
4115.13
14668.7
2891.51
12473
12558.9
16336.9
8267.18
11327.6
14586.8
15063.3
10594.3
2981.15
2722.83
2278.16
1972.03
1902.91
1628.97
8728.54
7304.05
6176.46
5831.07
4724.67
3864.23
11284.8
9224.63
8207.35
8420.98
6511.62
5699.44
9618.02
7414.13
6823.67
15207.9
10752.8
8408.07
14090.1
9824.57
7286.95
15893.9
11916.8
9659.19
12908.1
8422.04
5989.08
17997.3
14024
12015.7
13493.1
10188.9
8060.5
12244.8
8749.43
6526.25
11258.3
7994.65
5992.53
12654.4
7273.08
4249.59
11888.4
19249.8
10170.4
14435.8
9849.21
20121.2
8310.05
16547.7
169.709
1582.46
-225.335
941.614
3527.87
6702.84
2233.28
4125.62
1921.87
3967.27
11224.1
16589.2
8763.61
6677.94
12129.1
10621.4
16492.9
17685.3
-549.352
-5709.64
8607.25
6008.07
6754.07
3874.46
1431.46
929.574
1177.32
743.924
3891.36
1204.35
2000.5
289.94
10008.6
2902.27
7657.17
2362.88
8711.25
2615.96
9841.46
3201.94
12696
12372.2
9853.4
12205.8
19559.7
17449.1
15964.9
16518.7
7143.28
9159.08
8346.14
8489.64
9211.99
12083.7
9674.36
12171.6
15227.3
16139.3
15777.1
16231.7
6303.89
9252.14
6086.39
9342.53
612.152
1186.95
7093.16
3639.29
602.754
949.871
6217.39
3058.65
614.954
1066.79
7468.93
4011.87
907.342
1175.28
7523.74
4226.94
-190.525
-327.682
427.032
259.956
-908.401
-1436.48
690.577
371.837
1010.88
-45.4652
2308.39
1902.6
-7469.9
-3779.04
-4422.25
-3057.2
-161.937
-7044.14
-10180.3
-4782.39
-4919.17
-199.39
9761.69
6986.84
5491.11
5412.35
2880.44
-501.877
-402.058
113.832
169.016
-1494.54
-1580.95
361.863
466.401
-1336.03
-1800.42
1131.19
1266.11
-2888.93
-1253.96
-7713.88
-5191.37
-4099.05
-2787.45
-3812.12
-3050.6
2.393
570.064
5223.13
3679.96
-285.176
-1848.1
-643.571
-1741.28
193.746
-775.826
430.561
675.337
4118.52
4467.53
9576.58
6043.27
8822.17
8394.43
13110.3
10113.6
7055.59
4257.9
2373.05
3011.54
11303.5
4813.03
12124.6
4476.56
15035.9
9794.1
16032.4
9483.32
8500.1
3092.34
9230.14
2677.4
4956.14
3857.13
3340.92
5943.25
2322.17
3080.7
2072.02
4935.2
5467.71
3536.7
4113.3
6837.64
6683.13
3286.48
4988.66
6700.42
-472.129
-550.013
-620.026
95.8913
-119.733
-149.154
-1738.17
-1943.05
-2034.45
162.862
-461.165
-542.512
-2134.94
-2794.94
-3056.89
653.353
-814.432
-1099.8
-473.486
-1044.54
-923.461
-3656.78
-3851.54
-3518.06
-2832.46
-3209.34
-3062.18
-3079.48
-3632.11
-3672.68
299.94
-1178.87
-1091.83
4318.25
2208.78
1312.29
-780.958
-1834.59
-2181.05
-1124.29
-2162.33
-2421.54
-724.652
-1922.01
-2161.99
1323.12
-775.469
-904.339
69.885
2.12422
-17.6711
-36.901
-72.1982
-68.2256
-79.8636
-68.4636
192.374
11.3506
-58.2568
-109.361
-174.568
-166.73
-182.673
-163.241
362.203
63.9356
-49.8365
-170.283
4.15172
-123.716
-134.368
-170.697
-15.1002
-80.331
-39.5087
-47.0352
149.292
22.3346
-19.4867
-57.7338
889.725
277.059
149.416
-65.0939
1280.47
414.641
309.318
-90.6911
730.503
211.522
89.2948
-154.758
1039.33
332.506
271.079
-96.6629
820.257
264.849
136.022
-52.328
1411.91
458.495
329.79
-118.835
865.209
301.8
126.347
-85.2867
1482.74
484.58
344.026
-131.557
63.1762
8.25893
-0.875452
-30.1068
49.371
4.5009
10.1615
-32.8629
175.501
25.2065
-8.54515
-90.784
82.2556
-8.64958
14.1514
-98.912
599.935
166.019
75.9073
-129.701
449.03
105.433
77.7313
-159.487
265.875
39.3695
7.94926
-172.588
174.672
12.4739
38.4893
-162.089
867.432
260.252
218.662
-168.048
-34.1391
-22.8813
-10.6601
-29.6624
-102.473
-43.2449
-21.7873
-19.988
-23.6208
-42.5779
-11.4753
-82.4977
-265.033
-118.127
-55.1244
-56.3998
54.5553
-29.4133
-2.1472
-128.73
-371.728
-171.458
-82.2242
-85.2952
57.2317
-40.6807
-2.36693
-169.104
-411.003
-203.009
-89.3791
-97.1068
224.515
-4.35552
68.9506
-149.768
-259.267
-180.819
-55.3047
-83.7915
858.911
125.773
184.903
-119.345
237.911
-47.1237
13.44
-48.4677
534.462
41.1903
140.749
-128.809
35.7053
-115.699
-16.4988
-65.5565
1133.83
233.787
232.214
-125.655
369.605
20.2939
39.6914
-39.1216
1324.55
342.175
279.808
-119.338
483.324
97.1458
69.1395
-29.161
-13.8545
-6.36902
-3.07444
-1.59288
-1.02482
-20.278
-9.86998
-4.88171
-2.55833
-1.64216
-31.7824
-14.7336
-7.03925
-3.61727
-2.32102
-58.1453
-29.3021
-14.6633
-7.75082
-5.00236
-46.3819
-21.5251
-10.3541
-5.36351
-3.4624
-84.6511
-41.9705
-21.1186
-11.2471
-7.30017
-27.9348
-13.6238
-6.90503
-3.70463
-2.41322
-14.2072
-7.11677
-3.60966
-1.93931
-1.26061
-41.5194
-17.9923
-8.68552
-4.543
-2.92141
-7.89677
-2.46252
-0.993734
-0.465178
-0.28229
-65.3373
-30.3296
-14.9398
-7.8914
-5.10418
-16.7329
-6.59913
-3.05846
-1.5607
-0.983651
-11.4302
-3.42667
-1.33154
-0.617541
-0.376558
-7.97872
-2.74954
-1.19377
-0.595392
-0.375771
-9.54141
-2.85443
-1.11205
-0.520805
-0.308237
-4.27754
-0.653048
-0.102236
-0.00413265
0.0177121
-10.9155
-4.74079
-2.19903
-1.10818
-0.702317
-10.973
-4.56091
-2.06813
-1.02713
-0.637451
-28.1452
-11.8934
-5.43214
-2.69484
-1.68603
-28.4592
-11.5045
-5.18248
-2.55091
-1.5841
-36.4419
-14.5024
-6.54141
-3.2182
-2.01264
-35.2358
-14.278
-6.52239
-3.23266
-2.03858
-48.4918
-21.6749
-10.4928
-5.47129
-3.53389
-24.7471
-10.609
-4.97536
-2.50524
-1.6073
-28.4269
-13.1713
-6.49998
-3.4467
-2.23527
440.026
566.799
1405.65
1824.83
2150.7
2924.8
2582.77
3863.85
2481.32
3725.18
2268.15
3135.44
1973.14
2454.77
2756.06
3818.16
2950.23
4055.23
517.934
112.906
24.5626
5.21357
1.26896
194.839
75.2438
6.78
2.11044
0.945127
1931.87
430.582
95.0043
20.4691
5.04937
588.612
125.687
25.5196
4.98218
1.06149
3363.76
753.712
167.337
36.3991
9.06411
1037.05
249.857
55.8296
12.3361
3.0195
4774.57
1075.9
241.326
53.1272
13.4031
1459.22
386.587
92.8107
21.6164
5.56323
6576.07
1525.26
349.692
78.4534
20.1518
1957.88
590.647
150.509
36.1758
9.55543
8661.66
2196.67
532.604
124.595
33.0628
2304.51
731.147
191.896
46.892
12.5894
7976.89
1959.76
463.333
106.19
27.7165
2209.55
713.478
187.393
45.7248
12.1723
8968.97
2304.8
565.982
133.94
35.8773
2380.13
729.366
188.021
45.3718
12.1382
9209.42
2358.84
581.799
138.478
37.2955
2397.6
734.513
188.905
42.3275
11.9883
283.378
6993.34
6856.27
3827.66
-3611.61
-4945.11
-10634
-13997.1
-6021.96
-12211.3
-2182.37
-7243.03
-5909.48
-9910.42
-10959
-15173.9
-13178.1
-15042.4
-6622.58
-7487.92
19054.6
14072
3796.46
2803.51
2148.89
3420.35
2479.99
12200.4
11531.3
9993.95
10235
8161.12
5620
7985.03
4677.49
3562.39
4351.43
2771.1
20238
9745.02
2698.45
4611.73
7266.18
4817.02
5481.71
4073.77
1904.48
3197.84
2924.4
3429.79
19051.4
11644.2
11621.8
7247.43
7567.4
7734.01
3534.26
4407.75
4823.4
12582.7
11626.9
9546.72
8936.95
7632.85
9900.89
7206.75
5760.2
4560.5
1978.71
3338.47
2749.52
2045.72
1265.46
428.621
2494.89
2078.88
1556.86
963.549
326.232
1899.71
1570.71
1167.13
717.97
242.367
3047.19
2540.86
1901.95
1175.51
397.611
2192.09
1813.19
1349.34
831.864
281.216
7949.04
6582.82
5065.75
4457.79
4523.24
6233.59
4807.62
3291.45
2548.25
2024.33
6893.48
4662.04
3426.45
2461.84
1043.53
5512.96
4036.57
2719.54
2025.68
1343.67
4127.49
2828.33
1833.55
1424.24
809.515
4452.25
3324.2
2335.3
1432.92
501.18
5717.89
3949.58
2760.39
1774.43
688.624
3274.9
2160.66
1446.54
894.939
332.668
2929
2255.15
1599.14
969.734
330.215
3492.55
2621.68
1825.72
1096.64
373.116
2305.08
1791.96
1274.16
769.034
259.677
13504.3
10867.5
8686.69
7635.25
6680.92
7418.5
5455.89
4061.56
2818.49
1149.83
2232.34
1732.64
1241.72
761.93
261.498
3880.62
3068.03
2237.72
1392.52
480.715
5944.88
4600.53
3374.53
2166.1
774.173
4083.46
3251.5
2390.09
1495.13
513.537
4732.14
3826.61
2826.31
1754.92
594.618
3528.73
2862.56
2107.39
1299.09
440.838
1634.34
1310.08
950.419
577.534
194.439
2798.3
2289.98
1689.42
1036.53
349.948
2473.66
1957.81
1413.48
862.31
292.417
2949.56
2375.37
1739.02
1069.35
363.213
12521.4
10870.9
8933.5
8144.96
6752.67
8513.91
6245.73
4889.88
3694.18
1587.65
9163.42
7254.76
5581.2
4196.94
1792.81
5862.92
4367.08
3264.76
2184.79
692.493
6318.81
4935.48
3644.92
2324.75
780.115
6233.48
4616.86
3437.31
2293.67
707.949
3026.26
2428.23
1781.32
1102.7
375.516
3858.6
3161.63
2339.83
1441.58
487.836
4126.79
3311.35
2433.05
1510.07
515.304
6297.37
13802
11892.7
38908.1
11160.6
50502.4
6917.51
18216.7
9714.38
8218.15
19218.7
15018.1
9796.88
11747.9
20897.6
17268.5
3965.65
2723.9
9144.65
6445.71
7498.41
3918.53
27292.7
19330.9
16334.9
11300.7
17065.9
11117.3
-1951.4
1586.27
46572.8
56489.7
23450.9
32113.3
59054.1
71894.7
26036.1
32918.3
34949.8
45036.3
26583.2
37687.2
16982.2
20383.6
2201.33
432.592
4713.9
1528.5
4387.11
2103.9
14254.6
5109.77
2194.4
1065.12
6196.61
1725.06
16420
4742.87
21604.6
6786.44
19713.8
12195.3
20423
14132.3
18921.6
13550.1
18960.6
15546.4
16274.3
11703.9
14923.7
10137.6
21268.5
15556.6
22781.9
16521.2
20220.4
16976.6
21927.6
17949.1
17901.5
13087.7
19813
14007.4
18934.7
8009.47
10536.1
12799.2
18481.1
8785.16
9612.75
13160
19645.4
7591.5
11514
12742.9
20550.9
7693.32
12405.9
12965.8
696.821
543.199
-97.6144
740.791
2637.15
3301.88
1937.55
5059.99
4042.78
5468.65
4280.29
9317.33
17685.3
16715.1
14419.3
17134.1
10504.4
11034
8859.61
8013.78
16967.7
14265.5
13333.2
12919.4
12496.4
11952.1
18291.1
745.088
964.252
473.036
737
3353.44
2978.77
3879.67
3798.83
3335.81
1828.4
6397.84
6056.03
11985.9
12766.5
11322.9
11271.9
10639.9
8863.62
14526.8
12459.4
13222.1
12459
15616.4
15830.7
14922.6
13120.2
12454.4
10044.6
11392.8
8750.39
15557.8
11405.4
13551.9
7774.55
11101.9
11051.5
16473.5
19255.7
16410.5
21395.8
9196.65
9361.08
11780.1
5589.35
11034.7
17365.6
11602.6
18650.7
16681.3
26172.8
17263.7
26670.1
9359.77
15353.4
9948.19
16820.2
11414.9
8565.34
15309.9
6809.27
11521.7
4378.19
14155
3386.18
12264.3
12494.9
16224.9
8271.26
11263.5
14560.3
15032.6
10582.1
1147.45
911.674
674.913
843.775
2308.25
1170.77
3161.83
3149.88
680.862
501.471
5558.03
5362.84
13675.2
11623
11058.9
8392.21
7429.21
4972.64
9960.13
7494.92
10775
7191.44
19945.8
16726.3
10647.5
8418.72
8464.16
6060.93
7525.26
5060.04
8637.12
4268.05
5897.25
11303.2
5412.6
11133.4
7588.64
12351.3
8996.41
13985
1502.71
1393.07
1304.47
1295.66
4592.96
4796.46
4250
4390.52
1703.21
2102.64
9078.97
9899.03
5491.69
6182.05
10827
10299.1
15279
17331.8
-748.348
-5632.49
7788.47
5837.43
6393.35
3843.93
1209.53
1159
1310.22
1127.61
3001.18
1912.93
2316.48
1341.75
8097.85
3814.48
7610.77
3495.54
8604.15
3244.7
9821.11
3452.99
6737.01
9735.1
7665.5
10754.6
11810
13366.5
13208.9
14514.9
5893.58
8449.83
5053.85
7504.32
8271.08
11446.1
9394.61
11988.9
14031
15264.9
15423.4
15981.8
5771.35
8934.99
5925.88
9251.56
605.745
1537.23
7020.15
3831.89
734.597
1606.68
6319.25
3369.98
690.211
1353.49
7436.7
4152.59
943.26
1294.72
7501.5
4292.05
1108.04
1242.23
1167.4
1288.79
2965.71
3256.85
2132.26
2396.8
7273.34
7771.49
3953.8
4258.32
4137.29
9673.57
2637.18
194.509
1177.04
4133.51
1088.91
1881.42
-1939.33
694.557
14183.6
10109.1
7514.96
7058.17
3609.11
1471.76
1539.33
1468.39
1726.78
3824.36
4042.63
2825.49
3440.75
8168.9
9012.94
4265.79
5243.15
6162.07
7454.43
2058.01
4077.95
3273.77
4515.79
721.717
1576.38
1521.3
2418.28
11425.8
8827.4
6099.39
4198.68
4355.24
2987.23
3963.18
2628.16
1987.16
2448.3
7259.17
7709.53
10953.8
7430.72
11240.1
11078
13961.3
11270
8707.76
5657.95
5401.83
6057.97
11936.5
5587
12285.9
4650.54
15386.5
10458.1
16100.3
9612.91
9315.4
3873.66
9456.45
2872.56
6556.64
5151.64
4735.78
7426.42
4927.2
5705.31
3893.98
7353.38
6305.04
4296.76
4939.77
7711.95
6936.03
3511.85
5250.29
6925.31
1196.43
1270.13
1184.09
964.18
4377.94
4927.49
2133.83
1285.09
9548.84
7927.6
3059.69
394.611
9258.59
7930.89
5883.76
4867.47
4822.6
3860.62
1732.11
913.853
1714.08
-557.053
8449.46
6911.15
4200.91
3004.94
2787.51
1554
2083.1
797.993
3127.92
-326.645
236.944
92.3873
30.0463
-13.0811
245.73
111.976
19.481
-13.9148
661.934
264.966
69.0228
-54.6398
607.955
283.932
78.3714
-1.93231
982.295
403.444
138.211
-76.9302
945.346
436.65
229.531
82.1724
555.303
271.409
174.631
64.0912
393.755
178.229
75.9515
-5.75089
1217.1
477.345
293.607
34.0376
1386.28
462.65
358.835
-86.3696
1217.61
475.272
277.927
-2.1499
1178.68
395.118
334.122
-91.1015
1071.11
421.888
229.029
-19.7945
1494.11
497.077
372.657
-98.9542
972.749
370.641
168.528
-66.237
1519.1
502.684
360.556
-126.035
225.15
80.2628
33.8465
-18.4329
223.526
70.372
45.8642
-22.2307
630.106
231.655
92.0954
-57.0172
618.317
203.535
123.714
-69.072
1093.93
404.053
207.784
-95.1993
1056.77
362.501
227.296
-121.108
1059.54
421.283
231.281
-46.1626
786.364
284.688
181.241
-131.698
1187.54
407.687
340.227
-133.438
162.436
50.021
21.7334
-16.2134
99.3555
35.3213
10.8089
-1.80422
501.909
157.66
84.224
-42.8831
308.064
111.274
44.3964
-1.56401
681.391
227.471
131.312
-69.0973
412.207
169.18
69.2876
-1.89502
778.766
282.755
171.318
-86.6151
502.749
223.097
100.412
4.3417
916.071
315.038
252.987
-54.7768
671.436
257.682
149.769
29.065
1591.55
512.631
405.828
-7.13307
843.26
282.378
181.478
43.6268
1364.88
442.289
370.819
-11.5879
869.932
291.861
184.386
46.3715
1600.58
497.998
383.791
-50.3718
728.947
234.474
150.832
19.0593
1478.7
433.333
332.257
-93.7446
596.646
168.789
106.749
-9.72029
4.15346
4.32357
2.67163
1.55365
1.04391
12.1934
7.92029
4.48344
2.54194
1.70735
10.6289
10.0705
6.22894
3.63776
2.44691
41.5756
24.4499
13.4751
7.55057
5.04399
21.9987
15.978
9.32546
5.33632
3.559
63.4279
35.7831
19.2533
10.6557
7.07261
21.8018
11.9629
6.35484
3.49279
2.31289
11.5248
6.23751
3.35048
1.85337
1.23916
20.1531
13.7385
7.7001
4.331
2.89891
-1.10143
1.10256
0.857096
0.537417
0.375036
43.4862
24.9765
13.454
7.45422
4.95321
5.09789
4.70519
2.75118
1.5772
1.07197
-1.27155
1.1627
0.995763
0.640894
0.450828
1.05099
1.56001
1.00273
0.592437
0.404849
-1.47722
1.02352
0.894763
0.583621
0.435554
-3.35742
-0.363704
0.0380071
0.0787775
0.0829351
1.19363
2.86423
1.9353
1.16129
0.790257
1.59079
2.82136
1.87636
1.12663
0.776946
4.60421
7.78892
5.12385
3.07613
2.10539
5.0625
7.6571
4.96048
2.97208
2.04004
5.69108
10.1144
6.48338
3.87093
2.6388
11.8378
11.0345
6.60606
3.87362
2.6169
30.3315
17.9672
9.73169
5.43279
3.60526
14.3794
9.21764
5.13011
2.93863
1.95465
21.6376
11.1083
5.79063
3.16798
2.09437
153.263
290.283
642.09
1063.87
1259.61
1988.38
1850.59
3014.98
2063.44
3238.24
2333.69
3208.45
1940.67
2527.65
2805.46
3851.15
2966.74
4064.92
495.739
110.085
24.1216
5.1372
1.2532
139.538
67.8846
5.42209
1.91229
0.918195
1871.83
422.878
93.7763
20.2501
5.00222
438.842
101.905
21.7919
4.4084
0.963815
3269.77
740.446
165.135
36.0025
8.97859
856.911
220.485
51.0972
11.5837
2.88595
4647.15
1055.81
237.808
52.4805
13.2634
1307.38
360.339
88.3011
20.8481
5.41747
6426.58
1498.53
344.644
77.4869
19.939
1876.61
572.452
146.839
35.4721
9.40877
8573.99
2174.62
527.612
123.537
32.8159
2309.5
728.959
191.013
46.6592
12.5299
7847.53
1931.39
457.428
105.003
27.4489
2193.11
704.62
185.074
45.2131
12.0563
8918.41
2291.31
562.769
133.237
35.7087
2384.54
729.18
187.808
45.3069
12.1203
9193.03
2354.4
580.713
138.237
37.2371
2398.95
734.586
188.885
42.3275
11.9867
128.157
6824.19
6274.84
2935.82
1366.57
705.668
3218.6
2453.15
5743.39
6254.37
3017.64
2771.29
273.491
427.536
739.951
1179.54
1720.67
2297.39
192.241
412.17
855.615
1489.55
2260.91
3092.92
210.517
91.3054
380.47
233.731
722.995
532.148
1191.95
1015.33
1690.86
1654.56
2163.35
2328.57
2935.51
3650.9
4566.06
6684.05
7241.41
8905.27
3896.56
4518.43
4769.12
4697.69
3983.36
3648.75
246.823
208.821
158.375
98.7572
33.5458
385.513
325.83
246.87
153.822
52.2282
666.537
562.675
425.836
265.113
89.9792
1061
894.242
675.788
420.309
142.584
1544.53
1298.86
979.69
608.603
206.355
2055.48
1722.67
1295.95
803.991
272.481
173.371
146.588
111.109
69.2476
23.5122
371.399
313.671
237.491
147.898
50.2007
770.231
649.777
491.464
305.849
103.782
1338.97
1127.79
851.843
529.661
179.661
2027.99
1704.25
1284.9
798.111
270.62
2765.5
2316.56
1742.47
1081.24
366.553
190.105
160.902
122.08
76.1527
25.8779
82.4612
69.803
52.9671
33.043
11.2292
343.275
290.293
220.061
137.175
46.5914
210.931
178.43
135.301
84.3571
28.6546
651.676
550.494
416.866
259.641
88.1456
479.804
405.464
307.152
191.353
64.9692
1072.79
904.728
684.049
425.57
144.389
914.014
771.002
583.038
362.753
123.076
1518.46
1277.47
963.787
598.736
202.995
1485.87
1249.98
942.852
585.565
198.487
1935.38
1621.57
1219.35
756.09
256.158
2082.85
1744.39
1310.65
811.924
274.906
2612.52
2178.09
1632.9
1011.94
342.972
3219.72
2661.7
1987.05
1232.17
418.303
3961.18
3228.16
2399.93
1497.36
511.353
5638.83
4490.61
3339.93
2129.53
738.042
5792.18
4481.04
3383.83
2288.2
859.022
6834.07
5183.87
3981.71
2829.77
1107.46
3468.12
2892.39
2169.73
1345.62
456.355
3995.24
3312.46
2477.95
1537.91
522.438
4175.73
3433.93
2562.61
1596.09
544.527
4045.39
3283.92
2447.93
1540.55
530.968
3326.58
2648.48
1983.16
1283.55
457.638
2941.03
2292.08
1730.8
1161.57
428.993
287.629
472.123
820.755
1301.9
1888.75
2502.66
209.934
468.262
956.689
1640.17
2455.98
3310.08
224.549
101.45
425.722
267.668
808.932
600.723
1330.04
1138.92
1893.41
1892.04
2418.34
2767.12
3170.9
3910.28
4840.68
6891.54
7377.67
8955.73
4099.32
4666.22
4836.96
4683.68
3937.73
3626.29
259.659
219.762
166.738
104.005
35.3346
426.022
360.379
273.296
170.415
57.8874
740.004
625.407
473.88
295.315
100.285
1172.41
989.564
748.947
466.38
158.321
1697.94
1430.49
1081.03
672.591
228.245
2243.64
1884.95
1421.58
883.682
299.818
189.447
160.291
121.582
75.8207
25.7538
422.348
357.119
270.721
168.762
57.3152
862.127
728.251
551.571
343.636
116.676
1476.15
1245.18
941.971
586.432
199.055
2206.13
1857.2
1402.74
872.557
296.095
2964.7
2488.54
1875.75
1165.87
395.596
202.827
171.738
130.357
81.3437
27.6467
91.6618
77.636
58.9472
36.7928
12.5075
384.367
325.317
246.832
153.977
52.3208
241.731
204.667
155.345
96.9309
32.9406
729.785
617.158
467.898
291.708
99.0855
542.115
458.63
347.837
216.912
73.6874
1198.52
1012.26
766.557
477.517
162.131
1026.59
867.351
657.013
409.354
138.997
1703.23
1435.9
1085.66
675.646
229.3
1702.56
1435.81
1085.86
675.845
229.375
2168.85
1822.76
1374.95
854.722
289.966
2483.38
2088.45
1575.97
979.74
332.374
2829.92
2367.26
1780.72
1106.48
375.549
3462.36
2875.93
2157.04
1342.34
456.544
4224.09
3465.84
2593.22
1625.49
556.346
5852.37
4695.9
3517.74
2254.81
782.999
5943.55
4632.57
3522.05
2393.31
900.607
6894.48
5246.91
4042.3
2879.31
1127.43
3655.69
3055.96
2297.84
1427.71
484.674
4134.54
3436.53
2577.28
1602.77
545.056
4243.93
3498.76
2617.9
1634.15
558.187
4040.65
3287.54
2457.5
1550.9
535.371
3292.2
2625.35
1971.4
1280.7
457.949
2923.91
2280.26
1724.61
1160.11
429.158
18998.1
14133.5
4180.81
3172.12
2702.6
4064.94
2967.73
13075.3
13998
11569
13305.1
6839.04
10978.9
4916.09
5196.29
3603.2
21077.6
10703.3
3290.91
5282.4
7935.04
5226.94
6135.79
4650.76
2258.08
3934.62
3626.75
3984.11
18990.1
11874.7
12187.8
7643.56
7966.25
8221.43
4201.25
5098.7
5301.77
12575
11670.3
9631.53
9080.28
7773.55
9990.24
7303.58
5860.24
4654
2018.8
3699.68
3069.91
2301.06
1431.54
486.384
2834.34
2373.38
1786.28
1109.88
376.574
2410.87
2015.48
1515.02
940.884
319.347
3639.76
3053.86
2300.79
1429.53
484.961
2643.83
2207.56
1658.62
1030.35
349.799
9453.64
8324.37
6832.1
6077.58
5845.31
9674.85
8682.77
6976.14
5692.58
4159.1
8838.07
6578.07
5156.56
3802.82
1619.3
9556.06
8077.75
6311.57
4992.27
3022.17
5766.64
4589.84
3420.72
2194.77
787.532
8813.56
6702.21
5050.39
3415.62
1353.81
4236.43
3434.21
2556.27
1608.8
559.25
4460.45
3603.57
2680.85
1691.19
590.118
3127.42
2550.67
1899.52
1189.36
410.167
14832.2
12377.6
10220.2
9043.15
7756.15
8504.88
6539.37
5037.43
3553.07
1450.38
2829.6
2291.02
1708.33
1079.77
376.69
4549.82
3693.65
2762.03
1750.21
609.956
6653.53
5292.09
3980.75
2600.64
938.252
4497.29
3643
2722.5
1724.47
596.602
5357.26
4389.93
3282.83
2056.58
700.332
4084.75
3368.06
2519.59
1572.45
537.232
1986.41
1639.43
1224.96
762.394
260.231
3488.6
2900.19
2174.18
1351.24
459.518
3159.87
2586.71
1929.8
1207.64
415.382
3489.59
2870.84
2146.26
1341.32
459.676
12627.8
11111.4
9266.15
8570.46
7199.8
8804.89
6543.08
5174.8
3932.93
1693.85
9905.49
8042.33
6346.51
4833.12
2083.34
6288.53
4781.42
3631.14
2451.56
780.379
6742.78
5347.99
4007.73
2584.12
873.308
6772.76
5139.96
3905.18
2637.44
827.396
3663.55
3002.33
2246.04
1409.62
483.53
4509.09
3739.65
2801.17
1742.07
592.577
4601.1
3753.81
2803.17
1761.41
605.293
408.7
1133.15
1758.85
2359.32
2975.61
3545.11
2330.94
6494.65
6043.61
2311.69
7403.21
6774.64
7831.76
10528.5
1312.21
151.629
2714.33
-1440.12
10569.3
8952.79
-2204.93
1680.85
5103.31
4847.72
1758.96
5595.2
3171.25
6178.5
6339.02
564.874
-941.44
1148.98
-3817.98
7327.78
4836.16
-4239.43
1010.04
3409.77
3471.93
1182.86
3400.12
433.636
4501.1
4449.83
112.236
-1125.73
-152.113
-3939.01
4353.61
375.552
-4776.27
650.174
2372.97
2726.29
883.907
1729.47
-1007.74
3699.6
4090.55
-90.8559
-796.732
-524.104
-3250.81
3194.83
-1759.15
-4503.23
548.091
2196.28
2564.73
796.93
1572.24
-703.836
3893.1
5312.69
-169.978
-627.369
-625.579
-2705.2
3067.81
-1699.52
-3024.98
524.109
2148.89
2478.83
765.584
1995.43
153.768
3796.87
5225.37
-208.275
-965.586
-504.325
-2735.86
3676.13
-630.554
-2151.13
1209.13
3119.68
4309.6
1613.06
6445.93
11592.8
7148.35
12667
1471.37
1285.31
5127.09
4281.84
2175.52
9283.49
4603.15
1179.89
3013.58
3812.83
1384.47
6052.58
9815.38
6362.63
9149.55
1529.94
1169.76
4938.53
4058.27
1529.6
8510.73
4449.89
1078.51
2763.81
3116.59
1100.48
5388.9
8400.38
5259.48
7937.11
1293.74
1485.69
4266.38
4748.87
1821.99
7453.15
4942.77
1062.8
2953.54
2806.12
951.33
5591.92
8043.42
5076.76
7636.64
1323.76
1802.88
4302.64
5653.67
2319.93
8021.1
5824.67
1052.74
2886.9
2714.31
902.395
5409.22
8509.46
5021.87
8321.33
1405.53
2272.27
4538.56
7011.46
3306.13
9321.69
7358.86
1052.01
2855.11
2655.83
881.791
5455.65
8674.81
4868.22
8176.1
1556.77
2816.3
4969.43
7926.34
4426.92
10221.8
8153.71
)
;

boundaryField
{
    patch1
    {
        type            calculated;
        value           nonuniform List<scalar> 
2440
(
-4825.94
-8770.75
-7734.04
-3534.27
-4407.77
-4823.42
-8221.44
-4201.24
-5098.7
-5301.77
4821.81
8763.61
7734.01
3534.26
4407.75
4823.4
8221.43
4201.25
5098.7
5301.77
-8479.86
-19317.7
-29275.7
-20161.9
-20759.6
-25540.7
-19507.1
-10501.9
-128.067
3864.5
10667.9
6041.34
2191.55
5919.9
10980.5
13208.2
7538.38
-19054.7
-14072.1
-3796.48
-2803.53
-2148.9
-3420.37
-2480.01
-12200.6
-11531.4
-9994.01
-10235.1
-8161.15
-5620
-7985.06
-4677.49
-3562.39
-4351.43
-2771.1
-20238.1
-9745.07
-2698.46
-4611.75
-7266.21
-4817.04
-5481.74
-4073.78
-1904.48
-3197.85
-2924.4
-3429.8
-19051.5
-11644.2
-11621.9
-7247.46
-7567.43
171.92
-210.52
-91.3066
-380.475
-233.734
-723.003
-532.154
-1191.96
-1015.34
-1690.88
-1654.57
-2163.37
-2328.59
-224.55
-101.451
-425.724
-267.669
-808.935
-600.725
-1330.05
-1138.92
-1893.41
-1892.05
-2418.34
-2767.12
-18998.3
-14133.5
-4180.82
-3172.12
-2702.59
-4064.94
-2967.73
-13075.4
-13998
-11569
-13305
-6839
-10978.8
-4916.06
-5196.26
-3603.18
-21077.7
-10703.4
-3290.9
-5282.39
-7935.04
-5226.94
-6135.79
-4650.76
-2258.07
-3934.61
-3626.73
-3984.1
-18990.2
-11874.8
-12187.8
-7643.57
-7966.26
7777.06
19314.5
29279.6
20165.2
20763.8
25554.9
19541.8
9051.66
128.195
-3611.61
-10634
-6021.96
-2182.37
-5909.48
-10959
-13178.1
-6622.58
19054.6
14072
3796.46
2803.51
2148.89
3420.35
2479.99
12200.4
11531.3
9993.95
10235
8161.12
5620
7985.03
4677.49
3562.39
4351.43
2771.1
20238
9745.02
2698.45
4611.73
7266.18
4817.02
5481.71
4073.77
1904.48
3197.84
2924.4
3429.79
19051.4
11644.2
11621.8
7247.43
7567.4
-171.789
210.517
91.3054
380.47
233.731
722.995
532.148
1191.95
1015.33
1690.86
1654.56
2163.35
2328.57
224.549
101.45
425.722
267.668
808.932
600.723
1330.04
1138.92
1893.41
1892.04
2418.34
2767.12
18998.1
14133.5
4180.81
3172.12
2702.6
4064.94
2967.73
13075.3
13998
11569
13305.1
6839.04
10978.9
4916.09
5196.29
3603.2
21077.6
10703.3
3290.91
5282.4
7935.04
5226.94
6135.79
4650.76
2258.08
3934.62
3626.75
3984.11
18990.1
11874.7
12187.8
7643.56
7966.25
-20654.2
-16591.9
1.59854
2.23715
-1.96084
-2.08993
-3545.09
637.597
2170.22
-10227.7
-8171.98
20651
16589.2
-1.6073
-2.23527
1.95465
2.09437
3545.11
-630.554
-2151.13
10221.8
8153.71
-19987.3
-157.288
323.195
628.036
855.265
-514.983
-638.17
-374.716
-513.336
239.137
223.636
1712.52
2700.93
-409.898
-349.959
-303.735
-254.495
-2490.8
-1748.81
-6180.21
-3858.6
-8208.4
-5697.36
-6823.73
-8408.18
-7287.05
-9659.5
-5988.19
-12015.8
-8060.59
-6526.3
-5992.56
-4249.28
-3974.81
663.414
149.168
2040.31
546.397
3059.52
1101.6
923.602
3518.4
3062.71
3674.24
1092.79
-1312.16
2181.37
2422
2162.72
904.844
32.4796
21.8621
82.6276
56.4351
128.642
85.1618
169.067
97.0419
149.745
83.7562
119.33
48.4547
128.79
65.5358
125.645
39.1139
119.333
29.1579
1.06462
1.75635
2.2895
4.97685
3.44336
7.28154
2.41238
1.26051
2.92118
0.282846
5.1187
0.987836
0.376143
0.376031
0.308153
-0.0176679
0.724618
0.68675
1.66827
1.56911
2.00953
2.01223
3.53871
-1.53562
-1.03899
-5.09299
-0.789609
-9.18673
-2.60053
-13.5746
-5.01387
-20.3693
-8.87325
-33.1791
-12.0673
-27.8948
-11.3544
-35.9306
-11.9186
-37.3091
-11.9486
-285.433
-242.429
-3122.7
5492.5
12127.3
9501.77
6714.73
9464.77
13434
13798.3
8593.59
-946.043
-110.068
355.266
322.501
-705.472
-688.929
-494.111
-547.504
51.5509
67.1888
1214.77
2127.86
-486.561
-406.664
-326.81
-270.281
-932.401
-873.159
-1201.92
-3161.48
-501.634
-5367.82
-11622.3
-8390.67
-4971.14
-7495.6
-7193.58
-16726
-8418.33
-6060.8
-5060.41
-4269
-1497.69
-1092.59
-4882.03
-1251.04
-7923.25
-382.968
-7931.26
-4868.55
-3861.44
-911.228
561.469
-6911.23
-3005.18
-1553.83
-796.852
328.614
17.8638
2.24641
42.9085
1.53679
68.9469
1.69292
86.5566
-4.43685
54.7506
-29.1048
7.13487
-43.6231
11.5798
-46.3805
50.3747
-19.0545
93.7443
9.72162
-1.20468
-1.89123
-2.47946
-5.09128
-3.57779
-7.09553
-2.31338
-1.23877
-2.89932
-0.374648
-4.93391
-1.06691
-0.451731
-0.404574
-0.435668
-0.082967
-0.929431
-0.884831
-2.11517
-2.04785
-2.63842
-2.63938
-3.59558
-1.51834
-1.0082
-5.04582
-0.690043
-9.10082
-2.46692
-13.4335
-4.87152
-20.1537
-8.73383
-32.9307
-12.0131
-27.6246
-11.2482
-35.7615
-11.9021
-37.2506
-11.9471
-33.9361
790.928
-1708.38
-103.276
-255.491
-1515.37
-1428.5
-578.051
-2146.69
-2479.75
-831.897
-1992
-151.135
-3796.32
-5224.59
194.209
990.109
518.018
2794.83
-3666.72
-1133.6
-2857.09
-2656.06
-955.045
-5459.13
-8677.08
-4869
-8176.63
-1675.67
-3024.46
-4982.83
-7985.44
-4435.54
19985.5
157.196
-323.241
-628.101
-855.39
514.962
638.165
374.694
513.334
-239.181
-223.621
-1712.62
-2700.86
409.885
349.965
303.736
254.499
2278.16
1628.97
6176.46
3864.23
8207.35
5699.44
6823.67
8408.07
7286.95
9659.19
5989.08
12015.7
8060.5
6526.25
5992.53
4249.59
3967.27
-620.026
-149.154
-2034.45
-542.512
-3056.89
-1099.8
-923.461
-3518.06
-3062.18
-3672.68
-1091.83
1312.29
-2181.05
-2421.54
-2161.99
-904.339
-29.6624
-19.988
-82.4977
-56.3998
-128.73
-85.2952
-169.104
-97.1068
-149.768
-83.7915
-119.345
-48.4677
-128.809
-65.5565
-125.655
-39.1216
-119.338
-29.161
-1.02482
-1.64216
-2.32102
-5.00236
-3.4624
-7.30017
-2.41322
-1.26061
-2.92141
-0.28229
-5.10418
-0.983651
-0.376558
-0.375771
-0.308237
0.0177121
-0.702317
-0.637451
-1.68603
-1.5841
-2.01264
-2.03858
-3.53389
1.29383
0.863799
5.12806
0.81093
9.19007
2.62229
13.57
5.02848
20.363
8.88092
33.1756
12.0685
27.8894
11.3579
35.9283
11.9187
37.3073
11.9483
285.469
243.616
3124.67
-5141.28
-12083.9
-9480.68
-6706.37
-9454.54
-13414.6
-13776
-7560.03
946.118
110.063
-355.305
-322.509
705.456
688.922
494.087
547.499
-51.603
-67.2201
-1214.88
-2127.98
486.538
406.654
326.806
270.281
911.732
843.827
1170.77
3149.88
501.471
5362.84
11623
8392.21
4972.64
7494.92
7191.44
16726.3
8418.72
6060.93
5060.04
4268.05
1270.15
964.194
4927.49
1285.09
7927.6
394.611
7930.89
4867.47
3860.62
913.853
-557.053
6911.15
3004.94
1554
797.993
-326.645
-16.2134
-1.80422
-42.8831
-1.56401
-69.0973
-1.89502
-86.6151
4.3417
-54.7768
29.065
-7.13307
43.6268
-11.5879
46.3715
-50.3718
19.0593
-93.7446
-9.72029
1.04391
1.70735
2.44691
5.04399
3.559
7.07261
2.31289
1.23916
2.89891
0.375036
4.95321
1.07197
0.450828
0.404849
0.435554
0.0829351
0.790257
0.776946
2.10539
2.04004
2.6388
2.6169
3.60526
1.2783
0.8361
5.08143
0.711768
9.10461
2.48892
13.4293
4.88621
20.148
8.74155
32.9275
12.0143
27.6197
11.2517
35.7594
11.9023
37.2489
11.9467
34.4514
-789.751
1711.89
37.6636
289.76
1542.69
1267.23
524.071
2148.86
2478.75
765.497
1995.43
153.768
3796.87
5225.37
-208.275
-965.586
-504.325
-2735.86
3676.13
1051.99
2855.1
2655.76
881.724
5455.65
8674.81
4868.22
8176.1
1556.77
2816.3
4969.43
7926.34
4426.92
-15590.4
5650.42
-3545.09
15588.9
-5650.29
3545.11
-14047.4
-16057.2
-13193.3
-19860.4
-5622.28
-4141.07
-12805.8
-8474.83
-3795.27
-4414.53
-10030.8
-11661.5
-12929.8
-14901.7
-11643.4
-3640.37
-17795.1
-3673.13
-3814.23
-9820.54
-9736.55
-11784.6
-10695
-3429.59
-3111.88
-2578.8
-8713.67
-7137.65
-5959.76
-8798.72
-7327.05
-6703.2
-11879.1
-19246.1
-9844.24
-20118.4
-149.127
-1708.26
-3567.17
-6718.24
541.943
542.908
1771.47
1869.71
823.727
1126.71
5712.84
2861.18
5779.1
658.205
524.634
1732
1695.89
1706.44
1877.57
666.613
717.722
770.648
2096.21
2222.61
2215.78
2418.84
2862.52
3003.65
-284.093
-698.626
-877.381
-623.357
148.488
269.934
459.039
111.797
18.4264
45.9989
69.2576
-64.1894
-77.152
303.274
211.853
408.422
76.6707
7.19914
14049.8
16057.6
13196
19861.9
5181.67
3833.46
12812.8
8470.75
3547.8
4113.6
10008.1
11623.3
12923.3
14893
11642.8
3640.24
17793.6
3392.88
3519.77
9815.47
9714.75
11781.7
10690.9
3125.16
2833.73
2360.23
8705.48
7129.86
5957.2
8796.55
7325.69
6702.97
11888.4
19249.8
9849.21
20121.2
169.709
1582.46
3527.87
6702.84
-503.911
-501.448
-1768.95
-1867.75
-824.019
-1126.67
-5712.78
-2861.1
-5779.17
-618.104
-485.308
-1725.53
-1693.34
-1705.06
-1875.99
-623.397
-666.073
-716.677
-2086.05
-2214.96
-2210.73
-2416.04
-2860.24
-3002.04
242.041
708.724
883.023
625.846
-147.612
-269.869
-458.795
-111.781
-18.4237
-56.1197
-60.9312
68.6104
78.9407
-302.724
-211.835
-408.303
-76.674
-7.20145
2969.58
6546.25
28.7736
13.4736
6.58428
3.45527
2.25357
46.0022
21.6565
10.8235
5.80734
3.77923
-2549.72
-336.799
3653.04
10309.3
2411.23
176.102
22.261
11.4009
6.00072
3.31079
2.16803
36.5107
18.0954
9.28827
5.01829
3.30791
408.7
1133.15
1758.85
2359.32
2975.61
-3580.79
-3563.1
-10308.9
-9994.66
-16169.9
-14466
-3356.72
-2863.89
-2556.23
-9569.47
-8240.08
-7388.85
-12095.6
-10068.9
-8883.19
0
0
0
0
0
0
0
0
-2312.3
-1102.01
-472.401
-301.691
-402.097
-241.362
-214.243
-158.39
-156.992
-100.694
-75.2734
-46.5633
-51.1538
-26.148
-13.4403
-7.27013
-4.78246
-19.173
-9.92029
-5.15233
-2.79942
-1.84099
-18.8598
-153.267
-437.782
-939.214
-1650.14
-2405.46
-17.0442
-14.4453
-10.9755
-6.85368
-2.32976
-138.429
-117.232
-89.0019
-55.5436
-18.8753
-395.123
-334.343
-253.626
-158.184
-53.7381
-846.7
-715.491
-542.07
-337.775
-114.697
-1485.02
-1252.49
-947.317
-589.647
-200.123
-2159.18
-1816.14
-1370.68
-852.172
-289.102
-2467.69
-2176.41
-1800.33
-1346.27
-837.237
-285.449
0
0
0
0
0
0
0
0
0
0
0
0
1611.23
28.6945
176.831
-100.092
-2923.16
-2752.25
-6161.05
-5211.59
-5810.35
-4987.57
-2381.79
-2072.95
-1867.34
-4525.01
-4121.28
-3820.55
-4867.41
-4664.71
-4441.3
-404.13
-254.433
-101.29
-38.9137
-160.198
-103.238
-52.363
-27.4558
-50.6465
-27.0694
-14.2017
-7.73917
-5.07335
-18.5253
-9.98823
-5.2581
-2.87328
-1.88943
1862.23
1599.98
1283.2
929.873
563.61
189.335
11.7568
128.532
384.489
835.095
1411.88
1970.09
10.6061
8.96873
6.79812
4.23683
1.4387
115.99
98.1261
74.4141
46.3966
15.7583
346.714
293.055
222.043
138.35
46.9742
751.879
634.357
479.793
298.553
101.298
1268.03
1066.8
804.732
499.795
169.414
1762.43
1476.23
1109.24
687.149
232.65
-3653.16
-10309.9
-2412.51
-176.463
-22.2729
-11.4077
-6.00573
-3.3154
-2.17545
-36.4902
-18.074
-9.27162
-5.00642
-3.29983
-408.679
-1133.11
-1758.81
-2359.29
-2975.59
-2969.5
-6546.14
-28.8042
-13.4941
-6.59754
-3.46462
-2.26401
-46.0051
-21.6515
-10.8171
-5.80163
-3.77533
2551.8
337.306
-10542.8
-14974.7
-20394.3
-24588.9
-21182.3
-23300.9
-12212.4
-11481.3
-2124.83
-2048.38
-1748.81
-5826.61
-4721.1
-3858.6
-8419.48
-6510.34
-5697.36
-12907
-8421.32
-5988.19
-12653.9
-7272.81
-4249.28
390.203
-781.285
-1282.31
-2274.13
-1913.99
85.8805
-703.459
-472.992
-23.2567
626.32
199.897
118.651
108.046
78.1418
462.302
258.208
216.574
152.689
152.553
58.3522
30.5547
20.9964
388.905
151.919
75.5822
53.176
530.072
210.896
110.239
76.6881
542.826
222.677
119.452
82.6094
398.158
188.903
96.4342
69.9312
132.307
99.6127
46.8361
34.6272
206.195
135.472
67.1771
52.0621
89.6807
64.5285
31.4952
22.553
32.6783
22.5313
13.0647
9.35855
22.8078
10.9492
5.38728
2.81112
1.79926
49.9473
25.2119
12.6486
6.69509
4.32136
22.1791
11.7756
6.18897
3.38602
2.2122
28.9417
13.8068
6.99335
3.77798
2.45115
20.0556
11.2487
6.00584
3.30377
2.1693
8.81288
4.88082
2.58887
1.41815
0.9309
12.414
5.20005
2.34941
1.15593
0.718433
27.5413
11.3285
5.14311
2.54611
1.58964
32.5697
13.7597
6.39377
3.20946
2.0384
-261.837
-687.458
-1041.29
-1057.64
112.025
-56.3427
392.588
-269.708
-331.786
-62.2548
-42.7462
3.10517
0.0595962
-0.489293
-62.3121
27.1212
12.142
3.81281
1.22257
-162.784
-0.347873
4.8439
1.66399
0.578831
-266.44
-49.0259
-10.9047
-2.68919
-0.666303
-313.268
-119.551
-35.4224
-9.44391
-2.59327
-306.93
-119.746
-35.7901
-9.49237
-2.42547
-417.651
-170.318
-49.7669
-12.8649
-3.37231
-235.97
-78.4938
-22.3957
-5.84378
-1.32836
-220.766
-66.9435
-17.842
-4.24949
-0.841959
9738.04
13843.9
15062.8
17863.6
18525.5
19641.3
9942.8
10983.3
-2028.27
-6433.98
-4069.98
-2318.58
-1795.06
-1485.73
-1104.63
-679.545
-229.368
-3187.51
-2181.89
-1384.96
-1080.12
-621.808
-2819.07
-1829.87
-1206.79
-738.347
-273.801
-1937.06
-1511.47
-1075.99
-648.536
-218.477
-709.843
-873.103
-3166.87
-3161.48
-5560.74
-5367.82
-10776.2
-7193.58
-8637.56
-4269
-916.288
-1017.18
-2033.76
-2238.99
-1560.05
79.1282
-1172.26
-1095.38
-1019.82
-722.377
-217.649
-104.847
-11.6118
12.9795
-368.484
-192.368
-36.2975
-1.33179
-73.7211
-31.7719
-6.11473
-0.819411
-187.854
-86.0601
-25.6757
-6.79704
-220.032
-123.937
-35.9089
-10.4749
-231.715
-145.488
-44.4915
-15.7528
-314.015
-151.464
-66.9217
-34.0959
-239.616
-114.829
-75.6802
-51.8381
-351.572
-147.468
-82.1382
-49.3677
-117.672
-69.5006
-49.7596
-35.9742
-32.5446
-22.6455
-15.0046
-11.112
-14.0329
-8.87833
-4.99608
-2.83569
-1.90789
-39.2153
-21.749
-11.7619
-6.55105
-4.37065
-25.6259
-11.6165
-5.75922
-3.07401
-2.027
-24.3593
-11.9168
-6.06455
-3.26118
-2.1615
-24.0303
-11.4655
-5.76346
-3.08942
-2.03403
-9.56556
-4.9383
-2.55364
-1.38377
-0.909953
-2.57993
-3.33208
-2.18125
-1.31537
-0.904194
-7.35922
-7.85209
-4.9176
-2.91904
-1.9944
-15.5487
-11.141
-6.40262
-3.70032
-2.4858
13.6794
-37.7331
-329.56
-545.817
168.689
-147.73
225.772
-310.194
-343.218
1.00665
-33.8407
4.76178
0.301241
-0.456855
90.4311
52.5732
16.1959
4.4353
1.32602
8.35481
28.5765
9.53564
2.39586
0.702994
-142.667
-27.379
-7.23601
-2.08522
-0.558393
-274.04
-109.946
-33.45
-9.0743
-2.52168
-327.533
-122.958
-36.2602
-9.56393
-2.43982
-430.89
-169.703
-49.3106
-12.7409
-3.3464
-248.866
-81.3567
-22.9652
-5.95794
-1.35517
-224.861
-67.9695
-18.0728
-4.29864
-0.854079
-22.9076
-251.05
-713.642
-1382.62
-2198.43
-3073.47
-3918.24
-4561.93
-4623.2
-3550.57
-1715.4
-248.802
-20.6205
-17.3915
-13.148
-8.17783
-2.77398
-226.194
-191.003
-144.588
-90.0305
-30.5576
-642.559
-542.183
-410.162
-255.289
-86.6345
-1243.18
-1047.4
-791.32
-492.112
-166.94
-1972.4
-1657.93
-1250.21
-776.65
-263.356
-2748.39
-2302.46
-1731.98
-1074.76
-364.358
-3487.03
-2907.88
-2181.24
-1352.77
-458.791
-4032.71
-3343.02
-2500.92
-1552.49
-527.514
-4050.41
-3333.92
-2490.19
-1552.08
-529.885
-3078.65
-2517.28
-1882.02
-1182.83
-407.743
-1473.29
-1199.1
-899.76
-571.791
-199.371
-214.148
-175.218
-132.555
-84.9981
-29.8037
-38.6662
-302.182
-809.594
-1531.97
-2397.55
-3295.52
-4111.19
-4661.57
-4580.85
-3390.19
-1541.38
-174.206
-34.9157
-29.5643
-22.4431
-14.0059
-4.75951
-272.618
-230.568
-174.828
-109.008
-37.0277
-729.76
-616.608
-467.136
-291.09
-98.8477
-1379.15
-1163.7
-880.564
-548.303
-186.131
-2154.16
-1813.92
-1370.34
-852.515
-289.31
-2952.02
-2478.2
-1868.13
-1161.18
-394.012
-3665.66
-3063.81
-2303.49
-1431.17
-485.85
-4127.86
-3429.03
-2570.8
-1598.68
-543.727
-4016.26
-3309.2
-2475.09
-1544.9
-527.912
-2934.11
-2395.03
-1789.54
-1125.59
-388.456
-1312.92
-1059.92
-791.295
-502.597
-175.571
-144.7
-114.26
-84.4143
-53.8401
-18.9713
-2644.97
-13305
-3281.98
-2362.05
-1976.75
-1486.88
-923.542
-313.447
-9556.04
-8077.74
-6311.42
-4991.87
-3021.56
-2856.89
-2335.91
-1740.53
-1088.1
-374.358
10542.1
14971.1
20401.9
24582.6
21209.4
23282.2
10476.9
9877.15
1972.03
1902.91
1628.97
5831.07
4724.67
3864.23
8420.98
6511.62
5699.44
12908.1
8422.04
5989.08
12654.4
7273.08
4249.59
-329.444
728.631
1252.13
2265.8
1913.07
-86.1798
640.012
439.079
25.5836
-628.724
-184.135
-109.73
-99.9783
-72.2714
-461.774
-257.958
-216.492
-152.574
-144.806
-55.0989
-28.5564
-19.1898
-387.709
-151.544
-75.4012
-53.1528
-529.282
-210.678
-110.234
-76.8208
-542.422
-222.543
-119.443
-82.6703
-397.987
-188.847
-96.4347
-69.9621
-132.307
-99.6206
-46.8465
-34.639
-206.145
-135.46
-67.1846
-52.08
-89.6957
-64.541
-31.5043
-22.5606
-32.6867
-22.5375
-13.0686
-9.36125
-20.9534
-10.1058
-4.99338
-2.61886
-1.68243
-49.9857
-25.2289
-12.6678
-6.71521
-4.33829
-22.1801
-11.7733
-6.18607
-3.38341
-2.20992
-28.9391
-13.8003
-6.987
-3.7727
-2.44682
-20.0579
-11.2483
-6.00468
-3.30259
-2.16824
-8.81441
-4.88142
-2.5891
-1.41823
-0.930942
-11.249
-4.71711
-2.14799
-1.07121
-0.667752
-27.6176
-11.3807
-5.17895
-2.57244
-1.61092
-32.6435
-13.8135
-6.43126
-3.23727
-2.06538
219.73
699.622
1046.47
1059.99
-111.086
56.4195
-392.289
269.728
331.793
40.0409
33.7334
-4.51619
-0.459266
0.344506
69.7774
-25.0632
-11.6821
-3.71139
-1.1973
167.27
1.91789
-4.42426
-1.5625
-0.551705
268.583
49.8828
11.1592
2.75498
0.684781
314.121
119.925
35.5428
9.47687
2.60294
307.016
119.79
35.8061
9.49729
2.42708
417.939
170.452
49.8128
12.878
3.37633
235.993
78.5058
22.4003
5.84526
1.32888
220.772
66.9455
17.8427
4.24964
0.842009
-9734.9
-13839.2
-15049.2
-17848.5
-18500
-19617.1
-8551.88
-9450
2028.26
6433.96
4069.98
2318.58
1795.06
1485.73
1104.63
679.546
229.368
3187.55
2181.99
1385.13
1080.36
621.995
2819.11
1829.94
1206.87
738.429
273.843
1937.07
1511.49
1076.01
648.553
218.484
674.913
843.775
3161.83
3149.88
5558.03
5362.84
10775
7191.44
8637.12
4268.05
840.634
925.014
2033.45
2245.97
1562.42
-78.6045
1065.13
1015.06
1025.3
720.118
202.214
97.1735
10.8699
-11.8783
369.079
192.699
36.3164
1.25342
62.7415
28.073
5.35434
1.06688
189.413
86.2781
25.7726
6.75822
221.369
124.12
35.8471
10.2766
232.543
145.685
44.489
15.6659
314.46
151.606
66.9396
34.0639
239.719
114.883
75.7009
51.8443
351.79
147.557
82.1615
49.3631
117.717
69.5285
49.7731
35.9811
32.556
22.6533
15.0089
11.1147
13.1396
8.21882
4.59454
2.59273
1.73822
39.0309
21.6676
11.7114
6.51404
4.34256
25.6368
11.6259
5.7664
3.07926
2.03115
24.3751
11.9322
6.07654
3.26991
2.16822
24.0375
11.4714
5.7679
3.09266
2.03658
9.56766
4.93972
2.55463
1.38447
0.91048
2.3362
2.99667
1.94099
1.15652
0.794295
7.33859
7.83843
4.90257
2.90352
1.97986
15.4999
11.1059
6.37601
3.67844
2.4624
-28.8555
46.3979
332.815
547.208
-168.202
147.754
-225.645
310.196
343.221
-17.6149
25.6326
-6.03805
-0.681008
0.315171
-83.2045
-50.4939
-15.7279
-4.33229
-1.30041
-4.20982
-27.0347
-9.11656
-2.29401
-0.675749
144.551
28.1964
7.48554
2.15046
0.576804
274.748
110.292
33.5658
9.10661
2.53124
327.594
122.994
36.2747
9.56853
2.44135
431.115
169.823
49.3538
12.7536
3.35034
248.88
81.3659
22.9691
5.95925
1.35564
224.864
67.9709
18.0732
4.29874
0.854112
22.9068
251.047
713.634
1382.61
2198.41
3073.45
3918.22
4561.91
4623.18
3550.56
1715.4
248.803
20.6197
17.3908
13.1476
8.17753
2.77387
226.19
191
144.586
90.0292
30.5571
642.551
542.177
410.157
255.286
86.6335
1243.17
1047.39
791.313
492.108
166.938
1972.39
1657.91
1250.2
776.644
263.354
2748.37
2302.44
1731.97
1074.75
364.355
3487.01
2907.87
2181.23
1352.76
458.789
4032.69
3343.01
2500.91
1552.49
527.513
4050.4
3333.91
2490.18
1552.08
529.884
3078.65
2517.27
1882.02
1182.83
407.743
1473.29
1199.1
899.763
571.793
199.372
214.15
175.22
132.557
84.9995
29.8042
38.6665
302.182
809.592
1531.97
2397.54
3295.51
4111.18
4661.55
4580.83
3390.17
1541.37
174.203
34.9161
29.5646
22.4433
14.006
4.75956
272.618
230.568
174.828
109.008
37.0277
729.758
616.607
467.135
291.089
98.8476
1379.15
1163.7
880.563
548.302
186.131
2154.16
1813.91
1370.34
852.514
289.31
2952.01
2478.2
1868.13
1161.18
394.011
3665.65
3063.8
2303.49
1431.17
485.85
4127.85
3429.02
2570.8
1598.68
543.727
4016.25
3309.19
2475.09
1544.89
527.913
2934.1
2395.02
1789.54
1125.58
388.456
1312.91
1059.91
791.291
502.595
175.57
144.697
114.257
84.4123
53.8388
18.9708
2644.98
13305.1
3282
2362.05
1976.76
1486.89
923.549
313.45
9556.06
8077.75
6311.57
4992.27
3022.17
2856.91
2335.94
1740.56
1088.13
374.369
0
0
0
0
0
0
0
0
0
0
0
0
-1612
-29.4311
-177.123
99.9007
2923.23
2752.33
6161.25
5211.85
5810.72
4988.11
2381.87
2073.02
1867.4
4525.3
4121.55
3820.78
4868.1
4665.32
4441.78
403.925
254.355
101.231
38.8925
160.121
103.203
52.3439
27.4486
50.6396
27.07
14.2035
7.74072
5.07345
18.5228
9.98736
5.25777
2.87313
1.88923
-1862.23
-1599.98
-1283.19
-929.864
-563.601
-189.331
-11.7572
-128.534
-384.494
-835.104
-1411.89
-1970.1
-10.6065
-8.96905
-6.79837
-4.23698
-1.43875
-115.992
-98.1277
-74.4153
-46.3973
-15.7586
-346.719
-293.059
-222.046
-138.352
-46.9747
-751.886
-634.364
-479.798
-298.556
-101.299
-1268.04
-1066.81
-804.738
-499.799
-169.415
-1762.45
-1476.24
-1109.25
-687.153
-232.651
3580.68
3563.01
10308.5
9994.33
16168.8
14465.3
3356.65
2863.83
2556.19
9569.25
8239.94
7388.76
12095.2
10068.7
8883.12
0
0
0
0
0
0
0
0
2313.9
1102.13
472.797
301.819
402.218
241.444
214.252
158.384
157.056
100.729
75.2869
46.5676
51.1509
26.1531
13.446
7.2744
4.78457
19.175
9.92219
5.15385
2.80052
1.84171
18.86
153.267
437.781
939.212
1650.14
2405.46
17.0444
14.4455
10.9756
6.85374
2.32978
138.429
117.232
89.0018
55.5435
18.8753
395.122
334.342
253.626
158.184
53.738
846.698
715.489
542.069
337.775
114.696
1485.02
1252.49
947.316
589.647
200.123
2159.18
1816.15
1370.68
852.174
289.103
2467.71
2176.43
1800.35
1346.29
837.251
285.455
)
;
    }
    patch2
    {
        type            calculated;
        value           nonuniform List<scalar> 
348
(
-408.679
408.7
-707.943
-375.514
-487.835
-515.301
-827.373
-483.522
-592.571
-605.284
707.949
375.516
487.836
515.304
827.396
483.53
592.577
605.293
-7632.82
-1978.7
-428.622
-326.233
-242.366
-397.612
-281.216
-4523.16
-2023.98
-1043.46
-1343.38
-809.287
-501.154
-688.56
-332.623
-330.203
-373.096
-259.668
-6680.9
-1149.81
-261.491
-480.71
-774.165
-513.534
-594.617
-440.836
-194.435
-349.946
-292.412
-363.21
-6752.67
-1587.64
-1792.8
-692.49
-780.111
-33.5461
-52.2288
-89.9801
-142.585
-206.356
-272.483
-23.5124
-50.2013
-103.783
-179.663
-270.622
-366.556
-25.8782
-11.2294
-46.5919
-28.655
-88.1466
-64.9699
-144.39
-123.078
-202.997
-198.489
-256.16
-274.907
-342.974
-418.304
-511.353
-738.041
-859.02
-1107.45
-456.357
-522.44
-544.527
-530.968
-457.637
-428.991
-35.3348
-57.8876
-100.285
-158.321
-228.245
-299.818
-25.7539
-57.3153
-116.676
-199.055
-296.095
-395.596
-27.6468
-12.5076
-52.321
-32.9407
-99.0858
-73.6875
-162.131
-138.997
-229.3
-229.375
-289.966
-332.373
-375.549
-456.543
-556.343
-782.992
-900.596
-1127.42
-484.674
-545.055
-558.186
-535.37
-457.946
-429.155
-7773.48
-2018.77
-486.382
-376.573
-319.344
-484.959
-349.797
-5844.98
-4158.39
-1619.16
-3021.56
-787.492
-1353.68
-559.231
-590.097
-410.155
-7755.9
-1450.32
-376.679
-609.942
-938.227
-596.593
-700.324
-537.225
-260.226
-459.512
-415.372
-459.668
-7199.68
-1693.82
-2083.28
-780.361
-873.293
7632.85
1978.71
428.621
326.232
242.367
397.611
281.216
4523.24
2024.33
1043.53
1343.67
809.515
501.18
688.624
332.668
330.215
373.116
259.677
6680.92
1149.83
261.498
480.715
774.173
513.537
594.618
440.838
194.439
349.948
292.417
363.213
6752.67
1587.65
1792.81
692.493
780.115
33.5458
52.2282
89.9792
142.584
206.355
272.481
23.5122
50.2007
103.782
179.661
270.62
366.553
25.8779
11.2292
46.5914
28.6546
88.1456
64.9692
144.389
123.076
202.995
198.487
256.158
274.906
342.972
418.303
511.353
738.042
859.022
1107.46
456.355
522.438
544.527
530.968
457.638
428.993
35.3346
57.8874
100.285
158.321
228.245
299.818
25.7538
57.3152
116.676
199.055
296.095
395.596
27.6467
12.5075
52.3208
32.9406
99.0855
73.6874
162.131
138.997
229.3
229.375
289.966
332.374
375.549
456.544
556.346
782.999
900.607
1127.43
484.674
545.056
558.187
535.371
457.949
429.158
7773.55
2018.8
486.384
376.574
319.347
484.961
349.799
5845.31
4159.1
1619.3
3022.17
787.532
1353.81
559.25
590.118
410.167
7756.15
1450.38
376.69
609.956
938.252
596.602
700.332
537.232
260.231
459.518
415.382
459.676
7199.8
1693.85
2083.34
780.379
873.308
-124.522
114.546
149.168
-152.636
467.354
546.397
-649.982
817.014
1101.6
-298.64
1180.08
1092.79
-1322.45
776.109
904.844
-1334.9
-1092.57
-2099.28
-1251.04
-3049.32
-382.968
-1709.89
561.469
-3126.04
328.614
95.8913
-119.733
-149.154
162.862
-461.165
-542.512
653.353
-814.432
-1099.8
299.94
-1178.87
-1091.83
1323.12
-775.469
-904.339
1184.09
964.18
2133.83
1285.09
3059.69
394.611
1714.08
-557.053
3127.92
-326.645
)
;
    }
    patch3
    {
        type            calculated;
        value           nonuniform List<scalar> 
96
(
-273.494
-427.541
-739.959
-1179.56
-1720.68
-2297.41
-192.243
-412.176
-855.624
-1489.57
-2260.92
-3092.94
-2935.52
-3650.92
-4566.09
-6684.08
-7241.44
-8905.31
-3896.58
-4518.46
-4769.15
-4697.71
-3983.37
-3648.76
-287.631
-472.125
-820.758
-1301.9
-1888.75
-2502.67
-209.935
-468.264
-956.692
-1640.18
-2455.99
-3310.09
-3170.91
-3910.28
-4840.69
-6891.56
-7377.7
-8955.76
-4099.34
-4666.24
-4836.98
-4683.7
-3937.75
-3626.31
273.491
427.536
739.951
1179.54
1720.67
2297.39
192.241
412.17
855.615
1489.55
2260.91
3092.92
2935.51
3650.9
4566.06
6684.05
7241.41
8905.27
3896.56
4518.43
4769.12
4697.69
3983.36
3648.75
287.629
472.123
820.755
1301.9
1888.75
2502.66
209.934
468.262
956.689
1640.17
2455.98
3310.08
3170.9
3910.28
4840.68
6891.54
7377.67
8955.73
4099.32
4666.22
4836.96
4683.68
3937.73
3626.29
)
;
    }
    patch4
    {
        type            calculated;
        value           nonuniform List<scalar> 
384
(
-11811.3
-35217.9
-64950.6
-85026.8
-67264.8
-48417.1
-29970.4
-11919.9
-16946.4
-47531.8
-68318.8
-25249
10704.2
35200.6
64948.5
85024.6
67261.6
48418.9
29968.8
10218
15550.3
47519
68289.7
22993.8
-54743.2
-66573.9
-82993.8
-101702
-56596.7
-67294.7
-84614.9
-102391
54745.2
66575.8
82993.9
101702
56601.5
67297.9
84617
102392
-20386.6
-23541.1
21723.5
24131.1
-19379.2
-7445.62
-23518.1
-9805.95
20111.6
7746.78
23960.1
9986.07
-21719.3
-24128.2
20389.5
23543.5
-8682.65
-6249.79
-27526.4
-19611.3
-34804.1
-44061.1
-4699.98
-1609.93
-14721.8
-5197.96
-11045.8
-7792.01
-32543.8
-23228.3
-36131.1
-44743.7
-5625.09
-1793.82
-16946.5
-5813.39
7940.48
5718.79
27525.4
19610.7
34806.4
44063.6
4321.34
1487.38
14718.2
5198.39
10131
7132.9
32548.3
23230.8
36135.1
44747.1
5167.22
1653.01
16943.1
5814.47
-20109.1
-7745.72
-23957.3
-9984.88
19381.2
7446.54
23520.5
9807.07
-15735.2
-20162.1
-14265.8
-18291.6
15733.5
20160.9
14265.5
18291.1
-1052.51
-1484.72
-3053.82
-4673.88
-2813.43
-2384.11
-4786.78
-6740.73
-8268.17
-13239.2
-9608.33
-14005
-7670.14
-12957.5
-7702.6
-13026.5
-447.655
-1650
-2098.35
-5115.36
-1066.76
-1728.8
-4742.98
-6785.99
-8010.27
-12799.5
-8785.83
-13160.5
-7591.63
-12743
-7693.19
-12965.8
995.827
1377.79
3055.32
4668.2
2810.87
2380.51
4786.69
6741.17
8267.35
13238.9
9607.29
14004.5
7670
12957.4
7702.72
13026.5
432.592
1528.5
2103.9
5109.77
1065.12
1725.06
4742.87
6786.44
8009.47
12799.2
8785.16
13160
7591.5
12742.9
7693.32
12965.8
-1132.39
-2310.37
-3844.94
-7468.86
-6958.08
-12593.9
-11960.8
117.21
-787.063
-1926.58
-5066.91
-4280.92
-9320.21
-10504.8
1069.33
2156.52
3844
7446.88
6954.11
12586.8
11959.5
-97.6144
740.791
1937.55
5059.99
4280.29
9317.33
10504.4
-894.308
-2808.3
-4834.47
-6768.02
-9005.38
-12981.5
-11479.3
-13802.3
-13930
-886.541
-2787.66
-4780.2
-6659.28
-8842.75
-12837.3
-11302.1
-13711.5
-13900.2
789.766
2820.42
4836.2
6767.87
9005.06
12981.5
11479.1
13802.4
13930.2
782.99
2800.37
4782.19
6659.34
8842.6
12837.4
11302
13711.7
13900.3
-184.715
-579.783
-994.336
-1384.55
-1877.61
-2988
-2532.37
-3254.71
-3295.94
-183.093
-575.313
-984.03
-1365.12
-1848.3
-2955.64
-2496.2
-3233.07
-3288.63
161.07
582.524
994.646
1384.38
1877.4
2987.94
2532.22
3254.69
3295.95
159.601
578.173
984.403
1365
1848.13
2955.6
2496.09
3233.07
3288.65
-40.4936
-127.256
-218.443
-305.467
-421.27
-710.082
-585.269
-787.257
-802.896
-40.1743
-126.356
-216.479
-301.84
-415.666
-702.986
-577.859
-782.277
-801.167
35.0948
127.81
218.46
305.379
421.18
710.044
585.198
787.24
802.89
34.8042
126.93
216.51
301.763
415.587
702.955
577.799
782.264
801.162
-8.81929
-27.8322
-48.0059
-67.6286
-94.6194
-166.135
-134.082
-186.902
-192.056
-8.75473
-27.6474
-47.6207
-66.9316
-93.5293
-164.641
-132.588
-185.818
-191.673
7.61033
27.9399
47.9969
67.597
94.5884
166.119
134.056
186.893
192.051
7.55193
27.7583
47.6141
66.9024
93.5007
164.627
132.565
185.811
191.669
-2.20186
-6.97462
-12.0965
-17.1951
-24.3979
-44.3705
-35.1411
-50.5979
-52.39
-2.18641
-6.92957
-12.0069
-17.0382
-24.1534
-44.0199
-34.8007
-50.3369
-52.2963
1.89349
6.99774
12.0908
17.1837
24.3868
44.364
35.1315
50.5937
52.3873
1.87965
6.95324
12.0016
17.0274
24.1429
44.0139
34.7918
50.3331
52.2936
)
;
    }
}


// ************************************************************************* //
