/*--------------------------------*- C++ -*----------------------------------*\
| =========                 |                                                 |
| \\      /  F ield         | OpenFOAM: The Open Source CFD Toolbox           |
|  \\    /   O peration     | Version:  2412                                  |
|   \\  /    A nd           | Website:  www.openfoam.com                      |
|    \\/     M anipulation  |                                                 |
\*---------------------------------------------------------------------------*/
FoamFile
{
    version     2.0;
    format      ascii;
    arch        "LSB;label=32;scalar=64";
    class       volScalarField;
    location    "1.4";
    object      gradTz;
}
// * * * * * * * * * * * * * * * * * * * * * * * * * * * * * * * * * * * * * //

dimensions      [0 -1 0 1 0 0 0];

internalField   nonuniform List<scalar> 
5712
(
7878.36
23894
5991.52
26095.8
3272.93
27555
5538.27
43409.9
9027.47
54453.3
9284.48
38780.5
9931.98
34533.5
9803.15
29728.7
4588.1
2562.65
13878.7
6662.59
4272.1
1991.13
14867.7
6021.79
6065.87
4540.75
17877.3
13234.8
4067.6
3263.45
17973
13776.3
9177.28
3363.06
7071
2635.51
3263.36
8611.39
42683.6
13002.3
12881.1
5871
51528.6
16082.3
11895.9
5483.47
28476.6
9471.7
14553
6589.61
23365.1
7406.68
5973.62
3223.13
9860.41
4034.46
5423.8
3364.38
10329.1
3953.78
7151.55
4526.86
6557.91
2806.28
11351.4
4139.87
4445.17
1656.96
14163.2
10874.8
8455.62
7710.96
15272.4
13464.7
8218.95
8796.24
8033.13
7076.36
10830.7
9454.16
6185.2
5393.85
3495.89
3029.09
6002.84
6005.9
3325.1
3342.36
6038.53
4860.15
3445.19
2481.39
7008.88
3972.04
7183.1
7783.54
9599.13
7273.87
10488.8
13505.2
4997.94
2169.54
4534.77
4611.59
2768.81
985.304
2042.77
1758.04
7183.74
14217.4
5135.98
16016
7779
14326.1
6102.51
16955.9
10041.6
14059.3
8367.02
17090.3
10433.6
11823.7
8639.01
8794.71
10369.4
7811.77
9172.52
12977.2
15391.5
22277
10641.1
9136.1
9067.95
11466.4
17777.9
17749.5
17252.9
20727.3
21026.6
17224.9
17289
20696.1
20738.8
15714.8
16360.1
19694.7
20019.4
9820.46
10476.2
10183.1
10843.4
12508
12779.7
14872.4
14721
18988
19420.8
8907.98
9919.08
10443.3
11523.6
11976.5
13369.5
14046.8
15826.4
18604.7
20668.3
10469.5
7170.09
8423.22
8348.94
11404.3
12702.6
9241.56
11967.7
7937.06
7926.44
10167.2
7349.35
3653.02
5993.67
1439.42
2198.37
5698.95
8807.32
2159.19
3241.05
3196.17
5392.54
1171.73
1949.44
7696.14
6525.66
7971.45
5067.21
10908.7
7866.9
12541
8521.76
3689.38
4142.92
4547.55
2643.69
2729.14
2913.54
3024.3
2286.63
15127.7
10036.9
3325.62
16378.1
10392.3
3609.18
14827.3
9790.12
3378.47
16262.6
10337.8
3531.11
14051.1
9149.74
3082.51
15856.2
10132.1
3500.63
7686.1
4527.92
1253.42
9541.52
6547.13
2144.52
11257.2
7914.61
2682.83
12652.9
8333.72
2759.12
15222.2
9712.65
3438.24
8300.61
4676.51
1573.21
8717.76
5741.09
2038.33
10076.4
6726.51
2349.29
12003.1
7778.88
2694.49
14482.8
8603.68
3014.23
-525.28
978.733
392.934
2638.87
1888.54
1881.13
4844.27
4210.96
606.785
947.948
642.552
993.821
332.673
912.555
612.997
1338.88
1792.86
1103.7
3750.13
2688.08
1682.19
2720.7
2922.05
630.783
6163.46
1813.3
-4517.83
-957.536
476.271
447.709
-244.225
-166.91
10039.2
4168.03
2644.69
1488.28
9874.95
4204.7
2871.57
1747.38
9476.78
4538.35
3774.06
2518.72
2873.1
1751.76
1432.33
1259.58
13325.9
11603.3
5764.67
7382.74
15449.8
14404.8
7478.73
8954.45
5039.64
6092.69
10954.1
8942.83
3587.07
4750.62
1949.31
2662.97
4928.91
5766.72
2730.4
3197.63
2760.14
3957.89
1427.77
2326.22
4339.47
2885.32
4891.59
3043.61
7605.26
4195.18
6621.71
4006.37
2481.09
1928.49
3350.39
2057.92
1275.68
1149.45
2065.11
1242.56
11514.3
7206.53
5319.11
5225.56
11407.3
7210.37
5223.26
5107.83
11516.1
6984.44
5266.8
4739.78
13408.1
13419.3
12094.9
8970.28
4781.13
8138.28
9392.64
9516.34
8554.53
5506.79
11630.9
10017.6
7976.91
6151.49
3677.98
5727.08
5323.54
5490.8
6269.61
5769.55
5239.54
5388.73
6176.63
5625.62
5110.46
5160.56
5973.8
9131.49
8665.06
8088.71
6904.4
5722.35
5609.64
5188.7
5225.98
4522.81
5692.52
6778.83
7682.7
5419.39
6114.14
4534.52
5103.82
4124.97
4810.99
3387.04
5243.58
4850.87
3902.19
3322.89
1899.41
7682.19
5825.33
6184.33
3993.46
2366.11
1406.19
3512.24
3145.64
4183.87
1890.66
1867.11
1033.1
5647.99
3289.87
2235.68
1543.17
3242.06
1395.96
1588.07
788.874
1791.04
2093.09
2042.64
3389.21
2734.97
3250.84
2425.44
4364.39
2217.97
1539.31
1511.2
2456.39
927.943
331.905
215.359
541.05
4107.09
1895.24
549.356
4252.86
1150.7
308.086
4090.25
2024.35
636.031
4264.68
1201.23
338.169
3883.4
1957.33
520.249
4118.01
1141.76
268.771
5950.93
3344.41
920.202
4661.7
2582.64
743.457
4204.19
2189.4
644.915
3805.85
1865.24
461.833
3972.76
1042.1
196.005
6512.64
3503.04
1118.71
5286.53
2915.74
970.232
4452.98
2381
788.293
3942.74
1706.3
485.949
4220.41
1109.4
360.963
1523.76
560.553
276.998
51.194
617.385
237.789
125.123
34.8284
1562.47
593.833
322.691
90.33
734.369
309.844
197.964
89.442
1769.89
699.697
412.923
146.091
1225.06
586.894
306.039
131.623
864.42
496.975
192.77
52.7713
866.664
543.896
269.732
131.994
1432.89
642.99
321.866
55.1106
1345.02
587.595
348.188
15.9333
1826.94
738.264
445.169
124.634
1614.66
644.804
417.412
9.56802
1058.23
537.365
254.395
45.5631
1024.26
498.856
292.506
58.6984
756
443.973
247.766
128.465
691.354
396.27
248.821
127.302
1926.15
685.861
354.402
19.8321
1962.75
665.84
413.06
-64.5055
1910.88
691.516
380.106
37.2893
1882.02
641.405
410.467
-59.2132
1909.98
704.614
435.721
70.8901
1684.78
578.474
403.856
-28.7439
1764.59
670.13
463.38
146.07
1853.33
648.153
508.606
-11.3425
1354.33
515.447
362.943
66.6879
1579.19
485.345
316.069
-71.3524
610.721
171.831
98.0609
-9.94312
1565.88
491.761
320.463
-60.4566
625.794
180.922
105.939
-2.1145
1482.18
478.095
326.257
-39.6791
609.387
182.707
114.613
8.55389
1254.88
408.615
309.76
-15.0604
540.335
161.611
120.908
22.0919
1101.48
378.162
290.766
18.485
493.077
162.275
128.773
39.2453
838.307
346.9
207.608
27.3818
444.28
210.377
118.449
55.5316
904.044
326.652
233.856
22.3843
448.272
176.622
122.232
50.0233
727.477
355.265
200.354
49.7623
433.352
236.51
124.568
68.4945
549.552
325.864
196.795
105.145
386.789
243.773
142.595
94.5066
16.3084
6.74689
3.26834
1.73378
1.12733
7.8581
3.34913
1.64818
0.886779
0.584893
26.3347
12.3919
6.24175
3.34493
2.17403
22.5381
11.442
5.81819
3.11656
2.02349
51.5718
26.7071
13.7624
7.45538
4.87349
91.1128
47.6995
24.7151
13.3752
8.71936
90.9579
49.4956
26.1323
14.2808
9.37068
93.9941
50.7889
26.7646
14.6322
9.62437
64.0012
34.7551
18.3694
10.0492
6.55998
49.611
27.2511
14.4805
7.96361
5.21441
67.5107
35.1989
18.2529
9.94726
6.50651
49.7277
24.6926
12.7051
6.92693
4.51399
68.8857
39.8963
21.4775
11.8378
7.78167
64.2254
36.597
19.6308
10.8191
7.10909
83.9322
46.3306
24.5377
13.438
8.83676
80.1388
44.573
23.6692
12.9714
8.51698
12.7541
5.67689
2.75943
1.46319
0.952215
4.17856
2.2058
1.10073
0.595245
0.396002
18.4414
8.7239
4.38537
2.35757
1.54625
5.19352
2.87147
1.47212
0.801386
0.536857
23.6535
12.5746
6.50838
3.5526
2.35485
12.4514
6.4446
3.22844
1.71512
1.1334
57.3328
29.467
15.0855
8.22839
5.42799
28.8348
14.6837
7.42972
4.02823
2.6637
67.1303
31.7887
15.9594
8.59848
5.60266
3036.43
5279.45
2885.64
5134.86
2721.05
4796.31
2680.6
4629.59
2877.3
5200.41
1726.22
2396.33
2330.75
3578.38
1163.44
1448.09
468.119
585.445
8964.33
2171.03
500.997
111.732
28.2099
2400.98
639.676
172.016
38.7689
8.72373
8855.67
2115.51
484.74
107.349
26.9838
2483.98
724.888
179.061
41.756
10.5372
8469.22
1989.35
451.118
99.1788
24.8002
2411.91
700.097
171.512
39.5775
9.89245
7849.08
1808.07
406.459
89.0631
22.2636
2311.9
655.038
157.247
35.7057
8.80205
6783.04
1539.49
345.873
76.1077
19.1608
2130.47
576.446
135.318
30.3526
7.41727
3726.22
904.037
210.584
47.4684
12.1736
1093.15
279.043
61.296
12.7912
2.95495
5246.26
1236.56
282.734
62.9089
15.9928
1513.34
396.06
91.0873
20.1806
4.90558
2324.15
578.497
136.791
31.1549
8.04019
703.628
184.22
40.0342
8.01879
1.78085
856.21
215.901
51.5238
11.8288
3.07186
339.307
82.3558
17.1597
4.57341
0.720991
-1588.44
481.605
4389.44
-3859.16
1010.42
1078.09
2711.4
3313.24
2256.03
3640.85
3032.92
4582.28
2927.08
3817.98
1395.6
2029.74
1504.55
1752.93
1044.77
1082.69
2888.9
2205.43
-127.932
-647.797
-712.698
-968.159
-410.165
12615
3766.52
4513.12
3684.5
562.38
238.527
3485.85
-663.117
-154.694
-527.189
-153.709
6196.85
3340.96
1731.02
968.621
3381.76
1708.24
376.655
601.549
-798.119
-733.805
1029.15
917
9469.12
4564.43
4675.82
2678
3411.24
3444.55
268.251
-707.101
560.692
1977.96
1691.06
1430.71
1271.28
912.748
1737.78
1378.19
1090.26
782.451
302.244
-117.963
-100.091
-73.4521
-43.14
-13.9831
-576.475
-479.752
-358.167
-220.755
-74.5114
-635.179
-529.162
-394.854
-242.959
-81.9464
-863.145
-719.672
-537.816
-331.501
-111.914
-361.755
-297.078
-217.464
-131.242
-43.7925
9146.27
8063.49
6588.6
5795.94
5023.07
3306.45
2580.27
2197.49
1731.56
743.153
3622.6
2816.12
2252.56
1684.94
734.903
2818.12
2141.55
1688.35
1205.98
443.958
455.55
317.963
281.904
207.551
97.5161
257.813
256.019
224.338
158.328
57.4988
2861.71
2245.19
1695.55
1135.38
419.587
-385.829
-177.252
-71.6365
-23.1044
-6.91967
-113.375
-67.6535
-26.6396
-1.60978
2.98001
-362.571
-217.112
-115.385
-52.52
-15.2242
-149.512
-130.698
-96.2391
-55.7976
-17.5264
4179.68
3942.79
3290.45
3056.16
2853.31
2717.57
2096.15
1674.26
1218.56
460.773
1536.65
1291.41
1008.14
666.734
236.902
838.993
689.225
529.617
346.706
122.307
2811.14
2214.4
1652.38
1071.33
381.338
1507.53
1243.28
945.986
601.969
198.852
323.137
263.829
203.58
134.158
46.8638
532.429
444.67
341.178
218.914
75.2806
-689.802
-554.657
-399.684
-239.164
-79.4477
-645.61
-528.665
-386.091
-232.574
-77.447
898.092
740.332
561.492
359.028
125.014
800.203
659.126
499.473
318.713
110.459
6175.79
4849.61
4119.23
3764.43
2930.1
3529.51
2744.79
2142.26
1533.29
615.673
3644.48
2986.52
2421.85
1901.37
774.119
2118.79
1714.91
1339.57
939.574
402.252
2898.91
2330.29
1751.97
1126.53
391.852
2843.68
2030.29
1593.51
1123.93
232.236
234.853
196.523
156.664
105.971
37.1294
-627.829
-519.353
-382.77
-232.106
-77.5766
498.485
418.472
328.786
217.144
74.244
-31674.1
-49250.9
-24037.9
-41823.7
-25379.9
-58335.1
-33314
-70964.1
-18030.4
-12223.1
-19861.8
-10823.5
-16742.1
-11089.5
-19948
-9620.36
-26278
-18613.6
-36156.1
-26228.4
-20747.3
-15311.1
-31093.9
-23421.7
-15824.9
-16238.3
-11168.6
-10953.3
-13655.9
-14263
-46711.6
-14357.1
-15074.7
-7193.52
-54706.4
-17408.8
-13668.1
-6642.74
-32844.9
-10816.8
-16731.1
-7817.98
-27715.2
-8432.49
-12733.4
-5432.73
-17323.2
-6531.8
-11113.3
-4985.97
-16006.6
-5734.32
-11586.4
-5637.21
-9819.4
-3776.11
-13753.6
-4908.61
-5375.39
-1997.55
-11453
-8417.59
-9329.86
-7057.16
-9865.16
-8490.65
-8253.98
-7254.55
-9363.73
-6971.66
-10905.3
-8718.45
-6979.29
-5193.9
-4125.91
-2971.74
-6303.2
-5318.95
-3632.17
-2938.47
-7047.98
-4933.49
-4188.46
-2605.96
-8380.21
-4449.58
-7261.89
-7735.09
-10953.9
-7702.51
-10346.8
-13204.5
-5929.84
-2503.2
-4669.63
-4638.71
-3419.01
-1227.61
-2189.02
-1805.05
-11271.6
-14426.7
-6487.32
-16404.7
-11191.4
-14071.4
-7105.82
-16970.7
-12398.9
-13581.6
-8852.02
-16614.4
-6987.36
-4370.71
-8975.09
-10431.5
-10696.4
-6255.56
-8782.8
-13164.8
-15187.4
-21554.2
-5753.59
-6648.03
-8102.22
-10955.5
-17174.4
-15276.3
-12558.9
-19094.5
-15847.2
-14815.4
-12861.8
-19106.6
-15967.7
-13540.7
-12003.7
-18051.8
-15851.1
-8979.15
-8379.6
-9197.57
-8309.67
-10608.9
-9501.94
-12304.4
-10950.1
-17281.9
-15884.7
-7359.61
-8044.48
-8381.39
-8304.62
-9740.58
-9627.34
-11919.8
-11962.4
-17117.5
-16937.4
-8755.88
-5967.76
-7361.63
-7385.13
-9004.89
-11048.9
-7637.63
-10517.5
-7305.7
-7259.05
-9062.98
-6404.34
-2978.39
-5300.79
-908.906
-1655.35
-4610.33
-7798.56
-1325.1
-2463.96
-2801.79
-4927.56
-855.689
-1580.6
-7320.47
-6069.51
-7701.49
-4742.08
-10170
-7082.14
-12005.8
-7799.5
-3451.2
-3842.56
-4365.76
-2440.16
-2523.38
-2663.32
-2873.55
-2116.27
-9151.01
-3530.79
-9871.55
-3437.06
-9364.43
-3519.09
-10349.5
-3814.96
-9000.25
-3322.98
-11159.5
-4405.59
-4789.74
-1184.48
-5821.44
-2094.85
-6836.56
-2662.13
-8309.54
-3143.28
-11119.6
-4314.3
-5713.07
-1033.27
-5220.52
-1791.39
-6097.66
-2261.52
-7888.27
-2927.86
-10154.3
-3356.83
-6780.98
-6545.55
-4574.05
-4331.47
-10873.9
-8640.51
-8522.51
-6719.21
-5639.95
-5063.94
-2192.85
-1752.17
-5301.54
-4996.19
-1924.26
-1784.29
-2836.86
-6011.96
-4046.32
-7245.95
-4893.86
-2319.34
-3536.93
-1010.54
-7295.84
-2661.37
3907.93
971.227
-428.592
-261.31
791.998
948.703
-2600.78
-1277.06
-1051.9
-379.559
-2628.83
-1432.78
-1187.44
-393.545
-2904.87
-1715.45
-1417.13
-308.227
-1314.35
119.917
24.8419
742.767
-5433.12
-5316.92
-4073.86
-4554.98
-7982.86
-7692.94
-6532.73
-6499.9
-2696.28
-3320.27
-4220.75
-3978.96
-2825.35
-3127.25
-1428.01
-1459.33
-4674.98
-4521.39
-2643.76
-2361.88
-1471.98
-2153.63
-455.8
-874.117
-1675.25
-894.359
-2494.09
-1296.36
-2679.47
-1740.85
-3013.95
-1915.91
-780.282
-258.233
-1589.56
-550.777
89.7264
394.665
-532.243
165.234
-2812.86
-2675.07
-2150.98
-3272.75
-2916.17
-2851.72
-2266.24
-3359.01
-3471.79
-3004.97
-2572.97
-3304.98
-2485.71
-3066.87
-2893.33
-2628.94
-2119.87
-4809.74
-3749.23
-3295.33
-3763.86
-3609.62
-4966.46
-3678.6
-2957.71
-2543.44
-1701.92
-3459.41
-4287.04
-5588.68
-9622.78
-3342.04
-3651.82
-5231.79
-8916.69
-3447.58
-4098.03
-4803.37
-7948.87
-7975.45
-6858.98
-6187.37
-5355.14
-4109.15
-4440.41
-4014.79
-4754.93
-4119.96
-7097.22
-5404.27
-6205.74
-3800
-4808.46
-2929.19
-4012.45
-2863.68
-4179.58
-2310.25
-5528.44
-2449.66
-2559.13
-1441.44
-527.348
-5049.38
-4388.98
-4279.6
-2580.5
-662.983
-170.124
-1543.21
-2004.58
-2696.56
-808.947
-622.744
-116.52
-4234.92
-2188.37
-1131.49
-639.909
-1824.53
-419.794
-319.054
73.3308
-433.003
-1195.4
-1089.18
-2976.95
-1277.37
-2507.99
-1560.45
-4296.39
-1001.07
-753.456
-468.069
-1892.19
263.466
442.639
838.468
99.4962
-3576.82
-1183.44
-6982.42
-938.625
-3115.44
-1319.12
-6574.25
-928.843
-2850.25
-866.132
-5385.16
-414.859
-3760.93
-860.087
-3111.56
-765.442
-3266.42
-988.939
-2841.18
-480.04
-4839.85
-363.255
-4488.43
-642.682
-3773.92
-598.277
-3528.43
-698.849
-3329.06
-336.484
-4872.21
-480.958
-575.316
-191.164
-111.333
48.1088
-184.615
-56.8822
-42.5776
7.88957
-560.862
-167.319
-116.143
40.5069
-92.5405
0.197203
-35.9846
5.50894
-613.155
-156.351
-117.822
71.5716
94.631
149.31
165.473
209.397
499.407
341.153
347.079
300.033
742.305
490.893
378.355
244.533
-284.532
6.48919
86.4471
231.988
-261.128
43.6788
30.3981
251.279
-692.773
-159.284
-105.026
157.328
-535.2
-69.7187
-99.7006
246.671
97.3431
176.025
198.206
251.948
30.8412
161.989
128.297
230.091
426.711
320.601
255.23
198.582
347.584
279.994
196.962
180.494
-915.595
-302.069
-200.693
97.7466
-1220.23
-357.486
-331.81
187.174
-895.485
-280.926
-208.758
95.0801
-1187.02
-340.802
-327.482
181.968
-896.022
-257.144
-242.881
80.2182
-1077.21
-299.672
-319.225
154.069
-621.994
-124.028
-190.836
98.0196
-1016.73
-245.456
-357.117
194.988
-452.161
-62.3602
-106.43
209.74
-1183.93
-274.571
-271.752
166.676
-515.768
-100.666
-76.9687
40.8858
-1061.33
-238.345
-256.713
160.755
-477.13
-89.8247
-75.601
38.039
-866.316
-172.989
-239.678
140.359
-399.408
-66.0297
-71.0088
35.0834
-682.515
-121.217
-214.707
115.49
-339.186
-51.8922
-72.2077
28.7836
-458.103
-56.8469
-148.102
114.237
-189.343
-9.37229
-48.753
33.6837
-176.127
50.726
38.8695
176.833
105.741
117.453
79.9327
99.0017
-383.677
-41.1947
-70.386
135.543
-24.098
51.773
10.3099
60.7896
71.6087
159.805
122.24
191.555
196.505
176.162
131.345
122.54
308.993
252.647
166.602
156.862
280.587
219.151
145.7
116.518
16.9668
6.76879
3.08745
1.59946
1.03672
7.53254
3.17562
1.47186
0.758479
0.48488
27.6581
12.1388
5.8738
3.12246
2.04926
23.1386
10.8535
5.48786
2.97149
1.96281
56.6958
25.4314
12.5819
6.7193
4.40672
90.6103
45.186
23.1113
12.5136
8.26208
96.1587
48.6085
24.8488
13.4045
8.80685
97.9267
50.6138
26.2655
14.2644
9.37663
75.255
34.9101
17.3438
9.27073
6.11593
62.7071
27.5826
13.5117
7.17
4.71687
72.7
32.6697
16.1974
8.62459
5.66229
48.1868
22.0226
10.959
5.82561
3.84301
87.1549
41.5125
20.7853
11.1172
7.29802
79.7894
37.7176
18.8872
10.106
6.64864
90.887
46.664
24.1408
13.0884
8.59827
87.8684
45.2113
23.3542
12.6488
8.31423
18.2937
5.96432
2.58686
1.32091
0.851577
8.68613
2.29922
0.935627
0.460809
0.287249
22.9091
8.66941
4.00134
2.08596
1.34843
9.94993
2.96679
1.27886
0.646563
0.404314
31.7583
12.1402
5.68784
2.96149
1.89962
15.1565
6.06304
2.97522
1.6024
1.03321
59.1734
25.2913
12.4445
6.56136
4.24852
28.0172
12.1254
6.04923
3.20954
2.06972
54.0774
26.4414
13.4844
7.2458
4.7701
-3222.79
-4911.3
-3087.97
-4816.45
-2868.4
-4500.69
-2736.71
-4309.68
-2752.73
-4689.76
-1596.48
-2218.2
-2200.02
-3294.26
-1026.18
-1310.93
-331.477
-464.324
-9247.97
-2216.57
-507.828
-112.653
-28.3207
-2447.05
-651.712
-174.563
-39.1451
-8.76389
-9065.69
-2148.17
-489.485
-107.947
-27.0409
-2538.99
-739.262
-181.607
-42.1378
-10.5885
-8548.98
-2000.57
-452.449
-99.2542
-24.7704
-2457.24
-710.697
-173.276
-39.8196
-9.91911
-7805.22
-1798.92
-404.516
-88.6297
-22.1486
-2323.69
-658.165
-157.69
-35.7313
-8.79229
-6671.34
-1519.5
-342.133
-75.3858
-18.997
-2098.87
-571.777
-134.474
-30.1752
-7.37382
-3656.35
-888.802
-207.416
-46.8312
-12.0296
-1042.01
-268.541
-59.2615
-12.4027
-2.87153
-5144.21
-1216.26
-278.771
-62.1415
-15.823
-1463.79
-387.517
-89.5572
-19.8931
-4.84389
-2276.94
-567.58
-134.383
-30.6488
-7.92193
-655.008
-172.615
-37.524
-7.50451
-1.66424
-820.765
-207.395
-49.555
-11.3992
-2.96811
-293.127
-70.4352
-14.3858
-3.9744
-0.580346
371.884
-1950.33
-6176.07
1492.36
-7194.07
-3176.12
-7058.74
-3260.27
-12099.1
-6600.06
-14140.7
-7713.5
-94.6327
-345.681
-534.281
-620.056
-541.325
-252.146
-151.681
-539.096
-820.958
-921.989
-760.335
-257.587
-72.8227
-68.91
-245.65
-227.855
-314.379
-303.573
-213.794
-229.345
-124.166
-170.592
-220.682
-185.335
501.594
1654.98
3236.38
2589.02
2340.45
1090.77
680.361
1994.65
3360.76
3751.57
3206.75
1440.97
-85.2267
-71.9204
-54.3989
-33.8464
-11.4828
-311.691
-263.433
-199.585
-124.35
-42.219
-481.631
-406.935
-308.219
-191.998
-65.1835
-558.61
-471.644
-356.985
-222.26
-75.4355
-487.443
-411.294
-311.062
-193.524
-65.6505
-228.159
-193.352
-146.511
-91.0822
-30.8492
-136.495
-115.073
-86.9576
-54.0676
-18.3371
-485.704
-410.116
-310.438
-193.292
-65.605
-739.307
-623.921
-472.069
-293.854
-99.7295
-829.467
-699.251
-528.568
-328.827
-111.57
-683.27
-575.3
-434.417
-270.079
-91.6122
-232.45
-196.489
-148.728
-92.5129
-31.3711
-65.6358
-55.4478
-41.985
-26.144
-8.87285
-62.1521
-52.5464
-39.8207
-24.813
-8.42445
-221.612
-187.431
-142.1
-88.5769
-30.0789
-205.618
-173.957
-131.926
-82.2557
-27.9361
-283.542
-239.741
-181.708
-113.242
-38.4492
-273.803
-231.501
-175.459
-109.348
-37.1281
-192.891
-163.178
-123.723
-77.1136
-26.1787
-206.711
-174.641
-132.258
-82.3699
-27.9558
-112.148
-94.9582
-71.986
-44.8135
-15.1932
-153.432
-129.296
-97.65
-60.6762
-20.565
-198.663
-167.423
-126.221
-78.1843
-26.4286
-166.392
-139.843
-105.258
-65.19
-22.0504
443.267
367.463
275.054
170.904
58.1155
1456.3
1203.16
900.038
560.41
190.968
2811.64
2301.9
1723.65
1084.23
373.049
2233.34
1845.16
1397.72
895.048
321.935
2029.58
1677.19
1269.98
808.996
280.693
974.637
820.49
626.378
396.452
135.051
602.589
500.338
374.496
232.333
78.889
1760.89
1458.54
1091.38
678.286
230.764
2947.66
2430.34
1818.24
1134.74
387.905
3274.34
2695.54
2020.87
1268.53
437.349
2793.29
2297.86
1725.95
1087.2
374.907
1266.55
1051.36
795.793
503.471
173.679
178.019
431.543
624.019
713.691
638.873
367.955
271.11
660.439
942.235
1034.73
852.635
324.052
134.037
117.111
306.185
276.829
369.909
350.233
254.609
262.739
164.383
165.132
334.574
220.031
-363.023
-1459.7
-2888.83
-2139.4
-1802.87
-500.281
-631.132
-1919.89
-3184.02
-3430.79
-2733.23
-867.798
160.833
136.269
103.51
64.6262
21.9669
389.614
329.799
250.272
156.14
53.0548
563.116
476.405
361.336
225.343
76.5524
643.748
544.348
412.673
257.27
87.383
576.291
487.316
369.416
230.278
78.2073
333.681
283.671
215.869
134.789
45.7896
244.83
207.321
157.397
98.2321
33.383
595.867
503.99
382.178
238.308
80.9524
849.494
717.93
544.007
339.044
115.143
932.042
786.921
595.782
371.117
126.008
767.384
647.328
489.751
304.955
103.531
293.008
248.308
188.507
117.571
39.9346
121.129
102.662
78.0051
48.7125
16.5589
105.841
89.7093
68.1665
42.5693
14.4704
276.523
234.179
177.789
110.953
37.703
250.039
211.774
160.795
100.355
34.1031
333.947
282.698
214.541
133.846
45.4726
316.168
267.618
203.072
126.68
43.0374
229.979
194.83
147.952
92.3372
31.3716
237.085
200.593
152.148
94.8798
32.2255
148.855
126.458
96.2399
60.1284
20.4319
148.974
126.012
95.5455
59.559
20.222
302.57
256.536
194.812
121.498
41.2521
198.494
167.841
127.179
79.2225
26.8898
-317.423
-260.071
-192.843
-119.25
-40.5034
-1279.38
-1052.66
-785.285
-488.608
-166.535
-2495.23
-2031.08
-1516
-953.913
-328.613
-1814.02
-1476.97
-1107.31
-707.963
-258.102
-1521.68
-1226.15
-908.871
-571.381
-196.913
-414.027
-319.435
-222.009
-127.785
-39.7523
-558.158
-462.789
-346.065
-214.639
-72.8812
-1693.91
-1402.44
-1049.36
-652.424
-222.045
-2787.54
-2294.23
-1714.62
-1070.07
-365.952
-2979.18
-2440.04
-1822.35
-1142.25
-394.106
-2353.73
-1913.58
-1423.89
-892.579
-307.432
-732.433
-582.11
-424.797
-263.017
-89.9937
-2100.35
-1503.58
496.85
955.14
1021.61
1422.54
887.236
-10504.7
-1877.7
-3293.22
-1440.56
502.276
-4002.83
809.316
2171.25
695.09
-5200.45
-2236.18
-771.226
-432.826
-2988.76
-930.926
29.2341
-35.836
1556.93
1441.73
-569.805
-422.078
-8608.7
-3925.3
-3780.17
-1980.76
-2916.12
-2452.78
386.438
1429.9
92.4481
-1158.55
-926.368
-768.473
-782.974
-712.376
-1054.17
-755.436
-575.461
-429.169
-173.373
455.351
390.356
297.615
185.085
62.636
857.405
721.34
544.698
338.868
114.982
918.372
773.454
584.062
363.098
123.202
1277.49
1074.91
811.344
504.394
171.134
799.535
675.15
510.688
317.697
107.893
-7370.69
-6744.76
-5749.37
-5542.75
-5514.21
-1304.29
-806.691
-788.655
-793.032
-352.811
-2467.05
-1814.6
-1475.56
-1196.01
-570.81
-972.405
-658.661
-589.307
-499.106
-161.351
447.047
370.961
274.984
167.847
57.2321
-3279.2
-2580.29
-1961.03
-1323.73
-490.785
722.318
602.528
449.455
276.156
92.8444
1871.43
1516.79
1127.73
708.484
246.083
625.899
526.558
394.713
242.506
81.213
-3268.78
-3160.44
-2705.51
-2763.91
-2962.71
-1652.88
-1138.33
-907.74
-718.854
-284.727
-619.909
-476.922
-361.876
-247.294
-89.8631
-338.548
-250.734
-186.013
-126.786
-46.3133
-2470.37
-1937.03
-1454.57
-959.242
-347.004
-776.961
-596.871
-432.989
-268.474
-81.2521
51.4547
61.8972
50.5288
28.0169
9.06737
-9.48557
10.313
13.9914
8.11773
3.11291
1384.92
1154.17
865.377
536.795
182.333
1293.25
1086.39
818.091
507.463
172.082
-475.114
-374.457
-277.753
-178.583
-62.9195
-344.445
-264.657
-193.455
-124.288
-43.6368
-5377.59
-4157.79
-3583.04
-3462.06
-2920.64
-2929.41
-2213.05
-1719.54
-1260.43
-522.789
-2766.01
-2216.5
-1796.09
-1492.33
-616.779
-1464.4
-1136.33
-880.716
-644.242
-304.987
-2441.75
-1933.69
-1443.51
-930.419
-323.566
-1917.81
-1192.14
-927.116
-692.329
-63.645
370.04
329.792
254.285
156.689
53.5424
1286.48
1083.99
817.9
507.624
172.1
113.444
121.13
97.7574
58.5134
21.842
-81.8213
-182.447
-238.349
-311.571
-456.73
-633.973
-22413.3
-18504.3
-17241.5
-20621
-15855.2
-12254
-14436.6
-11025
-19976.8
-15973.5
-16870.8
-14402.5
-14554.9
-11194.1
-13772.8
-18962.1
-16646.4
-14680.8
-16662.3
-14137.2
-11011.1
-12469.4
-9385.14
-18496.1
-15659.9
-16692.1
-14664
-14441.7
-12058.7
-14035.4
-14832.7
-13602.9
-11814.2
-12864.5
-11853.9
-9827.77
-10488.3
-8957.46
-15339.3
-14122.1
-14556.9
-13643
-13266.3
-11497.2
-13064.5
-10230.2
-9811.57
-8430.24
-8781.59
-9081.61
-8501.83
-8009.21
-7920.86
-11110.2
-12306.2
-10763.1
-11841.7
-10282.9
-9389.47
-11277.8
-6586.39
-6479.69
-5433.84
-5533.47
-6378.54
-6448.76
-5342.42
-5487.2
-7743.48
-9466.07
-7614.86
-8867.8
-7518.8
-7308.71
-8480.17
-2403.56
-2386.14
-1957.64
-1980.55
-2397.79
-2514.86
-1922.29
-1909.23
-3144.84
-3973.23
-3076.36
-3526.28
-3072.48
-3056.51
-3373.11
-8164.53
-8175.77
-11695.2
-12899.3
-8159.76
-7679.83
-10849.9
-9023.66
-7384.12
-4568.27
-7494.86
-4499.99
-7543.06
-7607.4
-4592.76
-7760.19
-7550.76
-10790.9
-11678.1
-7255.67
-6335.81
-9783.91
-7979.7
-5206.95
-1743.75
-5124.02
-1979.27
-4323.6
-4138.55
-2322.17
-6525.91
-6369.59
-9093.14
-9616.11
-6334.87
-5758.86
-8472.64
-7523.74
-2770.48
-1617.85
-2702.76
-2198.28
-2576.49
-2846.9
-2849.45
-4806.09
-4780.4
-6676.84
-6858.54
-4860.47
-4714.79
-6516.45
-6334.14
-2828.99
-1505.93
-2992.22
-2387.78
-3196.49
-3730.6
-3238.76
-3005.61
-2995.72
-4266.59
-4325.18
-2910.24
-2868.17
-4209.73
-4119.37
-1624.58
-1132.27
-1788.52
-1892.68
-2197.41
-2664.57
-2529.76
-1025.21
-1024.79
-1514.65
-1529.73
-1013.13
-1044.33
-1489.8
-1436.2
-329.631
-483.739
-476.053
-866.071
-762.206
-977.772
-1066.8
7786.35
23404.6
5980.72
26108.6
3268.28
27560.1
5535.97
43408.4
9023.65
54448.7
9276.06
38777.5
9917.35
34528.9
9673.89
29039.6
4586.03
2562.24
13880.1
6662.91
4270.72
1990.7
14866.8
6021.45
5991.99
4485.17
17545.1
12990.3
4058.12
3259.38
17988.7
13795.1
9182.98
3361.32
7072.34
2635.32
3263.32
8619.58
42686.9
13002.6
12881.8
5870.92
51528.3
16081.8
11895.8
5483.16
28484.1
9473.13
14554.8
6590.02
23375.8
7408.51
5927.75
3183.3
9666.41
3948.73
5428.14
3364.51
10346.5
3957.85
7154.26
4527.37
6563.55
2808.05
11357.8
4141.98
4446.74
1657.54
14163.1
10874.9
8455.76
7711.04
15272.6
13464.9
8218.87
8796.25
8033.73
7076.57
10830.8
9454.31
6185.45
5393.93
3495.75
3029.02
6002.79
6005.9
3324.94
3342.3
6039.23
4860.35
3445.25
2481.37
7010.16
3972.58
7183.41
7783.7
9599.97
7274.14
10489.1
13505.3
4999.11
2170.02
4535.03
4611.74
2769.1
985.446
2042.8
1758.08
7190.69
14253.1
5115.91
16050
7785.3
14316.9
6105.13
16946.6
10042.5
14055.8
8366.79
17086.9
10433.7
11824
8639.17
8795.72
10369.3
7811.84
9172.42
12976.7
15390.5
22275.4
10641.3
9136.16
9068
11466.5
17777.7
17782.3
17269.4
20767.4
21007.3
17217.3
17286
20688.6
20742.7
15711.7
16358.4
19692.2
20020.1
9820.43
10476.1
10182.9
10843.1
12507.2
12779.2
14870.6
14720.1
18987
19420.8
8907.93
9918.98
10443
11523.4
11976.1
13369.2
14046.3
15826.1
18604.6
20668.3
10469.4
7170.05
8423.2
8348.92
11404.2
12702.5
9241.55
11967.7
7937.08
7926.48
10167.1
7349.35
3653.05
5993.67
1439.41
2198.37
5698.96
8807.29
2159.2
3241.05
3196.22
5392.57
1171.72
1949.45
7696.21
6525.72
7971.52
5067.23
10908.7
7866.95
12541.1
8521.8
3689.45
4142.96
4547.61
2643.7
2729.17
2913.55
3024.33
2286.64
15127.3
10028.9
3329.02
16364.8
10378.1
3602.98
14823.6
9787.86
3377.11
16263.7
10337.3
3530.48
14049.8
9148.83
3082.1
15856.8
10131.9
3500.41
7685.97
4527.82
1253.39
9541.28
6546.95
2144.45
11256.8
7914.31
2682.72
12652.3
8333.34
2758.97
15222.4
9712.54
3438.13
8300.5
4676.43
1573.18
8717.58
5740.95
2038.28
10076.2
6726.34
2349.22
12002.9
7778.73
2694.42
14482.7
8603.55
3014.14
-527.226
978.079
388.147
2637.97
1887.1
1880.52
4841.4
4210.16
596.649
944.797
630.501
986.724
335.209
914.497
615.794
1340.62
1796.02
1105.31
3750.58
2688.34
1684
2723.97
2921.66
631.076
6163.09
1813.18
-4516.45
-956.105
476.637
448.538
-241.938
-165.166
10024.9
4165.85
2640.01
1484.37
9873.21
4205.97
2871.13
1749.09
9475.86
4538.59
3774.71
2520.02
2874.34
1752.94
1433.78
1260.53
13326.1
11603.4
5764.53
7382.76
15450.1
14405
7478.54
8954.44
5039.75
6092.73
10953.9
8942.69
3587.07
4750.7
1949.6
2663.17
4928.78
5766.73
2730.42
3197.69
2760.47
3958.05
1428.31
2326.52
4339.65
2885.66
4891.61
3043.66
7604.79
4194.97
6621.43
4006.1
2481.6
1929
3350.59
2058.12
1276.37
1149.95
2065.44
1242.83
11513.9
7217.24
5324.46
5233.19
11404.9
7207.16
5221.67
5101.86
11514.1
6982.56
5265.47
4737.16
13408.4
13419.8
12094.5
8969.25
4780.39
8138.43
9392.67
9515.79
8553.23
5505.28
11631.1
10017.7
7976.68
6151.04
3677.52
5732.88
5322.5
5494.15
6263.83
5767.14
5237.57
5382.81
6174.07
5624.19
5109.61
5158.08
5972.66
9131.55
8665.01
8088.66
6904.29
5722.04
5609.39
5188.03
5225.51
4521.62
5691.92
6778.87
7682.66
5419.4
6114.08
4534.38
5103.69
4124.66
4810.77
3386.49
5243.25
4850.94
3902.19
3322.93
1899.43
7682.29
5825.33
6184.37
3993.46
2366.1
1406.18
3512.17
3145.59
4183.92
1890.69
1867.21
1033.16
5648.01
3289.89
2235.73
1543.2
3242.12
1396
1588.2
788.936
1791
2093.06
2042.59
3389.16
2734.8
3250.74
2425.21
4364.25
2218.03
1539.34
1511.27
2456.42
928.076
331.971
215.495
541.123
4102.57
1892.03
549.558
4251.16
1152.24
308.297
4088.95
2025.69
636.645
4263.91
1202.46
338.773
3883.02
1957.71
520.466
4117.64
1141.99
268.928
5950.85
3344.35
920.181
4661.62
2582.61
743.446
4204.07
2189.42
644.932
3805.59
1865.27
461.838
3972.56
1042.16
196.04
6512.57
3502.99
1118.69
5286.47
2915.69
970.212
4452.89
2380.95
788.276
3942.6
1706.23
485.911
4220.28
1109.4
360.979
1519.33
557.739
274.183
49.3282
612.2
235.042
122.999
33.6428
1563.15
594.09
322.896
90.4431
735.071
310.11
198.182
89.5627
1770.01
699.747
412.988
146.14
1225.39
587.013
306.154
131.662
864.745
497.1
192.866
52.8082
867.052
544.072
269.827
132.03
1433.03
643.053
321.917
55.1405
1345.06
587.63
348.222
15.9664
1826.86
738.247
445.194
124.675
1614.54
644.775
417.424
9.60498
1058.44
537.465
254.456
45.5938
1024.39
498.931
292.556
58.7321
756.253
444.1
247.837
128.499
691.527
396.371
248.882
127.338
1928.18
686.035
353.337
18.5404
1966.97
667.041
413.114
-65.2666
1910.28
691.305
380.042
37.2795
1879.49
640.564
410.053
-59.156
1909.44
704.435
435.677
70.9364
1683.64
578.086
403.709
-28.6881
1764.26
670.018
463.375
146.124
1852.69
647.932
508.548
-11.2882
1354.13
515.385
362.949
66.7351
1585.49
487.563
317.274
-71.8566
614.58
173.113
98.6511
-10.0531
1563.07
490.857
320.054
-60.364
625.503
180.881
105.973
-2.06708
1480.93
477.696
326.143
-39.6007
608.993
182.6
114.606
8.60422
1254.32
408.428
309.715
-15.0209
540.097
161.536
120.896
22.1197
1101.23
378.077
290.753
18.5148
492.954
162.235
128.768
39.2648
838.3
346.912
207.628
27.4093
444.274
210.386
118.465
55.5526
903.945
326.624
233.857
22.4097
448.213
176.606
122.236
50.0422
727.542
355.314
200.39
49.7931
433.397
236.548
124.596
68.5192
549.671
325.945
196.844
105.178
386.875
243.836
142.634
94.5343
15.8138
6.483
3.11728
1.64185
1.06023
7.54685
3.1766
1.54472
0.820227
0.534084
26.3616
12.4051
6.24457
3.34338
2.17014
22.5672
11.4557
5.82431
3.11971
2.02266
51.576
26.7009
13.753
7.44621
4.86435
91.1095
47.6819
24.6983
13.3618
8.7081
90.9698
49.4944
26.1289
14.2778
9.3699
94.0068
50.7934
26.7664
14.633
9.62542
63.9951
34.7412
18.3556
10.0375
6.5495
49.6139
27.2465
14.4744
7.95791
5.20918
67.51
35.1873
18.2401
9.93601
6.49699
49.7273
24.6847
12.6965
6.9194
4.50774
68.8901
39.8924
21.4719
11.8325
7.77682
64.2329
36.5958
19.6273
10.8154
7.10567
83.9449
46.3353
24.5394
13.4386
8.8372
80.1527
44.5784
23.6714
12.9722
8.51736
12.4958
5.55549
2.70019
1.43368
0.940214
4.10654
2.17754
1.0899
0.59146
0.400463
18.4988
8.77536
4.42058
2.38179
1.57203
5.2484
2.92194
1.50936
0.828997
0.564535
23.7077
12.6156
6.53651
3.57266
2.37481
12.4889
6.47406
3.24939
1.73053
1.14894
57.3645
29.4831
15.0936
8.23297
5.43441
28.8666
14.705
7.44354
4.03794
2.67442
67.1336
31.7808
15.9496
8.58977
5.59649
3011.63
5274.27
2884.2
5133.77
2719.92
4795.32
2679.82
4628.87
2876.93
5200.04
1726.13
2396.27
2330.61
3578.25
1163.4
1448.06
468.089
585.426
8983.29
2173.85
501.598
111.874
28.2478
2417.43
644.378
173.02
39.001
8.78661
8840.97
2110.61
483.405
107.015
26.8905
2481.7
723.889
178.745
41.6659
10.5104
8462.84
1986.87
450.371
98.9786
24.7414
2409.4
699.038
171.18
39.4858
9.86557
7846.5
1806.94
406.084
88.9554
22.2302
2310.41
654.365
157.026
35.6428
8.78318
6782.12
1539.04
345.708
76.0571
19.1442
2129.77
576.106
135.199
30.3172
7.40624
3726.13
903.971
210.555
47.458
12.1697
1093.03
278.973
61.2674
12.7818
2.95172
5245.98
1236.4
282.668
62.8867
15.9851
1513.08
395.919
91.0343
20.164
4.90013
2324.12
578.472
136.778
31.1501
8.03831
703.575
184.186
40.0194
8.01366
1.77901
856.201
215.893
51.5197
11.8272
3.07125
339.287
82.3437
17.1545
4.5716
0.720332
-1588.54
481.051
4387.55
-3862.43
970.807
1034.68
2713.87
3314.54
2253.91
3636.9
3031.2
4580.01
2925.43
3816.03
1394.24
2028.19
1503.93
1752.24
1003.43
1039
2888.9
2205.44
-127.93
-647.792
-712.694
-968.153
-410.164
12614.9
3766.46
4513.08
3684.44
562.361
238.514
3485.81
-663.13
-154.704
-527.2
-153.71
6196.81
3340.93
1731
968.609
3381.74
1708.23
376.653
601.543
-798.121
-733.805
1029.14
916.991
9469.08
4564.42
4675.8
2677.99
3411.23
3444.53
268.247
-707.099
560.684
1977.98
1691.09
1430.75
1271.31
912.768
1737.8
1378.21
1090.28
782.471
302.253
-117.961
-100.09
-73.4522
-43.1403
-13.9832
-576.471
-479.749
-358.165
-220.755
-74.5112
-635.176
-529.16
-394.854
-242.959
-81.9464
-863.14
-719.669
-537.815
-331.501
-111.914
-361.754
-297.079
-217.465
-131.244
-43.7931
9146.2
8063.41
6588.53
5795.86
5023.04
3306.39
2580.2
2197.4
1731.46
743.085
3622.56
2816.07
2252.51
1684.9
734.877
2818.08
2141.52
1688.33
1205.97
443.96
455.535
317.948
281.889
207.539
97.5143
257.798
256.002
224.32
158.313
57.4925
2861.68
2245.17
1695.54
1135.38
419.583
-385.85
-177.28
-71.668
-23.1334
-6.93355
-113.386
-67.6661
-26.6524
-1.61981
2.97611
-362.587
-217.133
-115.407
-52.539
-15.2323
-149.514
-130.699
-96.2405
-55.7984
-17.5266
4179.65
3942.76
3290.42
3056.13
2853.29
2717.54
2096.12
1674.22
1218.53
460.758
1536.63
1291.38
1008.11
666.711
236.893
838.982
689.214
529.606
346.698
122.304
2811.13
2214.39
1652.37
1071.33
381.337
1507.52
1243.27
945.972
601.959
198.848
323.135
263.827
203.577
134.157
46.8631
532.422
444.662
341.171
218.909
75.2786
-689.805
-554.663
-399.69
-239.169
-79.4499
-645.612
-528.668
-386.096
-232.578
-77.4484
898.081
740.321
561.483
359.021
125.011
800.194
659.117
499.465
318.707
110.456
6175.78
4849.62
4119.25
3764.44
2930.11
3529.52
2744.8
2142.27
1533.3
615.677
3644.47
2986.5
2421.84
1901.36
774.116
2118.79
1714.9
1339.57
939.573
402.251
2898.89
2330.28
1751.96
1126.52
391.85
2843.66
2030.27
1593.49
1123.91
232.229
234.849
196.518
156.658
105.967
37.1276
-627.829
-519.354
-382.773
-232.108
-77.5775
498.475
418.462
328.775
217.136
74.2408
-31742.9
-49007.9
-24013.3
-41852.6
-25355.5
-58356.8
-33438.7
-70782.9
-18022.7
-12220.7
-19871.3
-10825
-16735.3
-11087.7
-19953.3
-9620.63
-26306.3
-18616.9
-35964.6
-26054.7
-20731.2
-15305.9
-31117.2
-23443.5
-15833
-16233.4
-11170.6
-10951.2
-13654.4
-14272.4
-46726.8
-14360.6
-15077.8
-7195.16
-54714.9
-17410.9
-13669.4
-6643.67
-32858
-10820
-16734.8
-7819.77
-27729.5
-8435.23
-12705.6
-5395.04
-17154.4
-6450.91
-11114.2
-4983.02
-16025.2
-5737.21
-11587.4
-5636.71
-9825.32
-3777.59
-13761
-4910.86
-5377.47
-1998.24
-11451.8
-8416.96
-9330.09
-7057.06
-9864.29
-8490.13
-8253.86
-7254.34
-9364.39
-6971.75
-10904.6
-8718.11
-6980.35
-5194.16
-4126.55
-2971.96
-6303.67
-5319.03
-3632.52
-2938.59
-7049.29
-4933.83
-4189.15
-2606.2
-8381.43
-4450.02
-7262.12
-7735.27
-10954
-7702.56
-10346.8
-13204.6
-5931.33
-2503.74
-4669.98
-4638.9
-3419.65
-1227.84
-2189.21
-1805.15
-11296.7
-14477
-6473.81
-16466.5
-11193.8
-14063.4
-7106.5
-16966.1
-12398
-13578.2
-8851.5
-16612.8
-6986.16
-4370.03
-8974.1
-10431.6
-10696.2
-6254.96
-8781.31
-13162.9
-15185.9
-21553.6
-5753.1
-6647.32
-8101.7
-10955.4
-17174.5
-15316.9
-12581.8
-19165.4
-15832.8
-14811.3
-12860.2
-19106.7
-15978.9
-13538.2
-12001.8
-18052.2
-15854.7
-8978.74
-8379.34
-9196.33
-8308.87
-10607.4
-9500.87
-12302.9
-10949.3
-17282.1
-15886.1
-7359.35
-8044.28
-8380.77
-8304.16
-9739.88
-9626.86
-11919.3
-11962.2
-17117.8
-16938
-8755.41
-5967.54
-7361.43
-7385.01
-9004.59
-11048.7
-7637.44
-10517.3
-7305.61
-7259.01
-9062.61
-6404.18
-2978.4
-5300.76
-908.956
-1655.35
-4610.29
-7798.47
-1325.1
-2463.92
-2801.85
-4927.58
-855.758
-1580.63
-7320.52
-6069.56
-7701.63
-4742.17
-10169.9
-7082.15
-12006
-7799.67
-3451.3
-3842.62
-4365.88
-2440.23
-2523.47
-2663.37
-2873.64
-2116.32
-9145.73
-3522.82
-9844.05
-3420.31
-9361.44
-3517.84
-10355.1
-3817.44
-8998.4
-3322.27
-11161.8
-4406.42
-4789.57
-1184.41
-5820.98
-2094.67
-6835.91
-2661.89
-8308.97
-3143.03
-11120.6
-4314.64
-5712.9
-1033.18
-5220.18
-1791.2
-6097.37
-2261.37
-7888.21
-2927.83
-10154.9
-3357.07
-6783.05
-6546.09
-4567.34
-4329.99
-10872.3
-8639.91
-8518.06
-6718.19
-5636.67
-5056.88
-2185.26
-1747.69
-5309.55
-4999.31
-1926.05
-1784.3
-2834.28
-6014.39
-4045.3
-7247.08
-4894.78
-2316.37
-3535.48
-1009.52
-7295.45
-2661.22
3911.59
973.661
-427.092
-259.951
795.369
951.072
-2599.35
-1281.27
-1053.42
-383.102
-2629.26
-1434.92
-1186.64
-394.879
-2904.91
-1715.89
-1415.36
-308.706
-1312.39
119.955
26.5917
743.372
-5433.58
-5317.11
-4073.41
-4554.83
-7982.74
-7692.85
-6532.35
-6499.69
-2695.84
-3320.1
-4221.11
-3979.04
-2824.65
-3126.98
-1427.52
-1459.09
-4674.75
-4521.25
-2643.66
-2361.8
-1471.19
-2153.32
-455.107
-873.79
-1674.69
-894.159
-2493.84
-1296.08
-2679.42
-1740.51
-3013.78
-1915.47
-779.476
-257.923
-1589.24
-550.501
90.5034
395.109
-531.895
165.524
-2810.62
-2673.42
-2151.82
-3266.25
-2917.3
-2850.74
-2266.15
-3350.83
-3472.56
-3004.99
-2571.98
-3301.59
-2486.35
-3066.88
-2893.99
-2628.81
-2118.96
-4810.06
-3750.25
-3296.28
-3763.74
-3607.75
-4966.47
-3678.91
-2957.9
-2543.27
-1701.3
-3449.24
-4260.7
-5571.24
-9603.15
-3337.68
-3646.27
-5219.1
-8906.22
-3446.96
-4097.72
-4798.85
-7945.98
-7975.98
-6859.29
-6188.39
-5355.75
-4109.88
-4440.94
-4014.83
-4754.94
-4118.24
-7096.37
-5404.46
-6205.85
-3800.41
-4808.72
-2929.53
-4012.69
-2863.77
-4179.71
-2309.65
-5528.29
-2449.92
-2559.28
-1441.49
-527.382
-5049.46
-4389.01
-4279.56
-2580.48
-662.982
-170.146
-1543.41
-2004.73
-2696.46
-808.92
-622.625
-116.466
-4234.84
-2188.33
-1131.43
-639.867
-1824.42
-419.758
-318.903
73.3971
-432.922
-1195.39
-1089.02
-2976.91
-1277.41
-2508.07
-1560.25
-4296.38
-1000.93
-753.401
-467.898
-1892.12
263.63
442.717
838.641
99.5781
-3555.27
-1174.2
-6974.49
-935.471
-3111.17
-1319.42
-6567.63
-927.978
-2850.21
-866.231
-5383.41
-414.512
-3761.04
-860.113
-3111.81
-765.513
-3266.67
-989.002
-2841.17
-480.016
-4839.45
-363.179
-4488.49
-642.706
-3774.09
-598.361
-3528.56
-698.885
-3329.08
-336.397
-4872.12
-480.815
-576.748
-192.52
-111.042
48.5154
-184.825
-57.3581
-42.2338
8.18064
-561.301
-167.417
-116.237
40.5608
-92.797
0.183117
-36.0721
5.48977
-613.051
-156.257
-117.803
71.6118
94.751
149.44
165.473
209.403
499.623
341.297
347.104
300.031
742.636
491.073
378.426
244.556
-284.319
6.62994
86.5083
232.026
-260.873
43.8275
30.4647
251.31
-692.46
-159.124
-104.974
157.351
-534.843
-69.5458
-99.6415
246.686
97.5648
176.161
198.27
251.984
31.0582
162.121
128.365
230.126
426.959
320.738
255.3
198.614
347.782
280.113
197.028
180.53
-918.017
-303.671
-200.748
98.2657
-1222.82
-358.779
-332.391
187.666
-895.138
-280.888
-208.798
95.1138
-1184.39
-340.179
-327.191
181.813
-895.415
-256.967
-242.856
80.1893
-1075.9
-299.321
-319.128
153.987
-621.426
-123.82
-190.806
97.9963
-1015.87
-245.186
-357.069
194.941
-451.762
-62.1936
-106.39
209.734
-1187.32
-276.074
-273.203
167.263
-518.676
-101.585
-77.5495
41.0913
-1057.87
-237.585
-256.38
160.574
-476.203
-89.7293
-75.6505
37.9793
-864.649
-172.619
-239.618
140.242
-398.71
-65.9099
-71.0224
35.0152
-681.709
-120.992
-214.676
115.445
-338.802
-51.7987
-72.2028
28.7482
-457.673
-56.6948
-148.074
114.22
-189.121
-9.29726
-48.7404
33.6675
-175.955
50.8253
38.9141
176.851
105.891
117.536
79.9675
99.0144
-383.471
-41.098
-70.3538
135.546
-23.9286
51.8483
10.3329
60.7878
71.7764
159.911
122.293
191.583
196.638
176.248
131.387
122.563
309.146
252.747
166.657
156.895
280.703
219.231
145.744
116.545
16.7012
6.6389
3.03418
1.58066
1.03131
7.42448
3.13335
1.46431
0.765046
0.496522
27.7609
12.197
5.90888
3.14487
2.06698
23.1791
10.8784
5.50254
2.97986
1.97136
56.7615
25.4794
12.6149
6.74204
4.42506
90.6388
45.2238
23.1418
12.5356
8.27947
96.1592
48.6203
24.8603
13.4131
8.81173
97.9375
50.6236
26.2732
14.27
9.38032
75.2993
34.9473
17.3716
9.29099
6.13249
62.7351
27.6052
13.5285
7.18221
4.72673
72.7463
32.7106
16.2278
8.64635
5.67906
48.214
22.0477
10.9782
5.83957
3.85372
87.1847
41.5363
20.803
11.1301
7.30836
79.8142
37.7371
18.9017
10.1166
6.65705
90.9038
46.676
24.1495
13.0945
8.60282
87.8877
45.2243
23.3632
12.6551
8.31905
18.0458
5.81531
2.5043
1.27318
0.812556
8.60384
2.24079
0.900332
0.439352
0.265935
22.9094
8.65172
3.98405
2.07151
1.32878
9.90121
2.92072
1.24384
0.62006
0.377094
31.7367
12.1193
5.67083
2.94769
1.88368
15.1289
6.04055
2.95828
1.58925
1.01904
59.182
25.302
12.4524
6.5662
4.24838
28.0049
12.1177
6.04358
3.20457
2.06206
54.1085
26.4734
13.5091
7.26349
4.78238
-3205.43
-4911.07
-3087.65
-4817.86
-2867.91
-4500.94
-2736.32
-4309.61
-2752.57
-4689.72
-1596.48
-2218.21
-2199.99
-3294.26
-1026.2
-1310.96
-331.508
-464.35
-9273.08
-2220.22
-508.551
-112.814
-28.3615
-2464.99
-656.693
-175.618
-39.385
-8.82785
-9051.83
-2143.39
-488.167
-107.616
-26.9481
-2537.16
-738.33
-181.3
-42.0491
-10.562
-8543.29
-1998.22
-451.724
-99.0579
-24.7125
-2455.08
-709.699
-172.954
-39.7297
-9.89255
-7803.1
-1797.89
-404.16
-88.5257
-22.116
-2322.45
-657.545
-157.478
-35.6702
-8.77379
-6670.66
-1519.11
-341.981
-75.3379
-18.9811
-2098.32
-571.473
-134.363
-30.1413
-7.36311
-3656.32
-888.753
-207.391
-46.8217
-12.026
-1041.94
-268.485
-59.2365
-12.3941
-2.8685
-5144.03
-1216.13
-278.712
-62.1209
-15.8156
-1463.6
-387.397
-89.509
-19.8775
-4.83867
-2276.94
-567.564
-134.373
-30.6447
-7.92024
-654.986
-172.591
-37.5121
-7.50008
-1.66258
-820.775
-207.392
-49.5527
-11.3981
-2.96764
-293.131
-70.4313
-14.383
-3.97323
-0.579871
374.268
-1949.78
-6174.27
1498.05
-7202.46
-3168.38
-7070.3
-3262.41
-12100.4
-6596.06
-14184.8
-7706.66
-94.6284
-345.674
-534.274
-620.048
-541.318
-252.142
-151.675
-539.087
-820.948
-921.979
-760.328
-257.584
-72.8194
-68.9073
-245.646
-227.851
-314.374
-303.569
-213.791
-229.342
-124.164
-170.591
-220.679
-185.333
501.592
1654.98
3236.37
2589.02
2340.45
1090.78
680.358
1994.64
3360.75
3751.56
3206.75
1440.98
-85.2228
-71.9171
-54.3963
-33.8448
-11.4823
-311.685
-263.429
-199.582
-124.348
-42.2183
-481.625
-406.93
-308.215
-191.996
-65.1826
-558.603
-471.639
-356.981
-222.257
-75.4346
-487.438
-411.289
-311.059
-193.522
-65.6498
-228.156
-193.349
-146.509
-91.0811
-30.8489
-136.489
-115.068
-86.9541
-54.0654
-18.3363
-485.696
-410.109
-310.433
-193.289
-65.604
-739.298
-623.913
-472.063
-293.85
-99.7282
-829.458
-699.244
-528.562
-328.824
-111.569
-683.263
-575.295
-434.413
-270.076
-91.6114
-232.447
-196.487
-148.726
-92.5119
-31.3708
-65.6329
-55.4453
-41.9831
-26.1428
-8.87244
-62.1497
-52.5443
-39.8191
-24.812
-8.42411
-221.608
-187.427
-142.097
-88.5753
-30.0783
-205.614
-173.954
-131.924
-82.2543
-27.9357
-283.538
-239.737
-181.705
-113.24
-38.4487
-273.799
-231.498
-175.457
-109.346
-37.1276
-192.889
-163.175
-123.722
-77.1125
-26.1784
-206.709
-174.639
-132.257
-82.3689
-27.9555
-112.146
-94.9568
-71.9849
-44.8129
-15.193
-153.431
-129.294
-97.6491
-60.6757
-20.5648
-198.661
-167.421
-126.219
-78.1836
-26.4284
-166.39
-139.842
-105.258
-65.1895
-22.0503
443.266
367.462
275.054
170.903
58.1154
1456.3
1203.15
900.036
560.408
190.968
2811.63
2301.9
1723.65
1084.22
373.048
2233.34
1845.16
1397.72
895.049
321.936
2029.58
1677.2
1269.99
809.002
280.696
974.653
820.506
626.393
396.464
135.056
602.586
500.336
374.495
232.333
78.8888
1760.89
1458.54
1091.37
678.285
230.764
2947.66
2430.34
1818.24
1134.74
387.904
3274.33
2695.53
2020.87
1268.53
437.35
2793.29
2297.86
1725.96
1087.2
374.91
1266.57
1051.38
795.806
503.481
173.682
178.021
431.543
624.018
713.689
638.872
367.956
271.112
660.439
942.233
1034.72
852.633
324.052
134.038
117.113
306.185
276.829
369.908
350.232
254.609
262.739
164.384
165.133
334.576
220.032
-363.017
-1459.68
-2888.81
-2139.38
-1802.84
-500.257
-631.127
-1919.88
-3184
-3430.77
-2733.2
-867.773
160.835
136.271
103.511
64.6271
21.9671
389.614
329.799
250.272
156.14
53.0548
563.115
476.404
361.335
225.342
76.5523
643.747
544.347
412.672
257.269
87.3829
576.291
487.315
369.416
230.278
78.2073
333.682
283.672
215.87
134.79
45.7898
244.832
207.324
157.398
98.2333
33.3834
595.867
503.991
382.178
238.308
80.9525
849.492
717.929
544.006
339.043
115.143
932.04
786.919
595.781
371.116
126.008
767.383
647.327
489.75
304.955
103.531
293.008
248.309
188.507
117.571
39.9346
121.13
102.663
78.0061
48.7131
16.5591
105.842
89.7102
68.1672
42.5697
14.4706
276.523
234.179
177.789
110.953
37.703
250.039
211.774
160.795
100.355
34.1031
333.947
282.698
214.54
133.846
45.4726
316.168
267.617
203.072
126.68
43.0373
229.979
194.83
147.952
92.3372
31.3715
237.084
200.592
152.148
94.8797
32.2255
148.856
126.458
96.2404
60.1287
20.432
148.974
126.012
95.5457
59.5592
20.2221
302.572
256.537
194.813
121.499
41.2525
198.495
167.841
127.18
79.223
26.89
-317.418
-260.067
-192.84
-119.248
-40.5028
-1279.37
-1052.65
-785.28
-488.605
-166.534
-2495.21
-2031.07
-1515.99
-953.908
-328.612
-1814
-1476.95
-1107.29
-707.953
-258.098
-1521.65
-1226.13
-908.851
-571.368
-196.908
-414.003
-319.412
-221.989
-127.77
-39.7465
-558.154
-462.786
-346.064
-214.638
-72.8809
-1693.9
-1402.44
-1049.36
-652.422
-222.045
-2787.53
-2294.21
-1714.61
-1070.06
-365.952
-2979.16
-2440.02
-1822.34
-1142.25
-394.104
-2353.71
-1913.56
-1423.87
-892.57
-307.428
-732.41
-582.09
-424.78
-263.006
-89.9897
-2100.31
-1503.54
496.859
955.145
1021.61
1422.55
887.248
-10504.5
-1877.61
-3293.16
-1440.53
502.294
-4002.82
809.328
2171.27
695.096
-5200.36
-2236.13
-771.19
-432.806
-2988.74
-930.892
29.2492
-35.8169
1556.94
1441.74
-569.791
-422.062
-8608.61
-3925.25
-3780.11
-1980.72
-2916.08
-2452.72
386.459
1429.92
92.4721
-1158.51
-926.325
-768.431
-782.938
-712.359
-1054.14
-755.406
-575.434
-429.149
-173.364
455.36
390.364
297.622
185.09
62.6375
857.411
721.345
544.702
338.871
114.983
918.377
773.459
584.067
363.101
123.204
1277.49
1074.92
811.349
504.398
171.135
799.546
675.16
510.697
317.703
107.896
-7370.66
-6744.8
-5749.44
-5542.84
-5514.36
-1304.27
-806.697
-788.648
-792.99
-352.739
-2467.03
-1814.6
-1475.56
-1196.01
-570.801
-972.402
-658.669
-589.32
-499.117
-161.357
447.063
370.975
274.997
167.859
57.2374
-3279.2
-2580.31
-1961.07
-1323.76
-490.799
722.33
602.54
449.466
276.164
92.8474
1871.45
1516.81
1127.76
708.506
246.093
625.906
526.564
394.719
242.51
81.2141
-3268.74
-3160.42
-2705.5
-2763.92
-2962.75
-1652.84
-1138.31
-907.718
-718.832
-284.715
-619.882
-476.901
-361.859
-247.279
-89.8561
-338.532
-250.722
-186.004
-126.779
-46.3107
-2470.35
-1937.03
-1454.57
-959.251
-347.009
-776.932
-596.846
-432.968
-268.459
-81.2457
51.4682
61.909
50.5382
28.0232
9.06962
-9.46855
10.3276
14.0033
8.12588
3.11593
1384.93
1154.19
865.389
536.805
182.337
1293.26
1086.4
818.103
507.472
172.085
-475.103
-374.449
-277.747
-178.58
-62.9183
-344.432
-264.647
-193.447
-124.283
-43.635
-5377.55
-4157.77
-3583.03
-3462.07
-2920.67
-2929.38
-2213.02
-1719.53
-1260.42
-522.787
-2765.96
-2216.46
-1796.05
-1492.31
-616.768
-1464.36
-1136.3
-880.695
-644.229
-304.982
-2441.72
-1933.68
-1443.5
-930.413
-323.564
-1917.77
-1192.12
-927.094
-692.313
-63.637
370.059
329.809
254.299
156.699
53.546
1286.5
1084
817.91
507.632
172.103
113.465
121.148
97.7732
58.525
21.8465
-81.8319
-182.46
-238.357
-311.573
-456.729
-633.971
-22522.9
-18493.9
-17239.8
-20735.7
-15849.7
-12251.2
-14434.4
-11023.7
-20064.9
-16042.9
-16862.5
-14401
-14550.3
-11191.3
-13770.1
-19047.1
-16638.8
-14679.8
-16744
-14133
-11008.7
-12468.2
-9384.3
-18545
-15708.4
-16682.5
-14656.9
-14436.8
-12055.8
-14031
-14882.9
-13598.9
-11814.4
-12912.5
-11851.2
-9826.07
-10487.8
-8956.95
-15358.7
-14137
-14549.2
-13635.2
-13262.3
-11494.9
-13060.3
-10249.6
-9810.18
-8430.99
-8799.74
-9080.16
-8500.72
-8009.18
-7920.61
-11124.1
-12304.6
-10758.5
-11831.6
-10279.8
-9387.66
-11273.5
-6592.57
-6479.05
-5434.24
-5539.31
-6377.65
-6448.03
-5342.38
-5487.02
-7752.29
-9453.6
-7611.63
-8855.66
-7516.36
-7307.33
-8475.59
-2404.99
-2386.04
-1957.74
-1981.87
-2397.52
-2514.61
-1922.26
-1909.17
-3156.31
-3977.67
-3075.79
-3521.83
-3071.7
-3056.03
-3371.4
-8189.45
-8189.57
-11704.4
-12955.6
-8165.14
-7682.05
-10852.6
-9024.41
-7399.81
-4564.78
-7505.9
-4504.02
-7547.38
-7609.72
-4595.34
-7779.82
-7559.8
-10796.7
-11722.8
-7260.1
-6337.86
-9786.3
-7980.53
-5226.57
-1737.04
-5132.5
-1982.44
-4327.15
-4140.57
-2324.03
-6537.66
-6375.02
-9096.97
-9644.19
-6337.94
-5760.43
-8474.46
-7524.5
-2774.58
-1615.09
-2707.68
-2203.93
-2579.07
-2848.41
-2851.46
-4809.11
-4782.87
-6678.82
-6869.53
-4862.15
-4715.8
-6517.5
-6334.65
-2822.04
-1496.05
-2995.55
-2393.85
-3198.57
-3731.8
-3240.97
-3005.1
-2996.3
-4267.32
-4328.71
-2910.94
-2868.69
-4210.17
-4119.59
-1612.8
-1123.89
-1789.34
-1898.42
-2198.59
-2665.3
-2531.82
-1024.48
-1024.7
-1514.76
-1530.49
-1013.26
-1044.46
-1489.89
-1436.25
-321.879
-478.46
-475.644
-867.972
-762.442
-977.954
-1067.47
)
;

boundaryField
{
    patch1
    {
        type            calculated;
        value           nonuniform List<scalar> 
2440
(
0
0
3444.55
268.251
-707.101
560.692
-2452.78
386.438
1429.9
92.4481
0
0
3444.53
268.247
-707.099
560.684
-2452.72
386.459
1429.92
92.4721
0
0
0
0
0
0
0
0
-947.206
0
0
0
0
0
0
0
0
2888.9
2205.43
-127.932
-647.797
-712.698
-968.159
-410.165
12615
3766.52
4513.12
3684.5
562.38
238.527
3485.85
-663.117
-154.694
-527.189
-153.709
6196.85
3340.96
1731.02
968.621
3381.76
1708.24
376.655
601.549
-798.119
-733.805
1029.15
917
9469.12
4564.43
4675.82
2678
3411.24
-494.299
-72.8227
-68.91
-245.65
-227.855
-314.379
-303.573
-213.794
-229.345
-124.166
-170.592
-220.682
-185.335
134.037
117.111
306.185
276.829
369.909
350.233
254.609
262.739
164.383
165.132
334.574
220.031
-2100.35
-1503.58
496.85
955.14
1021.61
1422.54
887.236
-10504.7
-1877.7
-3293.22
-1440.56
502.276
-4002.83
809.316
2171.25
695.09
-5200.45
-2236.18
-771.226
-432.826
-2988.76
-930.926
29.2341
-35.836
1556.93
1441.73
-569.805
-422.078
-8608.7
-3925.3
-3780.17
-1980.76
-2916.12
0
0
0
0
0
0
0
0
-947.814
0
0
0
0
0
0
0
0
2888.9
2205.44
-127.93
-647.792
-712.694
-968.153
-410.164
12614.9
3766.46
4513.08
3684.44
562.361
238.514
3485.81
-663.13
-154.704
-527.2
-153.71
6196.81
3340.93
1731
968.609
3381.74
1708.23
376.653
601.543
-798.121
-733.805
1029.14
916.991
9469.08
4564.42
4675.8
2677.99
3411.23
-493.681
-72.8194
-68.9073
-245.646
-227.851
-314.374
-303.569
-213.791
-229.342
-124.164
-170.591
-220.679
-185.333
134.038
117.113
306.185
276.829
369.908
350.232
254.609
262.739
164.384
165.133
334.576
220.032
-2100.31
-1503.54
496.859
955.145
1021.61
1422.55
887.248
-10504.5
-1877.61
-3293.16
-1440.53
502.294
-4002.82
809.328
2171.27
695.096
-5200.36
-2236.13
-771.19
-432.806
-2988.74
-930.892
29.2492
-35.8169
1556.94
1441.74
-569.791
-422.062
-8608.61
-3925.25
-3780.11
-1980.72
-2916.08
0
0
2.6637
5.60266
2.06972
4.7701
-633.973
0
0
0
0
0
0
2.67442
5.59649
2.06206
4.78238
-633.971
0
0
0
0
0
698.159
1886.34
2172.22
1682.12
620.554
394.412
591.299
314.731
1455.52
1066.19
2636.76
3520.6
270.733
120.381
1484.44
1252.09
0
0
0
0
0
0
0
0
0
0
0
0
0
0
0
0
0
0
0
0
0
0
0
0
0
0
0
0
0
0
0
0
0
-71.3524
-9.94312
-60.4566
-2.1145
-39.6791
8.55389
-15.0604
22.0919
18.485
39.2453
27.3818
55.5316
22.3843
50.0233
49.7623
68.4945
105.145
94.5066
1.12733
0.584893
2.17403
2.02349
4.87349
8.71936
9.37068
9.62437
6.55998
5.21441
6.50651
4.51399
7.78167
7.10909
8.83676
8.51698
0.952215
0.396002
1.54625
0.536857
2.35485
1.1334
5.42799
28.5819
7.58702
27.3282
9.46141
25.1107
8.89887
22.5333
7.89875
19.3911
6.61183
12.3013
2.79316
16.2122
4.40064
8.09972
1.78204
3.08636
0.737592
-1587.93
-262.938
-4356.69
157.455
6655.79
7204.08
5262.91
4672.9
5837.09
5177.33
721.987
223.23
-1088.88
-1667.48
-1060.51
9.28507
141.807
-191.677
47.5686
-1110.62
-785.526
-2062.29
-2867.78
-15.3065
66.3808
-1239.19
-1084.52
-0.330401
0.0270312
0
0
0
0
0
0
0
0
0
0
0
0
0
0
0.412966
-0.168121
0
0
0
0
0
0
0
0
0
0
0
0
0
0
166.676
40.8858
160.755
38.039
140.359
35.0834
115.49
28.7836
114.237
33.6837
176.833
99.0017
135.543
60.7896
191.555
122.54
156.862
116.518
1.03672
0.48488
2.04926
1.96281
4.40672
8.26208
8.80685
9.37663
6.11593
4.71687
5.66229
3.84301
7.29802
6.64864
8.59827
8.31423
0.851577
0.287249
1.34843
0.404314
1.89962
1.03321
4.24852
-28.6963
-7.61635
-27.3874
-9.50647
-25.081
-8.92584
-22.4167
-7.89498
-19.2248
-6.57708
-12.1561
-2.7114
-16.0397
-4.34508
-7.98108
-1.66542
-2.98257
-0.596909
391.568
-1205.82
2358.43
220.486
-43.0719
689.997
627.148
-0.57687
-0.161462
-0.141598
-0.628048
0
0
0
0
0
0
0
0
0
0.554304
0.2072
0.355958
0.693545
0
0
0
0
0
0
0
0
0
0
698.249
1886.41
2172.33
1682.26
620.604
394.425
591.363
314.742
1455.6
1066.18
2636.89
3520.53
270.784
120.379
1484.46
1252.09
0
0
0
0
0
0
0
0
0
0
0
0
0
0
0
0
0
0
0
0
0
0
0
0
0
0
0
0
0
0
0
0
0
-71.8566
-10.0531
-60.364
-2.06708
-39.6007
8.60422
-15.0209
22.1197
18.5148
39.2648
27.4093
55.5526
22.4097
50.0422
49.7931
68.5192
105.178
94.5343
1.06023
0.534084
2.17014
2.02266
4.86435
8.7081
9.3699
9.62542
6.5495
5.20918
6.49699
4.50774
7.77682
7.10567
8.8372
8.51736
0.940214
0.400463
1.57203
0.564535
2.37481
1.14894
5.43441
28.6179
7.65113
27.2337
9.43719
25.0513
8.87352
22.4997
7.88068
19.3744
6.60117
12.2974
2.78994
16.2044
4.3953
8.09783
1.7802
3.08574
0.736932
-1588.1
-264.628
-4359.47
-80.7265
6630.67
7187.92
5256.29
4667.55
5828.33
5169.03
388.702
223.327
-1088.88
-1667.54
-1060.51
9.25306
141.786
-191.746
47.529
-1110.71
-785.592
-2062.41
-2867.93
-15.3855
66.3324
-1239.25
-1084.56
-0.326606
0.0294455
0
0
0
0
0
0
0
0
0
0
0
0
0
0
0.416589
-0.167292
0
0
0
0
0
0
0
0
0
0
0
0
0
0
167.263
41.0913
160.574
37.9793
140.242
35.0152
115.445
28.7482
114.22
33.6675
176.851
99.0144
135.546
60.7878
191.583
122.563
156.895
116.545
1.03131
0.496522
2.06698
1.97136
4.42506
8.27947
8.81173
9.38032
6.13249
4.72673
5.67906
3.85372
7.30836
6.65705
8.60282
8.31905
0.812556
0.265935
1.32878
0.377094
1.88368
1.01904
4.24838
-28.7353
-7.68137
-27.2935
-9.48245
-25.0225
-8.90078
-22.3839
-7.87724
-19.2088
-6.56672
-12.1525
-2.70838
-16.0324
-4.33996
-7.97938
-1.66376
-2.9821
-0.596434
394.009
-1204.14
2363.41
223.662
-20.203
707.89
599.5
-0.578329
-0.161552
-0.141737
-0.633598
0
0
0
0
0
0
0
0
0
0.551399
0.207278
0.356036
0.686336
0
0
0
0
0
0
0
0
0
12968.8
9519.34
0
12968.3
9518.79
0
0
0
0
0
0
0
0
0
7183.74
14239.3
7779
14361.3
10046.3
14030.3
10433.6
11823.7
8642.93
17749.4
17220.2
17224.9
17288.4
15714.9
16345.6
15127.7
10036.9
3329.47
14827.3
9790.12
3382.3
14048.4
9147.73
3080.91
0
0
0
0
0
0
0
0
11514.3
7201.29
11407.3
7192
11520.4
6973.59
13408.1
13419.3
12099.6
5727.13
5335.43
5769.56
5241.73
5625.63
5110.13
4107.09
1895.24
544.659
4090.25
2024.35
639.081
3883.1
1957.26
520.308
-20.3979
-159.828
-360.765
-396.349
142.727
618.365
673.552
448.332
224.948
-3.30273
-15.8406
26.3972
49.0527
-291.519
-485.303
-599.277
-307.448
-87.8943
0
0
0
0
0
0
0
0
7190.69
14273.3
7785.3
14352.5
10047.2
14026.9
10433.7
11824
8643.08
17782.2
17233.9
17217.4
17285.2
15711.8
16344
15127.3
10028.9
3333.37
14823.6
9787.86
3380.93
14047.1
9146.81
3080.5
0
0
0
0
0
0
0
0
11513.9
7212.45
11404.9
7188.73
11518.4
6971.71
13408.4
13419.8
12099.2
5732.93
5334.91
5767.15
5239.77
5624.2
5109.26
4102.57
1892.03
544.433
4088.95
2025.69
639.709
3882.72
1957.64
520.524
-15.8286
-162.138
-363.085
-397.931
141.885
618.214
673.195
448.269
224.915
-3.67002
-13.9362
28.2153
50.1899
-290.991
-485.262
-599.101
-307.461
-87.9226
8138.28
9392.64
23.9711
11.2248
5.48531
2.87856
1.87743
51.3973
24.1963
12.0928
6.48842
4.22245
3578.76
1704.72
7811.84
9172.42
-3391.7
-962.505
18.5427
9.49661
4.9984
2.75778
1.8059
40.7986
20.2205
10.3791
5.60765
3.69639
0
0
0
0
0
9820.48
10465.1
10183.2
10860.1
12508
12776.8
7686.09
4527.92
1253.42
9541.52
6547.13
2144.52
11255.7
7914.79
2684.03
-5220.52
-1791.39
-6097.66
-2261.52
-7888.27
-2927.86
-10154.3
-3356.83
3193.02
1586.26
2016.09
1384.74
601.737
361.197
320.614
237.03
789.386
506.309
378.49
234.13
76.5516
39.1304
20.1134
10.8797
7.15694
96.4058
49.8812
25.907
14.0761
9.25686
129.17
329.968
494.49
583.944
719.741
1049.19
116.735
98.9357
75.1708
46.9407
15.9564
298.022
252.387
191.611
119.579
40.6364
446.305
377.652
286.48
178.674
60.699
526.424
444.847
337.025
210.007
71.311
647.721
546.299
413.19
257.186
87.2873
941.771
792.147
597.847
371.691
126.097
1076.32
949.278
785.243
587.199
365.174
124.503
8717.58
5740.95
2038.28
10076.2
6726.34
2349.22
12002.9
7778.73
2694.42
14482.7
8603.55
3014.14
-2213.28
-17.8887
-624.947
587.804
9131.55
8662.76
8088.65
6904.34
5722.07
5606.76
5950.85
3344.35
920.181
4661.62
2582.61
743.446
4202.56
2188.33
643.897
604.788
380.763
151.583
58.2351
805.5
519.098
263.289
138.052
75.7934
40.5098
21.2531
11.5818
7.59235
93.148
50.2223
26.4385
14.4473
9.50036
-886.847
-761.959
-611.099
-442.833
-268.408
-90.1669
-80.5219
-276.715
-434.294
-519.222
-676.827
-938.143
-72.641
-61.4266
-46.5601
-29.0179
-9.8536
-249.714
-211.255
-160.205
-99.8867
-33.9259
-391.626
-331.016
-250.805
-156.271
-53.0589
-467.481
-394.412
-298.312
-185.626
-62.9824
-607.867
-511.404
-385.773
-239.592
-81.2136
-839.26
-702.973
-528.213
-327.216
-110.786
7811.77
9172.52
-3393.47
-964.18
18.5526
9.50225
5.00258
2.76162
1.81208
40.7757
20.1966
10.3605
5.59438
3.68736
0
0
0
0
0
8138.43
9392.67
23.9966
11.2418
5.49636
2.88635
1.88613
51.4005
24.1908
12.0857
6.48204
4.2181
3581.65
1707.07
9027.41
54535.8
9284.36
38768.3
9932.06
34526.9
9803.36
29730.4
16378.1
10392.3
3609.18
16262.6
10337.8
3531.11
15856.2
10132.1
3500.63
15222.2
9712.65
3438.24
14482.8
8603.68
3014.23
131.103
-124.608
-862.67
-1490.22
-2761.26
241.188
-150.119
-100.369
-108.437
396.769
42.6182
25.2965
23.0354
16.6599
318.318
177.789
149.122
105.134
11.4627
4.38452
2.29585
1.57765
88.8575
34.7107
17.2691
12.1497
208.226
82.8454
43.3045
30.125
310.8
127.496
68.3933
47.2988
321.06
152.325
77.7612
56.3901
241.165
181.572
85.3717
63.1176
243.339
159.875
79.2783
61.4404
292.551
210.501
102.742
73.5711
336.709
232.157
134.616
96.4282
4.86262
2.33436
1.14857
0.599331
0.383603
34.3912
17.3596
8.70915
4.6099
2.97547
42.0846
22.3441
11.7435
6.42492
4.19762
41.1451
19.6285
9.94212
5.37098
3.48469
60.2021
33.7659
18.028
9.91708
6.51168
79.6369
44.1051
23.3941
12.815
8.41201
1.20562
0.50502
0.22817
0.112262
0.0697729
8.09071
3.32795
1.51087
0.747964
0.466983
17.3235
7.31865
3.40078
1.70708
1.0842
380.168
258.127
38.4363
-342.669
399.674
624.52
1025.65
317.122
212.929
242.747
65.5538
17.0633
3.84963
0.637354
240.237
76.0995
19.7228
4.70179
0.957157
209.54
73.1915
19.3967
4.55375
0.909997
167.447
54.8765
13.1809
2.75507
0.363347
107.818
-4.56917
-7.01478
-2.79893
-1.24249
-53.7406
-70.4248
-27.5254
-8.39044
-2.77447
-89.3335
-87.3494
-30.7923
-8.77409
-2.80818
21.1717
-22.32
-12.3518
-4.44316
-1.61628
121.594
15.608
0.0534935
0.766476
-0.393029
2927.08
3827.59
1395.5
2027.88
1504.32
1741.26
1044.48
1077.36
-965.98
-3064.2
-1938.58
-1104.04
-854.914
-707.593
-526.091
-323.639
-109.239
-1518.06
-1039.13
-659.591
-514.409
-296.138
-1342.76
-871.59
-574.809
-351.683
-130.415
-922.369
-719.715
-512.354
-308.813
-104.032
-9871.55
-3437.06
-10349.5
-3814.96
-11159.5
-4405.59
-11119.6
-4314.3
-10154.3
-3356.83
151.471
177.957
1368.32
1468.58
2259.96
-212.659
251.003
232.805
758.464
520.623
46.4028
22.3535
2.47564
-2.76723
253.719
132.455
24.9926
0.917
5.53631
2.386
0.459204
0.0615361
42.9075
19.6569
5.86457
1.5525
86.4551
48.6976
14.1093
4.1158
132.667
83.2976
25.4732
9.01913
253.213
122.137
53.9639
27.4941
436.794
209.321
137.957
94.4952
414.886
174.025
96.9302
58.2582
383.863
226.721
162.323
117.353
335.332
233.333
154.603
114.496
2.99182
1.89286
1.06517
0.60457
0.406762
27.0017
14.9752
8.09866
4.51072
3.0094
48.6223
22.0411
10.9275
5.8326
3.84601
34.6329
16.9427
8.62228
4.63658
3.07312
72.135
34.4176
17.301
9.27393
6.10582
86.4384
44.6246
23.0758
12.5044
8.22271
0.250435
0.323446
0.211735
0.127684
0.0877706
2.16289
2.30774
1.44529
0.857912
0.586159
8.26901
5.92494
3.40501
1.96788
1.32199
-410.596
-409.393
-307.363
65.9197
-426.705
-457.005
-825.37
-182.347
-91.9826
-257.775
-68.2261
-17.569
-3.92189
-0.646652
-281.788
-83.3855
-20.9053
-4.88273
-0.985542
-276.912
-84.9527
-21.2873
-4.84791
-0.958658
-229.544
-66.1075
-15.0887
-3.06882
-0.420608
-127.844
-1.37699
5.75093
2.56369
1.1931
95.9213
77.8435
28.7924
8.60707
2.81602
112.44
88.575
30.6768
8.71871
2.79075
24.7433
32.9526
14.6118
4.90062
1.71883
-75.6901
-3.78131
2.69576
-0.172373
0.532298
-173.978
-605.861
-929.918
-1061.31
-911.121
-405.249
515.816
1889.7
3550.78
4631.06
4145.28
1888.82
-156.608
-132.084
-99.8563
-62.1087
-21.0677
-545.874
-460.947
-348.936
-217.271
-73.7448
-837.292
-706.497
-534.466
-332.657
-112.89
-954.276
-803.991
-607.424
-377.749
-128.144
-817.445
-687.112
-518.139
-321.876
-109.145
-362.385
-303.588
-228.368
-141.711
-48.0419
459.049
382.807
287.148
178.085
60.3974
1670.48
1384.79
1035.96
643.093
218.514
3110.85
2560.57
1912.55
1192.05
406.97
4015.53
3283.32
2454.74
1542.78
531.824
3560.22
2897.64
2174.28
1381.74
481.783
1625.75
1330.2
1006.32
645.28
226.261
293.66
729.258
1055.11
1175.72
993.641
434.527
-541.07
-1931.15
-3517.57
-4422.39
-3724.86
-1322.52
265.177
224.534
170.45
106.371
36.1473
657.911
556.43
421.913
263.069
89.359
951.062
803.596
608.796
379.363
128.824
1058.44
893.094
675.797
420.8
142.848
892.774
751.762
567.925
353.317
119.902
389.235
326.76
246.321
153.107
51.9519
-482.434
-403.225
-303.16
-188.355
-63.9423
-1710.05
-1420.55
-1065.01
-662.287
-225.25
-3084.03
-2541.09
-1900.59
-1186.3
-405.377
-3827.46
-3124.24
-2334.4
-1468.29
-506.729
-3172.78
-2561.37
-1912.22
-1214.56
-424.281
-1098.52
-867.423
-640.847
-408.737
-144.024
1153.71
0
1431.5
1030.3
862.235
648.559
402.838
136.722
0
0
0
0
0
1246.09
1018.86
759.167
474.598
163.284
9023.59
54531.3
9275.94
38765.3
9917.43
34522.3
9674.11
29041.8
16364.8
10378.1
3602.98
16263.7
10337.3
3530.48
15856.8
10131.9
3500.41
15222.4
9712.54
3438.13
14482.7
8603.55
3014.14
114.449
-95.9968
-842.361
-1484.74
-2759.97
242.588
-124.397
-84.7818
-109.961
398.404
35.7563
21.3078
19.4143
14.034
317.954
177.617
149.065
105.055
10.1417
3.85894
2
1.34399
88.5843
34.625
17.2278
12.1444
207.915
82.7597
43.3027
30.1771
310.569
127.419
68.3881
47.3336
320.923
152.279
77.7616
56.415
241.166
181.586
85.3906
63.1392
243.279
159.862
79.287
61.4616
292.6
210.542
102.771
73.5959
336.796
232.221
134.655
96.456
4.06884
1.96239
0.969639
0.508543
0.326702
34.4176
17.3713
8.72242
4.62375
2.98712
42.0864
22.3396
11.738
6.41997
4.1933
41.1414
19.6193
9.9331
5.36347
3.47854
60.2089
33.7646
18.0246
9.91355
6.50853
79.6507
44.1105
23.3962
12.8157
8.41238
0.999144
0.418975
0.190786
0.0951451
0.05931
8.11314
3.34327
1.5214
0.755698
0.473234
17.3627
7.34726
3.42072
1.72187
1.09855
383.275
255.407
36.4393
-343.982
398.934
624.4
1025.33
317.077
212.906
244.326
66.2988
17.1223
3.87196
0.649327
238.454
75.5532
19.5885
4.67019
0.949612
207.745
72.5362
19.2149
4.50849
0.898142
166.248
54.3792
13.0281
2.71441
0.351988
107.125
-4.879
-7.11633
-2.82712
-1.25064
-53.8831
-70.5008
-27.5545
-8.3996
-2.77745
-89.6514
-87.5025
-30.8461
-8.78986
-2.81299
21.1096
-22.356
-12.3667
-4.44814
-1.618
121.572
15.5954
0.0482833
0.764717
-0.393649
2925.43
3825.66
1394.15
2026.33
1503.7
1740.57
1003.13
1032.65
-965.976
-3064.19
-1938.58
-1104.04
-854.911
-707.591
-526.091
-323.639
-109.239
-1518.08
-1039.18
-659.672
-514.522
-296.227
-1342.77
-871.62
-574.848
-351.722
-130.435
-922.373
-719.722
-512.363
-308.821
-104.035
-9844.05
-3420.31
-10355.1
-3817.44
-11161.8
-4406.42
-11120.6
-4314.64
-10154.9
-3357.07
114.423
137.148
1368.11
1473.17
2263.29
-210.202
207.879
196.372
762.131
519.095
39.267
18.8696
2.11078
-2.3066
254.129
132.683
25.0056
0.863043
4.39181
1.96506
0.374796
0.07468
43.2637
19.7067
5.88668
1.54364
86.9804
48.7692
14.0851
4.03788
133.141
83.4104
25.4718
8.96938
253.572
122.251
53.9783
27.4682
436.981
209.42
137.994
94.5065
415.143
174.131
96.9577
58.2527
384.009
226.812
162.367
117.375
335.449
233.414
154.648
114.523
2.55152
1.59597
0.89219
0.50347
0.337537
26.8747
14.9192
8.0639
4.48524
2.99006
48.643
22.059
10.9411
5.84256
3.85389
34.6553
16.9646
8.63932
4.64899
3.08266
72.1567
34.4353
17.3143
9.28367
6.11347
86.4573
44.6374
23.0847
12.5106
8.22748
0.2074
0.266035
0.172315
0.102672
0.070515
2.15682
2.30373
1.44087
0.853349
0.581883
8.24305
5.90629
3.39086
1.95625
1.30954
-411.035
-407.558
-306.156
66.683
-426.329
-456.978
-825.245
-182.357
-92.0045
-258.876
-68.9065
-17.6155
-3.94239
-0.658342
-280.106
-82.8425
-20.7704
-4.85094
-0.977941
-275.276
-84.3145
-21.1069
-4.80272
-0.94679
-228.503
-65.6366
-14.9397
-3.02869
-0.409317
-127.276
-1.09236
5.84812
2.59119
1.20114
96.0186
77.9067
28.8184
8.61557
2.81885
112.684
88.7107
30.7271
8.73384
2.79543
24.7756
32.9789
14.624
4.90493
1.72038
-75.6911
-3.77685
2.69855
-0.171258
0.532735
-173.971
-605.852
-929.907
-1061.3
-911.113
-405.246
515.812
1889.69
3550.76
4631.05
4145.28
1888.84
-156.602
-132.079
-99.8526
-62.1065
-21.0669
-545.866
-460.94
-348.93
-217.268
-73.7437
-837.282
-706.488
-534.46
-332.653
-112.889
-954.267
-803.984
-607.418
-377.746
-128.143
-817.438
-687.107
-518.135
-321.873
-109.145
-362.383
-303.586
-228.367
-141.71
-48.0416
459.046
382.805
287.147
178.084
60.3972
1670.47
1384.78
1035.96
643.092
218.513
3110.84
2560.56
1912.55
1192.05
406.969
4015.52
3283.31
2454.74
1542.79
531.825
3560.22
2897.64
2174.29
1381.75
481.785
1625.76
1330.22
1006.33
645.29
226.265
293.663
729.258
1055.1
1175.72
993.638
434.526
-541.068
-1931.15
-3517.56
-4422.37
-3724.83
-1322.49
265.179
224.536
170.452
106.372
36.1477
657.911
556.43
421.913
263.069
89.359
951.06
803.595
608.795
379.363
128.823
1058.44
893.092
675.796
420.8
142.848
892.772
751.76
567.924
353.317
119.902
389.234
326.759
246.32
153.106
51.9519
-482.433
-403.224
-303.16
-188.355
-63.9423
-1710.05
-1420.55
-1065.01
-662.287
-225.251
-3084.02
-2541.08
-1900.59
-1186.3
-405.377
-3827.44
-3124.23
-2334.4
-1468.29
-506.729
-3172.75
-2561.35
-1912.21
-1214.56
-424.279
-1098.5
-867.403
-640.832
-408.727
-144.021
1153.71
0
1431.51
1030.3
862.239
648.564
402.842
136.723
0
0
0
0
0
1246.1
1018.87
759.179
474.608
163.288
8717.76
5741.09
2038.33
10076.4
6726.51
2349.29
12003.1
7778.88
2694.49
14482.8
8603.68
3014.23
-2214.36
-18.9648
-626.324
586.862
9131.49
8662.8
8088.69
6904.45
5722.38
5607.01
5950.93
3344.41
920.202
4661.7
2582.64
743.457
4202.68
2188.31
643.881
604.48
380.647
151.494
58.2033
805.111
518.922
263.193
138.016
75.783
40.5107
21.2558
11.5841
7.5925
93.1353
50.218
26.4369
14.4465
9.49934
-886.848
-761.958
-611.095
-442.829
-268.403
-90.1652
-80.5248
-276.72
-434.299
-519.227
-676.833
-938.15
-72.6436
-61.4288
-46.5618
-29.0189
-9.85395
-249.718
-211.258
-160.208
-99.8883
-33.9264
-391.631
-331.02
-250.808
-156.273
-53.0596
-467.486
-394.416
-298.315
-185.628
-62.983
-607.872
-511.408
-385.776
-239.594
-81.2142
-839.265
-702.977
-528.216
-327.218
-110.787
9820.45
10465
10182.9
10859.8
12507.2
12776.2
7685.96
4527.82
1253.38
9541.28
6546.95
2144.45
11255.3
7914.5
2683.92
-5220.18
-1791.2
-6097.37
-2261.37
-7888.21
-2927.83
-10154.9
-3357.07
3195.24
1586.43
2017.94
1385.36
601.918
361.321
320.628
237.022
789.711
506.486
378.558
234.151
76.5473
39.138
20.1218
10.8861
7.16009
96.4161
49.8908
25.9146
14.0816
9.26048
129.171
329.967
494.488
583.942
719.74
1049.19
116.736
98.9365
75.1714
46.9411
15.9566
298.022
252.387
191.611
119.579
40.6364
446.304
377.651
286.479
178.674
60.6989
526.423
444.846
337.024
210.007
71.311
647.72
546.298
413.19
257.186
87.2874
941.771
792.148
597.848
371.692
126.098
1076.33
949.285
785.25
587.207
365.18
124.506
)
;
    }
    patch2
    {
        type            calculated;
        value           nonuniform List<scalar> 
348
(
-81.8213
-81.8319
232.236
37.1294
-77.5766
74.244
-63.645
53.5424
172.1
21.842
232.229
37.1276
-77.5775
74.2408
-63.637
53.546
172.103
21.8465
912.748
302.244
-13.9831
-74.5114
-81.9464
-111.914
-43.7925
5023.07
743.153
734.903
443.958
97.5161
57.4988
419.587
-6.91967
2.98001
-15.2242
-17.5264
2853.31
460.773
236.902
122.307
381.338
198.852
46.8638
75.2806
-79.4477
-77.447
125.014
110.459
2930.1
615.673
774.119
402.252
391.852
-11.4828
-42.219
-65.1835
-75.4355
-65.6505
-30.8492
-18.3371
-65.605
-99.7295
-111.57
-91.6122
-31.3711
-8.87285
-8.42445
-30.0789
-27.9361
-38.4492
-37.1281
-26.1787
-27.9558
-15.1932
-20.565
-26.4286
-22.0504
58.1155
190.968
373.049
321.935
280.693
135.051
78.889
230.764
387.905
437.349
374.907
173.679
21.9669
53.0548
76.5524
87.383
78.2073
45.7896
33.383
80.9524
115.143
126.008
103.531
39.9346
16.5589
14.4704
37.703
34.1031
45.4726
43.0374
31.3716
32.2255
20.4319
20.222
41.2521
26.8898
-40.5034
-166.535
-328.613
-258.102
-196.913
-39.7523
-72.8812
-222.045
-365.952
-394.106
-307.432
-89.9937
-712.376
-173.373
62.636
114.982
123.202
171.134
107.893
-5514.21
-352.811
-570.81
-161.351
57.2321
-490.785
92.8444
246.083
81.213
-2962.71
-284.727
-89.8631
-46.3133
-347.004
-81.2521
9.06737
3.11291
182.333
172.082
-62.9195
-43.6368
-2920.64
-522.789
-616.779
-304.987
-323.566
912.768
302.253
-13.9832
-74.5112
-81.9464
-111.914
-43.7931
5023.04
743.085
734.877
443.96
97.5143
57.4925
419.583
-6.93355
2.97611
-15.2323
-17.5266
2853.29
460.758
236.893
122.304
381.337
198.848
46.8631
75.2786
-79.4499
-77.4484
125.011
110.456
2930.11
615.677
774.116
402.251
391.85
-11.4823
-42.2183
-65.1826
-75.4346
-65.6498
-30.8489
-18.3363
-65.604
-99.7282
-111.569
-91.6114
-31.3708
-8.87244
-8.42411
-30.0783
-27.9357
-38.4487
-37.1276
-26.1784
-27.9555
-15.193
-20.5648
-26.4284
-22.0503
58.1154
190.968
373.048
321.936
280.696
135.056
78.8888
230.764
387.904
437.35
374.91
173.682
21.9671
53.0548
76.5523
87.3829
78.2073
45.7898
33.3834
80.9525
115.143
126.008
103.531
39.9346
16.5591
14.4706
37.703
34.1031
45.4726
43.0373
31.3715
32.2255
20.432
20.2221
41.2525
26.89
-40.5028
-166.534
-328.612
-258.098
-196.908
-39.7465
-72.8809
-222.045
-365.952
-394.104
-307.428
-89.9897
-712.359
-173.364
62.6375
114.983
123.204
171.135
107.896
-5514.36
-352.739
-570.801
-161.357
57.2374
-490.799
92.8474
246.093
81.2141
-2962.75
-284.715
-89.8561
-46.3107
-347.009
-81.2457
9.06962
3.11593
182.337
172.085
-62.9183
-43.635
-2920.67
-522.787
-616.768
-304.982
-323.564
4252.86
1150.7
308.086
4264.68
1201.23
338.169
4118.01
1141.76
268.771
3972.76
1042.1
196.005
4220.41
1109.4
360.963
-6982.42
-938.625
-6574.25
-928.843
-5385.16
-414.859
-4839.85
-363.255
-4872.21
-480.958
4251.16
1152.24
308.297
4263.91
1202.46
338.773
4117.64
1141.99
268.928
3972.56
1042.16
196.04
4220.28
1109.4
360.979
-6974.49
-935.471
-6567.63
-927.978
-5383.41
-414.512
-4839.45
-363.179
-4872.12
-480.815
)
;
    }
    patch3
    {
        type            calculated;
        value           nonuniform List<scalar> 
96
(
-94.6327
-345.681
-534.281
-620.056
-541.325
-252.146
-151.681
-539.096
-820.958
-921.989
-760.335
-257.587
501.594
1654.98
3236.38
2589.02
2340.45
1090.77
680.361
1994.65
3360.76
3751.57
3206.75
1440.97
178.019
431.543
624.019
713.691
638.873
367.955
271.11
660.439
942.235
1034.73
852.635
324.052
-363.023
-1459.7
-2888.83
-2139.4
-1802.87
-500.281
-631.132
-1919.89
-3184.02
-3430.79
-2733.23
-867.798
-94.6284
-345.674
-534.274
-620.048
-541.318
-252.142
-151.675
-539.087
-820.948
-921.979
-760.328
-257.584
501.592
1654.98
3236.37
2589.02
2340.45
1090.78
680.358
1994.64
3360.75
3751.56
3206.75
1440.98
178.021
431.543
624.018
713.689
638.872
367.956
271.112
660.439
942.233
1034.72
852.633
324.052
-363.017
-1459.68
-2888.81
-2139.38
-1802.84
-500.257
-631.127
-1919.88
-3184
-3430.77
-2733.2
-867.773
)
;
    }
    patch4
    {
        type            calculated;
        value           nonuniform List<scalar> 
384
(
31232.9
34675.1
37759.9
74129.3
89340.5
52492.2
45553.1
39193
-58252
-54615.5
-85804.1
-97484.1
30626.3
34745.7
37784.1
74130.7
89339.3
52503.7
45577.6
38312.1
-57885.6
-54757.6
-85930.2
-97164.5
49366
15232.5
69072.9
22372.2
-53800.7
-16633.8
-72689.8
-23756.3
49369.9
15233
69072.5
22371.7
-53817.4
-16637.5
-72699.1
-23758.6
26713.2
8194.05
-31168.3
-9243.17
13511.3
5959.99
4895.74
2281.62
-16406.5
-6967.18
-5879.24
-2650.3
-31153.7
-9240.3
26723.9
8195.99
22728.2
16705.8
23862.7
18373.3
28978.9
9367.39
11941.8
4621.31
13433.1
4724.32
-41170.3
-29825
-38834
-29294.6
-33688.9
-10754.9
-19734.3
-7206.12
-20025.9
-6760.58
22308.7
16395.6
23931.8
18437.1
28987.5
9369.02
11693.9
4512.71
13484.8
4737.37
-40854.6
-29549.2
-38928
-29367.2
-33703.4
-10758.3
-19487.3
-7091.84
-20082.9
-6773.29
-16397.3
-6964.13
-5876.88
-2649.46
13518.9
5962.79
4897.54
2282.34
22277
17777.9
-21554.2
-17174.4
22275.4
17777.7
-21553.6
-17174.5
3223.13
4034.46
3364.38
3953.78
4526.86
2806.28
4139.87
1656.96
3972.04
7783.54
7273.87
13505.2
2169.54
4611.59
985.304
1758.04
-5432.73
-6531.8
-4985.97
-5734.32
-5637.21
-3776.11
-4908.61
-1997.55
-4449.58
-7735.09
-7702.51
-13204.5
-2503.2
-4638.71
-1227.61
-1805.05
3183.3
3948.73
3364.51
3957.85
4527.37
2808.05
4141.98
1657.54
3972.58
7783.7
7274.14
13505.3
2170.02
4611.74
985.446
1758.08
-5395.04
-6450.91
-4983.02
-5737.21
-5636.71
-3777.59
-4910.86
-1998.24
-4450.02
-7735.27
-7702.56
-13204.6
-2503.74
-4638.9
-1227.84
-1805.15
5135.98
16016
6102.51
16955.9
8367.02
17090.3
10369.4
-6487.32
-16404.7
-7105.82
-16970.7
-8852.02
-16614.4
-10696.4
5115.91
16050
6105.13
16946.6
8366.79
17086.9
10369.3
-6473.81
-16466.5
-7106.5
-16966.1
-8851.5
-16612.8
-10696.2
13158.5
12751.1
12053.6
10985.1
9310.42
5611.98
7633.2
3529.42
1242.9
-13677.6
-13136.8
-12229.8
-10971
-9185.06
-5517.51
-7498.61
-3472.26
-1206.32
13140
12724.9
12043.8
10981.5
9309.15
5611.86
7632.79
3529.4
1242.9
-13665.9
-13111.5
-12221
-10967.9
-9184.11
-5517.47
-7498.37
-3472.28
-1206.33
2916.03
2783.08
2576.42
2293.63
1905.99
1249.47
1626.77
815.368
292.663
-2982.35
-2830.56
-2594.88
-2285.59
-1883.33
-1229.75
-1601.17
-802.439
-283.916
2910.34
2774.77
2572.83
2292.1
1905.39
1249.38
1626.54
815.338
292.655
-2977.5
-2822.34
-2591.44
-2284.18
-1882.81
-1229.68
-1600.98
-802.42
-283.914
663.96
628.993
575.759
507.324
420.298
288.051
365.813
191.967
69.6344
-673.111
-635.291
-577.682
-505.229
-415.984
-283.968
-360.829
-189.122
-67.6115
662.651
626.8
574.702
506.823
420.081
288.013
365.721
191.951
69.6301
-671.924
-633.112
-576.651
-504.752
-415.784
-283.935
-360.747
-189.11
-67.609
148.807
140.208
127.464
111.856
92.9097
65.5985
81.9085
44.3605
16.2173
-150.008
-140.976
-127.569
-111.348
-92.0605
-64.7716
-80.9332
-43.7605
-15.7757
148.524
139.67
127.185
111.713
92.8434
65.5845
81.878
44.3546
16.2156
-149.743
-140.442
-127.294
-111.209
-91.9975
-64.7591
-80.9049
-43.7554
-15.7744
37.8678
35.5538
32.1838
28.2205
23.5718
17.1082
21.0492
11.7104
4.30817
-38.0088
-35.6241
-32.144
-28.0794
-23.3754
-16.9192
-20.83
-11.5694
-4.20142
37.7978
35.4071
32.1023
28.1763
23.5501
17.103
21.0385
11.708
4.30747
-37.9421
-35.478
-32.0635
-28.0362
-23.3545
-16.9144
-20.8199
-11.5672
-4.20086
)
;
    }
}


// ************************************************************************* //
