/*--------------------------------*- C++ -*----------------------------------*\
| =========                 |                                                 |
| \\      /  F ield         | OpenFOAM: The Open Source CFD Toolbox           |
|  \\    /   O peration     | Version:  2412                                  |
|   \\  /    A nd           | Website:  www.openfoam.com                      |
|    \\/     M anipulation  |                                                 |
\*---------------------------------------------------------------------------*/
FoamFile
{
    version     2.0;
    format      ascii;
    arch        "LSB;label=32;scalar=64";
    class       volScalarField;
    location    "1.4";
    object      gradTy;
}
// * * * * * * * * * * * * * * * * * * * * * * * * * * * * * * * * * * * * * //

dimensions      [0 -1 0 1 0 0 0];

internalField   nonuniform List<scalar> 
5712
(
13620.2
7485.78
23651.6
15525.9
22804.5
19444.9
33425
41611.7
50970.4
64795.5
27084.4
23859.3
16660.6
11512
11028.3
6282.66
22409.5
19862.7
20354.7
19946.9
25683.8
24363.5
29856.1
25430.9
7954.22
5490.97
4156.57
2871.83
11519.7
7350.46
6406.94
4156.45
23172.7
24353.1
20558
16381.4
16458.3
13030.2
14065.3
13468.4
18680.7
18434.3
38450.3
42435.3
27275.5
28955.8
20120.3
15849
20319.9
14225.8
8641.2
7497.99
6582.43
10210.9
3286.23
4589.9
8708.57
13546.5
5509.45
7697.9
8815.42
16153
6768.67
11371.6
2086.7
7590.8
344.401
5412.93
18795.5
22691.6
19983.4
22612.6
23622.8
23913.1
24351.2
23528.4
18040.7
21855.9
17844.4
21466.5
20139.9
22533.8
19821
22441.1
24689.8
23312.5
24789
23194.4
17006.7
21934
15531.9
21864.4
19103.3
20823
24047.4
34331.9
20055.5
24282.9
23971.7
37890.4
18048.9
18337.3
23874.8
32408.1
17341.9
16793.8
23825.2
31478.2
5188.24
6670.21
14225.5
23678.7
6159.2
6996.79
17441.3
26310.3
7234.48
7569.51
21144.2
29242.3
25919.6
28055.2
22402.6
20937.2
29528.8
28500.7
25085
22314.4
19200.3
33822.9
26099.7
24435.6
20916.6
22210.7
43355.5
1804.38
2385.27
5021
10640.2
2537.5
3576.15
6544.5
12189.8
3768.01
3637.58
8648.6
14209.7
27524.5
26966.4
23154.8
21742.9
20004.2
17392.6
14805.6
12882.6
11956.5
18093.8
24383.7
21656.4
22825.2
21063
19604.4
17803.2
17317.2
15051.1
14102.4
19518.3
23670.3
25082.1
24593.4
26900.4
23544.5
21616.3
24000.2
22895.9
21793.2
21944.6
21446.5
21191.5
25050
27573.8
24902.9
27346.2
24376.7
23898
24144.5
23761.7
21580.8
21764
21874.4
21945.1
19016.2
18710.9
13201.5
15799.6
19211.5
18435.5
13673.9
16512.3
18452.8
18408.1
13001.4
15736.5
18605.4
18192
12854.9
15326
1985.74
1565.51
1124.08
1062.87
881.404
866.767
3012.87
2028.94
1531.32
2500.53
2175.94
1826.78
3104.11
2846.18
2940.34
4520.94
3796.92
3381.31
24982.1
21417.6
19090.3
21103.6
19129.5
17657.8
14580.9
13516
12919.8
10631
9728.63
9260.83
7379.53
5192.71
4080.54
19769
17555.7
16075.1
20024.1
17973.4
16788.9
15104.7
12910.9
11749.5
11097.9
9407.85
8617.7
7635.41
5367.91
4229.8
29377.1
30207.5
31435.6
28659.6
28909
28638.8
34701.1
29615.2
18586
20218.2
18584.9
18166.1
24695.2
21485.9
24267.7
19009.4
26759.9
27752.3
22800.4
25401.7
29580.6
26200.2
29940.3
31184.6
31921.6
34339.5
25698.3
26427
22262.7
21988
25364.3
24547.3
16820.6
9677.54
15820.4
10692.6
16347.7
9486.81
15265.5
10368.5
14942.8
8774.07
14195.4
9850.06
13975.1
10224.7
13437.9
10206.3
22975.5
17860.3
22674.9
18109.8
25814.5
22857.4
26088.1
22637.3
20836.4
14147.8
21495.8
13584
23220.8
18253.7
23910.4
18261.6
26845.4
22598.3
27387
22558.4
20361.5
14383.7
20258.1
14413
12343.7
8578.09
10727.3
7036.74
11328.6
7678.48
9979.98
6454.42
12666.1
9086.07
11066.9
7367.96
12762.2
9409.7
11162.2
7559.2
2738.15
1486.85
5202.46
3081.79
2820.84
1695.22
5271.54
3365.56
3045.47
2227.52
5215.26
3814.22
13300.8
22511.9
8659.46
7874.4
5816.47
22970
14580.7
8142.37
7254.34
4586.05
22196.6
15883.4
11569.7
8489.56
5537.48
1028.34
940.289
2189.07
1976.11
1265.12
969.329
2588.97
2298.51
1762.73
1472.31
3078.89
2725.3
23123.7
21560.1
14484.5
12814.5
8987.42
8274.7
6879.83
6275.19
4227.21
3766.35
20163.2
16907.4
14476.1
12058
10698.9
9337.46
7593.59
6916.61
5096.68
5331.73
13764.7
10500
13974.9
9939.92
17869.3
12932.7
18261.8
12817.3
11225.5
8635.08
11074.5
9177.69
14511.5
9516.94
14676.9
9660.49
19252.5
13232.8
19257.3
13377.2
11332.7
8143.14
11546.2
8503.13
8035.69
6957.98
5581.85
6863.78
8121.81
7260.23
5668.29
6740.71
8013.51
6779.48
5451.24
7151.99
8431.64
6867.1
5661.48
7083.45
1842.48
1431.27
1099.41
6638.17
3245.14
2456.83
1721.94
1552.39
1291.34
7037.16
3812.4
3025.17
2156.9
2199.27
2150.61
7528.4
4744.97
4074.07
18554.8
16066.3
14474.7
11424.6
10192.3
9469.96
7995.53
7271.04
6899.07
6747.42
6057.86
5733.95
8802.33
6246.97
5461.91
13776.6
11775.3
10535.8
10066.1
8694.26
7929.04
8527.65
7269.21
6477.59
7834.63
6637.97
6009.12
11442.3
7793.8
6915.88
5248.87
3029.72
1971.44
1480.64
5831.05
3241.84
2043.33
1523.95
5106.25
2990.77
1969.52
1496.91
5790.3
3251.68
2072.81
1548.98
4851.8
2939.04
2009.92
1502.99
5630.4
3282.4
2151.06
1563.13
5881.73
3400.22
2137.34
1601.78
6027.93
3525.22
2198.31
1638.13
5139.67
3102.92
2093.4
1538.45
4314.1
2798.14
1982.87
1432.64
4530.62
2846.85
2017.86
1440.65
3937.68
2626.4
1910.04
1370.96
5501.5
3290.03
2146.51
1589.89
4552.84
2933.67
2034.61
1467.25
5706.86
3425.07
2203.51
1618.97
4692.69
3036.09
2088
1489.62
4077.37
2676.45
1869.29
1403.57
2901.78
2269.42
1737.96
1290.35
3970.13
2643.87
1873.14
1405.86
2892.38
2267.85
1739.5
1296.15
3808.74
2597.23
1891.84
1407.16
2963.38
2301.27
1751.79
1314.75
3656.1
2527.68
1874.48
1401.67
3000.57
2317.71
1792.21
1325.35
3454.6
2457.95
1815.4
1316.39
1703.92
1897.18
1425.22
442.539
397.532
1701.62
1281.28
415.965
1845.74
1952.01
1451.71
465.349
599.233
1764.29
1302.3
423.587
2077.9
2036.61
1474.44
462.911
917.997
1867.61
1326.58
426.453
2419.85
2146.62
1519.02
493.968
1314.69
2000.58
1370.69
443.324
2922.36
2299.18
1594.96
552.581
1775.28
2135.68
1414.53
457.21
3294.67
2488.24
1642.12
525.763
1821.55
2306.68
1507.5
477.334
3224.53
2404.09
1606.03
526.578
1844.81
2239.58
1457.86
465.043
3300.63
2549.31
1664.49
497.711
1760.32
2364.72
1539.87
477.023
3290.49
2620.3
1718.28
508.93
1888.7
2437.29
1584.98
487.849
1152.14
778.281
488.191
265.006
83.6268
1161.08
780.546
489.081
265.39
83.7359
1172.74
784.961
491.084
266.243
83.9698
1179.81
788.472
492.801
267.031
84.1986
1183.54
791.858
494.277
267.622
84.3528
1185.06
799.614
498.467
269.596
84.9322
1227.29
815.803
506.693
273.43
86.0475
1248.36
830.511
514.795
277.298
87.1812
1218.01
807.865
501.895
271.06
85.3414
1236.27
810.658
502.419
271.173
85.3594
1190.16
799.438
497.703
269.106
84.7676
1224.37
805.544
499.879
269.987
85.0101
1236.32
817.275
506.885
273.429
86.0376
1251.26
819.633
507.231
273.466
86.0353
1251.7
832.621
515.645
277.646
87.2786
1268.59
834.404
515.728
277.582
87.2524
1139.85
775.639
487.199
264.586
83.5081
1143.14
774.515
486.604
264.325
83.4341
1152.6
780.913
489.392
265.49
83.753
1155.33
779.367
488.556
265.115
83.6471
1170.82
787.888
492.246
266.668
84.0722
1180.02
786.358
491.244
266.201
83.9391
1197.67
795.821
495.486
268.03
84.4454
1206.78
793.498
494.212
267.443
84.2728
1213.02
801.164
497.844
269.06
84.7368
10399.8
16216.6
10862.7
16528.6
11628.7
17035.7
12542.6
18058.9
13468.9
19862.7
12003.6
14787.5
12498.4
16122.8
11845.4
14474.2
11666.2
14374.1
8416.1
1514.52
335.31
75.8523
13.4393
10030.7
2784.15
681.879
155.616
27.3288
8558.76
1486.63
323.245
72.4853
12.7736
10167.8
2783.62
673.309
151.736
26.5633
8815.1
1475.28
313.022
69.3117
12.1377
10442.5
2799.38
665.348
148.261
25.782
9109.67
1453.24
300.781
65.992
11.5272
10793.2
2816.93
659.552
145.982
25.3216
9296.22
1425.55
293.313
64.7194
11.3801
11061.3
2819.73
659.689
146.869
25.6294
8751.29
1597.74
365.478
85.8229
15.6467
9819.02
2836.38
718.578
169.499
30.7436
9029.61
1535.24
334.347
76.0601
13.6038
10344.2
2844.48
692.469
158.319
28.1191
8589.18
1636.98
385.386
92.3987
17.0759
9610.57
2828.86
732.305
176.212
32.4432
8492.27
1604.96
379.477
91.7421
17.0705
9501.63
2791.4
727.548
176.466
32.6765
37265.9
52338.4
46741.6
34942.6
19361.6
20367.8
30869.6
31059.2
20950.7
22462
33548.2
44934.7
49719.4
67790.1
25271.1
27851.2
20336.2
19887.9
14064.9
14487.7
4015.53
2748.23
565.637
417.323
511.474
426.478
545.404
3877.53
3816.8
2377.05
3125.91
2734.81
1212.8
1781.23
1489.26
967.147
1111.97
900.461
3397.08
1852.33
1077.29
984.895
1264.61
1074.81
806.156
797.287
715.736
634.587
859.053
803.679
3541.87
2164.13
2311.71
1531.78
1240.63
1824.03
829.757
623.78
934.97
8324.4
8388
8296.26
9830.87
16425.6
6064.72
6702.95
7052.73
8041.75
9251.32
1478.12
2088.49
2537.93
2837.54
2989.85
1099.56
1572.99
1930.74
2170.27
2290.94
1343.74
1913.14
2336.57
2615.62
2754.7
1124.05
1608.51
1973.92
2217.25
2339.11
1428.69
2025.63
2466.69
2758.27
2904.71
8447.58
8844.96
8471.29
9262.43
14637.5
8038.47
8142.67
7831.73
8234.77
9687.44
5409.57
6164.82
6402.76
6854.74
7416.8
6684.76
6973.69
6772.6
6891.54
7478.27
5928.06
6326.06
6166.21
6221.7
6563.72
2992.66
3880.91
4405.36
4750.51
4954.63
4181.36
5023.37
5395.68
5707.69
5979.67
3568.98
4417.75
4827.23
5095.03
5272.79
2446.15
3289.52
3833.03
4174.99
4352.76
2766.31
3628.15
4144.49
4465.86
4639.57
2293.48
3115.41
3655.74
3991.6
4160.31
7560.32
8180.77
8059.59
9049.77
14436
4394.72
5339.82
5816.93
6338.25
6815.28
2704.35
3596.99
4165.71
4545.05
4759.82
2495.11
3364.63
3940.94
4328.42
4543.19
3128.27
4067.77
4646.2
5079.15
5362.34
2711.42
3629.12
4232.48
4657.87
4901.68
2072.95
2858.02
3409.3
3783.52
3981.98
2053.01
2836.67
3384.73
3747.3
3935.85
1855.48
2588.47
3105.42
3435.93
3599.8
1654.19
2327.38
2813.72
3129.74
3287.26
2198.63
3009.66
3558.61
3910.23
4090.6
2068.04
2854.28
3399.61
3754.52
3937.02
7617.72
7992.2
7944.18
9244.43
15051.1
4973.62
5825.17
6312.08
7083.68
7903.09
5710.65
6806.49
7060.72
7967.01
9028.31
3749.96
4768.52
5381.77
5958.48
6356.59
3100.61
4078.96
4701.75
5181.27
5469.28
4412.42
5413.44
5899.72
6500.52
6908.13
2130.91
2932.37
3490.55
3865.45
4063.71
1625.21
2285.54
2764.38
3079.09
3237.83
2380.79
3234.53
3811.36
4200.12
4411.53
20300.1
13274.9
21480.1
16288.9
25781.7
36885.4
27576.5
38531.8
22413.4
21795.4
19850
20456.1
23419.8
23112.6
29028.8
24667.3
15746.4
14009.7
7040.3
5632.66
18329.4
14765.7
9744.9
6571.51
23652.7
25997.8
21525.4
19072.7
22677.8
15117
14025.2
13514.6
18894.3
18506.2
38575.8
42551
27000.4
28910
20722
16015.4
21043.7
14383.3
9189.53
7608.03
14896
17942.7
6013.04
7314.47
15917.7
20022.9
8064.56
10239.4
13825.6
20300.3
8613.62
13328.3
2407.1
8291.3
369.306
5550.54
19685
21520.8
19987.5
22013.6
22433.7
22207.4
23588.8
22613.9
18794.3
21672.7
20179.8
21062.9
20103.5
22238.2
19800.7
22346
24322.9
22857.2
24689.7
23049.7
17268.5
21843.1
15581.8
21833.4
19788.5
21952.9
24240.3
34619.4
21189.6
26325.6
24320.2
38432.8
18374.3
18865.8
23964.2
32548.1
17429.9
16938.3
23849.6
31521.3
19969.3
22758.9
26441.6
37450.1
19003.3
20482.2
27262.8
37133.5
16510.2
17007.8
27426
35573.7
19874.6
21457.3
20689.5
21535.2
32285.5
21036.7
18656.8
21746.2
19877.6
36920
21213.1
20514.5
19379.2
22738.6
44293.1
14040.6
13336
11808.1
14942
13654.8
13122
12048.9
15463.9
12532.9
11335.2
11919
15554.1
20467.6
19663.8
18010.1
17044.4
19627.7
17866.1
15702.6
13867.5
13211.1
17699.1
20333.6
18820.3
19680.9
19006.9
18273.7
16885.9
17515.9
15010
14195.2
18223
22020.6
23606.9
23684.3
25988.1
21614.4
20209.3
22977.7
22102.3
21268.3
21340.9
20534.5
20251.5
24629.7
27172.1
24779.9
27229.2
23906.8
23559.6
24007.8
23663.1
21326.6
21466.6
21799.8
21861.3
18812.2
18373.5
13157.6
15593
18966.3
17965.3
13678
16127.6
18337.5
18223.9
12961.2
15622.2
18565.6
18133.2
12837.5
15286.5
12805.6
13846.3
4958.1
5081.07
12468.9
12529
5704.14
5926.57
10023.7
9697.82
6249.04
6052.77
18900
17751.8
17316.3
16937.8
15730.2
15086.3
11767.4
10709.1
7921.77
6083.03
18399.8
17427.7
19474.5
18334
15071
13604
11488.9
10166.2
7121.62
5437.2
24506.2
24290.2
29219.7
25930.5
26240
25161.9
34684.6
28214.1
19897.4
15494.8
21461.5
16700.3
20763.8
15529.5
22338.8
16664.4
23181.7
21253.2
20206.9
19433.4
21292
22773.3
28613.2
30789.9
31208.8
34129.9
24018.7
25912.4
21084.7
21654
23576.4
24015
12898.1
10301.6
13977.3
10703.9
12541
10033.5
13633.4
10396.8
11874.4
9248.46
12868.3
9809.7
13205.1
10122.8
13202.8
10161.4
18942.1
16703
20793
17305.5
22709
20854.5
24613.8
21517.4
18890.2
13796
17467.5
13358.4
22303.8
17799.8
23637.9
18110.8
26130.4
22023.7
27178.9
22374.2
19424.1
14137.2
19984.9
14323.5
11858.7
8832.97
10839.5
7437.98
11064
8510.02
10532.6
7323.56
12327.5
9145.56
11060.8
7551.02
12644.5
9411.47
11154.7
7623.21
11161.6
11442.2
9530.31
9161.81
10636.5
11063.4
9194.92
8837.44
9919.18
10227.7
8362.67
7957.52
16578.5
20910.9
14530.8
10206.9
8064.72
20331.6
17643.8
15929.6
10293.9
7619.36
20282.4
16435.7
13172.2
10522
7310.2
12773.4
14801.7
9622.14
10676.9
12044.3
13437
9063.52
9894.61
10727.4
11400.1
7784.36
7947.44
19530.2
17901.3
15705.2
14389.8
14308.7
14394.5
10437.3
10816.9
7463.47
7424.41
18114.6
15308.3
14648
12355.6
12291.5
11157.4
9877.26
9492.62
6929.43
7460.49
13530.7
10687.6
13802.8
10091.8
16696.9
12347.8
17603.7
12552.1
11448.5
9075.97
11583.9
10007.4
14378.1
9573.05
14627
9671.17
18915.4
13109.8
19154
13340.9
11377
8305.22
11532.6
8535.35
8456.23
7540
6065.29
7621.62
9062.13
8434.24
6670.25
8177.25
8166.41
7016.37
5670.46
7530.85
8481.99
6941.2
5747.17
7202.9
18650.4
19446.2
21886.4
18463.1
16264.6
16944.2
20501.9
17391.4
13263.2
13723.5
17685.1
15246.9
16346.9
15273.2
13836.3
13381.8
14622.1
14584.8
12067.5
11580.9
16720.9
14643.3
12806.3
12158
10902.5
10697.6
10915.1
10649.6
11264.6
10726.4
17529.7
14644.7
6527.13
3874.94
2457.55
1799.05
6705.81
3944.27
2482.17
1822.82
6273.76
3779.89
2414.95
1791.84
6537.92
3865.86
2454.84
1813.07
5852.5
3642.1
2401.17
1757.06
6187.91
3774.57
2471.67
1781.07
6197.22
3708.27
2357.76
1754.27
6129.66
3631.05
2272.07
1691.42
5658.14
3505.7
2351.48
1719.37
4790.51
3155.27
2201.31
1581.96
5417.88
3440.64
2360.7
1661.91
4726.03
3166.44
2210.98
1557.41
5771.2
3522.3
2302.77
1703.99
4808.57
3135.81
2171.11
1568.4
5786.92
3502.68
2258.52
1659.35
4775.84
3102.21
2135.42
1524.35
6154.04
3737.58
2427.93
1745.18
5588.9
3529.85
2371.78
1643.13
5862.36
3649.64
2400.58
1728.98
5309.17
3457.55
2344.25
1636.55
5438.98
3515.82
2377.24
1702.49
4921.14
3346.94
2295.53
1626.26
5017.54
3320.99
2288.45
1647.45
4648.84
3242.02
2265.85
1590.29
4626.58
3165.41
2192.22
1518.87
4628.74
3258.41
2029.12
589.988
2939.03
3081.98
1895.15
575.609
4441.97
3222.9
2027.43
611.494
2877.71
3051.01
1886.89
577.623
4168.67
3149.31
1986.24
591.951
2762.27
2993.81
1850.97
565.58
4133.96
3091.77
1979.23
617.683
2867.07
2948.36
1827.75
567.813
4175.88
3033.51
1981.7
666.918
3011.73
2887.32
1792.18
563.92
3729.1
2840.6
1893.44
613.027
2118.09
2649.65
1720
543.171
4002.22
2941.25
1934.68
629.887
2464.66
2770.12
1752.2
551.466
3511.34
2745.45
1820.76
554.015
1871.66
2552.63
1666.71
517.405
3344.75
2682.18
1770.43
527.995
1912.48
2495.66
1626.36
501.216
1369.04
897.618
549.671
293.639
91.9266
1364.38
895.362
548.785
293.281
91.8278
1379.14
895.777
547.818
292.622
91.6136
1363.32
891.192
546.007
291.862
91.4013
1373.59
892.597
545.584
291.449
91.2558
1333.61
882.292
541.252
289.572
90.7287
1323.05
867.336
533.553
286.028
89.7095
1284.36
850.634
525.369
282.275
88.6309
1348.21
879.636
539.001
288.387
90.3706
1365.87
882.201
539.315
288.393
90.3571
1358.12
888.542
543.061
290.183
90.8755
1386.73
888.048
541.795
289.475
90.6595
1324.58
868.822
533.946
286.129
89.7296
1336.05
870.992
534.356
286.209
89.7412
1281.35
850.062
524.909
282.017
88.5533
1297.34
852.467
525.426
282.168
88.5916
1375.56
900.646
550.74
294.053
92.0393
1400.85
903.617
551.433
294.294
92.1036
1381.36
900.003
549.532
293.328
91.8092
1406.81
903.318
550.445
293.678
91.9068
1389.3
898.591
547.755
292.326
91.4957
1420.57
902.408
548.841
292.753
91.6155
1402.07
895.664
545.425
291.128
91.1307
1431.08
898.795
546.524
291.594
91.2592
1399.59
891.893
543.508
290.231
90.8691
12412.5
16682.5
12367.5
16640.5
12398.3
16618
12792.1
17254.6
13291.7
18650.7
11917
14593.2
12370.5
15694.6
11793.2
14377.4
11650.8
14346.7
9025.17
1575.91
343.138
76.9338
13.5662
10434.8
2868.73
696.294
157.806
27.5916
9014.87
1530.32
328.566
73.1858
12.8508
10409.6
2838.33
682.711
153.122
26.7209
9029.75
1492.03
314.573
69.4379
12.1393
10435.9
2808.2
667.075
148.43
25.7782
9108.04
1445.33
298.837
65.5759
11.4561
10571
2783.55
654.007
144.961
25.1572
9150.66
1402.9
289.239
63.9476
11.2581
10707.4
2762.97
649.808
145.069
25.352
8654.27
1578.42
361.196
84.8985
15.491
9690.1
2799.48
709.819
167.611
30.4281
8889.93
1510.25
329.364
75.061
13.4422
10116.5
2791.75
681.56
156.165
27.7772
8533.75
1625.23
382.593
91.761
16.9651
9543.22
2807.82
726.883
174.972
32.228
8474.81
1601.18
378.548
91.523
17.0317
9481.34
2784.84
725.786
176.047
32.603
36858.6
52309.9
46704.7
33715.2
25044.4
30043.9
24789.9
30022.5
28174.6
44382
30488.9
48392.6
81.5225
93.1997
119.15
161.707
223.271
306.96
91.0911
102.998
129.225
171.565
232.422
315.226
73.8809
70.1046
85.4663
81.5122
111.648
107.541
156.111
153.156
221.139
222.522
311.185
321.644
415.907
566.841
792.27
1152.5
1519.44
1819.03
425.105
570.771
761.915
995.376
1217.2
1367.06
218.057
319.22
400.084
456.307
485.124
249.075
364.166
455.88
519.463
551.981
318.017
464.021
579.731
659.578
700.291
430.81
626.795
780.96
886.7
940.417
593.309
859.844
1067.47
1208.86
1280.42
812.762
1171.47
1447.37
1633.82
1727.95
243.486
356.122
445.983
508.347
540.26
275.061
401.747
502.463
572.145
607.726
344.606
502.181
626.706
712.443
756.092
456.588
663.278
825.325
936.233
992.516
616.849
892.333
1106.16
1251.55
1325.14
833.439
1198.79
1478.8
1668
1763.69
197.66
289.506
363.064
414.281
440.549
187.562
274.771
344.689
393.409
418.401
228.488
334.286
418.769
477.435
507.463
217.937
318.94
399.691
455.813
484.544
298.125
435.337
544.333
619.672
658.116
287.204
419.548
524.821
597.657
634.832
416.101
605.89
755.506
858.261
910.48
408.303
594.767
741.943
843.097
894.504
587.902
852.612
1059.13
1199.83
1271
591.627
858.148
1066.14
1207.8
1279.4
824.217
1188.55
1468.9
1658.13
1753.45
851.829
1228.1
1517.23
1711.93
1809.76
1095.35
1566.22
1922.29
2161.4
2282.32
1480.15
2090.04
2540.38
2842.8
2997.97
2038.54
2817.3
3372.31
3753.95
3959.74
2891.03
3849.01
4496.91
4990.03
5293.47
3695.86
4722.46
5396.41
6005.57
6464.21
4321.78
5348.63
6013.04
6726.87
7336.02
1117.9
1595.18
1955.12
2197.27
2320.3
1489.41
2101.62
2554.01
2858.9
3016.21
1966.79
2732.52
3284.54
3662.47
3864.65
2533.67
3451
4095.08
4554.31
4816.83
3053.93
4079.4
4786.56
5321.88
5654.94
3396.42
4478.16
5218.54
5808.65
6197.94
83.0496
97.9218
127.726
175.157
242.815
333.777
92.7063
107.968
138.063
184.985
251.151
339.674
75.312
71.4833
89.9766
85.8868
120.019
115.742
169.727
166.77
241.772
243.656
341.61
355.486
449.967
606.486
833.008
1184.48
1538.25
1824.71
454.753
603.705
794.418
1022.2
1234.46
1372.94
222.139
325.229
407.69
465.053
494.456
261.792
382.99
479.74
546.929
581.333
341.129
498.277
623.222
709.709
753.905
467.109
680.732
849.622
966.023
1025.36
646.182
938.711
1168.26
1325.69
1405.76
885.563
1280.66
1587.68
1797.18
1903.65
247.819
362.52
454.095
517.685
550.233
288.459
421.604
527.667
601.188
638.78
368.44
537.551
671.671
764.329
811.617
492.829
717.19
894.041
1015.7
1077.66
667.536
968.007
1202.98
1363.87
1445.69
899.813
1298.4
1606.93
1817.29
1924.33
201.496
295.16
370.214
422.495
449.314
191.258
280.218
351.572
401.312
426.829
240.622
352.224
441.482
503.555
535.362
229.7
336.316
421.677
481.086
511.53
320.667
468.713
586.666
668.43
710.238
309.277
452.209
566.226
645.325
685.775
452.833
660.439
824.911
938.408
996.283
445.021
649.281
811.292
923.167
980.216
643.726
935.896
1165.6
1323.25
1403.42
648.846
943.613
1175.53
1334.74
1415.68
906.842
1312.53
1628.31
1843.83
1953.26
943.832
1366.41
1695.41
1919.86
2033.73
1188.31
1706.81
2104.45
2374.93
2512.88
1589.43
2257.76
2760.74
3104.03
3281.87
2153.1
2997.96
3615.55
4048.11
4283.08
2985.51
4006.58
4718.53
5268.17
5606
3755.65
4828.73
5551.9
6208.34
6699.33
4341.35
5385.51
6068.83
6802.36
7425.96
1198.78
1717.51
2113.7
2383.23
2521.11
1579.97
2240.21
2735.74
3074.01
3249.76
2057.32
2873.6
3472.68
3888.27
4111.79
2609.92
3573.02
4261.54
4757.96
5042.35
3104.2
4162.03
4901.69
5465.47
5816.13
3413.81
4507.27
5259.69
5860.72
6256.96
4005.21
2750.48
616.103
457.807
578.587
478.144
606.851
3712.55
3550.98
2392.83
2881.12
1309.95
1825.58
1080.1
1242.94
1011.01
3339.35
1906.43
1171.66
1071.26
1343.83
1144.88
862.352
872.656
826.471
728.124
960.094
892.923
3516.06
2179.62
2318.94
1569.82
1295.82
1868.47
896.605
697.917
1013.37
8327.08
8428.76
8374.84
9979.37
16717.9
6082.87
6748.63
7128.82
8157.11
9401
1617.3
2302.39
2819.52
3171.89
3353.46
1209.95
1739.87
2147.07
2423.98
2564.93
1527.46
2192.51
2700.96
3045.46
3220.67
1264.76
1820.82
2248.72
2539.32
2686.92
1597.67
2284.24
2805.83
3159.81
3340.8
8411.81
9373.06
9583.84
11095.7
17868.8
8096.2
9119.32
9576.44
10949.6
13668.9
5653.13
6842.72
7543
8485.52
9446.17
6992.55
8343.56
8866.9
9895.84
11463.5
3323.08
4497.08
5316.32
5925.52
6301.5
4481.51
5753.84
6566.69
7305.03
7893.48
2785.96
3865.44
4645.99
5191.37
5493.65
3174.77
4341.02
5165.36
5758.51
6106.35
2621.51
3665.45
4428.46
4953.66
5236.38
7589.45
8526.25
8755.96
10180.9
16458.1
4619.25
5815.31
6570.78
7370.8
8050.25
2995.19
4102.04
4890.28
5461.43
5795.3
2750.85
3792.84
4543.16
5080.04
5385.33
3379.82
4517.46
5305.32
5928.74
6334.88
2920.14
3980.98
4730.61
5283.54
5604.92
2232.34
3112.25
3754.81
4204.25
4446.12
2266.93
3178.25
3849.18
4312.64
4559.62
2163.31
3066.69
3741.87
4200.15
4437.76
1911.63
2721.98
3332.67
3746.78
3959.71
2492.02
3490.06
4222.79
4727.99
4999.21
2322.59
3263
3957.33
4434.92
4688.8
7643.13
8144.61
8217.56
9700.56
15933.3
5041.36
5968.41
6537.31
7399.59
8291.87
5821.84
7109.61
7569.39
8719.97
9979.25
3874.28
4995.13
5718.6
6401.31
6865.56
3269.61
4370.96
5122.05
5717.28
6076.06
4591.77
5780.59
6472.31
7283.83
7829.83
2321.46
3238.18
3908.12
4375.55
4627.62
1830.41
2602.49
3183.61
3579.03
3783.19
2609.18
3610.42
4334.22
4847.63
5133.35
6770.76
6360.08
5715.14
4862.78
3622.28
1435.29
20238.5
21513.2
22823.3
23564.9
21728.2
21834.3
21879.2
22286.6
17873.3
21057.5
20196.5
20958.1
26952.1
18529.1
29683.9
18946.4
20285.5
21325.2
21631.2
20766.4
21916.1
20816.7
21886.2
18449
27903.4
20763.4
27063.8
27951.1
22674.8
34331
17514.6
18664.4
19223.9
19131.1
19474.8
21196.2
19247.1
21001.6
20778.5
26762.2
23300.5
26332.3
29060.9
25451.7
32785.3
16123.8
17173.1
17189.2
16879.4
18296.8
20600.8
17603.3
19939
18774.9
24450.5
20890.7
23190.4
25381
22288.7
29222.7
14773.7
15835
15599.8
15236
17227.3
19903.4
16039.4
18252.2
16517.2
19689.6
18629.3
18341.1
21897.5
18564.4
23175
13526.7
14551
14357.8
13990.7
15649.6
17739
14789.9
16634.6
14105.6
15660.8
16085.4
15085.2
19008
15366.6
19881.6
22710
22764.3
23797.8
24943.3
23249.5
23795.7
22703.1
23395.8
19328.1
12336.5
20447.6
12151.8
20514.8
16811.7
17435.6
21543
21916.6
21969.6
22572.6
22430.3
23080.7
21347.8
22224.8
16987
12198.6
17739.8
11903.4
17548.2
15685.4
15994.6
18658.2
19062.7
19416.6
19527.9
19733.9
20290.8
19330.7
20578.1
15406.4
12609
16263
12037.4
16718.4
13990.8
16255.7
15819
16362.7
16982.7
16800.6
17217.1
17773.8
17432.3
18765.4
13213.1
13058.5
14101.2
12307.8
14646.5
12338.1
16476.6
13911.3
14570
15199.5
14937.8
15532.4
16583.2
15669.5
16858.1
11979.7
13848.1
13205.2
13759.2
14350.1
13188.1
17974.6
12322.1
13061
13869.8
13575.9
14479.3
15973.1
14349.5
15757.9
11480
14663.2
13084.7
15249.8
14732.8
13682.2
19574.2
13322.3
7182.64
23633.5
15480.7
22800.1
19429.1
33419.5
41600.3
50965.9
64778.5
27091.4
23849.2
16667.6
11490
10658
5936.59
22404.3
19859.8
20348.8
19944.4
25680.1
24361.1
29851.2
25428.7
7770.19
5395.76
4026.52
2813.53
11510.3
7343.12
6407.3
4161.11
23167.2
24346.4
20555
16379
16454.4
13031.1
14063.5
13467.7
18679.4
18433.6
38448.2
42434.2
27274.1
28954.8
20119.9
15849.2
20319.4
14225.6
8641.16
7498.01
6468.87
10017
3213.66
4469.9
8713.24
13558.5
5519.8
7712.24
8818.23
16158.8
6772.75
11376.9
2087.28
7592.71
344.398
5413.57
18794.1
22690.9
19982.4
22612.1
23621.5
23912.3
24350
23527.7
18040.5
21855.7
17843.4
21466.2
20139.1
22533.4
19820.5
22440.8
24688.9
23311.9
24788.2
23193.9
17006.5
21933.9
15531.8
21864.4
19104
20825.2
24048
34333.1
20056.1
24285.8
23972.5
37892
18049.4
18338.6
23875.3
32409
17342.4
16794.7
23825.6
31479
5125.24
6623.02
14031.9
23508.5
6169.53
7008.13
17458
26332.2
7238.73
7573.81
21151.6
29249
25918.4
28054.3
22400.9
20937.8
29532.2
28499.7
25083.7
22312.2
19200.8
33826.2
26098.9
24434.7
20916.1
22211.7
43357.7
1777.93
2352.92
4961.87
10556.5
2548.11
3582.12
6558.07
12202.6
3771.76
3640.32
8654.43
14214.8
27523.7
26965.7
23153.8
21742.2
20003
17391.8
14806.7
12883.5
11959.4
18096.3
24383
21656
22824.6
21062.6
19604.1
17803.2
17318
15051.8
14103.7
19519.4
23669.9
25081.8
24593.1
26900.2
23544
21616
23999.8
22895.6
21793.1
21944.6
21446.4
21191.5
25049.7
27573.6
24902.7
27346
24376.3
23897.7
24144.2
23761.4
21580.8
21763.9
21874.3
21945
19016.4
18711.1
13201.9
15799.9
19211.9
18435.8
13674.6
16512.8
18453
18408.3
13001.7
15736.7
18605.5
18192.1
12855.1
15326.2
1946.39
1535.62
1104.8
1049.17
871.146
859.689
3015.48
2030.84
1533.69
2505.76
2180.16
1830.66
3105.47
2847.21
2941.28
4522.96
3798.45
3382.84
24981.6
21417.2
19090
21103.1
19129.2
17657.6
14580.5
13515.7
12919.7
10631.5
9728.89
9261.14
7380.58
5193.41
4081.18
19768.7
17555.4
16074.8
20023.9
17973.2
16788.8
15104.7
12910.9
11749.5
11098.2
9408.07
8617.92
7635.86
5368.21
4230.08
29381.8
30209.7
31439.7
28661.3
28906.8
28637.9
34697.8
29614.2
18436.9
20181.3
18397.3
18119.8
24718.1
21479.4
24295.4
19002.7
26765.7
27758.9
22802.9
25404.4
29580.4
26200.1
29940.9
31184.5
31920.8
34338.6
25700.3
26427.6
22263.6
21988.2
25365.1
24547.9
16802.5
9656.98
15798.6
10675.5
16344.5
9487.49
15262.7
10368.4
14941.8
8774.01
14194.7
9849.86
13975.3
10224.6
13438.3
10206.5
22976.4
17860.3
22675.5
18109.8
25814
22857
26087.5
22636.9
20837
14147.9
21496.3
13584.2
23221
18253.6
23910.2
18261.5
26844.8
22597.9
27386.4
22558
20361.9
14383.8
20258.3
14413
12344.1
8578.12
10727.4
7036.81
11329.1
7678.54
9980.17
6454.5
12666.4
9086.14
11067
7368.03
12762.4
9409.87
11162.3
7559.28
2725.47
1473.5
5187.38
3064.26
2823.41
1697.71
5272.78
3367.08
3046.35
2228.32
5215.62
3814.76
13300.7
22511.3
8659.61
7874.78
5816.69
22969.4
14580.4
8142.2
7254.51
4586.39
22196.1
15883.2
11569.7
8489.75
5537.6
1011.92
923.224
2166.85
1962.4
1266.42
969.913
2590.26
2299.03
1763.33
1472.69
3079.42
2725.51
23123.1
21559.5
14484
12813.9
8986.94
8273.98
6879.77
6274.95
4227.49
3766.47
20162.7
16907
14475.8
12057.7
10698.8
9337.25
7593.69
6916.59
5096.8
5331.74
13764.6
10499.9
13974.8
9939.82
17869
12932.5
18261.5
12817.2
11225.4
8635.03
11074.4
9177.62
14511.4
9516.85
14676.8
9660.39
19252.2
13232.6
19257.1
13377.1
11332.7
8143.09
11546.1
8503.08
8035.74
6957.98
5581.89
6863.8
8121.89
7260.24
5668.36
6740.77
8013.53
6779.47
5451.26
7151.99
8431.64
6867.07
5661.5
7083.46
1816.36
1409.71
1082.57
6597.45
3216.51
2431.85
1721.25
1552.21
1291.76
7042.13
3816.51
3028.66
2157.23
2199.52
2150.8
7530.15
4746.51
4075.53
18554.2
16065.8
14474.3
11424
10191.7
9469.45
7994.66
7270.28
6898.47
6747.1
6057.49
5733.62
8803.19
6247.81
5462.77
13776.3
11775
10535.6
10065.8
8693.97
7928.78
8527.42
7268.99
6477.39
7834.59
6637.9
6009.06
11442.8
7794.26
6916.43
5247.85
3030.68
1971.45
1479.98
5828.92
3242.04
2043.08
1522.71
5104.73
2990.41
1969.41
1496.76
5789.21
3251.58
2072.81
1548.93
4851.16
2938.83
2009.84
1502.91
5629.9
3282.27
2151.02
1563.08
5881.49
3400.14
2137.31
1601.75
6027.89
3525.2
2198.31
1638.12
5139.48
3102.84
2093.36
1538.42
4314.05
2798.12
1982.85
1432.62
4530.38
2846.76
2017.81
1440.6
3937.63
2626.38
1910.02
1370.93
5501.41
3289.99
2146.49
1589.86
4552.83
2933.66
2034.61
1467.24
5706.86
3425.07
2203.51
1618.96
4692.71
3036.1
2088
1489.61
4076.1
2677.35
1869.57
1403.26
2897.37
2268.85
1738.02
1289.99
3968.7
2643.52
1872.99
1405.69
2891.52
2267.75
1739.34
1296.06
3808.18
2597.06
1891.76
1407.08
2963.2
2301.26
1751.74
1314.71
3655.95
2527.63
1874.45
1401.64
3000.55
2317.73
1792.2
1325.32
3454.59
2457.94
1815.39
1316.37
1698.77
1896.62
1425.67
442.787
392.664
1700.15
1280.95
415.837
1846.54
1952.53
1451.82
465.462
600.639
1764.89
1302.56
423.686
2078.25
2036.82
1474.5
462.959
918.671
1867.92
1326.72
426.504
2420.04
2146.71
1519.04
493.986
1315.06
2000.73
1370.76
443.347
2922.44
2299.21
1594.97
552.587
1775.46
2135.75
1414.56
457.219
3294.67
2488.24
1642.11
525.758
1821.57
2306.68
1507.49
477.332
3224.55
2404.1
1606.03
526.575
1844.86
2239.6
1457.87
465.044
3300.64
2549.31
1664.49
497.708
1760.33
2364.72
1539.88
477.022
3290.51
2620.31
1718.29
508.931
1888.71
2437.3
1584.99
487.852
1151.33
777.924
488.04
264.943
83.6092
1159.87
780.11
488.89
265.307
83.7123
1172.66
784.93
491.075
266.242
83.9704
1179.77
788.448
492.796
267.033
84.2007
1183.49
791.843
494.277
267.626
84.3551
1185.03
799.598
498.464
269.599
84.9345
1227.26
815.791
506.69
273.432
86.0489
1248.34
830.502
514.793
277.3
87.1823
1217.99
807.852
501.892
271.062
85.3428
1236.24
810.645
502.415
271.174
85.3605
1190.12
799.423
497.701
269.109
84.7693
1224.33
805.53
499.876
269.989
85.0113
1236.3
817.263
506.883
273.43
86.0387
1251.24
819.621
507.228
273.466
86.0361
1251.69
832.612
515.643
277.647
87.2795
1268.58
834.396
515.726
277.583
87.2532
1139.25
775.335
487.073
264.535
83.494
1142.58
774.235
486.488
264.28
83.4233
1152.52
780.88
489.381
265.489
83.7542
1155.27
779.327
488.536
265.11
83.6483
1170.77
787.869
492.242
266.671
84.0745
1179.97
786.333
491.236
266.202
83.9413
1197.63
795.804
495.483
268.033
84.447
1206.73
793.479
494.207
267.445
84.2746
1212.98
801.148
497.841
269.062
84.7382
10364.3
16176.2
10863.9
16532
11629.8
17037.4
12543.4
18059.9
13469.4
19863.4
12003.9
14787.8
12498.7
16123.2
11845.6
14474.4
11666.3
14374.3
8405.65
1507.53
333.579
75.4598
13.3706
10017.2
2779.38
680.661
155.33
27.2787
8556.18
1484.14
322.407
72.2607
12.7303
10165.6
2780.91
672.24
151.426
26.5007
8813.79
1474.4
312.671
69.2052
12.1157
10441.7
2798.09
664.761
148.073
25.7421
9109.15
1452.92
300.634
65.9417
11.5161
10792.9
2816.38
659.264
145.881
25.299
9296.1
1425.45
293.254
64.6969
11.3748
11061.3
2819.51
659.558
146.819
25.6175
8751.39
1597.74
365.469
85.8177
15.6452
9819.15
2836.38
718.561
169.489
30.7408
9029.65
1535.21
334.321
76.0489
13.6009
10344.3
2844.42
692.415
158.295
28.1132
8589.3
1636.99
385.385
92.3967
17.0753
9610.7
2828.88
732.304
176.208
32.442
8492.39
1604.98
379.479
91.7416
17.0702
9501.76
2791.43
727.553
176.465
32.676
37266
52337.4
46740.2
34943.9
19019.5
19970.3
30885.2
31064.3
20944.5
22450
33541.8
44923.8
49705.1
67768.9
25255.9
27834.4
20326.1
19873.3
13535
13953.9
4015.48
2748.2
565.63
417.318
511.468
426.472
545.397
3877.46
3816.72
2377.01
3125.84
2734.75
1212.78
1781.2
1489.24
967.134
1111.95
900.448
3397.03
1852.3
1077.28
984.883
1264.6
1074.79
806.147
797.278
715.727
634.58
859.042
803.669
3541.82
2164.11
2311.68
1531.76
1240.62
1824
829.747
623.773
934.959
8324.31
8387.93
8296.21
9830.85
16425.7
6064.66
6702.9
7052.69
8041.73
9251.31
1478.1
2088.47
2537.9
2837.52
2989.82
1099.55
1572.98
1930.72
2170.25
2290.92
1343.72
1913.11
2336.54
2615.6
2754.68
1124.03
1608.5
1973.9
2217.23
2339.09
1428.68
2025.61
2466.66
2758.25
2904.69
8447.44
8844.85
8471.23
9262.44
14637.6
8038.3
8142.52
7831.63
8234.8
9687.71
5409.48
6164.74
6402.71
6854.74
7416.86
6684.61
6973.56
6772.52
6891.59
7478.53
5927.93
6325.94
6166.14
6221.76
6563.95
2992.62
3880.87
4405.33
4750.5
4954.64
4181.29
5023.3
5395.64
5707.7
5979.73
3568.92
4417.69
4827.2
5095.04
5272.84
2446.12
3289.48
3833
4174.97
4352.76
2766.27
3628.11
4144.46
4465.86
4639.58
2293.45
3115.38
3655.71
3991.58
4160.31
7560.22
8180.69
8059.54
9049.76
14436.1
4394.67
5339.76
5816.89
6338.23
6815.28
2704.32
3596.96
4165.68
4545.03
4759.81
2495.08
3364.6
3940.91
4328.39
4543.17
3128.24
4067.73
4646.17
5079.13
5362.33
2711.39
3629.09
4232.45
4657.85
4901.66
2072.92
2857.99
3409.27
3783.49
3981.95
2052.99
2836.64
3384.7
3747.27
3935.83
1855.46
2588.44
3105.4
3435.91
3599.78
1654.17
2327.36
2813.7
3129.72
3287.24
2198.6
3009.63
3558.58
3910.21
4090.58
2068.02
2854.25
3399.59
3754.5
3937
7617.64
7992.14
7944.13
9244.41
15051.1
4973.57
5825.12
6312.04
7083.65
7903.07
5710.59
6806.43
7060.67
7966.99
9028.3
3749.93
4768.48
5381.73
5958.45
6356.57
3100.58
4078.93
4701.72
5181.24
5469.26
4412.37
5413.39
5899.68
6500.5
6908.12
2130.89
2932.34
3490.52
3865.43
4063.68
1625.19
2285.51
2764.36
3079.07
3237.81
2380.77
3234.49
3811.33
4200.09
4411.5
20250.2
13202.4
21471
16284.3
25765.3
36844.4
27626.4
38558
22408.1
21792.8
19848.1
20454.9
23411.8
23108.5
29016
24662.9
15699.4
13995
6995.21
5609.25
18325.8
14762
9760.22
6581.92
23653.9
25993.9
21523.8
19071.4
22677.2
15122.7
14024.4
13514.1
18893.5
18505.6
38571.6
42549.4
26997.7
28908.7
20723.6
16016
21044.3
14383.4
9191
7608.33
14827.1
17768
5955.99
7199.1
15925.1
20034.3
8077.25
10254.9
13830
20306.3
8619.49
13334.3
2408.15
8293.56
369.364
5551.25
19684.1
21520
19987.2
22013.1
22431.5
22206.1
23586.8
22612.8
18795.6
21672.7
20180
21062.8
20103.1
22237.8
19800.2
22345.7
24321.5
22856.3
24688.7
23049.1
17268.9
21843.2
15581.8
21833.4
19789.7
21955.5
24241.1
34620.8
21190.7
26328.6
24321.1
38434.5
18375.1
18867.4
23964.8
32549.2
17430.5
16939.3
23850.1
31522.2
19941.5
22769.2
26278.1
37329.5
19011
20487.5
27273.7
37148.3
16514.2
17010.8
27431.7
35578.7
19873.3
21455.7
20688.5
21536
32288.5
21035.2
18655.4
21744.3
19878
36922.8
21211.9
20513.5
19378.7
22739.5
44295.2
14034.9
13337.4
11773.6
14914.7
13659.7
13113.1
12059.6
15473
12534.1
11333.4
11923.1
15556.8
20466.8
19663.8
18008.9
17043.5
19625.8
17863.8
15702.9
13866.8
13213.1
17700.4
20332.9
18820
19680.2
19006.4
18273.3
16885.3
17516.2
15009.9
14196.1
18223.6
22020.1
23606.5
23683.9
25987.7
21613.8
20208.9
22977.2
22101.9
21268.2
21340.8
20534.3
20251.3
24629.4
27171.8
24779.7
27229
23906.3
23559.3
24007.4
23662.9
21326.6
21466.5
21799.7
21861.2
18812.5
18373.6
13157.9
15593.3
18966.6
17965.4
13678.5
16128
18337.7
18224
12961.5
15622.4
18565.8
18133.3
12837.7
15286.7
12810.4
13873.9
4997.7
5127.73
12443.8
12497.3
5703.75
5922.8
10018.1
9690.47
6247.27
6049.44
18900.4
17752.4
17315.6
16937.3
15727.7
15083.8
11766
10707.3
7920.84
6081.47
18399.7
17427.7
19474.1
18333.6
15070.3
13603.1
11488.2
10165.1
7121.11
5436.32
24506.1
24289.9
29218
25929.6
26233.9
25158.7
34671.3
28209.7
19955.4
15536.6
21513.6
16736.4
20769.6
15529.7
22350.9
16667.6
23183.9
21254.2
20206.7
19433.8
21293.6
22776.4
28612.3
30789.3
31206.1
34128.5
24019.2
25912.5
21084.7
21654
23577.9
24015.6
12899.2
10288.9
13974
10693.4
12546.1
10037
13639.1
10399.8
11877.2
9250.12
12871.3
9811.24
13206.6
10123.8
13203.5
10161.8
18942.1
16702.6
20792.7
17305
22707.2
20853.4
24611.8
21516.3
18891
13796
17468.2
13358.3
22303.4
17799.4
23637.6
18110.5
26129
22022.9
27178
22373.6
19424.5
14137.2
19985.1
14323.5
11859.4
8833.59
10839.7
7438.23
11064.6
8510.72
10532.8
7323.85
12327.9
9146
11060.9
7551.21
12644.7
9411.75
11154.9
7623.34
11162.6
11442.3
9518.22
9148.39
10639.7
11064.9
9197.57
8839.6
9920.72
10227.9
8363.8
7958.25
16578.3
20909.9
14530.6
10207.1
8065.29
20330.8
17643.5
15928.5
10293.7
7619.8
20281.6
16435.3
13172
10522.1
7310.49
12777.2
14821.4
9616.76
10712.4
12038.8
13419.5
9063.71
9892.61
10725.3
11395.2
7784.3
7945.8
19529.8
17901.5
15704.8
14389.2
14307.1
14392.1
10436.5
10815.4
7463.48
7423.58
18114
15308
14647.6
12355.3
12291.1
11156.9
9877.07
9492.15
6929.49
7460.13
13530.4
10687.4
13802.5
10091.6
16696.4
12347.5
17603.1
12551.8
11448.4
9075.87
11583.7
10007.3
14377.9
9572.9
14626.8
9671.06
18915
13109.6
19153.6
13340.7
11376.9
8305.13
11532.6
8535.27
8456.23
7539.96
6065.37
7621.69
9062.09
8434.13
6670.36
8177.34
8166.42
7016.34
5670.52
7530.91
8482
6941.18
5747.21
7202.92
18681
19486.7
21907.1
18511.5
16226.5
16904.3
20514.3
17400.3
13255.9
13715.6
17687.7
15247.9
16347.4
15273.8
13835.7
13381.3
14619.4
14582.1
12065.8
11579.1
16722
14643.9
12806.2
12158.1
10902.2
10697.3
10914.6
10648.9
11264.2
10725.8
17530.3
14645.2
6531.51
3879.09
2459.35
1799.39
6710.16
3948.92
2484.6
1823.07
6273.01
3779.97
2415.09
1791.78
6537.57
3866.05
2455
1813.08
5852.45
3642.22
2401.27
1757.05
6187.98
3774.7
2471.77
1781.08
6197.37
3708.36
2357.82
1754.28
6129.75
3631.09
2272.1
1691.42
5658.3
3505.82
2351.55
1719.38
4790.65
3155.38
2201.38
1581.98
5418.03
3440.79
2360.8
1661.94
4726.21
3166.61
2211.08
1557.44
5771.34
3522.38
2302.82
1704
4808.68
3135.89
2171.15
1568.41
5787.01
3502.72
2258.54
1659.35
4775.9
3102.25
2135.45
1524.36
6159.11
3741.44
2429.55
1745.57
5593.97
3532.92
2373.27
1643.42
5861.14
3649.67
2400.67
1728.9
5308.42
3457.81
2344.28
1636.53
5438.83
3515.98
2377.35
1702.5
4921.39
3347.29
2295.69
1626.3
5017.76
3321.22
2288.59
1647.49
4649.23
3242.35
2266.02
1590.34
4626.84
3165.64
2192.34
1518.92
4636.04
3261.75
2030.79
590.582
2949.12
3084.76
1896.06
575.728
4443.97
3223.88
2027.71
611.675
2882.4
3052.3
1887.32
577.764
4169.75
3149.95
1986.49
592.054
2764.17
2994.62
1851.29
565.677
4134.59
3092.19
1979.42
617.749
2867.97
2948.86
1827.97
567.879
4176.21
3033.78
1981.85
666.967
3012.12
2887.62
1792.34
563.965
3729.21
2840.71
1893.52
613.05
2118.13
2649.76
1720.07
543.193
4002.39
2941.42
1934.79
629.919
2464.77
2770.3
1752.31
551.497
3511.41
2745.52
1820.81
554.029
1871.68
2552.69
1666.75
517.418
3344.78
2682.22
1770.46
528.002
1912.49
2495.7
1626.39
501.223
1368.83
897.693
549.766
293.695
91.9438
1364.02
895.474
548.899
293.344
91.8468
1379.09
895.758
547.819
292.628
91.6162
1363.28
891.155
545.999
291.864
91.4036
1373.58
892.597
545.593
291.459
91.26
1333.6
882.278
541.252
289.577
90.7319
1323.04
867.329
533.553
286.031
89.7114
1284.35
850.628
525.368
282.278
88.6322
1348.21
879.633
539.004
288.392
90.3731
1365.87
882.201
539.319
288.397
90.3594
1358.12
888.543
543.068
290.19
90.8788
1386.73
888.049
541.8
289.481
90.6621
1324.57
868.818
533.948
286.133
89.7315
1336.05
870.99
534.358
286.213
89.7429
1281.34
850.057
524.909
282.019
88.5545
1297.33
852.463
525.426
282.17
88.5927
1375.38
900.676
550.811
294.097
92.0532
1400.63
903.628
551.49
294.333
92.1174
1381.32
899.998
549.539
293.338
91.8136
1406.78
903.307
550.445
293.685
91.9115
1389.29
898.594
547.766
292.337
91.5005
1420.55
902.407
548.848
292.762
91.6204
1402.06
895.666
545.432
291.136
91.1343
1431.08
898.796
546.532
291.602
91.2631
1399.59
891.894
543.515
290.238
90.8722
12396.3
16665.2
12369
16647
12399.7
16621
12793
17256.1
13292.3
18651.6
11917.3
14593.5
12370.9
15695
11793.4
14377.6
11651
14346.9
9022.64
1569.6
341.49
76.5535
13.4992
10430.4
2865.39
695.29
157.553
27.5459
9013.35
1527.94
327.742
72.9632
12.8077
10409.2
2835.95
681.692
152.819
26.6592
9029.08
1491.26
314.242
69.3347
12.1178
10435.9
2807.14
666.533
148.25
25.7395
9107.88
1445.08
298.704
65.5285
11.4455
10571.2
2783.13
653.752
144.867
25.1356
9150.73
1402.83
289.19
63.9272
11.2531
10707.7
2762.84
649.698
145.023
25.341
8654.42
1578.43
361.191
84.8944
15.4898
9690.28
2799.5
709.81
167.604
30.4257
8890.06
1510.24
329.345
75.0513
13.4396
10116.7
2791.73
681.52
156.144
27.7719
8533.88
1625.25
382.594
91.7597
16.9646
9543.38
2807.85
726.885
174.97
32.2271
8474.94
1601.2
378.55
91.5227
17.0315
9481.48
2784.88
725.792
176.047
32.6026
36857.8
52307.9
46699.7
33713.7
25121.2
30134.5
24794.3
30022
28164.7
44340.2
30589
48505.9
81.5212
93.1982
119.148
161.705
223.268
306.956
91.0897
102.996
129.223
171.562
232.419
315.222
73.8796
70.1034
85.4648
81.5108
111.646
107.539
156.109
153.153
221.136
222.519
311.181
321.639
415.902
566.835
792.262
1152.49
1519.43
1819.01
425.1
570.765
761.908
995.366
1217.18
1367.05
218.053
319.214
400.077
456.3
485.116
249.071
364.16
455.872
519.455
551.972
318.012
464.013
579.722
659.568
700.28
430.803
626.786
780.948
886.687
940.403
593.301
859.832
1067.45
1208.84
1280.4
812.751
1171.46
1447.35
1633.8
1727.93
243.482
356.116
445.977
508.339
540.252
275.057
401.741
502.455
572.136
607.716
344.601
502.174
626.696
712.432
756.081
456.581
663.269
825.313
936.22
992.502
616.841
892.321
1106.14
1251.54
1325.12
833.429
1198.78
1478.78
1667.98
1763.67
197.656
289.501
363.057
414.274
440.541
187.558
274.767
344.683
393.403
418.394
228.484
334.28
418.762
477.427
507.454
217.933
318.934
399.683
455.805
484.536
298.12
435.33
544.324
619.662
658.105
287.199
419.54
524.812
597.647
634.821
416.095
605.881
755.494
858.248
910.466
408.297
594.757
741.931
843.084
894.49
587.894
852.6
1059.12
1199.81
1270.98
591.619
858.136
1066.12
1207.78
1279.38
824.207
1188.54
1468.88
1658.11
1753.43
851.818
1228.09
1517.21
1711.91
1809.74
1095.33
1566.21
1922.27
2161.37
2282.29
1480.13
2090.02
2540.36
2842.77
2997.95
2038.52
2817.27
3372.28
3753.92
3959.71
2891
3848.98
4496.88
4990
5293.45
3695.82
4722.42
5396.38
6005.54
6464.19
4321.74
5348.59
6013.01
6726.84
7336.01
1117.88
1595.17
1955.1
2197.25
2320.27
1489.39
2101.6
2553.99
2858.88
3016.18
1966.77
2732.49
3284.52
3662.45
3864.62
2533.64
3450.97
4095.05
4554.28
4816.8
3053.9
4079.37
4786.53
5321.85
5654.92
3396.39
4478.12
5218.51
5808.63
6197.92
83.0484
97.9206
127.725
175.155
242.813
333.774
92.705
107.967
138.061
184.984
251.149
339.671
75.3109
71.4821
89.9754
85.8857
120.018
115.74
169.725
166.768
241.77
243.654
341.608
355.483
449.964
606.482
833.001
1184.47
1538.23
1824.69
454.75
603.7
794.411
1022.19
1234.45
1372.92
222.136
325.224
407.684
465.046
494.449
261.789
382.986
479.734
546.922
581.326
341.126
498.272
623.216
709.702
753.898
467.105
680.726
849.616
966.015
1025.35
646.177
938.705
1168.26
1325.68
1405.75
885.557
1280.65
1587.67
1797.17
1903.64
247.815
362.514
454.089
517.678
550.226
288.455
421.599
527.66
601.181
638.773
368.436
537.546
671.665
764.322
811.609
492.825
717.184
894.034
1015.69
1077.65
667.531
968
1202.97
1363.86
1445.69
899.807
1298.39
1606.92
1817.28
1924.32
201.493
295.155
370.208
422.489
449.307
191.255
280.213
351.567
401.306
426.822
240.619
352.22
441.476
503.549
535.355
229.697
336.311
421.672
481.08
511.524
320.664
468.708
586.66
668.424
710.231
309.274
452.205
566.22
645.318
685.768
452.829
660.433
824.905
938.4
996.275
445.017
649.275
811.285
923.159
980.208
643.721
935.889
1165.59
1323.24
1403.41
648.841
943.607
1175.52
1334.74
1415.68
906.837
1312.53
1628.3
1843.82
1953.25
943.826
1366.4
1695.4
1919.85
2033.72
1188.3
1706.8
2104.44
2374.92
2512.87
1589.42
2257.74
2760.73
3104.02
3281.86
2153.08
2997.95
3615.54
4048.1
4283.07
2985.48
4006.55
4718.51
5268.16
5606
3755.62
4828.69
5551.87
6208.32
6699.33
4341.31
5385.46
6068.8
6802.34
7425.96
1198.78
1717.5
2113.69
2383.22
2521.1
1579.96
2240.2
2735.73
3074
3249.75
2057.3
2873.58
3472.67
3888.26
4111.78
2609.9
3573
4261.52
4757.95
5042.34
3104.17
4162
4901.67
5465.45
5816.12
3413.78
4507.24
5259.66
5860.7
6256.95
4005.16
2750.44
616.099
457.804
578.583
478.142
606.847
3712.48
3550.96
2392.81
2881.12
1309.94
1825.57
1080.1
1242.94
1011.01
3339.29
1906.41
1171.65
1071.25
1343.81
1144.87
862.346
872.65
826.467
728.12
960.088
892.917
3516
2179.59
2318.9
1569.8
1295.8
1868.45
896.599
697.912
1013.36
8326.98
8428.69
8374.79
9979.36
16718
6082.8
6748.57
7128.79
8157.1
9401.01
1617.29
2302.38
2819.51
3171.88
3353.46
1209.94
1739.86
2147.06
2423.97
2564.92
1527.45
2192.5
2700.95
3045.45
3220.67
1264.75
1820.81
2248.71
2539.32
2686.91
1597.66
2284.23
2805.82
3159.8
3340.79
8411.67
9372.94
9583.77
11095.8
17869.3
8096.12
9119.2
9576.3
10949.6
13669.5
5653.07
6842.66
7542.97
8485.57
9446.33
6992.51
8343.46
8866.78
9895.85
11463.9
3323.06
4497.07
5316.31
5925.55
6301.56
4481.48
5753.8
6566.67
7305.07
7893.6
2785.95
3865.43
4645.99
5191.38
5493.68
3174.75
4341.01
5165.36
5758.54
6106.41
2621.5
3665.44
4428.46
4953.68
5236.4
7589.33
8526.16
8755.92
10181
16458.4
4619.21
5815.27
6570.76
7370.83
8050.33
2995.17
4102.02
4890.28
5461.45
5795.34
2750.84
3792.82
4543.15
5080.05
5385.35
3379.79
4517.44
5305.31
5928.75
6334.92
2920.12
3980.96
4730.59
5283.55
5604.93
2232.32
3112.23
3754.8
4204.24
4446.12
2266.92
3178.23
3849.17
4312.64
4559.63
2163.3
3066.68
3741.87
4200.16
4437.77
1911.62
2721.97
3332.67
3746.78
3959.72
2492.01
3490.05
4222.78
4728
4999.23
2322.58
3262.99
3957.32
4434.92
4688.81
7643.03
8144.53
8217.52
9700.58
15933.5
5041.31
5968.36
6537.28
7399.59
8291.89
5821.77
7109.55
7569.36
8719.99
9979.34
3874.25
4995.1
5718.58
6401.31
6865.58
3269.58
4370.93
5122.04
5717.29
6076.08
4591.72
5780.55
6472.3
7283.85
7829.88
2321.44
3238.16
3908.11
4375.55
4627.63
1830.4
2602.47
3183.6
3579.03
3783.19
2609.16
3610.4
4334.21
4847.64
5133.37
6770.83
6360.11
5715.14
4862.76
3622.26
1435.29
20217.5
21507.7
22816.5
23589.3
21724
21831.9
21874.9
22284
17852
21099.5
20187.8
20949.3
26945.8
18527.4
29678.5
18919.8
20281.7
21322.2
21643.9
20763.1
21914
20814.2
21884.4
18422.4
27963.9
20748.9
27044.7
27943
22672
34321.8
17505.6
18665.7
19225.2
19131.7
19473.4
21194.7
19246.9
21000.9
20768.4
26772.6
23290
26314.1
29054.2
25448.7
32776.1
16118.9
17177.3
17193
16872.6
18296.9
20600.1
17604.9
19939.4
18765.5
24437.5
20883.1
23165.6
25375.8
22286.5
29211.9
14770.6
15843
15605
15226.9
17229.4
19903.7
16042.2
18253.5
16525.1
19690.8
18631.4
18307.4
21896.2
18563.2
23163.4
13522.3
14560
14363.3
13980.6
15652.8
17740
14793.3
16636.4
14123.5
15698.2
16094.7
15054.4
19010
15366.2
19871.9
22755.5
22769.4
23795.4
24992.1
23250.1
23795.6
22700.6
23394
19373.8
12368.2
20448.6
12147.9
20514.3
16811.7
17433.9
21581.1
21923
21970.2
22604
22431.4
23080.8
21346.9
22223.7
17018.6
12234.4
17734.8
11893.4
17545.7
15684.6
15990
18684.7
19069.7
19420.1
19539.6
19735.3
20290.9
19331.7
20578
15428.3
12636.1
16258.5
12020.2
16715.2
13989.5
16248.4
15834.7
16370.6
16987.8
16800
17218.8
17774
17434.6
18766.2
13236.8
13089
14099.9
12281
14643.8
12336.8
16465.9
13918.2
14578.7
15205
14932
15534.9
16583.8
15672.5
16859.5
11995.6
13896.2
13209
13721.8
14349.1
13187.4
17962.1
12320.7
13069.1
13875
13567.2
14482
15973.9
14352.7
15759.6
11489.7
14716.5
13092.2
15214.5
14733.4
13681.8
19562.9
)
;

boundaryField
{
    patch1
    {
        type            calculated;
        value           nonuniform List<scalar> 
2440
(
16458.3
29580.6
0
0
0
0
0
0
0
0
16454.4
29580.4
0
0
0
0
0
0
0
0
13620.2
23651.6
22804.5
33425
50970.4
27084.4
16660.6
11028.3
52329.3
19361.6
30869.6
20950.7
33548.2
49719.4
25271.1
20336.2
14064.9
0
0
0
0
0
0
0
0
0
0
0
0
0
0
0
0
0
0
0
0
0
0
0
0
0
0
0
0
0
0
0
0
0
0
0
52300.6
0
0
0
0
0
0
0
0
0
0
0
0
0
0
0
0
0
0
0
0
0
0
0
0
0
0
0
0
0
0
0
0
0
0
0
0
0
0
0
0
0
0
0
0
0
0
0
0
0
0
0
0
0
0
0
0
0
13322.3
23633.5
22800.1
33419.5
50965.9
27091.4
16667.6
10658
52328.3
19019.5
30885.2
20944.5
33541.8
49705.1
25255.9
20326.1
13535
0
0
0
0
0
0
0
0
0
0
0
0
0
0
0
0
0
0
0
0
0
0
0
0
0
0
0
0
0
0
0
0
0
0
0
52298.7
0
0
0
0
0
0
0
0
0
0
0
0
0
0
0
0
0
0
0
0
0
0
0
0
0
0
0
0
0
0
0
0
0
0
0
0
0
0
0
0
0
0
0
0
0
0
0
0
0
0
0
0
0
0
0
0
0
16381.4
25401.7
0
0
0
0
0
15366.6
19881.6
13682.2
19574.2
16379
25404.4
0
0
0
0
0
15366.2
19871.9
13681.8
19562.9
24353.1
25305
27215
22224.5
21386.5
28002.9
27785.9
22147
22343.5
18988.6
15969.3
18639.9
16662.5
18730
15929.5
18540.4
15578.1
1124.08
866.767
1531.32
1826.78
2940.34
3381.31
19090.3
17657.8
12919.8
9260.83
4080.54
16075.1
16788.9
11749.5
8617.7
4229.8
27752.3
1099.41
2456.83
1291.34
3025.17
2150.61
4074.07
14474.7
9469.96
6899.07
5733.95
5461.91
10535.8
7929.04
6477.59
6009.12
6915.88
0
0
0
0
0
0
0
0
0
0
0
0
0
0
0
0
0
0
0
0
0
0
0
0
0
0
0
0
0
0
0
0
0
0
0
0
0
0
0
0
0
0.847635
-0.31526
0.820991
-0.385063
0.789138
-0.377543
0.776299
-0.38199
0.831395
-0.434064
0.347192
-0.217634
0.64679
-0.402204
0.136635
-0.0803589
0.0284334
-0.0142439
37265.9
46749.7
34943.4
20326.4
31095.9
22478.2
44935.7
67795
27903.3
19877
14477.8
23820.1
26294.6
21612.6
20435.5
27596.2
27667.3
21844.3
22258.1
18645.1
15760.9
18161.2
16275.6
18542.1
15813.9
18480.4
15537.9
13846.3
5081.04
12529
5926.57
9697.82
6052.77
17751.8
16937.8
15086.3
10709.1
6083.03
17427.7
18334
13604
10166.2
5437.2
19446.2
18463.1
16944.2
17391.4
13723.5
15246.9
15273.2
13381.8
14584.8
11580.9
14643.3
12158
10697.6
10649.6
10726.4
14644.7
0
0
0
0
0
0
0
0
0
0
0
0
0
0
0
0
0
0
0
0
0
0
0
0
0
0
0
0
0
0
0
0
0
0
0
0
0
0
0
0
0
0.851007
-0.31636
0.822432
-0.385916
0.787425
-0.376477
0.771198
-0.378857
0.823455
-0.429383
0.344151
-0.216293
0.640262
-0.398176
0.135715
-0.0802521
0.028306
-0.0143134
36858.4
46713.4
33716.7
30021.5
30045.4
44429.2
48333.6
13526.8
14551
14357.8
13990.8
15649.6
17739
14789.9
16634.6
14105.6
15660.8
16085.4
15085.2
19008
12322
13061
13869.8
13575.8
14479.3
15973.1
14349.5
15757.9
11480
14663.2
13084.7
15249.8
14732.8
24346.4
25304.7
27214.8
22224.4
21386.5
28002.7
27785.7
22147
22343.4
18988.8
15969.6
18640.2
16663
18730.1
15929.7
18540.5
15578.2
1104.8
859.689
1533.69
1830.66
2941.28
3382.84
19090
17657.6
12919.7
9261.14
4081.18
16074.8
16788.8
11749.5
8617.92
4230.08
27758.9
1082.57
2431.85
1291.76
3028.66
2150.8
4075.53
14474.3
9469.45
6898.47
5733.62
5462.77
10535.6
7928.78
6477.39
6009.06
6916.43
0
0
0
0
0
0
0
0
0
0
0
0
0
0
0
0
0
0
0
0
0
0
0
0
0
0
0
0
0
0
0
0
0
0
0
0
0
0
0
0
0
0.848381
-0.317361
0.8185
-0.384294
0.787552
-0.376911
0.775383
-0.381659
0.830906
-0.433933
0.347134
-0.217637
0.646587
-0.402209
0.136622
-0.0803599
0.0284316
-0.0142438
37266
46748.3
34944.7
19915.1
31100.6
22466.2
44924.8
67773.8
27886.5
19862.4
13932.9
23819.7
26294.3
21612.5
20435.3
27596
27667.1
21844.2
22258
18645.2
15761.1
18161.3
16276
18542.2
15814.1
18480.5
15538.1
13873.9
5127.7
12497.3
5922.8
9690.47
6049.44
17752.4
16937.3
15083.8
10707.3
6081.47
17427.7
18333.6
13603.1
10165.1
5436.32
19486.7
18511.5
16904.3
17400.3
13715.6
15247.9
15273.8
13381.3
14582.1
11579.1
14643.9
12158.1
10697.3
10648.9
10725.8
14645.2
0
0
0
0
0
0
0
0
0
0
0
0
0
0
0
0
0
0
0
0
0
0
0
0
0
0
0
0
0
0
0
0
0
0
0
0
0
0
0
0
0
0.851851
-0.318514
0.819962
-0.385159
0.785867
-0.375859
0.77031
-0.37854
0.822989
-0.429262
0.344098
-0.216298
0.640072
-0.398185
0.135703
-0.080253
0.0283044
-0.0143132
36857.6
46708.4
33715.2
30110.2
30045
44387.4
48442.4
13522.4
14560.1
14363.3
13980.7
15652.8
17740
14793.3
16636.4
14123.5
15698.2
16094.7
15054.4
19010
12320.7
13069.1
13875
13567.1
14482
15973.9
14352.7
15759.6
11489.7
14716.5
13092.2
15214.5
14733.4
20468.3
7483.21
1435.29
20466.3
7483.04
1435.29
22409.5
19862.7
25683.8
24363.5
7954.22
5490.97
11519.7
7350.46
484.688
633.228
4114.94
4962.05
9890.5
11384.9
28568.2
28790.3
23265.9
497.826
188.502
3875.7
3493.35
8751.75
7965.39
328.068
297.677
286.17
3083.55
2525.83
2139.37
6487.46
5419.12
4971.03
29377.1
30207.5
28909
28638.8
18586
20218.2
24695.2
21485.9
69.2108
45.3474
726.713
631.57
651.699
799.762
14017
22628
7623.42
89.6504
140.463
683.741
668.543
1267.46
1371.69
63.767
68.656
78.4356
741.795
786.526
807.349
1777.4
2112.8
2225.98
10399.8
10862.7
11628.7
12542.6
13468.9
12003.6
12498.4
11845.4
11666.2
12412.5
12367.5
12398.3
12792.1
13291.7
11917
12370.5
11793.2
11650.8
22404.3
19859.8
25680.1
24361.1
7770.19
5395.76
11510.3
7343.12
417.002
545.066
4105.64
4946.47
9885.57
11378.2
28566.8
28789.3
23264
420.975
100.311
3873.7
3485.27
8749.6
7962.33
268.163
243.156
241.048
3080.65
2523.08
2138.45
6485.86
5418.11
4970.85
29381.8
30209.7
28906.8
28637.9
18436.9
20181.3
24718.1
21479.4
59.2288
36.5808
725.68
630.833
651.919
799.749
14016.8
22627.4
7623.51
77.1378
135.358
681.185
667.578
1266.43
1370.52
53.4923
57.1542
65.3513
738.2
783.82
805.523
1775.34
2111.11
2224.79
10364.3
10863.9
11629.8
12543.4
13469.4
12003.9
12498.7
11845.6
11666.3
12396.3
12369
12399.7
12793
13292.3
11917.3
12370.9
11793.4
11651
23485.3
16061.9
1206.78
793.498
494.212
267.443
84.2728
1213.02
801.164
497.844
269.06
84.7368
23568.9
24010.5
28890.5
25295
25356.8
24543.2
1431.08
898.796
546.532
291.602
91.2631
1399.59
891.894
543.515
290.238
90.8722
6770.83
6360.11
5715.14
4862.76
3622.26
28318.9
27915.1
25293.8
24407.9
21413.3
19241.7
25796.9
22009.7
19645.6
23408.7
20156.8
18074.5
16082.5
13331.6
11708.5
19474.5
18334
15071
13604
11488.9
10166.2
7121.62
5437.2
13216.6
10126.3
13233.1
10167.4
6197.22
3708.27
2357.76
1754.27
6129.66
3631.05
2272.07
1691.42
1323.05
867.336
533.553
286.028
89.7095
1284.36
850.634
525.369
282.275
88.6309
71.4833
85.8868
115.742
166.77
243.656
355.486
191.258
280.218
351.572
401.312
426.829
229.7
336.316
421.677
481.086
511.53
309.277
452.209
566.226
645.325
685.775
445.021
649.281
811.292
923.167
980.216
648.846
943.613
1175.53
1334.74
1415.68
943.832
1366.41
1695.41
1919.86
2033.73
826.471
2163.31
3066.69
3741.87
4200.15
4437.76
20023.9
17973.2
16788.8
15104.7
12910.9
11749.5
11098.2
9408.07
8617.92
7635.86
5368.21
4230.08
13988.1
10228.8
13469.6
10212.8
23118.7
21367.4
15116.9
12805.7
7694.69
6618.16
18305.9
15932
14351.5
11069
10081.4
9345.79
6463.11
6170.44
5851.9
5881.49
3400.14
2137.31
1601.75
6027.89
3525.2
2198.31
1638.12
1227.26
815.791
506.69
273.432
86.0489
1248.34
830.502
514.793
277.3
87.1823
715.727
1855.46
2588.44
3105.4
3435.91
3599.78
70.1034
81.5108
107.539
153.153
222.519
321.639
187.558
274.767
344.683
393.403
418.394
217.933
318.934
399.683
455.805
484.536
287.199
419.54
524.812
597.647
634.821
408.297
594.757
741.931
843.084
894.49
591.619
858.136
1066.12
1207.78
1279.38
851.818
1228.09
1517.21
1711.91
1809.74
28891.5
25296.3
25356
24542.6
1431.08
898.795
546.524
291.594
91.2592
1399.59
891.893
543.508
290.231
90.8691
6770.76
6360.08
5715.14
4862.78
3622.28
23484.7
16061.6
1206.73
793.479
494.207
267.445
84.2746
1212.98
801.148
497.841
269.062
84.7382
23570.4
24011.1
53002.7
71748.1
30523.1
35858.9
14153.6
15430.6
2429.58
2284.52
0
0
0
0
0
0
0
0
0
0
0
0
0
0
0
18586.2
18168.8
24267.7
19010.4
25703.6
26434.3
15820.4
10692.7
15247.3
10364.7
5831.05
3241.84
2043.33
1523.95
5790.3
3251.68
2072.81
1548.98
397.532
1701.62
1281.28
415.965
599.233
1764.29
1302.3
423.587
917.997
1867.61
1326.58
426.453
1314.69
2000.58
1370.69
443.324
1775.28
2135.68
1414.53
457.21
1821.55
2306.68
1507.5
477.334
1844.81
2239.58
1457.86
465.043
1760.32
2364.72
1539.87
477.023
1888.7
2437.29
1584.98
487.849
1161.08
780.546
489.081
265.39
83.7359
1179.81
788.472
492.801
267.031
84.1986
1236.27
810.658
502.419
271.173
85.3594
1224.37
805.544
499.879
269.987
85.0101
1251.26
819.633
507.231
273.466
86.0353
1268.59
834.404
515.728
277.582
87.2524
1143.14
774.515
486.604
264.325
83.4341
1155.33
779.367
488.556
265.115
83.6471
1180.02
786.358
491.244
266.201
83.9391
16336.5
16650.6
17160.3
18128.5
19937.4
14873.5
16215.4
14564.6
14465
10083.6
2798.28
685.681
156.474
27.5273
10223.7
2799.79
677.281
152.66
26.8022
10500
2815.71
669.32
149.175
26.0166
10855.5
2834.38
663.755
146.945
25.5687
11127.2
2838.62
664.317
147.946
25.9102
9874.87
2853.41
722.924
170.538
31.0257
10402.4
2862.04
696.908
159.376
28.4009
9664.42
2845.19
736.463
177.203
32.7142
9554.69
2807.69
731.721
177.395
32.9481
48960
66979
22543.4
26020.5
12378.1
12955.1
1977.84
2172.66
511.474
2734.81
1489.26
900.461
1343.74
1913.14
2336.57
2615.62
2754.7
5928.06
6326.06
6166.21
6221.7
6563.72
3568.98
4417.75
4827.23
5095.03
5272.79
2293.48
3115.41
3655.74
3991.6
4160.31
0
0
0
0
0
0
0
0
0
0
21467
16705.1
22338.8
16665.5
24023.7
25919.6
13977.2
10704
13621.6
10394.2
6705.81
3944.27
2482.17
1822.82
6537.92
3865.86
2454.84
1813.07
2939.03
3081.98
1895.15
575.609
2877.71
3051.01
1886.89
577.623
2762.27
2993.81
1850.97
565.58
2867.07
2948.36
1827.75
567.813
3011.73
2887.32
1792.18
563.92
2118.09
2649.65
1720
543.171
2464.66
2770.12
1752.2
551.466
1871.66
2552.63
1666.71
517.405
1912.48
2495.66
1626.36
501.216
1364.38
895.362
548.785
293.281
91.8278
1363.32
891.192
546.007
291.862
91.4013
1365.87
882.201
539.315
288.393
90.3571
1386.73
888.048
541.795
289.475
90.6595
1336.05
870.992
534.356
286.209
89.7412
1297.34
852.467
525.426
282.168
88.5916
1400.85
903.617
551.433
294.294
92.1036
1406.81
903.318
550.445
293.678
91.9068
1420.57
902.408
548.841
292.753
91.6155
16792.3
16750.5
16727.7
17315.8
18717.2
14678.8
15784.3
14467.5
14437.6
10488.6
2883.06
700.15
158.672
27.791
10465.9
2854.68
686.717
154.051
26.9603
10492.7
2824.52
671.04
149.342
26.0121
10631.8
2800.77
658.165
145.915
25.4023
10771.6
2781.53
654.366
146.132
25.6301
9745.51
2816.36
714.126
168.643
30.7081
10173.7
2809.04
685.94
157.208
28.0562
9596.85
2824.08
731.019
175.959
32.498
9534.34
2801.11
729.952
176.975
32.8742
91.0911
102.998
129.225
171.565
232.422
315.226
425.105
570.771
761.915
995.376
1217.2
1367.06
243.486
356.122
445.983
508.347
540.26
275.061
401.747
502.463
572.145
607.726
344.606
502.181
626.706
712.443
756.092
456.588
663.278
825.325
936.233
992.516
616.849
892.333
1106.16
1251.55
1325.14
833.439
1198.79
1478.8
1668
1763.69
1117.9
1595.18
1955.12
2197.27
2320.3
1489.41
2101.62
2554.01
2858.9
3016.21
1966.79
2732.52
3284.54
3662.47
3864.65
2533.67
3451
4095.08
4554.31
4816.83
3053.93
4079.4
4786.56
5321.88
5654.94
3396.42
4478.16
5218.54
5808.65
6197.94
92.7063
107.968
138.063
184.985
251.151
339.674
454.753
603.705
794.418
1022.2
1234.46
1372.94
247.819
362.52
454.095
517.685
550.233
288.459
421.604
527.667
601.188
638.78
368.44
537.551
671.671
764.329
811.617
492.829
717.19
894.041
1015.7
1077.66
667.536
968.007
1202.98
1363.87
1445.69
899.813
1298.4
1606.93
1817.29
1924.33
1198.78
1717.51
2113.7
2383.23
2521.11
1579.97
2240.21
2735.74
3074.01
3249.76
2057.32
2873.6
3472.68
3888.27
4111.79
2609.92
3573.02
4261.54
4757.96
5042.35
3104.2
4162.03
4901.69
5465.47
5816.13
3413.81
4507.27
5259.69
5860.72
6256.96
578.587
2881.12
1011.01
1527.46
2192.51
2700.96
3045.46
3220.67
6992.55
8343.56
8866.9
9895.84
11463.5
2621.51
3665.45
4428.46
4953.66
5236.38
52999.2
71730.8
30534.5
35849.8
14171.8
15418.2
1659.71
1569.25
0
0
0
0
0
0
0
0
0
0
0
0
0
0
0
18398.7
18122.6
24295.4
19003.7
25705.6
26434.9
15798.6
10675.5
15244.5
10364.6
5828.92
3242.04
2043.08
1522.71
5789.21
3251.58
2072.81
1548.93
392.664
1700.15
1280.95
415.837
600.639
1764.89
1302.56
423.686
918.671
1867.92
1326.72
426.504
1315.06
2000.73
1370.76
443.347
1775.46
2135.75
1414.56
457.219
1821.57
2306.68
1507.49
477.332
1844.86
2239.6
1457.87
465.044
1760.33
2364.72
1539.88
477.022
1888.71
2437.3
1584.99
487.852
1159.87
780.11
488.89
265.307
83.7123
1179.77
788.448
492.796
267.033
84.2007
1236.24
810.645
502.415
271.174
85.3605
1224.33
805.53
499.876
269.989
85.0113
1251.24
819.621
507.228
273.466
86.0361
1268.58
834.396
515.726
277.583
87.2532
1142.58
774.235
486.488
264.28
83.4233
1155.27
779.327
488.536
265.11
83.6483
1179.97
786.333
491.236
266.202
83.9413
16295.9
16654.1
17162
18129.5
19938
14873.8
16215.8
14564.8
14465.2
10070.5
2793.6
684.486
156.193
27.4786
10221.5
2797.07
676.208
152.348
26.7391
10499.1
2814.4
668.728
148.986
25.9763
10855.2
2833.82
663.465
146.843
25.5459
11127.2
2838.4
664.186
147.896
25.8983
9875
2853.41
722.907
170.528
31.0229
10402.5
2861.98
696.855
159.353
28.3949
9664.55
2845.22
736.462
177.199
32.7131
9554.83
2807.72
731.725
177.394
32.9476
48944.3
66956.3
22523
25998.5
12361.1
12939.2
1354.53
1486.7
511.468
2734.75
1489.24
900.448
1343.72
1913.11
2336.54
2615.6
2754.68
5927.93
6325.94
6166.14
6221.76
6563.95
3568.92
4417.69
4827.2
5095.04
5272.84
2293.45
3115.38
3655.71
3991.58
4160.31
0
0
0
0
0
0
0
0
0
0
21519.5
16741.4
22350.9
16668.7
24024.2
25919.7
13973.9
10693.5
13627.3
10397.2
6710.16
3948.92
2484.6
1823.07
6537.57
3866.05
2455
1813.08
2949.12
3084.76
1896.06
575.728
2882.4
3052.3
1887.32
577.764
2764.17
2994.62
1851.29
565.677
2867.97
2948.86
1827.97
567.879
3012.12
2887.62
1792.34
563.965
2118.13
2649.76
1720.07
543.193
2464.77
2770.3
1752.31
551.497
1871.68
2552.69
1666.75
517.418
1912.49
2495.7
1626.39
501.223
1364.02
895.474
548.899
293.344
91.8468
1363.28
891.155
545.999
291.864
91.4036
1365.87
882.201
539.319
288.397
90.3594
1386.73
888.049
541.8
289.481
90.6621
1336.05
870.99
534.358
286.213
89.7429
1297.33
852.463
525.426
282.17
88.5927
1400.63
903.628
551.49
294.333
92.1174
1406.78
903.307
550.445
293.685
91.9115
1420.55
902.407
548.848
292.762
91.6204
16774.9
16757.1
16730.6
17317.3
18718.1
14679.1
15784.8
14467.7
14437.8
10484.6
2879.83
699.172
158.424
27.7466
10465.4
2852.29
685.694
153.747
26.8982
10492.8
2823.44
670.494
149.161
25.9729
10632
2800.35
657.909
145.82
25.3805
10771.8
2781.39
654.256
146.086
25.619
9745.69
2816.38
714.116
168.635
30.7057
10173.9
2809.03
685.899
157.188
28.0509
9597.01
2824.12
731.021
175.957
32.4971
9534.48
2801.15
729.958
176.974
32.8738
91.0897
102.996
129.223
171.562
232.419
315.222
425.1
570.765
761.908
995.366
1217.18
1367.05
243.482
356.116
445.977
508.339
540.252
275.057
401.741
502.455
572.136
607.716
344.601
502.174
626.696
712.432
756.081
456.581
663.269
825.313
936.22
992.502
616.841
892.321
1106.14
1251.54
1325.12
833.429
1198.78
1478.78
1667.98
1763.67
1117.88
1595.17
1955.1
2197.25
2320.27
1489.39
2101.6
2553.99
2858.88
3016.18
1966.77
2732.49
3284.52
3662.45
3864.62
2533.64
3450.97
4095.05
4554.28
4816.8
3053.9
4079.37
4786.53
5321.85
5654.92
3396.39
4478.12
5218.51
5808.63
6197.92
92.705
107.967
138.061
184.984
251.149
339.671
454.75
603.7
794.411
1022.19
1234.45
1372.92
247.815
362.514
454.089
517.678
550.226
288.455
421.599
527.66
601.181
638.773
368.436
537.546
671.665
764.322
811.609
492.825
717.184
894.034
1015.69
1077.65
667.531
968
1202.97
1363.86
1445.69
899.807
1298.39
1606.92
1817.28
1924.32
1198.78
1717.5
2113.69
2383.22
2521.1
1579.96
2240.2
2735.73
3074
3249.75
2057.3
2873.58
3472.67
3888.26
4111.78
2609.9
3573
4261.52
4757.95
5042.34
3104.17
4162
4901.67
5465.45
5816.12
3413.78
4507.24
5259.66
5860.7
6256.95
578.583
2881.12
1011.01
1527.45
2192.5
2700.95
3045.45
3220.67
6992.51
8343.46
8866.78
9895.85
11463.9
2621.5
3665.44
4428.46
4953.68
5236.4
20024.1
17973.4
16788.9
15104.7
12910.9
11749.5
11097.9
9407.85
8617.7
7635.41
5367.91
4229.8
13987.9
10228.8
13469.3
10212.7
23119.3
21368
15117.4
12806.3
7695.18
6618.89
18306.5
15932.5
14351.9
11069.7
10082.1
9346.35
6464.03
6171.25
5852.54
5881.73
3400.22
2137.34
1601.78
6027.93
3525.22
2198.31
1638.13
1227.29
815.803
506.693
273.43
86.0475
1248.36
830.511
514.795
277.298
87.1812
715.736
1855.48
2588.47
3105.42
3435.93
3599.8
70.1046
81.5122
107.541
153.156
222.522
321.644
187.562
274.771
344.689
393.409
418.401
217.937
318.94
399.691
455.813
484.544
287.204
419.548
524.821
597.657
634.832
408.303
594.767
741.943
843.097
894.504
591.627
858.148
1066.14
1207.8
1279.4
851.829
1228.1
1517.23
1711.93
1809.76
28318.1
27914.4
25292.7
24407.1
21411.8
19240.7
25796.3
22009.3
19645.3
23408.2
20156.4
18074.3
16081.9
13331.3
11708.4
19474.1
18333.6
15070.3
13603.1
11488.2
10165.1
7121.11
5436.32
13218.1
10127.2
13233.8
10167.9
6197.37
3708.36
2357.82
1754.28
6129.75
3631.09
2272.1
1691.42
1323.04
867.329
533.553
286.031
89.7114
1284.35
850.628
525.368
282.278
88.6322
71.4821
85.8857
115.74
166.768
243.654
355.483
191.255
280.213
351.567
401.306
426.822
229.697
336.311
421.672
481.08
511.524
309.274
452.205
566.22
645.318
685.768
445.017
649.275
811.285
923.159
980.208
648.841
943.607
1175.52
1334.74
1415.68
943.826
1366.4
1695.4
1919.85
2033.72
826.467
2163.3
3066.68
3741.87
4200.16
4437.77
)
;
    }
    patch2
    {
        type            calculated;
        value           nonuniform List<scalar> 
348
(
6900.05
6900.14
6964.58
4115.17
3278.02
4468.13
7922.05
4693.72
3835.53
5210.64
6964.57
4115.15
3278
4468.11
7922.12
4693.73
3835.53
5210.66
15983.3
9751.67
3028.44
2321.32
2789.55
2369.67
2941.58
13916.4
10202.1
7665.03
7869.09
6771.47
5016.87
6088.85
5333.93
4400.58
4688.77
4204.13
13511.5
6993.07
4821.09
4602.59
5450.56
4967.57
4033.05
3984.69
3641.14
3326.91
4137.78
3984.4
14195.8
8231.63
8953.12
6459.07
5541.58
492.431
560.213
710.581
953.968
1298.44
1751.64
548.34
616.721
767.112
1006.7
1343.68
1787.83
447.209
424.733
515.066
491.814
667.833
644.222
923.65
907.461
1288.91
1297.4
1777.4
1834.29
2312.85
3037.65
4014.15
5379.75
6618.03
7552.65
2351.5
3056.67
3918.16
4889.78
5753.92
6318.04
501.909
590.049
765.089
1040.36
1425.98
1930.56
558.472
648.291
823.57
1093.31
1466.36
1951.41
456.113
433.293
543.42
519.237
720.818
696.004
1010.91
994.622
1423.65
1436.1
1980.87
2062.45
2547.88
3327.54
4345.31
5701.62
6863.13
7647.14
2556.2
3295.08
4171
5121.26
5920.13
6379.07
16280.9
9912.94
3399.79
2600.59
3265.08
2724.22
3386.81
17169.3
14711.9
9842.45
12321.5
6416.69
8114.46
5577.37
6208.02
5312.46
15508.1
8295.47
5891.28
5470.41
6459.99
5692.53
4508.85
4624.37
4499.26
4014.28
5071.73
4755.77
15052
8645.83
9925.3
6984.35
6167.33
15983.4
9751.67
3028.41
2321.3
2789.52
2369.65
2941.56
13916.5
10202.5
7665.11
7869.47
6771.79
5016.89
6088.93
5333.99
4400.58
4688.79
4204.13
13511.5
6993.08
4821.08
4602.58
5450.55
4967.55
4033.03
3984.67
3641.12
3326.89
4137.77
3984.38
14195.8
8231.61
8953.11
6459.05
5541.55
492.423
560.204
710.57
953.954
1298.43
1751.62
548.332
616.711
767.1
1006.69
1343.66
1787.81
447.201
424.726
515.057
491.805
667.822
644.212
923.636
907.447
1288.89
1297.38
1777.38
1834.27
2312.83
3037.62
4014.12
5379.73
6618.01
7552.64
2351.47
3056.64
3918.14
4889.75
5753.89
6318.02
501.902
590.042
765.082
1040.35
1425.97
1930.55
558.464
648.284
823.563
1093.3
1466.35
1951.4
456.106
433.286
543.414
519.231
720.811
695.997
1010.9
994.614
1423.65
1436.09
1980.86
2062.44
2547.87
3327.53
4345.3
5701.62
6863.13
7647.14
2556.19
3295.08
4171
5121.25
5920.12
6379.06
16281
9912.96
3399.78
2600.59
3265.08
2724.22
3386.81
17169.8
14712.7
9842.68
12322.2
6416.76
8114.62
5577.41
6208.08
5312.49
15508.4
8295.57
5891.33
5470.43
6460.04
5692.55
4508.85
4624.38
4499.27
4014.28
5071.76
4755.78
15052.2
8645.87
9925.4
6984.37
6167.35
7278.21
3865.9
2836.17
7712
4324.58
3258.37
8429.21
5178.22
4221.79
9747.32
6696.58
5757.97
12994.8
9171.14
7684.97
21725.5
17959.7
20668
16842.9
19045.5
15876.4
18905.9
16307.6
21209.5
18372
7246.1
3840.04
2813.37
7722.83
4332.61
3264.52
8433.25
5181.9
4224.98
9749.34
6698.56
5759.77
12995.9
9172.33
7686.07
21745.1
17988.9
20702.8
16876.8
19056.9
15888.3
18910.9
16312.7
21211.9
18374.8
)
;
    }
    patch3
    {
        type            calculated;
        value           uniform 0;
    }
    patch4
    {
        type            calculated;
        value           nonuniform List<scalar> 
384
(
7155.56
15431.9
19398.3
41566.8
64592.6
23671.5
11547.1
6024.78
13215.5
16379.8
37063.2
38344.4
6825.47
15386.1
19382.5
41555.4
64575.6
23661.1
11525.1
5637.39
13138.6
16376.1
37022.9
38356.5
14076.8
13454.4
38480.9
42395.4
14037.4
13500.4
38607.2
42510.7
14075
13453.8
38478.9
42394.3
14036.6
13499.9
38603
42509.2
8632.34
7493.32
9181.75
7603.53
2092.15
7598.4
351.265
5423.25
2414.9
8302.16
377.007
5562.02
9180.29
7603.23
8632.29
7493.33
4168.29
2880.23
6406.98
4158.08
20118.8
15849.6
3286.23
4589.87
5490.51
7693.71
7052.18
5641.59
9744.95
6573.43
20719.4
16015.8
6012.88
7314.48
8040.14
10233.9
4038.94
2822.42
6407.34
4162.75
20118.3
15849.8
3213.66
4469.87
5500.65
7708
7007.74
5618.6
9760.27
6583.86
20721.1
16016.4
5955.84
7199.11
8052.59
10249.2
2413.84
8299.9
376.945
5561.3
2092.73
7600.32
351.265
5423.89
50423.7
62301.5
53248.9
62846.4
50426.7
62303.8
53251.7
62848.9
11867.2
5038.24
15314.3
8173.98
19275.3
12521.6
8722.22
6369.13
21956
42148.2
27913.5
48981.4
18764.5
38719.1
17226.7
37112.5
19426.7
7701.49
21446
10602
23204.8
14440.8
9469.65
6526.58
23166.3
42433.5
30042
49446.3
19338.5
38859.8
17384.6
37154
11631.9
4901.61
15324
8187.17
19281.3
12527.1
8724.37
6369.91
21958.6
42149.6
27916.8
48983.3
18766.1
38720.2
17227.8
37113.4
19205.5
7567.61
21451.6
10615.3
23210
14446.6
9472.04
6527.43
23169.1
42435.2
30045.2
49448.4
19340.3
38861.1
17385.7
37155
18384.7
34674.9
22192.8
38494.1
27530.6
42831.3
38893.8
30092.5
48075.1
31140
48455.7
33098.6
48278.3
41630.3
18108.5
34383.4
22206.2
38513.8
27537.7
42836.9
38897.4
29842.6
47836.3
31142.1
48463.7
33102.9
48282
41633.4
8416.1
8558.76
8815.1
9109.67
9296.22
8751.29
9029.61
8589.18
8492.27
9025.18
9014.88
9029.75
9108.04
9150.66
8654.27
8889.92
8533.75
8474.81
8405.65
8556.18
8813.79
9109.15
9296.1
8751.39
9029.65
8589.3
8492.39
9022.65
9013.36
9029.08
9107.88
9150.73
8654.42
8890.06
8533.88
8474.94
1514.52
1486.63
1475.28
1453.24
1425.55
1597.74
1535.24
1636.98
1604.96
1575.91
1530.32
1492.03
1445.33
1402.9
1578.42
1510.25
1625.23
1601.18
1507.53
1484.14
1474.4
1452.92
1425.45
1597.74
1535.21
1636.99
1604.98
1569.6
1527.94
1491.26
1445.08
1402.83
1578.43
1510.24
1625.25
1601.2
335.31
323.245
313.022
300.781
293.313
365.478
334.347
385.386
379.477
343.138
328.566
314.573
298.837
289.239
361.196
329.364
382.593
378.548
333.579
322.407
312.671
300.634
293.254
365.469
334.321
385.385
379.479
341.49
327.742
314.242
298.704
289.19
361.191
329.345
382.594
378.55
75.8523
72.4853
69.3117
65.992
64.7194
85.8229
76.0601
92.3987
91.7421
76.9338
73.1858
69.4379
65.5759
63.9476
84.8985
75.061
91.761
91.523
75.4598
72.2607
69.2052
65.9417
64.6969
85.8177
76.0489
92.3967
91.7416
76.5535
72.9632
69.3347
65.5285
63.9272
84.8944
75.0513
91.7597
91.5227
13.4393
12.7736
12.1377
11.5272
11.3801
15.6467
13.6038
17.0759
17.0705
13.5662
12.8508
12.1393
11.4561
11.2581
15.491
13.4422
16.9651
17.0317
13.3706
12.7303
12.1157
11.5161
11.3748
15.6452
13.6009
17.0753
17.0702
13.4992
12.8077
12.1178
11.4455
11.2531
15.4898
13.4396
16.9646
17.0315
)
;
    }
}


// ************************************************************************* //
