/*--------------------------------*- C++ -*----------------------------------*\
| =========                 |                                                 |
| \\      /  F ield         | OpenFOAM: The Open Source CFD Toolbox           |
|  \\    /   O peration     | Version:  2412                                  |
|   \\  /    A nd           | Website:  www.openfoam.com                      |
|    \\/     M anipulation  |                                                 |
\*---------------------------------------------------------------------------*/
FoamFile
{
    version     2.0;
    format      ascii;
    arch        "LSB;label=32;scalar=64";
    class       volScalarField;
    location    "2";
    object      gradTx;
}
// * * * * * * * * * * * * * * * * * * * * * * * * * * * * * * * * * * * * * //

dimensions      [0 -1 0 1 0 0 0];

internalField   nonuniform List<scalar> 
5712
(
-8004.56
-9782.79
-18287.1
-28574.8
-27627.5
-53910.3
-19090.4
-57457.1
-19695.6
-46074.7
-24221.5
-39834.2
-18529.7
-24510.6
-9967.9
-10119.7
-13024.9
-14752.1
-17851.1
-16183.3
-12395.9
-18656.4
-18490.8
-18505.1
-5248.05
-3810.5
-7115.26
-5095.07
-11908.1
-7741.17
-22018.2
-15365.7
-18326.3
-18587.7
-18623.6
-18859.4
-4305.61
-3836.88
-42634.5
-52719.2
-22684.7
-30271
-54937.4
-67609.3
-25439
-31306.3
-31946.8
-41762.9
-25466.7
-35264.8
-14647.2
-18539.4
-3002.44
-951.491
-3900.63
-1352.4
-6718.99
-2764.31
-11636
-4272.61
-7649.86
-2540.33
-7710.83
-2184.47
-15153
-4414.95
-19858.2
-6228.57
-25555.5
-14615.4
-21609.1
-14924.8
-26153.1
-16847.7
-20750.6
-16771.4
-16766.2
-12089.6
-18402.7
-11642.2
-20996.2
-15477
-21702.5
-15885
-20342.8
-17157.4
-21141
-17505.3
-17308.4
-12814.6
-18661.6
-13296.9
-18477
-7589.99
-10545.2
-12040.3
-19876.8
-8756.37
-10457.8
-12598
-18532.3
-7081.41
-11048.2
-11869.7
-19163
-7127.56
-11620.3
-11977.1
-2903.35
-3266.39
-1021.74
-2030.2
-8369.96
-9827.02
-3444.13
-6563.35
-13606.1
-16156.9
-6150.28
-11033.4
-17648.1
-9293.95
-17926.8
-21557.6
-10864.2
-6790.22
-10870
-12517.9
-21900.8
-13998.2
-10131
-13302.7
-14763.9
-14318
-17866.8
-3210.44
-3290.37
-1989.97
-2123.01
-9517.13
-9068.62
-6139.74
-6231.28
-14265.5
-13045.4
-9083.56
-9120.25
-9742.14
-10885
-15396.7
-16334.8
-17221.2
-16201.2
-20480.6
-18790
-14179.7
-14133.3
-13132.6
-14251.2
-16947.3
-15484.1
-15973.3
-13362.2
-14317.9
-11460.9
-15943.1
-12681.1
-14302.7
-7665.4
-11230.3
-10917.2
-15767.2
-18332
-16100
-20968.3
-9474.91
-9330.52
-12964.8
-5863.35
-10849.2
-17099.2
-11218.3
-18255.4
-16337
-25708.1
-16883
-26305.3
-9187.93
-15026.4
-9504.85
-16286.1
-11323.3
-8420.37
-14522.9
-6536.81
-12264.3
-4565.73
-13742.8
-3311.82
-11758.2
-12071.7
-15205.9
-7832.94
-10604.9
-13920.8
-13965.7
-9967.24
-3077.09
-2861.5
-2465.12
-1988.61
-1944.44
-1699.05
-8325.09
-7169.88
-6249.21
-5441.76
-4544.42
-3829.55
-10887.5
-9210.74
-8407.16
-7837.65
-6294.26
-5680.77
-9763.83
-7899.6
-7486.1
-15227.9
-11304
-9164.39
-13743.8
-10039.7
-7765
-15310.6
-11959.2
-10043
-11904.9
-8070.94
-5993.35
-18261.5
-14813
-13123.3
-13417.5
-10586.6
-8742.91
-11868.9
-8881.08
-6952.9
-10628.6
-7902.83
-6236.41
-11509.6
-6869.67
-4251.31
-11498.5
-18749.9
-9754.68
-13980.4
-9355.9
-19271.4
-7835.32
-15807.4
-180.738
-1725.84
252.585
-1013.36
-3558.84
-6720.1
-2233.41
-4065.16
-1841.58
-3922.89
-11013.5
-16411.8
-8735.65
-6507.85
-11707.4
-10236.1
-15730.5
-16843.4
569.312
5549.86
-8405.55
-5895.33
-6581.99
-3791.98
-1585.15
-1014.21
-1276.62
-782.674
-3892.36
-1244.48
-1932.76
-230.87
-9976.45
-2984.68
-7508.02
-2321.29
-8547.18
-2574.55
-9685.91
-3196.31
-12302.3
-12182.7
-9584.81
-12089.7
-18683.7
-16845.1
-15307.7
-16029.5
-7104
-9332.49
-8283.74
-8609.62
-8985.23
-12030.3
-9456.97
-12153.2
-14624
-15732.3
-15163.8
-15856
-6288.37
-9476.3
-6097.21
-9604.98
-790.404
-1443.76
-7501.18
-4193.48
-762.636
-1210.38
-6562.04
-3542.42
-791.008
-1303.04
-7930.39
-4623.37
-1103.9
-1427.15
-8019.7
-4882.21
183.488
327.369
-478.672
-326.562
867.962
1395.43
-774.148
-508.747
-1154.92
-105.403
-2558.97
-2230.57
7677.45
3897.27
4518.83
3011.27
-32.0116
7089.31
10372
4923.83
4982.11
-10.6812
-9417.17
-6877.31
-5637.53
-5803.53
-3403.01
535.04
432.693
-186.103
-290.449
1502.66
1659.51
-519.202
-713.515
1287.58
1879.02
-1427.95
-1723.69
3096.94
1594.35
8039.13
5678.52
4299.38
3078.26
3904.14
3237.49
-295.905
-1045.79
-4968.35
-3448.5
478.695
2189.33
673.67
1939.97
-389.089
690.943
-832.877
-1212.37
-4068.11
-4504.14
-9697.11
-6150.21
-8657.87
-8423.8
-13008.5
-10160.6
-7411.74
-4549.52
-2504.12
-3205.46
-11479.6
-4850.13
-12312.8
-4474.05
-14941.3
-9791.45
-15904.7
-9410.52
-8933.59
-3312.61
-9709.18
-2861.78
-5576.24
-4540.67
-4225.59
-7445.01
-2740.03
-3657.8
-2773.46
-6253.2
-6144.29
-4238.62
-5131.3
-8547.6
-7429.06
-4006.01
-6071.65
-8462.08
565.547
732.56
852.964
-184.86
139.957
191.635
2036.52
2436.93
2616.56
-262.656
581.718
703.791
2469.2
3477.02
3908.02
-913.858
1019.38
1420.05
847.379
1398.49
1257.01
4355.5
4663.72
4321.2
3408.12
3981.59
3848.2
3630.09
4529.05
4675.72
-511.636
1482.55
1412.49
-4054.84
-1999.04
-1154.1
1311.07
2500.16
2882.31
1567.65
2845.21
3167.63
952.865
2507.3
2831.73
-1734.8
1003.34
1189.45
-73.9834
6.55539
35.1434
72.2285
105.048
100.689
117.879
115.344
-200.233
6.45245
95.9734
191.894
240.289
230.908
254.938
260.349
-400.407
-50.7972
99.3067
295.596
42.1668
190.457
218.43
291.231
46.7285
124.273
83.709
93.3342
-157.205
-11.1952
43.2119
102.933
-1021.9
-307.937
-129.339
158.842
-1524.6
-486.994
-314.395
221.509
-851.482
-231.784
-54.7131
282.292
-1239.83
-388.794
-272.298
225.323
-944.712
-296.946
-122.813
133.089
-1682.72
-540.141
-334.806
276.57
-1005.1
-347.541
-118.443
182.788
-1767.19
-572.019
-351.406
303.887
-72.6184
-4.40356
12.0768
63.7885
-61.9374
-1.79858
-1.87588
67.2725
-197.884
-17.2602
35.1014
170.097
-104.869
17.8909
9.51737
183.905
-694.85
-178.719
-46.9047
257.875
-535.655
-112.385
-47.5906
293.587
-336.022
-32.0254
38.8798
294.368
-225.235
-5.84709
-8.08096
287.937
-1045.74
-300.724
-203.903
323.175
35.5099
29.5525
19.7438
54.6
125.774
55.8578
32.4359
34.1015
24.0516
57.3438
34.8837
142.735
307.44
144.478
79.8135
89.7897
-81.3919
41.7671
33.3355
223.128
416.166
207.916
119.437
137.242
-105.731
54.6075
42.0318
295.259
433.169
244.412
134.607
161.186
-316.762
10.5295
-33.5912
282.567
238.766
218.465
99.6197
147.337
-1065.97
-132.895
-146.617
259.74
-313.953
69.6093
21.7246
103.204
-693.662
-38.3581
-101.278
266.181
-98.1745
145.975
57.7495
126.134
-1383.6
-262.432
-205.4
278.868
-458.459
-10.7749
-14.2515
90.8696
-1609.28
-400.908
-272.113
274.092
-593.339
-110.317
-58.8464
75.3718
28.5422
13.4494
6.95591
3.98704
2.81173
39.4613
20.453
11.0632
6.49228
4.6176
60.8606
28.5912
14.7277
8.4667
6.02113
103.895
55.6804
30.6195
18.1951
13.0348
86.9463
41.2857
21.6161
12.5844
9.01492
149.612
79.2648
43.9826
26.3691
18.9839
50.4524
25.9905
14.4661
8.7199
6.29254
28.0638
14.053
7.6619
4.59123
3.30073
77.0847
34.4294
18.124
10.6603
7.61504
17.3653
5.09077
2.13078
1.11306
0.757153
114.68
56.8932
31.0168
18.5019
13.3066
31.5827
12.67
6.39533
3.68173
2.59325
26.4343
7.31433
2.86591
1.46019
0.989495
17.9635
5.69496
2.55194
1.41011
0.987894
24.8771
6.5953
2.48631
1.25266
0.823504
12.5351
1.91454
0.305432
0.0295769
-0.0295535
23.1158
10.138
5.0171
2.79077
1.94019
21.8097
9.59318
4.75447
2.64341
1.83698
53.2743
23.0152
11.4131
6.37795
4.46486
50.7235
21.7893
10.8321
6.04857
4.21286
69.3758
28.1508
13.8397
7.71071
5.40263
61.3761
26.8044
13.615
7.67554
5.40697
83.0453
40.2961
21.7418
12.8501
9.23871
41.2431
19.6441
10.3545
5.94838
4.25778
48.0248
24.3235
13.3934
8.03526
5.79214
-509.201
-618.412
-1403.92
-1758.67
-2149.19
-2815.98
-2606.61
-3727.51
-2584.49
-3693.91
-2337.06
-3112.39
-2152.28
-2608.95
-2681.28
-3646.51
-2793.01
-3816.39
-513.457
-112.615
-24.5355
-5.2106
-1.26636
-215.242
-78.2179
-8.52083
-2.43611
-0.983006
-1658.37
-366.364
-80.2869
-17.1827
-4.20669
-557.438
-118.64
-24.0363
-4.68217
-0.999431
-2918.56
-648.503
-142.952
-30.8738
-7.62568
-977.24
-232.225
-51.3022
-11.1891
-2.70521
-4178.77
-933.753
-207.863
-45.4129
-11.3576
-1372.04
-356.421
-84.3121
-19.3584
-4.91463
-5813.17
-1336.3
-303.878
-67.617
-17.207
-1829.02
-538.382
-135.125
-32.0513
-8.35742
-7800.16
-1957.87
-470.158
-108.927
-28.5931
-2126.39
-663.139
-171.869
-41.5052
-11.0047
-7122.26
-1732.37
-405.918
-92.2026
-23.8245
-2055.52
-648.164
-167.808
-40.4376
-10.6306
-8118.36
-2065.19
-502.148
-117.639
-31.1549
-2176.42
-658.889
-168.047
-40.1146
-10.6031
-8356.86
-2119.5
-517.617
-121.944
-32.4638
-2179.11
-661.117
-168.428
-37.3252
-10.4563
-248.797
-6609.63
-6492.72
-3659.42
3734.21
5134.47
10341.6
13597.6
5881.96
11865.3
2265.98
7149.36
5794.3
9628.15
10582.8
14599.1
12747.6
14506.4
7279.71
8238.12
-18950.5
-14140.8
-4341.41
-3359.82
-2613.58
-4197.61
-2950.42
-12363.9
-12088.1
-10379.4
-10930.7
-8959.78
-6203.49
-8562.94
-5227.3
-4007.58
-4956.65
-3170.85
-20420.9
-10126.9
-3000.68
-5032.44
-7640.76
-5179.09
-6094.3
-4593.71
-2228.87
-3769.08
-3314.89
-3866.29
-19018.8
-11811.4
-11855.5
-7522.99
-7983.29
-8031.66
-3973.05
-5051.96
-5254.88
-12808.6
-12178.8
-10396.7
-10257.4
-9290.69
-10088.1
-7499.02
-6209
-5140.81
-2340.91
-3839.9
-3185.59
-2388.59
-1487.25
-505.688
-3002.24
-2514.42
-1893.09
-1176.75
-399.393
-2319.85
-1927.68
-1439.9
-889.584
-301.038
-3752.7
-3142.73
-2363.18
-1466.01
-496.903
-2619.75
-2179.12
-1631.25
-1010.58
-342.596
-8205.18
-6964.59
-5560.47
-5167.86
-5575.28
-6618.91
-5228.45
-3698.77
-2999.96
-2501.35
-7197.16
-4915.91
-3710.22
-2770.04
-1221.56
-5914.16
-4418.04
-3051.42
-2372.34
-1653.13
-4546.7
-3163.67
-2093.62
-1701.33
-1007.99
-4940.76
-3716.02
-2638.97
-1639.83
-580.011
-6141.88
-4255.72
-3018.4
-1985.04
-791.362
-3668.31
-2418.49
-1634.93
-1029.02
-390.081
-3311.72
-2567.05
-1836.22
-1123.59
-385.204
-3996.47
-3016.85
-2117.63
-1283.18
-439.642
-2650.27
-2073.07
-1485.26
-903.166
-306.56
-13880.9
-11451.1
-9490.33
-8780.78
-8169.8
-7786.67
-5807.78
-4424.53
-3165.49
-1338.43
-2497.44
-1954.19
-1414.77
-877.192
-303.474
-4265.65
-3405.52
-2513.51
-1582.92
-551.457
-6304.78
-4938.82
-3684.56
-2411.11
-876.592
-4424.76
-3560.77
-2651.42
-1679.99
-582.266
-5300.71
-4327.95
-3230.62
-2024.97
-690.113
-4004.15
-3274.31
-2431.89
-1510.93
-515.276
-1922.38
-1550.75
-1132.87
-692.614
-234.061
-3314.46
-2729.04
-2026.49
-1250.17
-423.45
-2819.8
-2248.17
-1636.98
-1006.7
-343.25
-3345.29
-2715.25
-2005.42
-1243.07
-424.455
-12769.2
-11406
-9735.33
-9341.87
-8234.27
-8755.74
-6546.95
-5287.44
-4154.53
-1865.84
-9512.03
-7716.96
-6128.23
-4789.32
-2130.13
-6152.43
-4655.65
-3559.2
-2441.48
-781.9
-6727.32
-5321.87
-3995.4
-2591.96
-878.278
-6541.87
-4918.16
-3744.18
-2561.64
-798.299
-3428.21
-2777.79
-2059.67
-1287.27
-441.124
-4447.33
-3669.8
-2736.64
-1697.06
-576.533
-4528.06
-3668.08
-2725.6
-1709.82
-587.655
-6360.54
-13965.1
-11175.8
-36377
-10534
-47470.1
-7061.89
-18674.5
-9196.85
-7741.49
-18072.5
-14109.9
-9352.08
-11244.1
-19761
-16397.2
-3994.62
-2722.76
-9197.73
-6462.12
-7002.58
-3657.99
-25342.5
-17864.2
-15331.3
-10657.7
-15913.2
-10358.2
1737.83
-1513.45
-43652.1
-53104.9
-22012.6
-30166.4
-55634.1
-67884.6
-24629.3
-31111.6
-32637.8
-42159.2
-24813.3
-35242.8
-15728.2
-18972.9
-2149.28
-410.663
-4690.39
-1510.44
-4067.65
-1918.52
-13132.9
-4690.63
-2048.43
-971.698
-5760.06
-1595.23
-15205
-4377.81
-20038
-6270.68
-18659.4
-11444.1
-19271.6
-13326.1
-18110.7
-12906.1
-18068.9
-14867.1
-15182.3
-10894.2
-13923.8
-9375.55
-20059.5
-14733.7
-21470
-15671.8
-19242.9
-16305.6
-20836.8
-17259
-16727.1
-12244.9
-18530
-13131.7
-17577.4
-7372.55
-9696.47
-11693.1
-17129.7
-8050.02
-8785.37
-11949.7
-18268.7
-7013.36
-10647.1
-11693.5
-19128.9
-7119.24
-11502.1
-11925.6
-660.598
-495.383
110.133
-681.212
-2457.75
-3040.48
-1735.27
-4514.26
-3667.99
-4907.93
-3821.79
-8296.83
-16905.9
-16169
-13517.1
-15894.2
-9595.02
-10851.6
-8673.69
-7503.77
-15723.9
-12896.3
-12645.6
-12034.7
-11465.3
-10819.3
-16485.5
-708.547
-900.429
-457.119
-681.915
-3042.46
-2723.08
-3448.85
-3417.69
-2934.31
-1541.9
-5723.37
-5457.35
-11815.1
-12684.5
-11081
-11040.2
-10046.4
-8367.52
-13556.6
-11665.5
-12075.1
-11427.5
-15244.5
-15700.4
-14392.7
-12925.7
-11824.3
-9750.65
-10646.3
-8357.03
-14289.2
-10617.1
-13238.8
-7889.06
-10847.7
-10967
-16237.4
-19200
-16197.2
-21265.9
-8863.6
-9185.55
-11361.6
-5698.22
-10710.8
-17049.6
-11175.5
-18229.4
-16416.7
-25952.3
-16888.6
-26319.5
-8943.96
-14880.4
-9435.73
-16240.5
-10770.6
-8267.27
-14226
-6480.49
-10912.7
-4446.46
-13142.4
-3417.93
-11527.5
-11947.4
-15066.9
-7790.32
-10539.5
-13879.1
-13930.3
-9944.34
-1095.58
-836.657
-621.059
-766.09
-2081.44
-1000.76
-2862.47
-2852.74
-447.753
-287.579
-5073.44
-4926.91
-13674.1
-11755.9
-10825.3
-8350.4
-7031.05
-4775.61
-9341.09
-7103.87
-9917.88
-6657.9
-19954.1
-16977.9
-10473.3
-8467.14
-8136.57
-5985.51
-7084.52
-4898.81
-7973.76
-4061.23
-5886.13
-11221.7
-5429.2
-10966.8
-7383.94
-12042.4
-8699.75
-13505.8
-1657.25
-1571.27
-1482.78
-1499.11
-4643.87
-4880.34
-4349.59
-4526.37
-1936.15
-2280.44
-9149.76
-10034.1
-5612.78
-6341.89
-10594.4
-9986.84
-14674.1
-16550.6
603.994
5401.72
-7808.28
-5824.82
-6345.16
-3813.42
-1396.97
-1326.29
-1525.06
-1302.48
-3131.34
-2098.59
-2477.29
-1521.98
-8314.95
-4098.77
-7798.98
-3751.5
-8641.89
-3385.31
-9752.51
-3526.84
-6708.73
-9701.61
-7585.06
-10728.5
-11458.3
-12993
-12765.2
-14129
-5990.84
-8703.26
-5202.53
-7738.45
-8159.7
-11445.6
-9211.5
-11985
-13541
-14909
-14844.2
-15618.3
-5846.22
-9212.19
-5967.96
-9530.91
-932.127
-1917.89
-7518.07
-4466.97
-1087.23
-2028.46
-6780.86
-3956.32
-978.306
-1682.42
-7957.04
-4819.61
-1185.16
-1584.78
-8014.22
-4970.01
-1280.97
-1454.21
-1340.48
-1520.77
-3123.88
-3469.99
-2351.65
-2704.27
-7591.87
-8202.89
-4376.4
-4804.09
-4196.76
-9495.42
-2816.41
-531.598
-1581.02
-4172.89
-1196.98
-1967.46
1755.84
-1056.25
-13799.5
-10084
-7795.08
-7619.31
-4283.33
-1749.63
-1908.34
-1779.7
-2171.52
-4107.2
-4399.66
-3205.08
-4000.64
-8711.54
-9787.74
-4854.59
-6141.99
-6183.06
-7501.44
-2180.33
-4200.59
-3471.78
-4769.01
-1043.75
-1912.19
-2050.25
-3197.42
-11333.2
-8839.22
-6239.51
-4300.5
-4690.12
-3215.22
-4520.29
-3095.01
-2636.4
-3272.47
-7485.36
-7991.62
-11276
-7684.06
-11245.7
-11216.3
-13999.6
-11394.2
-9298.78
-6124.59
-5843.7
-6545.39
-12246.7
-5726.94
-12522
-4679.12
-15392.6
-10521.8
-16010.2
-9560.85
-9901.82
-4211.04
-9988.89
-3093.44
-7425.76
-6032.7
-5877.06
-9195.55
-5663.26
-6596.35
-4888.46
-9032.1
-7140.24
-5131.97
-6131.1
-9602.01
-7737.32
-4277.37
-6393.1
-8739.26
-1595.39
-1667.42
-1545.41
-1238.45
-4769.59
-5385.98
-2472.06
-1418.06
-10527
-8725.6
-3669.97
-447.232
-9360.42
-8089.38
-6019.17
-4997.7
-5065.18
-4024.76
-1923.4
-904.971
-2260.67
628.643
-8464.06
-7001.29
-4187.45
-2934.74
-2829.68
-1423.28
-2271.14
-686.087
-3900.92
415.157
-303.144
-126.393
-41.621
30.537
-322.995
-160.097
-40.629
19.1269
-779.555
-329.446
-89.3498
104.697
-737.722
-373.958
-130.38
-2.19103
-1167.67
-499.811
-171.718
147.903
-1146.35
-565.749
-314.83
-116.144
-680.915
-354.623
-230.671
-85.0906
-472.622
-225.174
-98.1047
18.7477
-1446.44
-577.746
-332.596
5.4556
-1665.08
-548.197
-373.304
223.479
-1458.33
-578.995
-319.264
42.2194
-1421.37
-468.824
-347.818
227.062
-1270.77
-509.963
-254.888
85.0587
-1790.49
-589.434
-388.692
250.757
-1145.27
-441.447
-179.298
153.455
-1814.5
-595.54
-372.621
297.306
-285.577
-107.801
-42.2893
44.0625
-286.071
-94.4358
-55.2527
50.0463
-738.473
-283.784
-106.474
119.541
-726.027
-249.302
-139.161
141.611
-1296.11
-488.995
-228.035
210.377
-1253.27
-439.056
-248.346
240.304
-1285.84
-523.531
-273.167
96.0596
-946.73
-351.438
-201.791
245.851
-1440.72
-489.114
-360.612
277.669
-210.718
-68.9358
-28.8146
32.4352
-124.938
-48.8197
-16.4639
3.7597
-579.949
-191.753
-95.5238
83.2911
-347.443
-138.796
-57.9908
5.06913
-809.276
-279.739
-148.639
133.66
-489.184
-216.599
-91.9282
7.87602
-954.878
-354.338
-197.395
170.246
-635.878
-292.876
-132.459
3.10524
-1140.57
-397.961
-286.847
139.044
-859.765
-341.808
-191.428
-30.06
-1968.97
-647.697
-463.225
83.745
-1055.57
-370.066
-226.201
-45.904
-1697.17
-561.35
-423.402
85.8448
-1096.27
-385.03
-232.248
-52.2464
-1969.91
-620.02
-426.12
159.676
-909.47
-302.673
-181.194
-4.41953
-1805.56
-525.617
-349.21
233.387
-738.04
-209.233
-115.936
43.3376
-6.25241
-9.10574
-6.44
-4.24578
-3.17304
-22.7889
-16.797
-10.6224
-6.7652
-5.00804
-13.9539
-19.1896
-13.5007
-8.84901
-6.55837
-72.6003
-48.0853
-29.4084
-18.4343
-13.5482
-33.0095
-30.7729
-20.2114
-12.9456
-9.50889
-111.418
-70.4379
-41.9758
-25.9755
-18.9864
-37.1753
-23.3
-13.7806
-8.48493
-6.19246
-17.414
-11.718
-7.17315
-4.47111
-3.2935
-30.6759
-26.4331
-16.6931
-10.5192
-7.74464
5.8912
-1.67183
-1.7797
-1.27056
-0.972181
-75.8667
-49.1768
-29.2963
-18.1151
-13.2314
-6.29196
-8.93059
-5.91983
-3.79532
-2.82482
9.4749
-1.32538
-2.03371
-1.52393
-1.18059
2.50838
-2.51332
-2.10233
-1.41991
-1.06827
11.101
-0.74328
-1.72599
-1.3454
-1.10047
11.2054
1.44968
0.0495773
-0.141435
-0.176477
-0.486339
-6.05167
-4.70724
-3.20055
-2.41714
-2.58848
-6.11288
-4.5343
-3.05453
-2.30189
-4.16371
-14.7412
-10.9585
-7.34594
-5.50356
-7.89859
-14.8857
-10.6373
-7.07728
-5.31256
-4.24771
-19.0199
-13.7699
-9.16111
-6.8397
-20.8347
-21.5993
-14.1836
-9.22922
-6.84442
-54.6538
-35.571
-21.1555
-13.1424
-9.58631
-27.0755
-18.2336
-11.0426
-7.00773
-5.12217
-39.3596
-22.1404
-12.6891
-7.74404
-5.63293
-184.282
-309.319
-621.952
-993.852
-1219.74
-1868.46
-1800.99
-2845.75
-2041.4
-3103.46
-2289.64
-3082.79
-1955.68
-2494.46
-2678.41
-3637.74
-2796.52
-3815.94
-504.095
-112.757
-24.7255
-5.26121
-1.27931
-152.016
-70.8516
-6.84108
-2.20424
-0.96602
-1646.64
-369.034
-81.2364
-17.405
-4.2605
-398.834
-92.3116
-19.6973
-3.96939
-0.866119
-2903.09
-652.26
-144.345
-31.2131
-7.70995
-784.864
-200.005
-45.9578
-10.318
-2.54412
-4144.74
-934.2
-208.744
-45.6794
-11.4314
-1201.23
-326.859
-79.251
-18.5104
-4.75497
-5758.84
-1331.74
-303.758
-67.7007
-17.2448
-1721.44
-517.393
-131.266
-31.3752
-8.22702
-7754.34
-1948.65
-468.47
-108.643
-28.5432
-2113.45
-658.658
-170.769
-41.2739
-10.9534
-7065.61
-1723.63
-404.692
-92.0547
-23.8116
-2011.21
-636.658
-165.398
-39.9803
-10.5379
-8088.69
-2058.61
-500.823
-117.396
-31.1069
-2173.66
-657.62
-167.692
-40.0355
-10.5845
-8346.98
-2117.25
-517.144
-121.855
-32.4458
-2179.1
-660.978
-168.377
-37.3162
-10.4535
-144.845
-6475.29
-6010.7
-2907.77
-1492.94
-870.023
-3186.83
-2484.26
-5507.53
-5998.33
-3146.48
-2958.25
-382.046
-582.209
-982.548
-1525.86
-2164.83
-2803.2
-264.053
-551.567
-1122.64
-1909.81
-2820.59
-3742.6
-297.17
-129.194
-525.182
-325.484
-975.29
-726.293
-1563.89
-1345.41
-2151.78
-2126.51
-2655.45
-2899.56
-3469.43
-4177.74
-5046.61
-7105.78
-7485.26
-9051.37
-4569.77
-5143.96
-5284.01
-5068.07
-4192.07
-3755.53
-345.196
-292.493
-222.196
-138.741
-47.1622
-525.725
-445.141
-337.921
-210.89
-71.6682
-886.584
-750.069
-568.973
-354.902
-120.58
-1375.42
-1162.34
-880.87
-549.125
-186.521
-1948.38
-1643.9
-1244.26
-775.155
-263.241
-2516.53
-2117.94
-1600.32
-996.387
-338.366
-238.465
-201.97
-153.365
-95.7283
-32.532
-497.811
-421.289
-319.663
-199.426
-67.759
-1012.55
-856.256
-649.287
-404.911
-137.557
-1720.76
-1453.58
-1101.29
-686.479
-233.179
-2537.35
-2139.97
-1619.48
-1009.03
-342.721
-3358.55
-2826
-2135.66
-1330.32
-451.964
-268.612
-227.659
-172.983
-108.035
-36.7334
-116.785
-98.9839
-75.2135
-46.9741
-15.9724
-474.411
-401.83
-305.135
-190.473
-64.742
-294.059
-249.112
-189.195
-118.112
-40.1481
-880.396
-745.136
-565.422
-352.762
-119.868
-655.754
-555.133
-421.326
-262.893
-89.3342
-1410.21
-1192.15
-903.66
-563.372
-191.361
-1213.32
-1025.78
-777.565
-484.737
-164.642
-1937.11
-1634.66
-1237.24
-770.634
-261.658
-1914.11
-1614.87
-1221.8
-760.697
-258.212
-2383.35
-2005.01
-1514.09
-942.105
-319.795
-2601.33
-2186.75
-1649.46
-1025.08
-347.695
-3101.26
-2599.6
-1960.01
-1220.35
-414.71
-3705.65
-3085.44
-2320.92
-1448.42
-493.577
-4411.63
-3630.1
-2727.41
-1717.84
-590.213
-6052.91
-4882.63
-3687.92
-2387.87
-836.636
-6060.38
-4767.44
-3682.38
-2554.68
-982.344
-7036.32
-5440.78
-4299.17
-3159.43
-1276.53
-4085.77
-3426.69
-2585.75
-1611.47
-548.038
-4573.9
-3818.83
-2878.11
-1797.55
-612.914
-4658.52
-3864.38
-2911.35
-1828.51
-627.082
-4401.71
-3612.67
-2727.05
-1736.58
-603.364
-3538.5
-2857.41
-2177.15
-1434.64
-518.985
-3063.56
-2428.83
-1876.87
-1292.02
-487.614
-404.223
-650.071
-1099.2
-1691.94
-2379.61
-3049.96
-292.734
-639.351
-1272.18
-2118.95
-3074.94
-4008.27
-320.213
-146.84
-596.377
-381.101
-1100.69
-828.108
-1749.14
-1509.25
-2404.8
-2413.77
-2955.35
-3400.76
-3734.83
-4452.53
-5322.92
-7299.72
-7615.42
-9100.7
-4799.64
-5291.19
-5325.37
-5012.38
-4111.23
-3719.49
-365.334
-309.663
-235.324
-146.982
-49.9716
-587.389
-497.75
-378.177
-236.177
-80.2932
-992.69
-840.731
-638.459
-398.607
-135.498
-1526.79
-1292
-980.507
-611.935
-207.987
-2144.73
-1812.71
-1374.5
-857.527
-291.446
-2743.33
-2314.22
-1752.8
-1093.39
-371.693
-264.516
-224.175
-170.339
-106.382
-36.1649
-577.555
-489.308
-371.697
-232.104
-78.9031
-1148.56
-972.459
-738.337
-460.917
-156.672
-1911.37
-1616.85
-1226.76
-765.572
-260.209
-2769.91
-2339.98
-1773.85
-1106.69
-376.166
-3602.83
-3037.51
-2300.09
-1434.98
-487.931
-289.513
-245.463
-186.585
-116.566
-39.641
-132.788
-112.608
-85.6144
-53.4954
-18.1948
-539.063
-456.948
-347.279
-216.929
-73.7632
-344.536
-292.119
-222.055
-138.728
-47.1754
-994.42
-842.516
-640.018
-399.663
-135.873
-748.306
-634.148
-481.831
-300.921
-102.309
-1579.05
-1336.77
-1014.79
-633.42
-215.301
-1362.75
-1153.88
-876.09
-546.889
-185.892
-2168.38
-1833.45
-1390.57
-867.597
-294.858
-2176.91
-1841.01
-1396.43
-871.254
-296.091
-2658.92
-2243.45
-1699.3
-1059.92
-360.261
-3061.05
-2583.71
-1957.22
-1220.59
-414.811
-3347.59
-2815.25
-2129.56
-1329.32
-452.362
-3965.12
-3317
-2506.62
-1569.8
-535.908
-4680.65
-3877.71
-2932.26
-1855.49
-638.915
-6260.87
-5089.87
-3873.13
-2521.59
-885.268
-6212.87
-4925.99
-3831.81
-2671.55
-1029.59
-7099.19
-5508.91
-4366.76
-3216.23
-1299.9
-4299.45
-3614.12
-2733.43
-1706.55
-580.927
-4714.58
-3946.06
-2981.54
-1865.9
-636.906
-4704.75
-3912.68
-2955.86
-1860.87
-639.022
-4361.19
-3587.91
-2716.8
-1735.67
-604.194
-3473.74
-2809.92
-2148.26
-1422.17
-516.367
-3034.81
-2407.75
-1864.29
-1287.14
-486.789
-18874.6
-14201.3
-4747.78
-3769.65
-3180.01
-4893.15
-3465.42
-13150.9
-14235.8
-11845.8
-13625.6
-7281.33
-11417.2
-5302.71
-5572.93
-3917.92
-21183.8
-11021.6
-3544.72
-5677.03
-8294.41
-5576.73
-6770.15
-5163.03
-2522.26
-4498.74
-3969.7
-4397.17
-18915.5
-12043.1
-12399.5
-7922.62
-8364.16
-8500.84
-4649.89
-5756.14
-5717.72
-12792.5
-12223.7
-10493.5
-10428.1
-9463.1
-10183.9
-7606.65
-6323.39
-5250.53
-2389.04
-4225.8
-3531.92
-2667.78
-1670.48
-569.726
-3381.81
-2845.92
-2153.09
-1343.49
-456.934
-2848.44
-2393.41
-1808.73
-1128.23
-383.894
-4396.51
-3704.65
-2803.69
-1748.41
-594.361
-3101.11
-2603.8
-1967.79
-1228.33
-418.169
-9734.98
-8801.11
-7477.8
-6973.85
-7097.4
-10059.8
-9261.06
-7653.78
-6460.32
-4915.06
-9164.82
-6931.59
-5577.94
-4248.74
-1870.66
-9974.11
-8630.61
-6913.47
-5630.77
-3519.33
-6190.86
-4979.85
-3760.63
-2445.18
-886.675
-9253.86
-7117.81
-5461.93
-3771.09
-1524.83
-4602.6
-3765.94
-2833.91
-1801.95
-630.842
-4819.13
-3930.81
-2957.93
-1886.59
-663.436
-3423.63
-2816.62
-2118.52
-1338.61
-464.409
-15239
-13058.1
-11173.1
-10372.8
-9431.99
-8869.48
-6932.3
-5468.4
-3970.69
-1675.12
-3071.43
-2511.7
-1894.86
-1211.13
-425.921
-4930.53
-4046.1
-3064.02
-1965.45
-691.172
-7026.18
-5665.72
-4338.14
-2888.72
-1059.36
-4839.66
-3965.14
-3003.49
-1927.45
-672.876
-5956.28
-4928.15
-3724.33
-2355.01
-806.512
-4564.62
-3795.12
-2864.95
-1802.3
-618.841
-2231.76
-1855.42
-1397.4
-875.718
-300.167
-4009.25
-3354.27
-2531.64
-1582.36
-539.923
-3482.17
-2875.31
-2166.06
-1367.49
-473.085
-3877.23
-3216.88
-2427.57
-1529.85
-527.125
-12869.1
-11666.5
-10113.4
-9842.25
-8776.22
-9065.22
-6873.03
-5608.1
-4429.93
-1991.54
-10276.3
-8557.94
-6969.62
-5507.04
-2466.23
-6596.75
-5100.03
-3961.21
-2739.85
-881.207
-7150.57
-5748.48
-4381.69
-2874.25
-980.864
-7086.67
-5465.01
-4247.36
-2939.81
-931.063
-4085.92
-3380.9
-2555.95
-1619.16
-558.76
-5119.64
-4276.49
-3228.01
-2020.71
-690.039
-5000.92
-4121.87
-3114.5
-1978.65
-684.862
-457.832
-1254.25
-1918.07
-2536.33
-3163.92
-3737.84
-2387.33
-6158.26
-5781.68
-2394.28
-7026.5
-6328.46
-7526.99
-10058.6
-1349.79
-172.771
-2552.86
1249.84
-9982.14
-8314.65
1958.22
-1741.89
-4872.97
-4677.52
-1842.09
-5354.77
-2992.54
-5994.44
-6162.25
-596.976
916.69
-1099.06
3413.48
-7027.89
-4522.89
3815.13
-1076.9
-3320.49
-3419.33
-1266.96
-3343.37
-502.688
-4468.6
-4479.85
-168.462
1108.71
88.0194
3583.04
-4314.72
-449.012
4345.62
-720.337
-2372.48
-2757.71
-973.378
-1801.74
832.078
-3766.39
-4220.16
35.3308
804.53
428.079
3007.38
-3272.75
1553.55
4147.96
-621.881
-2227.86
-2635.16
-892.707
-1678.29
549.207
-3997.92
-5452.59
112.488
614.916
535.503
2615.25
-3122.31
1563.1
2881.3
-599.715
-2194.58
-2568.72
-865.584
-2071.88
-214.783
-3923.31
-5362.23
158.798
961.151
438.764
2712.21
-3628.85
662.552
2147.12
-1321.78
-3141.39
-4202.01
-1712.23
-6455.95
-11545.4
-6999.63
-12371.9
-1622.23
-1446.08
-5223.02
-4404.79
-2338.64
-9476.12
-4750.14
-1293.89
-3059.44
-3752.54
-1483
-6108.82
-9861.12
-6287.56
-9057.08
-1691.02
-1339.24
-5093.32
-4209.85
-1705.32
-8764.74
-4637.2
-1197.06
-2852.18
-3128.15
-1200.45
-5525.64
-8589.84
-5296.07
-8019.63
-1454.41
-1715.76
-4481.99
-4991.74
-1996
-7767.4
-5201.42
-1200.26
-3102.81
-2885.26
-1061.33
-5847.89
-8393.6
-5212.82
-7849.36
-1517.02
-2110.32
-4615.51
-6105.68
-2530.19
-8500.81
-6270.05
-1207.61
-3075.24
-2831.89
-1022.26
-5747.61
-9007.44
-5213.73
-8611.28
-1640.03
-2686.27
-4948.25
-7736.1
-3588.56
-10034.1
-8098.93
-1220.39
-3067.47
-2795.28
-1008.74
-5829.33
-9228.71
-5093.94
-8503.19
-1840.01
-3340.5
-5447.9
-8827.74
-4773.73
-11055.2
-9053.17
7342.17
8892.99
18283.3
28526.6
27630.7
53894.1
19093.3
57452.6
19699.3
46069.7
24234.2
39829.1
18561.3
24498.4
8593.45
8700.31
13026.9
14752.4
17846.5
16181.8
12398.4
18657.8
18490.9
18505.5
4836.5
3527.73
6524.59
4676.76
11914.9
7737.37
21983.6
15337.3
18312.1
18586
18617.9
18856.3
4301.79
3821.83
42635.5
52720.2
22684.4
30271.2
54937.4
67609.4
25439.3
31306.5
31947.6
41764.4
25465.7
35265.3
14649.9
18541.2
2815.84
900.428
3599.99
1255.24
6703.6
2765.74
11611.5
4267.35
7641.99
2538.02
7699.89
2181.16
15153.2
4414.86
19859.4
6228.96
25554.6
14615
21608.2
14924.3
26153.5
16848
20750.7
16771.4
16764.5
12088.9
18401
11641.3
20995.8
15476.7
21702.4
15884.8
20342.9
17157.4
21141.1
17505.3
17307.8
12814.2
18661.6
13296.7
18474
7589.22
10544.3
12040
19873
8755.41
10456.3
12597.5
18531.7
7081.27
11047.8
11869.6
19163.2
7127.67
11620.1
11977.1
2720.85
3048.02
964.578
1894.7
8342.41
9783.64
3443.46
6544.72
13594
16141.8
6146.77
11027.2
17647.2
9293.62
17925.1
21552.2
10863
6789.88
10869.3
12516.6
21894.6
13996.7
10131
13302.1
14762.5
14315.3
17865.7
2961.94
3033.36
1814.34
1965.3
9506.97
9043.97
6159.2
6235.48
14258.8
13037.7
9086.27
9121.99
9741.86
10884.7
15396
16334.2
17219.8
16200.2
20477.1
18787.2
14180.7
14134.7
13132.4
14250.9
16946.6
15483.6
15972.2
13361.6
14316.3
11460.2
15943.3
12681.7
14302.2
7665.2
11230
10917.1
15767.1
18331.8
16099.9
20968.1
9474.45
9330.34
12964.1
5863.1
10849.1
17099.1
11218.1
18255.3
16336.9
25708
16882.9
26305.1
9187.66
15026.3
9504.65
16286
11322.9
8420.28
14522.9
6536.89
12263.6
4565.56
13742.8
3312
11758
12071.7
15205.9
7832.99
10604.7
13920.8
13965.8
9967.29
2804.3
2604.96
2254.83
1845.6
1805.81
1581.53
8314.64
7160
6244.56
5445.83
4547.84
3835.21
10883.4
9208.06
8406.26
7839.1
6295.72
5683.21
9763.67
7899.52
7486.07
15227.5
11303.8
9164.33
13743.2
10039.5
7764.96
15309
11958.3
10042.9
11905.9
8071.74
5994.43
18261.3
14812.9
13123.2
13417.3
10586.5
8742.86
11868.6
8880.95
6952.89
10628.2
7902.68
6236.44
11509.9
6869.96
4251.69
11507.7
18753.5
9766.7
13983.6
9360.72
19274.2
7840.54
15809.4
197.699
1598.3
-204.144
932.34
3520.48
6704.79
2192.85
4054.91
1833.54
3915.63
11011.6
16409.3
8728.67
6501.57
11708.5
10236.6
15731.5
16843.9
-570.061
-5550
8405.14
5895.51
6581.46
3791.93
1442.33
939.704
1155.21
716.206
3897.81
1237.52
1936.19
228.765
9975.06
2981.68
7506.9
2319.45
8546.67
2574
9685.97
3196.18
12303.6
12183.2
9585.65
12090.1
18685.2
16845.8
15308.6
16029.8
7103.78
9332.53
8283.29
8609.58
8985.72
12030.6
9457.38
12153.5
14624.5
15732.5
15164.1
15856.1
6288.39
9476.43
6097.42
9605.21
789.549
1442.91
7501.03
4193.15
761.516
1208.91
6561.77
3541.86
790.581
1302.62
7930.38
4623.23
1103.87
1427
8019.85
4882.21
-174.171
-303.691
449.509
306.839
-864.42
-1393.05
766.803
499.712
1154.97
105.81
2555.28
2227.36
-7677.24
-3897.12
-4518.79
-3011.46
30.5472
-7089.23
-10371.8
-4923.69
-4981.78
9.43274
9417.35
6877.5
5637.45
5803.26
3402.1
-507.008
-403.74
157.212
253.448
-1494.52
-1656.94
523.796
717.097
-1284.91
-1876.07
1428.9
1726.11
-3096.78
-1594.18
-8038.76
-5678.07
-4298.94
-3077.61
-3902.79
-3235.56
296.006
1046.91
4968.49
3448.64
-478.386
-2188.95
-673.32
-1939.43
389.57
-690.155
832.889
1212.99
4068.43
4504.39
9697.34
6150.36
8658.1
8423.91
13008.6
10160.7
7411.89
4549.67
2504.37
3205.78
11479.7
4850.26
12312.9
4474.18
14941.4
9791.5
15904.8
9410.56
8933.71
3312.73
9709.35
2861.92
5576.3
4540.8
4225.53
7445.11
2740.22
3658.15
2773.45
6253.53
6144.34
4238.71
5131.28
8547.66
7429.19
4006.13
6071.71
8462.2
-539.8
-686.343
-797.349
146.534
-147.224
-191.911
-2022.99
-2426.24
-2609.09
275.749
-573.718
-698.691
-2463.61
-3472.31
-3904.63
918.171
-1016.03
-1417.69
-847.213
-1398.31
-1256.83
-4354.97
-4663.21
-4320.77
-3407.21
-3980.74
-3847.52
-3627.33
-4526.5
-4673.71
513.317
-1480.99
-1411.22
4054.96
1999.2
1154.28
-1310.65
-2499.73
-2881.89
-1566.99
-2844.55
-3167.03
-951.853
-2506.26
-2830.8
1735.69
-1002.5
-1188.79
70.609
-5.11055
-31.448
-66.0165
-98.2403
-93.7076
-109.117
-106.291
198.822
-6.9143
-96.517
-192.161
-238.969
-230.379
-254.704
-260.046
399.448
50.3983
-99.6923
-295.79
-42.2723
-190.522
-218.587
-291.284
-46.9063
-124.35
-83.7763
-93.3581
157.121
11.157
-43.2422
-102.947
1021.69
307.859
129.262
-158.869
1524.46
486.94
314.362
-221.515
850.973
231.596
54.56
-282.349
1239.59
388.704
272.246
-225.33
944.575
296.89
122.77
-133.102
1682.64
540.109
334.785
-276.581
1005.03
347.512
118.417
-182.802
1767.17
572.004
351.393
-303.897
69.2239
4.92919
-10.1721
-58.2624
58.8354
2.33802
2.64334
-61.5538
196.511
16.8802
-35.5448
-170.219
102.525
-18.482
-10.0437
-183.58
693.525
178.206
46.4929
-257.995
534.56
111.971
47.2361
-293.659
335.526
31.8412
-39.0427
-294.427
224.885
5.72166
7.95653
-287.968
1045.37
300.588
203.817
-323.194
-38.7241
-29.1894
-18.8991
-49.7224
-120.328
-52.889
-30.2309
-31.217
-20.4935
-56.1339
-34.1813
-142.771
-306.018
-144.094
-79.6455
-89.8198
82.0291
-41.5834
-33.3269
-223.287
-415.206
-207.659
-119.447
-137.428
105.862
-54.5648
-42.0678
-295.335
-432.649
-244.246
-134.615
-161.287
316.765
-10.5354
33.5552
-282.616
-238.512
-218.388
-99.6348
-147.396
1065.91
132.852
146.58
-259.769
313.958
-69.6245
-21.7469
-103.226
693.623
38.3269
101.238
-266.22
98.2655
-145.958
-57.7706
-126.17
1383.55
262.394
205.373
-278.887
458.44
10.7531
14.2342
-90.8826
1609.27
400.893
272.103
-274.102
593.335
110.308
58.8397
-75.3773
-26.1063
-12.371
-6.46328
-3.75584
-2.68415
-36.1188
-18.8076
-10.223
-6.03543
-4.31207
-61.0058
-28.697
-14.8166
-8.54741
-6.09484
-103.937
-55.6977
-30.661
-18.252
-13.093
-87.0597
-41.3597
-21.6759
-12.6384
-9.0639
-149.696
-79.3128
-44.0252
-26.4121
-19.0328
-50.4643
-25.9944
-14.4682
-8.722
-6.29706
-28.0697
-14.055
-7.66273
-4.59184
-3.30203
-77.1014
-34.4319
-18.1243
-10.6614
-7.62101
-17.3663
-5.08947
-2.12931
-1.11197
-0.75709
-114.687
-56.8763
-30.9945
-18.4802
-13.2868
-31.5811
-12.6632
-6.38782
-3.6748
-2.58718
-26.4388
-7.31503
-2.8661
-1.46078
-0.991833
-17.9657
-5.69495
-2.55145
-1.40973
-0.988186
-24.8821
-6.59669
-2.48669
-1.25303
-0.824708
-12.537
-1.91492
-0.305412
-0.0295812
0.0292174
-21.0357
-9.26807
-4.64284
-2.63047
-1.85897
-19.7638
-8.69422
-4.3414
-2.44509
-1.70311
-53.4404
-23.1233
-11.4924
-6.44372
-4.51301
-50.8522
-21.8747
-10.8935
-6.09842
-4.25353
-69.4406
-28.1856
-13.8626
-7.72947
-5.41797
-61.4934
-26.8954
-13.6856
-7.73515
-5.4684
-83.0715
-40.3022
-21.7395
-12.8455
-9.23662
-41.2876
-19.6763
-10.3779
-5.96732
-4.27996
-48.0401
-24.3281
-13.3934
-8.03384
-5.79225
448.199
555.968
1412.76
1769.6
2154.49
2820.82
2609.19
3729.81
2585.63
3694.97
2337.24
3112.55
2152.76
2609.39
2681.36
3646.58
2793.04
3816.43
448.877
97.0418
20.9657
4.41998
1.06741
186.832
68.1554
6.68975
1.95897
0.829882
1670.74
369.307
80.9098
17.3102
4.23574
563.673
120.283
24.3861
4.75548
1.01664
2921.18
649.146
143.074
30.8938
7.62872
980.815
233.412
51.6038
11.2582
2.7227
4179.24
933.823
207.857
45.4057
11.354
1373.72
357.057
84.4919
19.4024
4.92627
5813.18
1336.24
303.845
67.6041
17.2021
1829.74
538.674
135.214
32.0738
8.36348
7800.21
1957.85
470.144
108.921
28.5903
2126.49
663.184
171.883
41.5089
11.0056
7122.26
1732.32
405.891
92.1919
23.8202
2055.81
648.288
167.847
40.4476
10.6333
8118.43
2065.19
502.142
117.636
31.1531
2176.47
658.904
168.051
40.1155
10.6032
8356.94
2119.51
517.615
121.941
32.4624
2179.13
661.123
168.429
37.3249
10.456
249.152
6610
6493.6
3660.66
-3491.26
-4780.31
-10308
-13540.2
-5862.83
-11835.4
-2257
-7137.79
-5784.05
-9616.33
-10561.7
-14576.8
-12717.9
-14481.9
-6397.08
-7218.91
18950.4
14140.7
4341.41
3359.83
2613.59
4197.62
2950.43
12363.8
12088.1
10379.4
10930.6
8959.8
6203.52
8562.96
5227.34
4007.61
4956.7
3170.88
20420.8
10126.9
3000.69
5032.45
7640.76
5179.09
6094.31
4593.72
2228.89
3769.1
3314.91
3866.3
19018.7
11811.4
11855.5
7522.98
7983.28
8031.65
3973.06
5051.97
5254.88
12808.5
12178.8
10396.7
10257.5
9290.78
10088.1
7499.05
6209.05
5140.86
2340.94
3839.9
3185.6
2388.6
1487.26
505.691
3002.25
2514.43
1893.09
1176.75
399.394
2319.86
1927.69
1439.91
889.593
301.041
3752.71
3142.74
2363.2
1466.02
496.906
2619.76
2179.13
1631.26
1010.59
342.599
8205.21
6964.68
5560.61
5168.03
5575.43
6618.98
5228.65
3699.12
3000.43
2501.82
7197.21
4916.03
3710.37
2770.21
1221.66
5914.24
4418.23
3051.73
2372.77
1653.54
4546.8
3163.86
2093.91
1701.73
1008.31
4940.83
3716.1
2639.07
1639.92
580.051
6141.95
4255.84
3018.56
1985.2
791.454
3668.39
2418.6
1635.06
1029.15
390.145
3311.76
2567.1
1836.27
1123.64
385.224
3996.53
3016.93
2117.72
1283.26
439.674
2650.31
2073.11
1485.31
903.202
306.575
13880.9
11451.2
9490.45
8780.92
8169.9
7786.7
5807.84
4424.61
3165.56
1338.46
2497.47
1954.22
1414.81
877.222
303.487
4265.67
3405.55
2513.54
1582.95
551.469
6304.8
4938.85
3684.6
2411.15
876.609
4424.77
3560.79
2651.45
1680.01
582.274
5300.73
4327.97
3230.64
2024.99
690.12
4004.16
3274.34
2431.92
1510.94
515.284
1922.4
1550.78
1132.9
692.632
234.068
3314.48
2729.06
2026.51
1250.19
423.456
2819.83
2248.21
1637.02
1006.73
343.261
3345.31
2715.28
2005.45
1243.09
424.463
12769.2
11406
9735.38
9341.94
8234.33
8755.74
6546.97
5287.47
4154.56
1865.85
9512.04
7717
6128.29
4789.38
2130.16
6152.43
4655.67
3559.23
2441.51
781.909
6727.33
5321.89
3995.43
2591.98
878.288
6541.89
4918.19
3744.21
2561.67
798.312
3428.23
2777.81
2059.7
1287.29
441.131
4447.35
3669.82
2736.66
1697.07
576.539
4528.07
3668.1
2725.62
1709.84
587.663
5884.1
12849
11170.5
36294.2
10549
47379.1
6493.81
17056.2
9192.96
7738.58
18044
14101.5
9354.11
11243.9
19739.3
16392.4
3688.7
2524.64
8463.36
5937.09
7003.85
3653.11
25302.3
17835.3
15311.9
10653.6
15903.8
10352.6
-1743.05
1496.25
43654.5
53106.5
22010.7
30166.4
55635
67885.2
24628.1
31111.5
32639.6
42161.3
24811.2
35243.2
15731.7
18975.1
2029.34
396.855
4326.57
1399.37
4049.21
1923.64
13106.2
4685.48
2039.34
970.18
5747.35
1591.78
15205
4377.7
20039.3
6271.09
18656.8
11442.8
19268.4
13324.8
18109.7
12905.6
18067.2
14866.4
15179.4
10892.9
13921.1
9374.14
20058.2
14733
21469.7
15671.4
19242.1
16305.3
20836.6
17258.9
16726.1
12244.2
18529.8
13131.4
17574.1
7371.8
9695.31
11692.9
17125.7
8049.4
8783.81
11949.3
18268
7013.23
10646.6
11693.4
19129
7119.35
11501.8
11925.6
650.332
496.87
-92.1414
641.461
2431.77
3000.7
1745.47
4508.67
3657.79
4896.1
3821.27
8294.34
16904.6
16168.9
13515
15889.9
9594.73
10851.8
8673.46
7502.54
15719.3
12896
12645.4
12033.5
11463.5
10816.9
16484.9
668.751
867.841
403.962
644.808
3033.18
2692.66
3470.38
3414.15
2929.91
1536.13
5727
5456.93
11815.5
12685
11081.1
11040.9
10045.6
8367.56
13553.9
11663
12076.2
11427.6
15244.5
15700.5
14392.3
12925.8
11823.4
9750.42
10645
8356.38
14289.5
10617
13238.3
7888.99
10847.1
10966.8
16237.2
19200
16197
21265.8
8863
9185.35
11360.9
5698.04
10710.5
17049.3
11175.2
18229.3
16416.5
25952.1
16888.5
26319.3
8943.56
14880.2
9435.48
16240.4
10770.2
8267.13
14226
6480.48
10912
4446.22
13142.4
3417.81
11527.2
11947.3
15067
7790.35
10539.4
13879.1
13930.4
9944.4
1044.61
821.237
591.835
741.894
2051.32
971.258
2857.45
2841.93
445.749
287.585
5070.84
4922.3
13674.7
11756.5
10826.4
8351.84
7031.97
4777.04
9339.79
7103.28
9916.7
6655.9
19954.2
16978.1
10473.4
8467.5
8136.54
5985.65
7084.16
4898.47
7973.33
4060.35
5895.32
11226.1
5446.9
10972.1
7392.39
12045.5
8708.51
13507.7
1521.13
1431.04
1350.37
1356.45
4642.15
4888.68
4349.72
4535.78
1941.83
2283.33
9154.16
10037.8
5616.66
6348.05
10596.6
9987.74
14674.9
16551.1
-602.214
-5401.11
7810.72
5825.95
6346.46
3813.85
1264.87
1225.1
1379.17
1197.86
3141.85
2094.02
2484.55
1519.88
8319.58
4097.38
7803.77
3751.09
8643.75
3385.63
9753.31
3527.06
6711.19
9702.74
7587.17
10729.4
11459.8
12993.6
12766
14129.3
5992.51
8704.08
5204.28
7739.37
8160.89
11446.2
9212.11
11985.4
13541.5
14909.2
14844.5
15618.5
5847.21
9212.77
5968.47
9531.29
933.642
1917.71
7518.78
4467.09
1089.05
2027.82
6781.67
3956.3
979.194
1682.46
7957.55
4819.77
1185.57
1584.8
8014.53
4970.12
1166.17
1322.25
1242.9
1402.36
3131.2
3476.48
2342.31
2690.19
7594.43
8204.56
4372.62
4799.97
4198.11
9496.61
2817.4
533.068
1580.14
4173.67
1197.4
1967.69
-1754.48
1055.22
13800.2
10085.2
7795.98
7620.15
4282.98
1581.13
1693.73
1616.27
1968.68
4115.61
4420.55
3208.31
4015.76
8713.14
9791.2
4856.08
6149.3
6183.46
7501.33
2180.32
4199.96
3472.03
4768.8
1045.81
1915.23
2051.5
3201.31
11333.7
8839.35
6240.1
4300.57
4690.8
3215.67
4521.42
3096.35
2637.32
3274.56
7486.03
7991.94
11276.6
7684.37
11246.1
11216.4
13999.8
11394.3
9299.41
6124.99
5844.46
6545.91
12247.1
5727.2
12522.3
4679.3
15392.8
10521.9
16010.3
9560.91
9902.27
4211.35
9989.18
3093.65
7426.39
6033.16
5877.58
9196.1
5664.14
6597.14
4889.19
9033.19
7140.66
5132.3
6131.44
9602.35
7737.58
4277.57
6393.29
8739.46
1340.76
1411.2
1369.34
1090.75
4826.12
5437.63
2512.8
1457.8
10532.9
8730.89
3682.21
460.908
9360.04
8088.91
6018.16
4996.52
5064.57
4023.94
1926.72
908.144
2265.65
-623.422
8464.02
7001.17
4187.35
2934.5
2830.03
1423.54
2272.4
687.479
3903.18
-412.809
277.609
115.034
38.2151
-27.8575
297.064
147.181
37.3874
-17.3377
779.535
329.782
89.1649
-104.917
738.871
374.435
130.353
1.92568
1167.36
499.755
171.464
-148.098
1146.62
565.874
314.679
115.93
681.032
354.696
230.662
85.0615
472.67
225.204
98.1046
-18.7551
1446.48
577.769
332.543
-5.5225
1665.09
548.189
373.287
-223.503
1458.22
578.996
319.194
-42.2514
1421.31
468.799
347.794
-227.08
1270.82
509.985
254.867
-85.0878
1790.52
589.434
388.684
-250.775
1145.28
441.452
179.284
-153.472
1814.51
595.537
372.614
-297.319
261.486
98.0085
38.8617
-40.5905
259.938
85.202
50.7478
-46.2313
737.514
283.667
106.179
-119.44
723.466
248.692
138.534
-141.097
1295.11
488.691
227.714
-210.435
1252.23
438.676
247.98
-240.335
1285.74
523.524
273.074
-96.0831
946.584
351.379
201.68
-245.876
1440.58
489.068
360.569
-277.684
185.416
60.8409
25.5206
-29.2796
109.122
43.5249
14.9444
-3.09283
582.571
192.344
96.0117
-83.5331
349.139
138.943
58.0261
-5.20585
809.991
279.818
148.571
-133.904
490.775
216.816
91.8379
-8.14708
955.331
354.451
197.363
-170.35
636.98
293.141
132.442
-3.24225
1140.9
398.071
286.851
-139.096
860.469
342.03
191.447
29.998
1969.22
647.81
463.263
-83.7502
1055.79
370.174
226.235
45.9054
1697.49
561.478
423.434
-85.8671
1096.68
385.193
232.283
52.2283
1970.06
620.091
426.148
-159.678
909.582
302.732
181.216
4.42412
1805.62
525.641
349.219
-233.391
738.078
209.252
115.943
-43.3369
5.79476
8.26057
5.77317
3.75849
2.77612
21.2528
15.4649
9.71021
6.14471
4.52941
13.7779
19.083
13.4141
8.76881
6.48431
72.1108
47.8425
29.2431
18.3019
13.4348
32.8764
30.6985
20.155
12.8939
9.46147
111.204
70.3321
41.9062
25.9177
18.9267
37.153
23.2931
13.7785
8.48346
6.18857
17.4095
11.7175
7.17381
4.47176
3.29325
30.6295
26.42
16.6896
10.5169
7.73787
-5.89936
1.6701
1.77992
1.271
0.971751
75.8901
49.2222
29.3398
18.1511
13.262
6.29575
8.94137
5.93087
3.80473
2.83275
-9.49238
1.31843
2.03055
1.52168
1.177
-2.5136
2.51216
2.10251
1.42023
1.06796
-11.1089
0.740513
1.72509
1.34483
1.09914
-11.2089
-1.4509
-0.0499838
0.141181
0.175948
0.374043
5.39865
4.15427
2.78435
2.07709
2.31202
5.49052
4.03431
2.6874
2.02341
4.13148
14.7232
10.9322
7.31129
5.47737
7.88165
14.882
10.6246
7.05596
5.29184
4.22059
19.0169
13.7681
9.15532
6.83351
20.7742
21.5528
14.1411
9.18675
6.79494
54.6747
35.602
21.1827
13.1632
9.60031
27.0616
18.2257
11.0352
6.9989
5.10722
39.3682
22.1545
12.7019
7.7539
5.6391
154.403
275.391
629.681
1002.27
1224.17
1871.84
1802.98
2847.29
2042.18
3104.1
2289.73
3082.85
1955.94
2494.67
2678.45
3637.78
2796.55
3815.97
439.778
96.9476
21.084
4.45412
1.07634
128.761
61.3309
5.10378
1.73575
0.81213
1660.12
372.216
81.9035
17.5401
4.29104
405.17
94.0523
20.0697
4.04699
0.88425
2905.99
652.983
144.482
31.2358
7.71351
788.333
201.23
46.2737
10.3906
2.56246
4145.32
934.306
208.746
45.6736
11.4281
1202.78
327.497
79.4364
18.5562
4.76713
5758.94
1331.71
303.732
67.6891
17.2401
1722.07
517.679
131.356
31.3985
8.23336
7754.42
1948.65
468.46
108.638
28.5406
2113.53
658.699
170.783
41.2776
10.9544
7065.67
1723.61
404.67
92.0451
23.8076
2011.46
636.776
165.437
39.9907
10.5408
8088.78
2058.62
500.819
117.393
31.1053
2173.69
657.634
167.696
40.0364
10.5847
8347.07
2117.26
517.142
121.852
32.4445
2179.13
660.984
168.377
37.3159
10.4533
145.583
6475.72
6011.63
2910.12
1349.29
739.169
3211
2532.62
5533.11
6032.17
2873.8
2648.57
382.045
582.207
982.546
1525.86
2164.83
2803.2
264.052
551.566
1122.63
1909.81
2820.59
3742.6
297.169
129.193
525.181
325.482
975.288
726.291
1563.89
1345.4
2151.78
2126.51
2655.45
2899.56
3469.43
4177.74
5046.61
7105.77
7485.25
9051.34
4569.77
5143.96
5284.01
5068.07
4192.06
3755.52
345.195
292.493
222.196
138.741
47.1621
525.724
445.14
337.921
210.89
71.6681
886.582
750.068
568.973
354.901
120.58
1375.42
1162.34
880.87
549.125
186.521
1948.37
1643.9
1244.26
775.155
263.241
2516.53
2117.94
1600.32
996.388
338.367
238.464
201.969
153.364
95.7281
32.5319
497.81
421.288
319.662
199.426
67.7588
1012.54
856.254
649.286
404.911
137.557
1720.76
1453.58
1101.29
686.479
233.179
2537.35
2139.97
1619.48
1009.03
342.721
3358.55
2826
2135.66
1330.32
451.965
268.611
227.658
172.983
108.034
36.7333
116.784
98.9836
75.2133
46.974
15.9723
474.41
401.829
305.134
190.473
64.7419
294.058
249.112
189.195
118.112
40.148
880.394
745.134
565.421
352.762
119.868
655.752
555.132
421.326
262.892
89.3341
1410.21
1192.15
903.659
563.372
191.361
1213.32
1025.78
777.565
484.736
164.642
1937.11
1634.66
1237.24
770.634
261.658
1914.12
1614.87
1221.8
760.698
258.212
2383.35
2005.02
1514.09
942.107
319.796
2601.34
2186.75
1649.46
1025.09
347.697
3101.26
2599.61
1960.01
1220.36
414.711
3705.65
3085.44
2320.93
1448.43
493.579
4411.64
3630.11
2727.42
1717.85
590.216
6052.91
4882.64
3687.94
2387.88
836.642
6060.38
4767.45
3682.4
2554.7
982.352
7036.32
5440.8
4299.2
3159.46
1276.54
4085.77
3426.7
2585.76
1611.47
548.039
4573.91
3818.83
2878.12
1797.55
612.916
4658.52
3864.39
2911.36
1828.52
627.085
4401.71
3612.68
2727.06
1736.59
603.367
3538.5
2857.41
2177.16
1434.65
518.989
3063.56
2428.83
1876.88
1292.03
487.618
404.224
650.073
1099.2
1691.95
2379.62
3049.97
292.734
639.352
1272.19
2118.95
3074.94
4008.27
320.214
146.84
596.378
381.102
1100.69
828.11
1749.14
1509.25
2404.81
2413.78
2955.35
3400.77
3734.84
4452.54
5322.93
7299.72
7615.41
9100.68
4799.64
5291.2
5325.37
5012.38
4111.22
3719.49
365.335
309.663
235.324
146.982
49.9716
587.39
497.752
378.178
236.177
80.2934
992.692
840.733
638.461
398.608
135.498
1526.79
1292
980.51
611.937
207.988
2144.73
1812.71
1374.5
857.53
291.447
2743.34
2314.22
1752.81
1093.4
371.695
264.516
224.176
170.339
106.382
36.165
577.557
489.309
371.698
232.105
78.9034
1148.56
972.461
738.34
460.919
156.673
1911.37
1616.85
1226.76
765.575
260.21
2769.92
2339.98
1773.85
1106.69
376.167
3602.83
3037.52
2300.09
1434.98
487.933
289.513
245.463
186.585
116.567
39.641
132.788
112.608
85.6146
53.4955
18.1949
539.064
456.95
347.28
216.93
73.7634
344.537
292.12
222.056
138.728
47.1755
994.422
842.518
640.02
399.664
135.874
748.308
634.15
481.833
300.922
102.31
1579.06
1336.77
1014.79
633.423
215.302
1362.75
1153.89
876.093
546.891
185.893
2168.39
1833.45
1390.57
867.6
294.859
2176.92
1841.01
1396.44
871.258
296.093
2658.92
2243.46
1699.31
1059.92
360.263
3061.07
2583.72
1957.23
1220.6
414.814
3347.6
2815.26
2129.57
1329.33
452.364
3965.13
3317.01
2506.64
1569.81
535.912
4680.67
3877.73
2932.28
1855.51
638.922
6260.89
5089.9
3873.17
2521.62
885.28
6212.88
4926.02
3831.85
2671.58
1029.61
7099.19
5508.94
4366.79
3216.27
1299.92
4299.45
3614.13
2733.44
1706.55
580.929
4714.58
3946.07
2981.55
1865.9
636.909
4704.76
3912.69
2955.87
1860.88
639.026
4361.19
3587.92
2716.81
1735.68
604.199
3473.74
2809.93
2148.27
1422.18
516.372
3034.81
2407.76
1864.3
1287.15
486.794
18874.5
14201.3
4747.8
3769.66
3180.02
4893.17
3465.44
13150.9
14235.8
11845.9
13625.6
7281.38
11417.2
5302.74
5572.96
3917.94
21183.7
11021.6
3544.74
5677.05
8294.42
5576.74
6770.17
5163.05
2522.28
4498.76
3969.72
4397.19
18915.4
12043.1
12399.5
7922.62
8364.16
8500.84
4649.91
5756.17
5717.73
12792.4
12223.7
10493.6
10428.2
9463.24
10183.9
7606.69
6323.46
5250.6
2389.08
4225.81
3531.94
2667.8
1670.49
569.732
3381.82
2845.93
2153.1
1343.5
456.938
2848.46
2393.43
1808.75
1128.24
383.899
4396.53
3704.67
2803.71
1748.42
594.366
3101.12
2603.82
1967.81
1228.34
418.174
9735.03
8801.24
7478.02
6974.19
7097.82
10059.8
9261.1
7654.01
6460.88
4915.93
9164.88
6931.7
5578.12
4248.98
1870.84
9974.11
8630.64
6913.67
5631.27
3520.07
6190.92
4979.92
3760.72
2445.27
886.726
9253.92
7117.91
5462.09
3771.3
1524.99
4602.64
3765.98
2833.96
1802
630.866
4819.17
3930.86
2957.99
1886.65
663.464
3423.66
2816.65
2118.56
1338.65
464.424
15239
13058.2
11173.4
10373.1
9432.32
8869.53
6932.39
5468.52
3970.82
1675.19
3071.45
2511.73
1894.89
1211.16
425.936
4930.56
4046.15
3064.07
1965.49
691.19
7026.21
5665.77
4338.22
2888.79
1059.4
4839.68
3965.18
3003.53
1927.49
672.89
5956.31
4928.19
3724.37
2355.04
806.524
4564.65
3795.15
2864.99
1802.32
618.852
2231.78
1855.44
1397.43
875.735
300.174
4009.28
3354.3
2531.66
1582.39
539.932
3482.2
2875.34
2166.1
1367.52
473.098
3877.25
3216.91
2427.6
1529.88
527.135
12869.1
11666.5
10113.6
9842.42
8776.4
9065.24
6873.09
5608.17
4430
1991.58
10276.3
8558.02
6969.74
5507.18
2466.31
6596.77
5100.07
3961.27
2739.91
881.231
7150.6
5748.52
4381.75
2874.3
980.885
7086.7
5465.06
4247.43
2939.87
931.093
4085.95
3380.93
2555.98
1619.19
558.771
5119.67
4276.53
3228.04
2020.73
690.048
5000.95
4121.9
3114.54
1978.68
684.875
457.859
1254.3
1918.11
2536.36
3163.94
3737.85
2201.26
6160.45
5784.73
2202.2
7026.4
6327.56
7528.88
10059.1
1233.77
163.132
2561.39
-1254.67
9980.32
8311.18
-1963.17
1600.33
4878.75
4681.85
1691.47
5356.33
2992.79
5996.46
6163.08
539.271
-832.231
1109.58
-3426.52
7028.06
4521.28
-3819.85
983.489
3326.96
3422.32
1162.19
3346.65
504.217
4470.49
4480.89
129.91
-1016.91
-65.9169
-3579.62
4319.37
450.625
-4344.93
654.56
2377.44
2758.68
893.876
1805.29
-830.075
3767.6
4220.99
-57.8442
-735.207
-407.579
-3004.1
3278.93
-1550.16
-4144.55
564.161
2231.09
2634.77
821.073
1681.92
-546.744
3998.65
5453.31
-133.826
-601.874
-515.8
-2574.72
3131.3
-1557.2
-2867.95
544.42
2196.55
2567.87
796.572
2075.23
217.266
3923.82
5362.89
-174.618
-936.986
-425.832
-2655.52
3637.97
-655.79
-2128.58
1211.81
3142.06
4207.1
1567.09
6458.59
11547.5
7003.57
12373.9
1499.64
1327.26
5209.59
4403.7
2337.35
9477.22
4750.69
1191.83
3057.4
3756.49
1358.82
6109.09
9861.84
6290.04
9058.29
1572.69
1221.15
5067.84
4213.58
1700.81
8763.74
4636.73
1107.33
2849.1
3130.36
1102.44
5523.53
8589.01
5296.98
8020.08
1355.91
1567.54
4456.72
4987.98
1989.38
7764.55
5197.87
1114.48
3098.45
2885.77
977.877
5844.2
8391.68
5212.55
7849.13
1417.31
1943.98
4590.23
6074.91
2521.39
8496.08
6259.21
1121.88
3071.74
2831.83
943.42
5743.47
9004.88
5212.95
8610.68
1530.71
2489.67
4925.13
7680.07
3578.28
10027.7
8081.47
1132.59
3065.24
2795.28
931.144
5825.58
9226.18
5093.1
8502.51
1709.3
3109.89
5432.9
8762.06
4764.4
11048.7
9033.18
)
;

boundaryField
{
    patch1
    {
        type            calculated;
        value           nonuniform List<scalar> 
2440
(
-4305.61
-8735.65
-8031.66
-3973.05
-5051.96
-5254.88
-8500.84
-4649.89
-5756.14
-5717.72
4301.79
8728.67
8031.65
3973.06
5051.97
5254.88
8500.84
4649.91
5756.17
5717.73
-8004.56
-18287.1
-27627.5
-19090.4
-19695.6
-24221.5
-18529.7
-9967.9
-89.1401
3734.21
10341.6
5881.96
2265.98
5794.3
10582.8
12747.6
7279.71
-18950.5
-14140.8
-4341.41
-3359.82
-2613.58
-4197.61
-2950.42
-12363.9
-12088.1
-10379.4
-10930.7
-8959.78
-6203.49
-8562.94
-5227.3
-4007.58
-4956.65
-3170.85
-20420.9
-10126.9
-3000.68
-5032.44
-7640.76
-5179.09
-6094.3
-4593.71
-2228.87
-3769.08
-3314.89
-3866.29
-19018.8
-11811.4
-11855.5
-7522.99
-7983.29
105.642
-297.17
-129.194
-525.182
-325.484
-975.29
-726.293
-1563.89
-1345.41
-2151.78
-2126.51
-2655.45
-2899.56
-320.213
-146.84
-596.377
-381.101
-1100.69
-828.108
-1749.14
-1509.25
-2404.8
-2413.77
-2955.35
-3400.76
-18874.6
-14201.3
-4747.78
-3769.65
-3180.01
-4893.15
-3465.42
-13150.9
-14235.8
-11845.8
-13625.6
-7281.33
-11417.2
-5302.71
-5572.93
-3917.92
-21183.8
-11021.6
-3544.72
-5677.03
-8294.41
-5576.73
-6770.15
-5163.03
-2522.26
-4498.74
-3969.7
-4397.17
-18915.5
-12043.1
-12399.5
-7922.62
-8364.16
7342.17
18283.3
27630.7
19093.3
19699.3
24234.2
18561.3
8593.45
89.2752
-3491.26
-10308
-5862.83
-2257
-5784.05
-10561.7
-12717.9
-6397.08
18950.4
14140.7
4341.41
3359.83
2613.59
4197.62
2950.43
12363.8
12088.1
10379.4
10930.6
8959.8
6203.52
8562.96
5227.34
4007.61
4956.7
3170.88
20420.8
10126.9
3000.69
5032.45
7640.76
5179.09
6094.31
4593.72
2228.89
3769.1
3314.91
3866.3
19018.7
11811.4
11855.5
7522.98
7983.28
-105.53
297.169
129.193
525.181
325.482
975.288
726.291
1563.89
1345.4
2151.78
2126.51
2655.45
2899.56
320.214
146.84
596.378
381.102
1100.69
828.11
1749.14
1509.25
2404.81
2413.78
2955.35
3400.77
18874.5
14201.3
4747.8
3769.66
3180.02
4893.17
3465.44
13150.9
14235.8
11845.9
13625.6
7281.38
11417.2
5302.74
5572.96
3917.94
21183.7
11021.6
3544.74
5677.05
8294.42
5576.74
6770.17
5163.05
2522.28
4498.76
3969.72
4397.19
18915.4
12043.1
12399.5
7922.62
8364.16
-18859.4
-16411.8
4.25778
5.79214
-5.12217
-5.63293
-3737.84
662.552
2147.12
-11055.2
-9053.17
18856.3
16409.3
-4.27996
-5.79225
5.10722
5.6391
3737.85
-655.79
-2128.58
11048.7
9033.18
-18587.7
-593.058
128.186
394.966
300.789
-566.73
-628.31
-431.005
-502.391
23.2204
21.8084
1079.23
1996.64
-456.928
-386.978
-298.452
-245.433
-2465.12
-1699.05
-6249.21
-3829.55
-8407.16
-5680.77
-7486.1
-9164.39
-7765
-10043
-5993.35
-13123.3
-8742.91
-6952.9
-6236.41
-4251.31
-3922.89
852.964
191.635
2616.56
703.791
3908.02
1420.05
1257.01
4321.2
3848.2
4675.72
1412.49
-1154.1
2882.31
3167.63
2831.73
1189.45
54.6
34.1015
142.735
89.7897
223.128
137.242
295.259
161.186
282.567
147.337
259.74
103.204
266.181
126.134
278.868
90.8696
274.092
75.3718
2.81173
4.6176
6.02113
13.0348
9.01492
18.9839
6.29254
3.30073
7.61504
0.757153
13.3066
2.59325
0.989495
0.987894
0.823504
-0.0295535
1.94019
1.83698
4.46486
4.21286
5.40263
5.40697
9.23871
-1.28892
-0.910632
-4.27241
-0.7906
-7.73146
-2.37197
-11.4991
-4.46169
-17.3882
-7.77962
-28.6917
-10.5493
-23.9744
-9.92532
-31.1998
-10.4099
-32.4742
-10.4209
-226.638
-198.246
-2952.34
5310.37
11734.7
9202.44
6554.56
9148.63
12899.6
13282.2
8283.52
-1207.31
-272.282
186.13
12.1621
-760.753
-684.452
-539.835
-537.692
-79.3525
-41.8576
870.842
1740.28
-513.34
-419.069
-319.442
-257.408
-836.715
-766.14
-1000.76
-2852.74
-287.579
-4926.91
-11755.9
-8350.4
-4775.61
-7103.87
-6657.9
-16977.9
-8467.14
-5985.51
-4898.81
-4061.23
-1667.45
-1238.47
-5385.98
-1418.06
-8725.6
-447.232
-8089.38
-4997.7
-4024.76
-904.971
628.643
-7001.29
-2934.74
-1423.28
-686.087
415.157
32.4352
3.7597
83.2911
5.06913
133.66
7.87602
170.246
3.10524
139.044
-30.06
83.745
-45.904
85.8448
-52.2464
159.676
-4.41953
233.387
43.3376
-3.17304
-5.00804
-6.55837
-13.5482
-9.50889
-18.9864
-6.19246
-3.2935
-7.74464
-0.972181
-13.2314
-2.82482
-1.18059
-1.06827
-1.10047
-0.176477
-2.41714
-2.30189
-5.50356
-5.31256
-6.8397
-6.84442
-9.58631
-1.30297
-0.890098
-4.3291
-0.6483
-7.81924
-2.20029
-11.5757
-4.29325
-17.4275
-7.64443
-28.6416
-10.499
-23.9617
-9.83202
-31.1517
-10.3918
-32.4562
-10.4182
-99.9284
568.292
-1844.61
-185.139
-436.235
-1594.27
-1409.9
-599.677
-2194.55
-2568.64
-865.498
-2071.88
-214.783
-3923.31
-5362.23
158.798
961.151
438.764
2712.21
-3628.85
-1220.37
-3067.45
-2795.22
-1008.67
-5829.33
-9228.71
-5093.94
-8503.19
-1840.01
-3340.5
-5447.9
-8827.74
-4773.73
18586
592.992
-128.218
-395.017
-300.886
566.715
628.305
430.988
502.389
-23.2552
-21.7921
-1079.3
-1996.56
456.917
386.983
298.452
245.437
2254.83
1581.53
6244.56
3835.21
8406.26
5683.21
7486.07
9164.33
7764.96
10042.9
5994.43
13123.2
8742.86
6952.89
6236.44
4251.69
3915.63
-797.349
-191.911
-2609.09
-698.691
-3904.63
-1417.69
-1256.83
-4320.77
-3847.52
-4673.71
-1411.22
1154.28
-2881.89
-3167.03
-2830.8
-1188.79
-49.7224
-31.217
-142.771
-89.8198
-223.287
-137.428
-295.335
-161.287
-282.616
-147.396
-259.769
-103.226
-266.22
-126.17
-278.887
-90.8826
-274.102
-75.3773
-2.68415
-4.31207
-6.09484
-13.093
-9.0639
-19.0328
-6.29706
-3.30203
-7.62101
-0.75709
-13.2868
-2.58718
-0.991833
-0.988186
-0.824708
0.0292174
-1.85897
-1.70311
-4.51301
-4.25353
-5.41797
-5.4684
-9.23662
1.08803
0.762522
4.30124
0.808299
7.73432
2.38998
11.4954
4.47372
17.3832
7.78594
28.6889
10.5503
23.9701
9.92818
31.198
10.4101
32.4728
10.4207
226.688
199.422
2954.28
-4971.95
-11692.1
-9181.75
-6546.37
-9138.62
-12880.6
-13260.5
-7288.67
1207.37
272.275
-186.168
-12.1711
760.736
684.444
539.811
537.686
79.3012
41.8239
-870.946
-1740.4
513.317
419.057
319.437
257.407
821.289
741.94
971.258
2841.93
287.585
4922.3
11756.5
8351.84
4777.04
7103.28
6655.9
16978.1
8467.5
5985.65
4898.47
4060.35
1411.22
1090.77
5437.63
1457.8
8730.89
460.908
8088.91
4996.52
4023.94
908.144
-623.422
7001.17
2934.5
1423.54
687.479
-412.809
-29.2796
-3.09283
-83.5331
-5.20585
-133.904
-8.14708
-170.35
-3.24225
-139.096
29.998
-83.7502
45.9054
-85.8671
52.2283
-159.678
4.42412
-233.391
-43.3369
2.77612
4.52941
6.48431
13.4348
9.46147
18.9267
6.18857
3.29325
7.73787
0.971751
13.262
2.83275
1.177
1.06796
1.09914
0.175948
2.07709
2.02341
5.47737
5.29184
6.83351
6.79494
9.60031
1.09798
0.741449
4.35941
0.666933
7.8226
2.21914
11.5723
4.30579
17.4227
7.65101
28.639
10.5
23.9576
9.835
31.1501
10.3919
32.4549
10.4179
100.401
-567.218
1847.9
116.222
468.775
1619.76
1252.78
544.385
2196.52
2567.79
796.493
2075.23
217.266
3923.82
5362.89
-174.618
-936.986
-425.832
-2655.52
3637.97
1132.57
3065.23
2795.22
931.083
5825.58
9226.18
5093.1
8502.51
1709.3
3109.89
5432.9
8762.06
4764.4
-14831.9
5827.5
-3737.84
14830.5
-5827.36
3737.85
-13024.9
-14752.1
-12395.9
-18656.4
-5248.05
-3810.5
-11908.1
-7741.17
-3430.9
-3953.82
-9087.36
-10508.9
-11725.1
-13496.9
-11310.8
-3616.94
-16858.4
-3370.97
-3519.32
-9027.55
-9057.01
-10867.2
-10023.7
-3225.43
-2979.09
-2552.91
-8275.34
-6992.06
-6021.76
-8469.16
-7320.23
-6873.87
-11498.5
-18749.9
-9355.9
-19271.4
-180.738
-1725.84
-3558.84
-6720.1
521.593
516.369
1727.42
1835.73
733.022
1046.18
5845.24
2892.17
5893.85
665.102
531.68
1744.27
1775.46
1705.68
1988.97
778.451
899.801
993.03
2478.61
2787.71
2848.72
2859.09
3576.38
3848.95
-324.686
-811.51
-1049.58
-864.745
-151.756
140.692
220.451
62.04
11.3535
23.683
10.7655
-144.55
-187.556
153.125
138.396
279.604
48.471
4.96803
13026.9
14752.4
12398.4
18657.8
4836.5
3527.73
11914.9
7737.37
3206.81
3683.33
9067.04
10475.2
11719.3
13489.1
11310.3
3616.82
16857
3114.54
3246.16
9022.01
9037.11
10864.4
10019.9
2939.08
2712.5
2336.7
8266.79
6983.85
6018.44
8467.1
7319.01
6873.79
11507.7
18753.5
9360.72
19274.2
197.699
1598.3
3520.48
6704.79
-484.97
-476.506
-1725.3
-1834.53
-733.426
-1046.29
-5845.16
-2892.09
-5893.9
-625.451
-491.918
-1737.64
-1773.41
-1704.24
-1987.25
-729.057
-835.253
-923.588
-2466.32
-2778.16
-2842.3
-2855.66
-3573.5
-3846.89
281.89
820.183
1054.46
866.883
152.508
-140.635
-220.24
-62.0262
-11.351
-33.9656
-3.36927
148.488
189.118
-152.658
-138.386
-279.508
-48.476
-4.97051
3008.17
6711.01
46.2865
24.6064
13.5394
8.06869
5.85038
76.8677
39.8289
22.2168
13.4653
9.72812
-2665.09
-399.191
3642.6
10143.3
2242.21
110.917
42.9363
22.9905
13.1632
8.07149
5.82193
67.2959
36.2983
20.4905
12.3732
8.98095
457.859
1254.3
1918.11
2536.36
3163.94
-3602.28
-3650.59
-10231.8
-10064.3
-15582.7
-14143.9
-3535.22
-3129
-2862.03
-9877.02
-8824.85
-8114.84
-12183.6
-10552.2
-9579.54
0
0
0
0
0
0
0
0
-2450.69
-1235.96
-529.946
-354.971
-520.453
-336.268
-300.584
-247.524
-204.502
-140.02
-108.766
-73.6957
-93.7709
-51.8139
-29.2473
-17.6844
-12.8225
-34.2625
-19.3544
-11.0832
-6.7439
-4.89485
-28.6846
-221.723
-609.299
-1251.61
-2110.32
-2964.27
-25.946
-22.0146
-16.7469
-10.4683
-3.56052
-200.464
-169.992
-129.241
-80.7504
-27.4592
-550.631
-466.69
-354.638
-221.501
-75.3081
-1130.23
-957.112
-726.761
-453.698
-154.218
-1903.37
-1609.79
-1221.11
-761.887
-258.924
-2668.51
-2252.65
-1706.56
-1064.28
-361.688
-2789.39
-2473.54
-2059.99
-1551.62
-970.871
-332.219
0
0
0
0
0
0
0
0
0
0
0
0
1461.54
-94.2161
115.058
-153.088
-2986.63
-2877.94
-6398.9
-5585.93
-6096.01
-5446
-2588.82
-2340.48
-2159.57
-5097.66
-4836.44
-4591.03
-5646.93
-5651.1
-5499.92
-505.944
-340.303
-165.686
-72.8374
-205.584
-141.224
-81.6153
-47.2607
-86.7645
-51.0057
-29.7425
-18.2457
-13.2491
-32.779
-19.1921
-11.1585
-6.84028
-4.97134
2231.59
1926.95
1554.97
1134.23
691.31
233
15.563
179.342
528.127
1112.12
1820.45
2464.27
14.0527
11.8974
9.02956
5.63356
1.91412
162.018
137.255
104.243
65.0754
22.1179
476.875
403.753
306.47
191.24
64.9861
1003.05
848.121
642.966
400.855
136.154
1638.69
1382.56
1046.05
651.268
221.062
2210.99
1858.73
1402.02
871.246
295.496
-3642.72
-10143.8
-2243.42
-111.256
-42.9518
-23
-13.1722
-8.08194
-5.83942
-67.2786
-36.2735
-20.4683
-12.3558
-8.96894
-457.832
-1254.25
-1918.07
-2536.33
-3163.92
-3008.1
-6710.87
-46.3383
-24.644
-13.5668
-8.09086
-5.87632
-76.8898
-39.8342
-22.2151
-13.4615
-9.72628
2667.05
399.669
-10093.8
-14282.4
-19429.5
-23351.7
-20169.5
-22099.2
-11600.7
-10876.2
-1988.61
-1944.44
-1699.05
-5441.76
-4544.42
-3829.55
-7837.65
-6294.26
-5680.77
-11904.9
-8070.94
-5993.35
-11509.6
-6869.67
-4251.31
366.523
-767.247
-1246.48
-2205.68
-1760.06
139.849
-664.766
-422.305
67.837
735.571
241.869
153.211
142.74
117.042
554.884
331.197
286.29
229.392
179.674
70.6059
39.9383
30.758
454.156
183.484
100.471
78.8308
605.793
253.412
146.355
114.643
600.557
266.445
159.519
125.699
425.884
227.113
133.563
109.469
150.546
128.752
73.7186
59.3493
217.816
167.639
99.516
85.1011
110.396
86.9742
50.8842
39.3894
41.9878
31.295
20.5844
16.0474
39.5431
20.661
11.2455
6.62495
4.72197
86.645
47.4449
26.3673
15.7496
11.304
36.7889
21.8836
12.8553
7.93001
5.74636
48.8114
25.5501
14.4103
8.78059
6.32558
34.3911
21.2508
12.6011
7.79296
5.66414
15.6478
9.40517
5.50547
3.38164
2.4539
21.7342
9.80948
4.91226
2.74785
1.91585
47.6556
21.2828
10.7532
6.06175
4.24596
54.9451
25.6096
13.3362
7.63447
5.4269
-307.342
-807.878
-1204.4
-1278.8
-252.357
-181.166
89.1061
-294.129
-313.563
-77.9875
-41.5755
1.42026
-0.187128
-0.461831
-121.101
7.69151
6.99345
2.5306
0.862493
-237.206
-22.2551
-0.554424
0.446696
0.26344
-342.723
-67.081
-14.5896
-3.36142
-0.80944
-376.26
-126.207
-35.2758
-9.05401
-2.4241
-318.559
-116.324
-33.6523
-8.72295
-2.1948
-445.79
-166.129
-46.8426
-11.8265
-3.04791
-231.393
-74.7175
-20.8655
-5.34731
-1.20408
-204.856
-61.3876
-16.1863
-3.81484
-0.751204
9359.25
13248.9
14515
17156.8
17903.5
18929.4
9613.55
10598.6
-2497.41
-7150.92
-4626.59
-2686.54
-2218.74
-1845.09
-1378.6
-851.521
-288.073
-3577.76
-2487.95
-1613.89
-1312.22
-782.82
-3220.28
-2093.15
-1393.83
-866.235
-326.854
-2255.82
-1771.37
-1270.39
-771.073
-260.977
-621.059
-766.09
-2862.47
-2852.74
-5073.44
-4926.91
-9917.88
-6657.9
-7973.76
-4061.23
-986.811
-1089.74
-2171
-2384.32
-1701.59
7.00805
-1245.68
-1162.14
-1160.73
-843.746
-267.948
-142.559
-32.9298
10.8296
-462.315
-266.86
-85.468
-21.282
-77.4089
-39.9818
-11.3362
-3.39659
-204.17
-110.097
-41.0659
-14.9968
-259.279
-163.832
-59.7913
-22.4777
-303.329
-197.915
-74.334
-30.1727
-411.987
-208.426
-102.239
-57.1234
-306.373
-159.589
-110.906
-83.8516
-448.856
-202.564
-120.208
-79.9216
-152.299
-97.8662
-74.1018
-59.0039
-42.3903
-31.97
-23.1537
-18.6934
-25.4626
-17.4997
-10.8427
-6.85585
-5.06132
-70.5769
-42.9364
-25.5797
-15.8903
-11.6472
-47.578
-23.1765
-12.6042
-7.52131
-5.45928
-44.555
-23.8065
-13.3551
-8.03711
-5.85995
-43.9897
-22.6725
-12.5222
-7.50947
-5.44867
-17.2154
-9.64927
-5.4961
-3.33535
-2.42061
-4.57822
-6.5676
-4.70227
-3.13863
-2.35789
-13.4445
-15.4779
-10.5835
-6.95461
-5.19492
-29.1456
-22.0275
-13.7866
-8.82399
-6.49498
-4.8812
-84.8475
-385.024
-621.304
4.28245
-205.129
81.8687
-312.937
-320.781
-6.16193
-31.9325
3.66138
0.153563
-0.424121
59.2206
40.6322
12.8131
3.54855
1.0642
-26.4028
16.7114
6.40487
1.65996
0.502656
-170.871
-34.4301
-8.59804
-2.28986
-0.593879
-288.426
-107.181
-31.5103
-8.34989
-2.27927
-318.476
-115.124
-33.2371
-8.62278
-2.16955
-422.511
-158.902
-45.1901
-11.4886
-2.9753
-235.82
-75.4102
-20.9365
-5.35346
-1.20368
-206.968
-61.8297
-16.2678
-3.82905
-0.754007
-28.7326
-333.656
-940.858
-1783.74
-2755.19
-3725.47
-4587.07
-5166.8
-5089.25
-3832.62
-1834.06
-269.844
-25.8997
-21.8827
-16.5749
-10.3256
-3.50557
-301.099
-254.766
-193.27
-120.556
-40.9586
-848.703
-717.789
-544.344
-339.488
-115.337
-1607.46
-1358.13
-1029.12
-641.545
-217.924
-2478.91
-2091.01
-1582.6
-986.084
-334.929
-3343.43
-2813.46
-2126.26
-1324.45
-449.963
-4100.88
-3439.15
-2595.14
-1617.4
-550.084
-4593.34
-3834.85
-2890.71
-1806.08
-616.028
-4489.48
-3727.72
-2811.25
-1767.2
-606.573
-3350.28
-2768.01
-2094.05
-1330.63
-462.146
-1590.03
-1309.75
-996.468
-641.696
-225.91
-234.749
-194.591
-149.319
-97.0136
-34.3417
-55.7212
-417.324
-1086.86
-1993.93
-3015.93
-3997.38
-4805.17
-5257.92
-5004.62
-3611.13
-1605.84
-173.342
-50.3821
-42.7308
-32.4952
-20.3084
-6.90685
-377.059
-319.507
-242.757
-151.613
-51.5469
-981.425
-831.102
-631.117
-394.03
-133.946
-1798.94
-1522.05
-1155.01
-720.864
-245.024
-2717.24
-2295.88
-1740.64
-1086.02
-369.147
-3593.37
-3029.8
-2294.37
-1431.43
-486.719
-4303.82
-3617.37
-2735.73
-1708.01
-581.443
-4682.38
-3917.37
-2959.38
-1852.31
-632.422
-4418.11
-3672.48
-2773.87
-1746.67
-600.191
-3150.26
-2598.43
-1965.41
-1250.77
-435.196
-1379.54
-1126.85
-853.764
-550.576
-194.553
-144.834
-115.58
-86.854
-56.5529
-20.2664
-3137.98
-13625.6
-3593.22
-2813.2
-2365.61
-1788.31
-1115.34
-379.419
-9974.11
-8630.61
-6913.47
-5630.77
-3519.33
-3148.38
-2595.82
-1952.43
-1230.94
-425.823
10093
14278.8
19436.2
23345.4
20194.2
22081
9953.09
9356.81
1845.6
1805.81
1581.53
5445.83
4547.84
3835.21
7839.1
6295.72
5683.21
11905.9
8071.74
5994.43
11509.9
6869.96
4251.69
-308.928
715.028
1217.29
2197.7
1759.2
-140.125
603.766
391.703
-65.281
-737.87
-223.271
-141.883
-132.174
-108.291
-554.369
-330.996
-286.262
-229.265
-170.993
-66.7818
-37.2923
-28.1006
-452.724
-183.107
-100.318
-78.8682
-604.796
-253.142
-146.361
-114.824
-600.041
-266.28
-159.52
-125.791
-425.656
-227.042
-133.572
-109.519
-150.537
-128.76
-73.7338
-59.3685
-217.739
-167.622
-99.5296
-85.1313
-110.409
-86.9886
-50.8967
-39.4009
-41.997
-31.3025
-20.5895
-16.0512
-36.3655
-19.0756
-10.4235
-6.17062
-4.41382
-86.7011
-47.4734
-26.4053
-15.7947
-11.3454
-36.7958
-21.8841
-12.8534
-7.92737
-5.74368
-48.8185
-25.5479
-14.4049
-8.77466
-6.32019
-34.3974
-21.2525
-12.6009
-7.79214
-5.66322
-15.6504
-9.40648
-5.50617
-3.38205
-2.45422
-19.7133
-8.90025
-4.48966
-2.54277
-1.778
-47.7924
-21.38
-10.8253
-6.12106
-4.29863
-55.0577
-25.6987
-13.4059
-7.69335
-5.48864
265.28
818.497
1208.92
1280.83
253.17
181.233
-88.8435
294.146
313.569
57.4384
33.6071
-2.67687
-0.160093
0.338616
127.44
-5.95995
-6.60799
-2.44587
-0.841552
241.022
23.5765
0.905249
-0.362337
-0.241059
344.54
67.7996
14.8014
3.41583
0.824607
376.982
126.519
35.3757
9.08118
2.43201
318.631
116.36
33.6655
8.72697
2.1961
446.034
166.241
46.8806
11.8373
3.0512
231.412
74.7275
20.8693
5.34852
1.20449
204.861
61.3893
16.1868
3.81497
0.751244
-9356.1
-13244.3
-14501.5
-17142
-17878.3
-18905.7
-8269.44
-9119.45
2497.42
7150.94
4626.63
2686.57
2218.75
1845.1
1378.62
851.53
288.076
3577.85
2488.12
1614.14
1312.55
783.079
3220.36
2093.26
1393.96
866.356
326.915
2255.85
1771.41
1270.43
771.104
260.989
591.835
741.894
2857.45
2841.93
5070.84
4922.3
9916.7
6655.9
7973.33
4060.35
906.605
992.443
2170.32
2390.93
1703.79
-6.52097
1133.12
1076.8
1166.16
841.69
248.512
131.94
30.5776
-9.84089
462.969
267.179
85.4099
21.1016
64.6683
35.2525
10.137
3.61377
206.019
110.264
41.089
14.8561
260.945
164.074
59.7083
22.216
304.358
198.165
74.3228
30.0498
412.546
208.606
102.258
57.0742
306.502
159.658
110.933
83.858
449.131
202.68
120.236
79.9113
152.354
97.9015
74.1192
59.0126
42.4036
31.9797
23.1594
18.697
23.7924
16.1946
9.97502
6.2734
4.61525
70.274
42.7889
25.4778
15.8066
11.5776
47.5896
23.188
12.6143
7.52957
5.46632
44.5689
23.8244
13.3713
8.05039
5.87093
43.9977
22.6798
12.5285
7.51462
5.45302
17.2181
9.65124
5.49764
3.33654
2.42158
4.12793
5.90798
4.18987
2.76581
2.0745
13.4155
15.4597
10.5584
6.92294
5.16152
29.0863
21.9798
13.7431
8.78116
6.44447
-9.68219
92.5781
387.891
622.501
-3.87575
205.144
-81.7689
312.937
320.783
-8.88296
24.6115
-4.79653
-0.486639
0.301198
-52.8575
-38.813
-12.406
-3.45947
-1.04227
30.0501
-15.3637
-6.04097
-1.57216
-0.479381
172.516
35.1405
8.81353
2.3458
0.609529
289.038
107.48
31.6099
8.37748
2.28738
318.527
115.156
33.2494
8.62666
2.17083
422.703
159.005
45.227
11.4994
2.97862
235.831
75.4179
20.9398
5.35456
1.20407
206.97
61.8308
16.2681
3.82914
0.754036
28.732
333.654
940.855
1783.74
2755.18
3725.47
4587.07
5166.8
5089.25
3832.62
1834.06
269.845
25.8992
21.8823
16.5746
10.3254
3.5055
301.097
254.764
193.269
120.555
40.9584
848.701
717.788
544.343
339.488
115.336
1607.46
1358.12
1029.12
641.544
217.923
2478.91
2091.01
1582.6
986.085
334.929
3343.43
2813.46
2126.26
1324.45
449.963
4100.88
3439.16
2595.14
1617.4
550.085
4593.34
3834.85
2890.71
1806.08
616.03
4489.49
3727.73
2811.25
1767.21
606.575
3350.29
2768.01
2094.06
1330.63
462.149
1590.04
1309.76
996.473
641.7
225.911
234.751
194.593
149.321
97.015
34.3422
55.7218
417.326
1086.87
1993.93
3015.94
3997.38
4805.17
5257.92
5004.62
3611.12
1605.83
173.34
50.3827
42.7312
32.4955
20.3086
6.90693
377.061
319.509
242.758
151.614
51.5472
981.428
831.105
631.119
394.031
133.946
1798.95
1522.05
1155.01
720.867
245.025
2717.25
2295.89
1740.64
1086.03
369.148
3593.38
3029.81
2294.38
1431.43
486.721
4303.83
3617.38
2735.74
1708.01
581.446
4682.39
3917.38
2959.39
1852.32
632.425
4418.11
3672.48
2773.88
1746.68
600.194
3150.26
2598.43
1965.42
1250.78
435.198
1379.54
1126.85
853.764
550.576
194.553
144.832
115.578
86.8527
56.5521
20.2661
3138
13625.6
3593.25
2813.22
2365.63
1788.33
1115.35
379.423
9974.11
8630.64
6913.67
5631.27
3520.07
3148.41
2595.85
1952.46
1230.97
425.836
0
0
0
0
0
0
0
0
0
0
0
0
-1462.26
93.5071
-115.334
152.899
2986.71
2878.02
6399.12
5586.23
6096.44
5446.64
2588.91
2340.55
2159.63
5098
4836.76
4591.3
5647.76
5651.86
5500.52
505.734
340.206
165.603
72.8017
205.5
141.181
81.5895
47.2501
86.7461
51
29.7402
18.2442
13.2453
32.7744
19.19
11.1573
6.8394
4.97037
-2231.57
-1926.93
-1554.95
-1134.21
-691.291
-232.993
-15.5633
-179.343
-528.129
-1112.13
-1820.45
-2464.26
-14.053
-11.8976
-9.02974
-5.63367
-1.91416
-162.018
-137.256
-104.244
-65.0758
-22.118
-476.876
-403.754
-306.471
-191.241
-64.9863
-1003.05
-848.122
-642.967
-400.855
-136.154
-1638.69
-1382.56
-1046.05
-651.267
-221.062
-2210.99
-1858.73
-1402.01
-871.243
-295.495
3602.17
3650.5
10231.4
10064
15581.7
14143.2
3535.15
3128.94
2861.99
9876.81
8824.73
8114.79
12183.2
10552
9579.53
0
0
0
0
0
0
0
0
2452.23
1236.13
530.325
355.106
520.628
336.378
300.595
247.508
204.579
140.065
108.784
73.7005
93.7562
51.8146
29.2516
17.6882
12.823
34.2642
19.3565
11.0852
6.74553
4.89593
28.6849
221.724
609.301
1251.62
2110.33
2964.28
25.9463
22.0148
16.7471
10.4684
3.56056
200.465
169.993
129.241
80.7508
27.4593
550.633
466.691
354.639
221.502
75.3084
1130.23
957.115
726.763
453.7
154.219
1903.37
1609.79
1221.12
761.891
258.925
2668.52
2252.67
1706.57
1064.29
361.69
2789.41
2473.56
2060.01
1551.65
970.89
332.227
)
;
    }
    patch2
    {
        type            calculated;
        value           nonuniform List<scalar> 
348
(
-457.832
457.859
-798.299
-441.124
-576.533
-587.655
-931.063
-558.76
-690.039
-684.862
798.312
441.131
576.539
587.663
931.093
558.771
690.048
684.875
-9290.69
-2340.91
-505.688
-399.393
-301.038
-496.903
-342.596
-5575.28
-2501.35
-1221.56
-1653.13
-1007.99
-580.011
-791.362
-390.081
-385.204
-439.642
-306.56
-8169.8
-1338.43
-303.474
-551.457
-876.592
-582.266
-690.113
-515.276
-234.061
-423.45
-343.25
-424.455
-8234.27
-1865.84
-2130.13
-781.9
-878.278
-47.1622
-71.6682
-120.58
-186.521
-263.241
-338.366
-32.532
-67.759
-137.557
-233.179
-342.721
-451.964
-36.7334
-15.9724
-64.742
-40.1481
-119.868
-89.3342
-191.361
-164.642
-261.658
-258.212
-319.795
-347.695
-414.71
-493.577
-590.213
-836.636
-982.344
-1276.53
-548.038
-612.914
-627.082
-603.364
-518.985
-487.614
-49.9716
-80.2932
-135.498
-207.987
-291.446
-371.693
-36.1649
-78.9031
-156.672
-260.209
-376.166
-487.931
-39.641
-18.1948
-73.7632
-47.1754
-135.873
-102.309
-215.301
-185.892
-294.858
-296.091
-360.261
-414.811
-452.362
-535.908
-638.915
-885.268
-1029.59
-1299.9
-580.927
-636.906
-639.022
-604.194
-516.367
-486.789
-9463.1
-2389.04
-569.726
-456.934
-383.894
-594.361
-418.169
-7097.4
-4915.06
-1870.66
-3519.33
-886.675
-1524.83
-630.842
-663.436
-464.409
-9431.99
-1675.12
-425.921
-691.172
-1059.36
-672.876
-806.512
-618.841
-300.167
-539.923
-473.085
-527.125
-8776.22
-1991.54
-2466.23
-881.207
-980.864
9290.78
2340.94
505.691
399.394
301.041
496.906
342.599
5575.43
2501.82
1221.66
1653.54
1008.31
580.051
791.454
390.145
385.224
439.674
306.575
8169.9
1338.46
303.487
551.469
876.609
582.274
690.12
515.284
234.068
423.456
343.261
424.463
8234.33
1865.85
2130.16
781.909
878.288
47.1621
71.6681
120.58
186.521
263.241
338.367
32.5319
67.7588
137.557
233.179
342.721
451.965
36.7333
15.9723
64.7419
40.148
119.868
89.3341
191.361
164.642
261.658
258.212
319.796
347.697
414.711
493.579
590.216
836.642
982.352
1276.54
548.039
612.916
627.085
603.367
518.989
487.618
49.9716
80.2934
135.498
207.988
291.447
371.695
36.165
78.9034
156.673
260.21
376.167
487.933
39.641
18.1949
73.7634
47.1755
135.874
102.31
215.302
185.893
294.859
296.093
360.263
414.814
452.364
535.912
638.922
885.28
1029.61
1299.92
580.929
636.909
639.026
604.199
516.372
486.794
9463.24
2389.08
569.732
456.938
383.899
594.366
418.174
7097.82
4915.93
1870.84
3520.07
886.726
1524.99
630.866
663.464
464.424
9432.32
1675.19
425.936
691.19
1059.4
672.89
806.524
618.852
300.174
539.932
473.098
527.135
8776.4
1991.58
2466.31
881.231
980.885
-184.86
139.957
191.635
-262.656
581.718
703.791
-913.858
1019.38
1420.05
-511.636
1482.55
1412.49
-1734.8
1003.34
1189.45
-1545.41
-1238.45
-2472.06
-1418.06
-3669.97
-447.232
-2260.67
628.643
-3900.92
415.157
146.534
-147.224
-191.911
275.749
-573.718
-698.691
918.171
-1016.03
-1417.69
513.317
-1480.99
-1411.22
1735.69
-1002.5
-1188.79
1369.34
1090.75
2512.8
1457.8
3682.21
460.908
2265.65
-623.422
3903.18
-412.809
)
;
    }
    patch3
    {
        type            calculated;
        value           nonuniform List<scalar> 
96
(
-382.046
-582.209
-982.548
-1525.86
-2164.83
-2803.2
-264.053
-551.567
-1122.64
-1909.81
-2820.59
-3742.6
-3469.43
-4177.74
-5046.61
-7105.78
-7485.26
-9051.37
-4569.77
-5143.96
-5284.01
-5068.07
-4192.07
-3755.53
-404.223
-650.071
-1099.2
-1691.94
-2379.61
-3049.96
-292.734
-639.351
-1272.18
-2118.95
-3074.94
-4008.27
-3734.83
-4452.53
-5322.92
-7299.72
-7615.42
-9100.7
-4799.64
-5291.19
-5325.37
-5012.38
-4111.23
-3719.49
382.045
582.207
982.546
1525.86
2164.83
2803.2
264.052
551.566
1122.63
1909.81
2820.59
3742.6
3469.43
4177.74
5046.61
7105.77
7485.25
9051.34
4569.77
5143.96
5284.01
5068.07
4192.06
3755.52
404.224
650.073
1099.2
1691.95
2379.62
3049.97
292.734
639.352
1272.19
2118.95
3074.94
4008.27
3734.84
4452.54
5322.93
7299.72
7615.41
9100.68
4799.64
5291.2
5325.37
5012.38
4111.22
3719.49
)
;
    }
    patch4
    {
        type            calculated;
        value           nonuniform List<scalar> 
384
(
-11131
-33231.5
-61317.1
-80578.3
-63804.9
-45835.1
-28364.5
-11279.7
-15786.3
-44349.8
-64105.6
-23657.1
10088.5
33215
61314.9
80575.9
63801.6
45836.4
28362.6
9670.26
14486.2
44337.8
64077.9
21544.3
-51551.1
-62697.5
-78571.5
-96223.8
-53056.7
-63270
-79747.1
-96710.8
51552.8
62699.2
78571.4
96223.9
53061.2
63272.9
79748.9
96711.8
-18977.8
-21956.6
20161.3
22475.3
-17959.8
-6869.27
-21819.9
-9060.87
18617.2
7145.65
22217
9225.97
-20157.5
-22472.6
18980.5
21958.8
-8118.32
-5792.54
-25736.4
-18194.4
-32590.9
-41286
-4320.17
-1472.62
-13566.2
-4770.52
-10231.3
-7183.27
-30186.2
-21446.6
-33715.8
-41863.4
-5166.74
-1644.23
-15592.7
-5337.06
7424.15
5300.49
25735.4
18193.7
32593.1
41288.3
3972.36
1360.61
13562.8
4770.91
9384.11
6575.97
30190.4
21448.8
33719.5
41866.6
4746.44
1515.26
15589.6
5338.06
-18614.9
-7144.69
-22214.5
-9224.89
17961.7
6870.1
21822.1
9061.88
-13998.2
-17866.8
-12896.3
-16485.5
13996.7
17865.7
12896
16484.9
-951.491
-1352.4
-2764.31
-4272.61
-2540.33
-2184.47
-4414.95
-6228.57
-7589.99
-12040.3
-8756.37
-12598
-7081.41
-11869.7
-7127.56
-11977.1
-410.663
-1510.44
-1918.52
-4690.63
-971.698
-1595.23
-4377.81
-6270.68
-7372.55
-11693.1
-8050.02
-11949.7
-7013.36
-11693.5
-7119.24
-11925.6
900.428
1255.24
2765.74
4267.35
2538.02
2181.16
4414.86
6228.96
7589.22
12040
8755.41
12597.5
7081.27
11869.6
7127.67
11977.1
396.855
1399.37
1923.64
4685.48
970.18
1591.78
4377.7
6271.09
7371.8
11692.9
8049.4
11949.3
7013.23
11693.4
7119.35
11925.6
-1021.74
-2030.2
-3444.13
-6563.35
-6150.28
-11033.4
-10864.2
110.133
-681.212
-1735.27
-4514.26
-3821.79
-8296.83
-9595.02
964.578
1894.7
3443.46
6544.72
6146.77
11027.2
10863
-92.1414
641.461
1745.47
4508.67
3821.27
8294.34
9594.73
-767.417
-2413.2
-4176.36
-5895.89
-7926.33
-11652.6
-10207.1
-12472.4
-12634.7
-784.626
-2468.99
-4242.81
-5931.45
-7911.9
-11594
-10159.5
-12426.8
-12618.3
678.087
2423.36
4177.82
5895.76
7926.06
11652.6
10207
12472.5
12634.8
693.161
2480.17
4244.57
5931.51
7911.78
11594.1
10159.4
12427
12618.4
-157.468
-494.891
-852.96
-1197.22
-1639.35
-2656.4
-2231.52
-2912.12
-2960.08
-160.845
-505.726
-866.777
-1206.54
-1640.53
-2645.64
-2224.93
-2902.92
-2956.63
137.424
497.181
853.222
1197.08
1639.18
2656.34
2231.39
2912.11
2960.09
140.26
508.224
867.11
1206.44
1640.39
2645.6
2224.83
2902.92
2956.64
-34.2846
-107.872
-186.037
-262.14
-364.841
-625.323
-511.219
-697.449
-713.875
-35.011
-110.18
-189.137
-264.582
-365.836
-623.501
-510.573
-695.682
-713.178
29.7405
108.332
186.053
262.068
364.767
625.292
511.162
697.435
713.869
30.3438
110.676
189.166
264.518
365.77
623.475
510.523
695.672
713.174
-7.41431
-23.4241
-40.5825
-57.5877
-81.2723
-144.914
-116.085
-163.924
-169.012
-7.56488
-23.9025
-41.2494
-58.1617
-81.5901
-144.635
-116.082
-163.61
-168.882
6.40398
23.5133
40.5754
57.562
81.2471
144.901
116.064
163.917
169.008
6.52844
23.9979
41.2444
58.1372
81.5662
144.624
116.063
163.604
168.879
-1.83625
-5.82229
-10.1402
-14.5138
-20.7619
-38.2905
-30.1225
-43.8794
-45.573
-1.87081
-5.93201
-10.2972
-14.6573
-20.855
-38.2486
-30.1484
-43.8202
-45.5468
1.58064
5.84133
10.1356
14.5046
20.7529
38.2853
30.1148
43.8761
45.5708
1.60911
5.95219
10.293
14.6483
20.8463
38.2437
30.141
43.8172
45.5447
)
;
    }
}


// ************************************************************************* //
