/*--------------------------------*- C++ -*----------------------------------*\
| =========                 |                                                 |
| \\      /  F ield         | OpenFOAM: The Open Source CFD Toolbox           |
|  \\    /   O peration     | Version:  2412                                  |
|   \\  /    A nd           | Website:  www.openfoam.com                      |
|    \\/     M anipulation  |                                                 |
\*---------------------------------------------------------------------------*/
FoamFile
{
    version     2.0;
    format      ascii;
    arch        "LSB;label=32;scalar=64";
    class       volScalarField;
    location    "0.3";
    object      gradTy;
}
// * * * * * * * * * * * * * * * * * * * * * * * * * * * * * * * * * * * * * //

dimensions      [0 -1 0 1 0 0 0];

internalField   nonuniform List<scalar> 
5712
(
18452.1
10122.2
30958.3
20732.7
29816
26170
40898.4
53691.6
63538.3
84516.2
34999.9
31765.5
21479.8
15257.7
14747.3
8426.48
26959.7
19823.5
25373.2
21779.7
29770.8
24982.1
36836.3
27738.7
10385.9
6876.24
5504.5
3948.33
14149.7
8772.23
7897.15
5380.12
33217
32896.3
25808.4
17023.7
20667.5
17614.8
17241.4
16660.4
20778.8
21161.2
49953.7
55780
31185.6
34170.4
30277.9
23909.3
26524.5
17402.6
11673.5
10546.1
11087.2
20679.9
5603.99
8958.15
14317.5
26797.8
9349.79
14764.9
13630.5
31372.6
10788.8
21452.1
2879.05
14168
68.3555
10075.6
17884.5
21290.5
21073.8
22162.5
20849.4
19197.3
23607.1
19961.2
22546
27078.3
20820.4
25816.5
22093.4
22697.1
21994.3
22910.5
25118.4
20446.2
25840.4
20676.9
21721.6
27644.5
19769.6
27812.9
31039.7
39257.9
38541.5
66583.7
32494.4
46633.5
38117.1
74108.8
29400.3
34198.1
38455
62715.9
28328.8
31121.4
38579.9
61048.2
11261.2
14891.1
31443.5
54251.1
12828.9
14866.1
37330.7
58414.1
14173.3
14669.3
43783.6
62031.8
27324.4
22336.2
30381.4
34057
58440.1
22129.5
24639.2
29454.7
29770.2
68641.6
19772.5
22448
24302.2
34433.4
85981.5
2865.86
3664.59
8210.44
19801.8
4027.19
5436.29
10434
21511.4
5719.03
4995.71
13462.1
23572.4
19087.6
15240.4
20065.1
15207.3
22510.9
15736.4
19062.1
13837.8
17858.7
28324.6
16788.8
12194
18861.3
14219.9
20243.6
15127.2
22499
16576.6
20471.3
28990.4
19913.4
18754.3
20535.5
20220.2
16808.2
13665.6
17288.2
14770.1
22200.6
20448.5
22393
19905.4
20739.1
20628.5
20781.1
20700.9
17629
15491
17647.4
15601.1
21433.4
19856.3
21876.7
20126.3
24177.4
22035.8
18479.5
23036
24952.6
21980.2
19358.3
24468.9
22919.2
21207.8
18058
22580.5
22751.4
20717.4
17542
21772.4
2391.45
1318.83
663.061
1102.16
580.756
446.989
3797.61
1631.63
816.189
2672.93
1636.55
852.139
3362.13
1823.88
1218.98
4843.71
2663.65
1529.57
9950.48
4958.92
2615.43
10107.1
5393.86
3012.06
8501.79
4641.57
2772.48
8052.17
4486.97
2650.59
7944.15
3395.71
1553.82
7784.43
4021.57
2167.51
9309.46
4792.78
2641.53
8642.12
4118.52
2218.04
8132.64
3966.14
2170.08
7427
3005.47
1320.9
29517.2
27939.4
33453.8
27976.1
32222.4
28752.9
41412.5
31494.3
16201.6
15068.2
16716.7
14119.6
22153.6
16693.2
22725.3
15434.1
24623.1
24295
20408.5
21638.7
23371.2
21901.5
30440.7
32689.2
35462.9
39427.3
24177.8
25671.3
20667.8
21088.9
21817.3
21493.7
11067.3
5203.58
10695.8
5854.52
11119.1
5129.89
10620.5
5658.19
10484.4
4669.97
10324
5398.96
10396.8
5641.6
10085.1
5585.11
18646.9
12151.4
19497.5
13013.2
22356.2
17268.8
24283.5
18077.1
16498.5
8863.92
16163
8087.78
20794.1
13526.9
21939.6
13717.9
26223.2
18668
27480.2
18941.5
16621.3
9239.94
16815.6
9339.12
8047.62
4249.4
5703.26
2963.85
6981.22
3652.74
5056.97
2615.18
8446.34
4566.52
5997.06
3138.03
8579.08
4730.52
6061.08
3191.14
1428.2
610.357
2309.51
1125.75
1456.08
690.036
2317.14
1231.68
1526.63
909.919
2240.69
1408.37
7339.12
14725.2
4430.3
3829.63
2402.9
14567.4
7750.26
3572.92
3064.32
1707.36
14363.4
9001.31
5868.72
3789.51
2078.29
289.651
165.473
631.108
420.371
371.084
189.605
764.486
509.329
548.282
301.107
946.666
650.257
13443.1
9968.92
6931.49
4678.35
3524.29
2354.35
2433.86
1560.63
1356.05
944.451
11695.5
7804.03
7169.94
4514.92
4578.33
2871.19
2810.15
1760.24
1665.37
1251.69
7168.83
3986.79
7592.65
3900.25
10778
6248.85
11467.8
6510.05
5228.65
2791.46
5005.86
2867.06
8155.53
3803.41
8372.21
3924.57
12430.1
6915.13
12604.4
7085.98
5382.38
2687.1
5529.5
2832.03
3191.13
1835.96
1860.77
1557.64
3158.28
1868.7
1898.45
1497.77
3200.73
1801.84
1800.28
1610.68
3376.89
1864.91
1887.53
1596.77
129.66
57.9678
25.5159
436.523
127.584
57.0824
121.054
65.0564
30.3942
496.302
155.802
71.7954
187.477
106.326
56.2691
586.202
206.086
99.16
5696.2
2803.05
1494.48
2633
1277.91
683.813
1390.17
662.698
355.243
867.778
392.55
202.846
768.503
292.942
140.576
4260.41
2038.13
1033.11
2329.95
1071.69
533.971
1491.95
657.173
313.062
984.472
419.042
196.247
1075.78
371.275
172.846
1724.73
486.054
135.189
36.175
1997.88
552.264
149.192
39.7455
1642.43
469.376
132.379
35.892
1946.95
545.428
151.779
41.6573
1496.59
441.013
134.71
37.692
1834.3
533.947
161.15
45.66
1902.29
549.972
151.442
41.3346
1904.72
555.033
147.607
39.1799
1529.38
459.09
142.022
40.025
1139.14
357.603
115.289
31.6907
1294.42
395.373
129.744
37.5617
1018.38
324.113
107.455
29.8074
1650.98
494.896
145.119
39.8554
1205.74
378.212
118.429
32.0491
1696.81
510.966
146.39
39.8285
1228.7
387.823
120.827
32.8312
1159.62
374.137
114.866
31.6478
713.504
262.697
90.6671
25.1344
1107.38
361.44
113.24
31.3769
709.688
260.215
89.9846
24.9614
1032.58
341.849
112.425
31.3588
728.69
263.195
90.5851
24.7713
949.863
312.096
105.847
29.8587
736.672
261.545
92.3371
25.3212
862.597
285.71
96.7737
27.0098
409.32
180.864
60.5327
12.497
216.266
143.807
49.072
9.85507
438.026
188.878
62.8673
13.2101
244.028
152.11
51.0847
10.237
488.29
201.92
65.0182
13.3552
293.353
166.627
53.6922
10.6251
572.247
220.062
69.9421
14.6605
370.229
187.72
58.2294
11.521
703.573
247.114
77.9552
16.9261
484.737
212.002
62.878
12.3435
834.855
281.622
83.5166
17.0025
580.205
244.661
71.313
13.5825
804.572
268.422
80.6122
16.752
562.962
233.822
67.5075
13
839.511
287.34
82.9481
16.2405
584.579
250.224
72.4021
13.5497
824.21
290.817
84.2317
16.4013
598.804
254.08
73.6055
13.7088
9.01751
2.45022
0.639067
0.157136
0.0291111
9.77036
2.57083
0.657046
0.159767
0.0294443
9.06637
2.44886
0.639949
0.157787
0.0292808
9.98239
2.58717
0.661138
0.161089
0.0297277
8.90841
2.41932
0.638768
0.158415
0.0294729
9.96383
2.60725
0.670406
0.163833
0.0302651
10.3177
2.72077
0.697654
0.169785
0.0312736
10.2865
2.78631
0.71784
0.174555
0.0321056
9.33688
2.51943
0.662085
0.163625
0.0303746
7.93115
2.36291
0.643698
0.161442
0.030149
8.49261
2.39479
0.640197
0.159546
0.0297365
7.50043
2.2997
0.632016
0.159152
0.0297803
9.70396
2.61983
0.683303
0.167895
0.0310649
8.14248
2.44173
0.662044
0.165323
0.030792
9.82703
2.69363
0.704629
0.172958
0.0319545
8.26697
2.50984
0.682175
0.170185
0.0316533
7.84761
2.27142
0.613666
0.153555
0.0286693
6.55236
2.12506
0.595151
0.151073
0.0283706
7.775
2.26126
0.613276
0.153882
0.0287738
6.54768
2.1252
0.596041
0.151507
0.0284765
7.58651
2.23984
0.61309
0.154524
0.028949
6.53983
2.12946
0.598825
0.152453
0.0286757
7.30758
2.23474
0.617334
0.155975
0.0292399
6.68008
2.17962
0.609266
0.154604
0.0290351
7.07322
2.25783
0.62404
0.157526
0.0295111
22790
33856.8
23351.5
33882.1
24274.7
33927.5
25346.1
34804.1
26250.4
36761.4
23343
27726.5
24170.2
30069.5
23159.8
27142.7
23117.8
26955.3
20423.7
3833.13
990.403
318.783
84.789
23037.6
7037.37
2063.17
689.299
188.054
20550.4
3732.96
949.454
305.004
81.8032
23076.8
6982.38
2024.37
675.385
188.368
20768.5
3653.51
911.28
291.596
78.7398
23222
6926.73
1983.66
660.656
185.905
21036.7
3548.11
869.274
278.037
75.5496
23452.6
6874.63
1954.6
652.75
184.958
21179.7
3457.94
849.614
275.548
75.6692
23588.9
6841.69
1961.2
664.162
190.027
20291.4
3982.76
1100.24
382.161
108.294
21407.3
7091.77
2220.43
799.979
235.839
20657.1
3760.95
984.424
330.525
92.1815
22247.3
6976.68
2089.27
728.05
211.104
20157.3
4143.39
1182.3
420.054
120.589
21148.1
7187.75
2310.46
851.343
254.786
20156
4103.39
1176.78
421.401
121.954
21049.7
7164.14
2322.5
861.807
260.751
42212.4
66549.8
58561.1
38600.5
19064.6
20606.1
30908
32358.9
22825.1
25815.8
39036.3
55954.7
59843.6
86234
29192.6
33709.8
22058.3
22447.7
14645.6
15526.7
1924.92
1009.76
22.7914
9.16703
9.91764
7.3503
15.9811
1544.2
1048.15
539.723
486.095
238.503
96.1028
215.072
89.8609
47.0774
55.2839
32.3296
1423.09
410.602
92.8617
85.7841
176.016
124.193
64.118
50.8752
20.2601
18.0996
42.257
42.9949
1604.9
664.561
757.619
319.247
189.833
433.636
62.9484
23.2308
80.4325
3507.59
2691.23
1904.89
1532.99
1902.29
1927.88
1580.07
1151.23
913.48
828.157
51.9997
57.0346
51.2938
43.2371
38.1386
21.2501
23.9855
22.2151
19.1344
17.0635
23.0289
26.0658
24.1826
20.8132
18.5306
17.1241
19.4952
18.2033
15.7606
14.0852
36.7534
40.8847
37.2661
31.6705
28.0267
2968.7
2429.25
1674.9
1263.16
1563.87
1940.59
1502.06
1029.2
753.928
716.595
1067.9
915.276
665.863
504.867
441.71
882.415
691.217
472.772
337.31
290.954
423.813
335.309
228.554
160.251
133.825
204.746
200.271
162.18
127.145
108.769
437.062
394.358
298.829
226.555
193.24
186.445
174.727
136.541
104.202
87.7536
103.416
106.52
90.2125
72.5478
62.4465
119.423
119.669
98.9051
78.1519
66.6786
71.9547
75.7709
65.4382
53.2172
45.939
2749.78
2276.65
1597.97
1239.88
1564.44
839.757
761.028
578.952
450.127
393.981
201.438
202.714
168.148
134.252
115.904
187.677
191.517
160.883
129.654
112.407
373.94
362.658
291.717
230.731
200.167
271.307
275.047
229.104
184.236
159.692
143.083
150.641
130.05
106.807
93.183
114.006
121.077
105.357
86.6822
75.5875
46.1308
50.4779
45.2398
37.857
33.1789
41.4255
45.7184
41.3319
34.8604
30.7048
94.0734
99.0119
85.5122
69.8124
60.5764
96.2613
102.225
89.0192
73.1876
63.7637
2995.6
2373.69
1673.79
1338.45
1688.39
1308.07
1125.37
842.358
667.381
599.865
1627.6
1483.5
1060.89
834.645
777.583
674.442
641.105
505.133
401.524
350.133
411.261
408.608
333.321
266.474
230.798
912.259
844.613
639.393
501.236
432.525
140.403
147.784
127.522
104.532
91.0866
52.8881
57.7965
51.7497
43.4063
38.1651
177.419
183.309
155.513
126.092
109.468
25574.4
17730.9
26647.1
21587.1
29980.2
49076.6
33198.7
52191.8
27092.8
23660.4
25216.1
23367.9
25592.7
23087.8
35952
26985.7
21853.6
22475.8
9793.09
8891.03
25160.8
22772.8
13479.2
9851.11
35102.5
36862.4
28386.4
22741.5
33473.8
22056.8
17497.2
16862.3
21624.8
21463.5
50827.9
56284.6
31193.1
34297.6
31889.4
24351.1
28419
17841.7
12947.4
10823.9
27129.9
34895.1
10790.1
14055.9
28368.3
38777.2
14262.5
19593.9
23508.1
39230.8
14446.1
25308.9
3539.83
15597.8
123.044
10367.2
20962
21147.8
21964.6
22219.8
20516.7
18475.6
23245.4
19567.6
24684.5
27636.1
26402.1
26380.6
22523.8
22765.7
22105.8
22936
25010.9
20263.2
25830.4
20619.5
22621
27993.4
19983.3
27930.7
32858.3
41851.4
39655
68179.7
35266.8
51018.5
39696.6
76661.5
30333.7
35474.6
39092.7
63601.1
28595.9
31480.7
38793.6
61342.8
37058.9
41161.1
52561.7
76523.5
34484.4
35788
54108.3
75748.4
28704.5
28103.7
54578.2
72529
20667.3
17821.3
27171.8
35362.8
63951.6
17344.6
17920
27289.3
30800.1
74664.7
16720.4
19324.4
23096.5
36021.1
89639.8
18206.7
14524
17030.2
24260.4
17656.8
14520.1
17556.6
25034.8
16037.1
12299.9
17808.9
25413.1
15063.5
11948.6
15783.4
12407.2
21812.7
16298.4
20261.9
15139.3
19911.7
28716.1
14632.8
11130.5
16786.1
13395.9
19462.8
15042.2
23388.9
17242.9
21314.6
28627.8
19168.9
18193.8
20260.2
19918.5
15874.4
13095
16826.2
14436.1
22276.1
20391.9
22236.4
19725.5
20643.2
20481.9
20758.5
20657.5
17421.7
15319.2
17587.7
15548.8
21509.2
19839.4
21900.8
20120.1
24526
22181.7
18840.8
23265.6
25445.1
22183.9
19975.2
24752.5
23117.6
21299.5
18253.2
22723.1
22826.4
20752.6
17615.8
21824.4
11820.5
12395.8
4845.43
4701.64
11684.4
10664.8
5985.63
5861.56
8845.87
7327.41
7143.53
6161.81
9088.38
6648.8
9901.34
7719.43
10792.9
8267.79
10463.5
7769.93
9672.58
5962.74
8268.59
6056.35
10381.1
7577.13
10140.8
6990.13
9953.47
6772.58
7885.37
4310.98
22466.7
20569.7
30654.8
24592.4
27403.2
23847.2
41577.1
29846.6
16892.6
11139.6
20100.8
13038.1
17222.2
11223.9
20712.4
13166.6
20591.6
16786.4
17223.9
14984
15365.2
18240.7
28784
32198.1
34785.8
39258.3
22318.4
25146
19000.2
20620.2
19849.5
20888.7
7599.73
4625.82
8887.39
5103.02
7477.16
4512.08
8793.68
4961.08
7257.58
4146.18
8688.74
4818.07
9439.23
5225.61
9765.05
5436.09
14439.6
11030.2
17471.8
12188.4
19238.4
15761.6
22845.6
17193.7
14311.9
8263.31
11993
7465.91
19759.5
13059.7
21635.3
13565.4
25563
18217.7
27298.9
18802.5
15471
8861.75
16462.3
9209.6
7245.28
3963.73
5380.3
2868.46
6115.77
3507.81
4856.33
2632.44
7954.38
4345.95
5759.8
3046.56
8422.67
4651.54
5974.39
3154.08
5675.74
5031.53
3787.5
3216.52
5431.33
4948.36
3618.56
3086.18
5092.22
4635.71
3213.74
2743.45
10762.8
15476.3
8410.33
4843.68
2950.64
14795.5
11333.6
8580.94
4558.14
2572.53
14278.7
9996.32
6777.33
4429.95
2426.22
4595.01
3834.38
2870.02
2415.13
4445.85
3546.36
2722.57
2254.17
4053.45
3108.73
2344.07
1853.22
12640
9150.3
8699.23
6029.29
6562.29
4854.52
3914.5
2894.2
2239.75
1741.25
11206.2
7449.52
7704.71
4819.01
5374.82
3461.16
3505.55
2328.77
2054.47
1612.4
6968.11
3964.2
7332.07
3824.26
10236.8
6017.47
11082.9
6349.22
5070.69
2759.57
4999.35
2955.87
7972.7
3744.68
8308.53
3903.53
12210.9
6822.85
12534.6
7056.7
5249.64
2643.57
5480.48
2814.54
3126.46
1834.26
1853.31
1576.89
3251.72
1993.8
2004.08
1633.42
3127.45
1775.98
1773.32
1598.12
3346.47
1853.01
1873.52
1588.8
3280.31
2679.45
2599.42
2023.03
2936.71
2353.05
2386.42
1827.24
2454.52
1891.26
1954.07
1449.28
6145
4404.59
4108.84
2896.71
3478.75
2513.16
2014.02
1355.74
1785.42
1234.26
4459.08
3162.22
2766.99
1938.34
2066.55
1427.11
1513.28
997.413
1725.89
1062.38
1772.96
529.049
150.306
40.9896
1912.84
565.459
158.736
43.539
1677.52
507.72
145.762
40.2175
1858.66
552.93
159.112
44.8629
1523.23
473.36
146.343
41.5739
1756.24
536.431
166.273
48.193
1830.17
545.726
153.602
42.6225
1875.72
552.367
148.079
39.562
1496.55
464.427
146.356
41.9811
1139.58
366.411
119.555
33.2952
1332.75
420.823
139.326
40.8802
1069.96
348.589
115.819
32.3695
1610.11
492.894
146.673
40.8213
1192.17
379.868
120.262
32.8904
1680.12
509.402
146.733
40.1108
1221.75
387.738
121.303
33.0803
1534.2
468.579
139.34
38.1256
1284
397.905
123.988
32.7753
1430.11
447.023
135.734
37.3843
1199.03
381.682
120.443
32.0214
1284.37
414.261
132.423
36.7532
1084.14
358.897
115.655
30.6682
1132.6
368.074
121.867
34.1894
1003.26
337.525
112.812
30.138
1003.77
330.685
110.112
30.3964
1020.15
331.263
93.3416
17.8656
713.867
292.978
83.1904
15.4263
961.453
322.93
92.9531
18.3353
676.851
285.249
82.1785
15.39
877.009
308.661
89.4563
17.5661
621.738
273.378
79.1112
14.8983
857.366
300.146
89.5343
18.22
623.556
267.723
77.7959
14.9205
870.148
297.239
91.7069
19.7045
658.17
265.302
76.4518
14.823
850.265
292.551
88.1523
18.0933
596.081
255.8
75.4044
14.453
872.407
295.118
89.2992
18.5948
628.404
261.228
75.5481
14.5631
836.877
290.448
84.9168
16.7482
583.339
253.361
74.0389
13.9356
821.563
291.262
84.7305
16.5429
596.945
254.556
74.0067
13.8131
10.4099
2.8358
0.737561
0.180585
0.0333408
10.9876
2.92811
0.750668
0.182324
0.0335347
10.3449
2.79704
0.72871
0.178958
0.0331077
11.037
2.89685
0.742407
0.180732
0.0332995
10.0321
2.72396
0.716605
0.177061
0.0328556
10.7605
2.84275
0.732871
0.17908
0.0330555
10.7615
2.85238
0.733757
0.178824
0.0329522
10.4382
2.8343
0.731349
0.177992
0.0327497
9.96335
2.70755
0.712966
0.176225
0.0327014
8.48213
2.53967
0.692425
0.173626
0.0324106
9.39807
2.64783
0.705901
0.175467
0.032645
8.26
2.51669
0.689635
0.173318
0.032389
10.0827
2.74453
0.718407
0.176778
0.0327232
8.45823
2.55736
0.695735
0.173976
0.0324181
9.94196
2.73278
0.716005
0.175895
0.0325086
8.36331
2.54752
0.693616
0.173193
0.0322253
9.48395
2.69451
0.718313
0.178085
0.0330635
8.38202
2.57434
0.703851
0.176292
0.0328675
9.30438
2.65386
0.710258
0.176649
0.0328594
8.25809
2.54439
0.697582
0.175121
0.0326961
8.95453
2.58912
0.699678
0.174957
0.0326304
8.04681
2.50344
0.690102
0.173817
0.03251
8.46241
2.52994
0.691619
0.173721
0.032461
7.96104
2.49917
0.68857
0.173406
0.0324352
8.01648
2.51033
0.689203
0.173317
0.0323988
25828.1
34688.5
25805.1
34521.2
25906.6
34261.3
26420.7
34934.9
26827.6
36565.8
23626.5
27964
24601.3
30331
23318.1
27285.8
23163
26998.4
21615
3988.51
1016.61
323.348
85.4294
23951.7
7281.75
2114.24
698.641
189.371
21585.2
3868.4
972.422
309.013
82.3644
23864.6
7198.59
2069.92
683.692
189.537
21552.8
3759.09
929.532
294.806
79.1881
23807.6
7097.72
2020.49
667.421
186.85
21583.4
3622.55
882.414
280.376
75.8774
23844.3
6997.34
1981.83
657.809
185.666
21522.7
3505.88
858.331
277.125
75.8909
23811.9
6924.09
1980.18
667.734
190.54
20449.8
4007.24
1104.84
383.011
108.418
21564
7132.62
2229.28
801.648
236.076
20895.8
3796.41
991.035
331.738
92.3536
22457.6
7036.91
2102.71
730.571
211.468
20246.9
4157.72
1185.01
420.56
120.666
21239.4
7210.94
2315.39
852.294
254.932
20184
4107.77
1177.59
421.55
121.978
21078.1
7171.35
2324
862.091
260.799
41802.9
66827.5
59196
37279.2
24900.1
33446.7
23811.4
32850.6
30924.6
56725
34752.3
62960.8
0.0397616
0.0856106
0.227522
0.615246
1.62855
4.17909
0.0767139
0.155735
0.385937
0.966505
2.36124
5.58678
0.0198999
0.0123595
0.0468259
0.0310356
0.139077
0.0996471
0.428467
0.338983
1.27386
1.10956
3.56562
3.1902
10.4107
25.8482
65.6877
168.651
315.849
458.077
12.7735
28.0552
58.5176
111.52
176.76
228.216
0.0964164
0.118166
0.120017
0.112129
0.105068
0.20654
0.250748
0.25184
0.232782
0.216608
0.545815
0.65578
0.650682
0.594593
0.549213
1.4667
1.74199
1.70574
1.53989
1.41151
3.85291
4.51327
4.35158
3.87494
3.52217
9.79305
11.2765
10.6727
9.35587
8.42648
0.185215
0.225161
0.226495
0.209675
0.195308
0.373932
0.450004
0.447388
0.40963
0.378871
0.921072
1.09627
1.07619
0.973928
0.894172
2.29163
2.69545
2.61124
2.33529
2.12846
5.55646
6.4478
6.15495
5.43505
4.91635
13.0297
14.8823
13.9705
12.168
10.9212
0.0485087
0.0599778
0.061521
0.0580297
0.05472
0.0302357
0.0376345
0.0389146
0.0369949
0.0350627
0.113559
0.139089
0.141078
0.131629
0.123234
0.0755342
0.0931239
0.0951891
0.0894758
0.084171
0.335318
0.406335
0.40698
0.375158
0.348467
0.241067
0.293922
0.296485
0.275126
0.256634
1.02598
1.22775
1.21191
1.10199
1.01465
0.81406
0.979212
0.972196
0.888632
0.820822
3.02472
3.5644
3.4576
3.09466
2.82138
2.64071
3.12448
3.04375
2.73369
2.49708
8.3782
9.68794
9.20418
8.0915
7.29835
7.51707
8.73382
8.3361
7.35198
6.64129
24.095
27.143
25.1117
21.6221
19.2855
58.8601
64.4491
57.9773
48.9363
43.2352
146.314
154.188
133.847
110.555
96.9013
364.294
364.161
302.096
244.364
213.57
657.474
621.908
497.571
398.409
350.863
932.329
851.258
665.396
530.235
468.909
29.4734
33.0389
30.4275
26.1136
23.2564
63.91
70.0729
63.1548
53.3773
47.1965
131.27
140.214
123.354
102.679
90.2592
245.685
254.669
218.346
179.269
157.06
382.243
384.971
323.015
262.791
230.282
487.613
481.983
398.977
323.005
283.214
0.039817
0.0859706
0.228827
0.619559
1.64066
4.20572
0.0767471
0.15595
0.386463
0.967491
2.36167
5.58085
0.0199686
0.0124171
0.0472188
0.031399
0.140866
0.101499
0.436087
0.348342
1.3017
1.15402
3.65219
3.40438
10.443
25.816
65.3603
167.372
313.85
456.969
12.7399
27.9386
58.2112
110.905
176.01
227.848
0.0965893
0.118438
0.120349
0.112497
0.105452
0.207486
0.252088
0.253446
0.23453
0.218411
0.54922
0.660528
0.656269
0.60058
0.555337
1.47786
1.75737
1.72361
1.55883
1.43076
3.88429
4.55658
4.40196
3.92836
3.57648
9.86348
11.3768
10.7924
9.4852
8.55937
0.185355
0.225431
0.226871
0.21013
0.195805
0.374591
0.451137
0.448964
0.411526
0.38093
0.922769
1.09931
1.0805
0.979165
0.899886
2.29521
2.70249
2.62168
2.34827
2.14276
5.56078
6.46019
6.1761
5.46308
4.94811
13.024
14.8936
14.0036
12.2193
10.9828
0.0486843
0.0602152
0.0617927
0.0583147
0.0550074
0.0303822
0.0378296
0.0391338
0.0372211
0.0352891
0.114556
0.140421
0.142577
0.133181
0.124789
0.0764472
0.0943204
0.0965097
0.0908171
0.0855
0.339811
0.412218
0.413467
0.381741
0.354988
0.245675
0.299853
0.302897
0.281517
0.262894
1.04493
1.25218
1.23839
1.12845
1.04061
0.837114
1.00837
1.00311
0.9189
0.850158
3.09355
3.65222
3.55178
3.1879
2.91239
2.74903
3.25895
3.18344
2.86809
2.62602
8.59219
9.96022
9.49466
8.37787
7.57734
8.03175
9.35649
8.9641
7.94056
7.19692
24.1921
27.304
25.3261
21.8709
19.5507
58.839
64.5487
58.2252
49.3019
43.6644
145.701
153.814
133.874
110.934
97.4819
361.703
361.991
300.885
244.033
213.76
653.359
618.224
495.047
396.962
350.093
930.026
849.135
663.841
529.205
468.221
29.4138
33.0113
30.4515
26.1842
23.354
63.6792
69.8971
63.0946
53.4274
47.3121
130.641
139.674
123.048
102.605
90.3247
244.401
253.504
217.575
178.89
156.918
380.666
383.499
321.959
262.15
229.899
486.837
481.25
398.432
322.648
282.976
1917.85
1006.44
23.0032
9.33998
11.3437
8.0421
16.7717
1498.99
1082.28
553.986
609.779
113.815
249.14
61.9593
89.4948
47.4303
1389.61
410.178
100.297
88.9803
178.365
124.784
64.1136
52.288
27.2672
21.7807
48.9227
46.2113
1586.7
658.511
745.036
315.867
188.475
429.288
63.6312
24.8177
82.1876
3493.25
2678.41
1895.67
1526.56
1897.66
1921.2
1574.22
1147.06
910.684
826.356
52.5873
57.9043
52.3446
44.3786
39.3166
21.6879
24.5595
22.8425
19.7666
17.6885
26.4062
30.0393
28.0644
24.3555
21.8262
18.7725
21.4563
20.1429
17.549
15.7584
38.6823
43.2747
39.738
34.0476
30.3136
2930.55
2471.5
1762.42
1381.28
1748.02
2094.94
1740.98
1272.23
1007.53
1026.68
1116.85
990.887
749.805
594.395
539.005
1232.83
1070.58
784.476
617.239
588.714
246.858
248.935
208.506
169.913
150.162
519.761
489.785
388.145
310.382
277.671
137.878
145.249
126.291
104.725
92.4752
196.466
202.193
172.201
141.289
124.695
106.665
114.389
101.036
84.4967
74.7154
2697.92
2256.72
1606.73
1269.7
1624.84
845.232
777.525
603.029
479.36
426.987
219.71
225.139
190.887
156.172
137.44
195.974
202.573
172.963
141.929
124.762
381.583
375.167
307.109
247.723
218.187
273.631
279.515
235.218
191.398
167.439
143.375
151.596
131.648
108.865
95.4879
117.647
125.947
110.752
92.1947
81.113
62.3689
68.8451
62.4573
53.0949
47.1634
50.0439
55.6505
50.8304
43.3989
38.5999
109.896
117.592
103.628
86.521
76.4012
104.113
111.897
98.9246
82.6902
72.9523
2960.45
2344.87
1655.43
1328.6
1686.19
1296.16
1115.49
836.012
663.997
598.476
1605.37
1470.9
1059.67
842.271
791.933
668.024
636.538
503.477
402.304
352.345
409.218
408.43
335.362
270.261
235.594
906.624
845.826
647.269
514.127
448.543
142.372
150.802
131.23
108.609
95.3376
56.7228
62.4638
56.4851
47.8947
42.4548
182.166
190.006
163.2
134.175
117.734
168.331
190.343
234.34
281.697
281.445
130.305
23490.8
24701.7
23882.7
25528.7
23681.4
21418
21560.4
19955
23592.1
36025.2
26245.5
34763.3
36421.9
21298.8
45960.4
20025.3
21271.6
20678.2
21640
20749.7
20275.1
19058.8
18568.9
23969
47244.2
26779.8
44540.5
37524.4
27467.9
53023.3
16411.8
17414.3
16188.9
16514.7
17570.7
18360.4
15453.2
16028.7
25750.4
40705.7
28742
39480.7
36164.1
30386.6
45860
13050.4
13756.6
11823.7
11884.7
14310.7
15671.5
11526.9
12627
20861.2
32951.5
22891.3
30608.4
27595.1
23241.4
35389.4
10246.2
10803.7
8720.13
8730.16
11512.2
12758.2
8483.95
9368.81
16111
22714.9
17703.8
20035.3
19763.1
14996
22317.9
8232.73
8641.57
6639.44
6659.79
8675.13
8855.78
6398.17
6729.74
11548.9
14601.8
12601.5
12743.7
13708.9
8934.55
14349.2
20053.1
19202.1
22971.4
25170.6
18617.3
17907.9
20585.9
19633.2
14622.8
7309.19
15016.4
7192.18
14007.6
11204
10409.7
17516.3
17059.1
19481.5
20868.2
16585.8
16051.3
17820.6
17221.6
11146.5
5835.38
11281.1
5707.03
10117.9
8851.82
7789.09
12896.1
12634.7
14678.5
15299.8
12399.8
12004
13849.4
13845.2
8008.47
4583.92
8104.15
4396.16
7605.61
6053.12
6418.64
8302.31
8228.85
10091.8
10319.9
8069.79
7709.21
9846.47
9850.05
4626.46
2834.04
4707.7
2799.34
4420.11
3514.9
4398.27
5390.84
5389.99
6999.81
7112.53
5216.06
5027.54
6852.07
6695.24
2736.57
2051.22
2882.4
2299.34
3012.7
2916.01
3504.66
3525.82
3558.4
5017.64
5092.23
3672.14
3791.31
4900.16
4947.59
2041
2017
2274.55
2304.11
2526.11
2605.18
3165.31
18084.2
9709.61
30930.4
20662.4
29814.3
26149.2
40896.9
53680.9
63547
84503.9
35020.8
31757.1
21497.7
15229.6
14287.5
7956.63
26952.6
19819.8
25364.6
21776.4
29768.3
24980.1
36831.7
27736.5
10156.1
6759.43
5338.7
3875.83
14129
8758.15
7892.16
5385.53
33207.4
32884.4
25803.9
17020.4
20660.2
17615.6
17239.1
16659.8
20777.4
21160.5
49952.4
55779.6
31184.3
34169.5
30277.5
23910
26524.2
17402.6
11673.4
10546.2
10906.1
20317.6
5486.7
8735.65
14325.5
26820.7
9367.26
14791.7
13635.6
31383.9
10795.9
21462
2880.06
14171.7
68.3414
10076.9
17882.7
21289.7
21072.5
22161.9
20848.1
19196.5
23605.8
19960.5
22545.9
27078.4
20819
25816.4
22092.6
22696.8
21993.7
22910.2
25117.4
20445.6
25839.5
20676.2
21721.5
27644.8
19769.5
27813.2
31041.2
39262.4
38542.9
66586
32495.7
46639
38118.7
74111.5
29401.5
34200.9
38456.1
62717.7
28329.9
31123.4
38581
61049.8
11147.1
14816.2
31069.6
53946.5
12848.8
14887.1
37363.6
58457.4
14181.5
14677.5
43797.7
62043.9
27322.4
22335.1
30378.3
34058.2
58446.2
22128.4
24637.3
29450.9
29771.5
68647
19771.6
22446.9
24301.7
34435.6
85984.8
2832.58
3625.17
8123.3
19672.6
4046.42
5445.58
10459.9
21534.7
5726.13
5000.49
13474.5
23583.1
19086.8
15239.8
20064
15206.8
22509.4
15735.7
19064.8
13840
17865.3
28330.6
16788.2
12193.6
18860.7
14219.7
20243.7
15127.7
22501.1
16578.3
20474.6
28993.4
19913.1
18754.1
20535.3
20220
16807.6
13665.2
17287.7
14769.8
22200.8
20448.7
22393.2
19905.7
20738.8
20628.2
20780.9
20700.6
17628.6
15490.7
17647
15600.7
21433.6
19856.3
21876.9
20126.4
24178.2
22036.4
18480.5
23036.9
24953.8
21981.2
19360.1
24470.4
22919.7
21208.2
18058.6
22581.1
22751.9
20717.7
17542.6
21772.9
2342.75
1291.13
651.975
1084.24
569.777
442.533
3800.14
1632.41
816.836
2678.07
1638.83
853.096
3363.91
1824.61
1219.27
4846.23
2664.55
1529.98
9950.21
4958.8
2615.37
10106.9
5393.73
3011.98
8501.62
4641.41
2772.38
8053.16
4487.18
2650.63
7945.8
3396.22
1553.99
7784.27
4021.5
2167.47
9309.45
4792.77
2641.51
8642.46
4118.64
2218.05
8133.5
3966.41
2170.15
7427.87
3005.75
1320.99
29522.2
27941.2
33458.2
27977.5
32221.9
28752.4
41410.5
31493.5
16029.5
15005.6
16494.1
14045.4
22171.3
16684.8
22749.4
15426
24628.5
24300.7
20410.8
21640.8
23368.9
21899.8
30441
32688.9
35462.3
39426.6
24179.4
25671.6
20668.2
21088.8
21817.2
21493.8
11036.4
5186.17
10660.4
5838.76
11113.5
5128.32
10615.5
5656.04
10481.5
4668.71
10321.7
5397.69
10396.1
5640.85
10085
5584.87
18647.2
12151.2
19497.6
13013
22355.7
17268.3
24283
18076.5
16498.3
8863.76
16162.6
8087.69
20794
13526.5
21939.2
13717.4
26222.6
18667.5
27479.4
18940.8
16621.1
9239.73
16815.4
9338.87
8047.44
4248.87
5703.03
2963.62
6981.04
3652.17
5056.75
2614.91
8446.19
4566.16
5996.85
3137.84
8578.99
4730.37
6060.92
3191.02
1421.21
604.901
2300.92
1118.65
1456.66
690.79
2316.84
1231.93
1526.6
910.033
2240.2
1408.19
7339.19
14724.7
4430.53
3829.62
2402.56
14566.9
7750.19
3573.04
3064.29
1707.16
14362.9
9001.17
5868.66
3789.35
2078.03
285.025
162.067
624.744
416.328
371.549
189.699
764.805
509.412
548.405
301.16
946.624
650.191
13442.6
9968.56
6931.31
4678.18
3524.21
2354.24
2433.77
1560.55
1355.93
944.372
11695.1
7803.76
7169.74
4514.76
4578.21
2871.07
2810.05
1760.16
1665.22
1251.59
7168.64
3986.65
7592.43
3900.11
10777.7
6248.64
11467.5
6509.85
5228.49
2791.35
5005.73
2866.95
8155.27
3803.27
8371.9
3924.42
12429.7
6914.92
12604
7085.76
5382.2
2686.99
5529.3
2831.91
3191.01
1835.88
1860.64
1557.52
3158.16
1868.62
1898.29
1497.63
3200.61
1801.76
1800.17
1610.57
3376.76
1864.82
1887.45
1596.69
127.483
57.0515
25.1169
432.905
126.245
56.4558
120.967
65.0346
30.3999
496.536
155.922
71.8603
187.481
106.322
56.2658
586.165
206.094
99.1698
5696.02
2802.97
1494.43
2632.88
1277.86
683.782
1390.06
662.645
355.216
867.702
392.509
202.824
768.41
292.922
140.57
4260.27
2038.07
1033.08
2329.85
1071.65
533.947
1491.87
657.134
313.043
984.403
419.009
196.231
1075.64
371.241
172.834
1724.29
486.485
135.232
36.1592
1997.39
552.6
149.219
39.7059
1641.07
469.096
132.329
35.8796
1945.65
545.214
151.747
41.6517
1495.82
440.788
134.654
37.6776
1833.55
533.741
161.1
45.6479
1901.82
549.817
151.4
41.3238
1904.5
554.944
147.58
39.1724
1528.99
458.951
141.979
40.0129
1138.95
357.52
115.258
31.6815
1293.99
395.221
129.695
37.5477
1018.16
324.017
107.42
29.7971
1650.71
494.789
145.085
39.8454
1205.59
378.15
118.405
32.0417
1696.67
510.9
146.367
39.8214
1228.62
387.782
120.81
32.8259
1159.22
374.474
114.937
31.652
712.056
262.616
90.6695
25.1441
1106.39
361.203
113.189
31.363
709.135
260.075
89.9455
24.9507
1031.99
341.657
112.372
31.345
728.332
263.066
90.5445
24.7609
949.525
311.964
105.803
29.8465
736.407
261.435
92.298
25.3107
862.374
285.612
96.7378
26.9996
407.986
180.822
60.5585
12.5115
215.12
143.606
49.0371
9.84887
437.976
188.884
62.8628
13.2096
244.091
152.13
51.0918
10.2386
488.145
201.854
64.9955
13.3507
293.315
166.588
53.6794
10.6227
572.087
219.982
69.9142
14.6546
370.158
187.66
58.2086
11.5168
703.421
247.036
77.9266
16.9196
484.658
211.94
62.8559
12.3389
834.742
281.565
83.4949
16.9976
580.142
244.616
71.2958
13.5788
804.432
268.353
80.5863
16.7463
562.887
233.766
67.487
12.9956
839.428
287.298
82.9319
16.2369
584.531
250.19
72.3892
13.5469
824.157
290.789
84.2209
16.3988
598.769
254.057
73.5967
13.7069
9.01405
2.44982
0.638955
0.157095
0.0291013
9.75913
2.56985
0.656867
0.159711
0.0294319
9.0633
2.44811
0.639783
0.157752
0.0292749
9.98105
2.58661
0.661015
0.161065
0.0297237
8.9052
2.4185
0.638573
0.158371
0.0294654
9.96137
2.60656
0.670242
0.163797
0.0302588
10.3152
2.7201
0.697484
0.169745
0.0312665
10.2845
2.78576
0.717695
0.174519
0.0320991
9.33409
2.51869
0.661897
0.16358
0.0303668
7.9287
2.36218
0.643503
0.161395
0.0301405
8.48963
2.39401
0.64
0.1595
0.0297285
7.49783
2.29894
0.631814
0.159104
0.0297717
9.70147
2.61916
0.683128
0.167853
0.0310573
8.14042
2.44107
0.661865
0.16528
0.030784
9.82519
2.69311
0.704487
0.172922
0.031948
8.26548
2.50935
0.682034
0.170149
0.0316467
7.84804
2.27126
0.613566
0.153516
0.0286601
6.55086
2.12468
0.595027
0.151034
0.028362
7.77198
2.26047
0.61309
0.15384
0.0287666
6.54598
2.12455
0.595878
0.151471
0.0284701
7.58356
2.23902
0.612883
0.154476
0.0289407
6.53757
2.1287
0.598625
0.152407
0.0286675
7.30481
2.23395
0.617128
0.155927
0.0292313
6.67759
2.17884
0.60906
0.154555
0.0290266
7.07063
2.25705
0.623836
0.157477
0.0295026
22743.4
33810.8
23356.1
33893.4
24277.9
33933.5
25347.9
34807.1
26251.5
36763.2
23343.5
27727.2
24171
30070.6
23160.2
27143.1
23118.2
26955.7
20415.4
3817.15
985.566
317.146
84.3176
23024.9
7028.42
2060.23
688.173
187.656
20546.5
3726.99
947.017
304.08
81.5451
23075.2
6976.24
2021.25
674.074
187.984
20765.8
3651.48
910.265
291.149
78.6054
23221.5
6923.84
1981.9
659.793
185.627
21035.3
3547.38
868.841
277.813
75.4765
23452.5
6873.38
1953.7
652.243
184.781
21179.1
3457.68
849.433
275.439
75.6304
23589
6841.18
1960.76
663.88
189.922
20291.4
3982.74
1100.21
382.131
108.282
21407.6
7091.74
2220.35
799.911
235.81
20656.9
3760.86
984.34
330.465
92.1586
22247.5
6976.52
2089.07
727.904
211.046
20157.4
4143.41
1182.29
420.04
120.583
21148.4
7187.77
2310.44
851.314
254.772
20156.2
4103.41
1176.78
421.394
121.951
21049.9
7164.19
2322.49
861.793
260.744
42212.4
66549.5
58560.7
38601.9
18701.5
20164.7
30926.2
32366.1
22823.1
25807.1
39034.4
55947.1
59839.3
86219
29183.4
33696.8
22053
22435.8
14086.7
14940.8
1924.86
1009.72
22.7901
9.16645
9.91695
7.3498
15.9801
1544.15
1048.12
539.7
486.078
238.495
96.0975
215.062
89.8562
47.0745
55.2807
32.3275
1423.04
410.584
92.8566
85.7794
176.007
124.186
64.1145
50.8722
20.2587
18.0984
42.2543
42.9923
1604.85
664.536
757.591
319.233
189.824
433.618
62.9449
23.2293
80.428
3507.47
2691.11
1904.8
1532.91
1902.17
1927.81
1580
1151.17
913.427
828.104
51.9965
57.0308
51.2902
43.2338
38.1354
21.2487
23.9839
22.2135
19.1329
17.0621
23.0272
26.0639
24.1807
20.8115
18.529
17.1229
19.4938
18.2019
15.7593
14.084
36.7509
40.8819
37.2634
31.668
28.0243
2968.58
2429.14
1674.81
1263.07
1563.67
1940.51
1501.99
1029.14
753.87
716.517
1067.85
915.228
665.822
504.828
441.666
882.379
691.182
472.742
337.283
290.926
423.795
335.292
228.539
160.239
133.814
204.734
200.258
162.168
127.135
108.759
437.039
394.334
298.809
226.536
193.221
186.435
174.716
136.531
104.193
87.7452
103.409
106.512
90.2055
72.5415
62.4406
119.415
119.66
98.8975
78.1451
66.6723
71.9498
75.7654
65.4329
53.2125
45.9346
2749.68
2276.55
1597.89
1239.8
1564.27
839.717
760.988
578.916
450.093
393.945
201.427
202.701
168.136
134.241
115.893
187.666
191.505
160.871
129.643
112.397
373.92
362.637
291.698
230.713
200.149
271.293
275.031
229.088
184.222
159.678
143.075
150.632
130.042
106.799
93.1754
113.999
121.07
105.35
86.6753
75.5811
46.1276
50.4741
45.2361
37.8536
33.1758
41.4226
45.7151
41.3286
34.8574
30.702
94.0674
99.005
85.5057
69.8065
60.5709
96.2552
102.218
89.0126
73.1816
63.7581
2995.49
2373.59
1673.71
1338.37
1688.25
1308.02
1125.32
842.313
667.339
599.821
1627.53
1483.43
1060.83
834.588
777.516
674.411
641.071
505.103
401.496
350.106
411.24
408.585
333.3
266.455
230.779
912.217
844.569
639.355
501.2
432.488
140.395
147.774
127.513
104.524
91.079
52.8846
57.7925
51.7459
43.4028
38.1618
177.408
183.297
155.502
126.082
109.458
25516.8
17631.4
26631.7
21576.4
29956.4
49015.3
33300
52250.6
27083.7
23656
25212.1
23365.8
25580.6
23081.4
35932.9
26979.2
21800.4
22476.9
9737.84
8868.8
25152.7
22764
13500
9865.61
35103.1
36854.9
28383.8
22739.3
33471.6
22065.1
17495.9
16861.8
21623.7
21462.9
50822.2
56283.2
31189.4
34296
31892.1
24352.4
28420.2
17842.1
12949.6
10824.5
27022.1
34565.4
10697
13839.2
28379.9
38798.9
14283.5
19622.8
23515.6
39242.1
14456
25320.1
3541.58
15602.1
123.124
10368.6
20960.6
21146.8
21964.1
22219.1
20513.3
18473.6
23242.3
19566
24686.7
27636.6
26402.5
26380.8
22523.2
22765.3
22105.2
22935.7
25008.8
20262.1
25829.2
20618.7
22621.9
27993.9
19983.5
27931.1
32860.7
41856.4
39656.8
68182.2
35269.1
51024.2
39698.6
76664.4
30335.4
35477.8
39094.2
63603.1
28597.1
31482.8
38794.7
61344.6
37029.2
41209.7
52250.1
76306.7
34497.8
35796.9
54130.8
75779.3
28712.2
28110.6
54589.3
72538
20665.2
17818.6
27170.6
35364.8
63957
17342
17917.8
27287.1
30802
74669.1
16718.4
19323
23096.3
36023.6
89642.9
18216.1
14527.4
16980.2
24185.5
17672.6
14517.9
17580.2
25055
16043.1
12302.1
17820.2
25422.3
15061.8
11947.9
15781.7
12406.1
21811
16296.9
20264.4
15140.7
19917.8
28721.3
14631.5
11129.9
16785.3
13395.5
19462.9
15042.4
23390.9
17244.3
21317.8
28630.4
19168.3
18193.5
20259.8
19918.2
15873.4
13094.5
16825.3
14435.6
22276.4
20392.1
22236.6
19725.8
20642.9
20481.6
20758.2
20657.2
17421
15318.7
17587.2
15548.5
21509.4
19839.4
21901
20120.2
24526.9
22182.4
18842
23266.5
25446.4
22184.9
19977
24754
23118.2
21300
18253.9
22723.7
22827
20752.9
17616.4
21824.8
11813.2
12426.1
4879.28
4743.82
11665.6
10637
5987.85
5858.33
8843.15
7322.17
7143.76
6159.57
9088.26
6648.95
9900.65
7718.95
10791.3
8265.99
10463.5
7769.04
9673.18
5962.06
8268.4
6056.34
10380.9
7576.97
10140.8
6989.82
9953.88
6772.34
7885.75
4310.72
22467
20569.3
30652.3
24590.9
27394.6
23842.5
41558.3
29840.2
16966.9
11177.4
20169.2
13070
17232.2
11228.5
20728.9
13174.6
20594.7
16789.1
17223.4
14984.8
15369.2
18245.8
28782.6
32197.1
34782
39256.6
22319
25145.9
19000
20619.9
19851.5
20889.2
7602.52
4618.36
8883.73
5095.35
7482.61
4514.83
8800.73
4963.89
7260.87
4147.73
8692.36
4819.64
9440.87
5226.51
9765.57
5436.37
14439.7
11029.6
17471.3
12187.7
19235.8
15760
22842.6
17192.1
14313
8263.22
11994.5
7465.98
19758.8
13059.1
21634.6
13564.8
25560.9
18216.5
27297.7
18801.6
15471.4
8861.54
16462.3
9209.34
7245.91
3964.31
5380.51
2868.65
6116.56
3508.49
4856.68
2632.71
7954.67
4346.28
5759.85
3046.64
8422.7
4651.61
5974.32
3154.06
5678.37
5031.24
3781.26
3210.1
5434.08
4950.15
3620.17
3087.26
5093.95
4636.7
3214.67
2744.03
10762.9
15474.7
8411.04
4844.3
2951.18
14794
11333.8
8581.45
4558.65
2572.96
14277.3
9995.99
6777.53
4430.37
2426.52
4596.97
3839.91
2868.57
2422.62
4445.53
3542.83
2723.09
2253.93
4053.59
3107.96
2344.36
1853.08
12639.1
9150.09
8699.27
6029.36
6562.34
4854.36
3914.77
2894.21
2240.01
1741.28
11205.4
7449.12
7704.43
4818.84
5374.86
3461.12
3505.74
2328.8
2054.65
1612.46
6967.68
3963.96
7331.61
3824.02
10236
6017.08
11082.1
6348.85
5070.51
2759.43
4999.24
2955.76
7972.27
3744.48
8308.16
3903.35
12210.3
6822.55
12534.1
7056.45
5249.43
2643.43
5480.26
2814.41
3126.44
1834.2
1853.35
1576.89
3251.79
1993.78
2004.19
1633.47
3127.37
1775.9
1773.31
1598.09
3346.36
1852.93
1873.47
1588.74
3291.64
2689.76
2608.77
2034.77
2930.35
2348
2387.6
1827.92
2453.38
1890.34
1954.19
1449.22
6145.14
4404.87
4108.96
2896.87
3478.58
2513.06
2013.94
1355.65
1785.5
1234.27
4458.96
3162.26
2766.93
1938.36
2066.51
1427.1
1513.26
997.383
1725.95
1062.4
1774.2
529.881
150.451
40.9999
1913.71
566.198
158.89
43.5336
1677.19
507.665
145.767
40.2175
1858.57
552.954
159.135
44.8701
1523.26
473.343
146.343
41.5738
1756.38
536.446
166.281
48.1957
1830.3
545.732
153.602
42.622
1875.71
552.337
148.067
39.5583
1496.67
464.44
146.358
41.9812
1139.64
366.419
119.555
33.2949
1332.85
420.832
139.327
40.8803
1070.03
348.602
115.821
32.3697
1610.17
492.894
146.67
40.8197
1192.19
379.866
120.259
32.889
1680.09
509.374
146.721
40.1067
1221.73
387.719
121.293
33.0772
1535.7
469.427
139.519
38.1552
1285.14
398.522
124.139
32.82
1429.54
446.938
135.73
37.3816
1198.54
381.635
120.439
32.0195
1284.27
414.229
132.42
36.7523
1084.08
358.888
115.656
30.6685
1132.65
368.078
121.868
34.1896
1003.3
337.534
112.815
30.1387
1003.84
330.698
110.114
30.3969
1021.8
331.939
93.4965
17.9031
715.69
293.499
83.2918
15.4397
961.568
323.024
92.9754
18.3402
677.348
285.379
82.2131
15.3966
877.087
308.697
89.4657
17.5679
621.908
273.436
79.1277
14.9015
857.438
300.167
89.5399
18.221
623.643
267.752
77.8043
14.9221
870.215
297.256
91.7109
19.7053
658.224
265.322
76.4568
14.8239
850.292
292.557
88.1533
18.0933
596.09
255.805
75.4053
14.4531
872.458
295.131
89.302
18.5953
628.432
261.24
75.5511
14.5635
836.878
290.445
84.9149
16.7477
583.331
253.357
74.0373
13.9352
821.536
291.248
84.7246
16.5415
596.922
254.543
74.0017
13.812
10.4138
2.83755
0.73801
0.180677
0.0333546
10.985
2.9296
0.751138
0.182423
0.0335499
10.3446
2.79691
0.728691
0.178956
0.0331078
11.0382
2.89682
0.742404
0.180735
0.0333003
10.0319
2.72385
0.716576
0.177056
0.0328549
10.7608
2.84268
0.732846
0.179075
0.0330547
10.7611
2.8522
0.733699
0.17881
0.0329495
10.4371
2.83396
0.731253
0.177968
0.0327452
9.96322
2.70745
0.712931
0.176216
0.0326997
8.48201
2.53959
0.692392
0.173617
0.032409
9.39805
2.64776
0.705876
0.175462
0.0326441
8.26004
2.51663
0.689611
0.173312
0.0323878
10.0822
2.74436
0.718353
0.176764
0.0327205
8.45781
2.5572
0.695683
0.173961
0.0324154
9.94085
2.73244
0.715908
0.17587
0.0325039
8.3624
2.54721
0.693522
0.173168
0.0322206
9.49124
2.69629
0.718702
0.17816
0.0330744
8.38767
2.57586
0.704189
0.176358
0.0328774
9.30393
2.65373
0.710232
0.176644
0.0328588
8.25873
2.54439
0.697586
0.175124
0.0326967
8.9545
2.58905
0.699653
0.174951
0.0326295
8.04732
2.50344
0.69009
0.173815
0.0325097
8.46261
2.52991
0.691601
0.173717
0.0324602
7.96144
2.49916
0.688557
0.173403
0.0324347
8.01665
2.51029
0.689183
0.173312
0.0323979
25803
34658.7
25809.8
34535.3
25909.9
34268.2
26422.4
34938.4
26828.7
36567.7
23627.1
27964.7
24602.1
30332.1
23318.5
27286.3
23163.3
26998.8
21614.7
3972.82
1011.76
321.705
84.9571
23946.6
7273.87
2111.44
697.535
188.975
21582.2
3862.37
969.948
308.08
82.1048
23864.6
7192.56
2066.78
682.371
189.151
21550.5
3757.08
928.511
294.356
79.0531
23807.9
7094.93
2018.72
666.554
186.571
21582.1
3621.85
881.982
280.152
75.8041
23844.5
6996.15
1980.94
657.3
185.488
21522.2
3505.64
858.152
277.016
75.8521
23812.2
6923.61
1979.74
667.452
190.435
20449.9
4007.23
1104.81
382.981
108.405
21564.3
7132.6
2229.2
801.581
236.047
20895.7
3796.33
990.953
331.678
92.3307
22457.9
7036.75
2102.51
730.425
211.41
20247.1
4157.73
1185
420.546
120.66
21239.6
7210.97
2315.37
852.264
254.919
20184.2
4107.79
1177.59
421.544
121.974
21078.3
7171.39
2324
862.077
260.792
41801.8
66825.6
59189.5
37277
25027.7
33597.1
23817.7
32848.9
30912.1
56666.4
34926.3
63154.2
0.0397584
0.0856045
0.227507
0.615204
1.62845
4.17882
0.076708
0.155724
0.385912
0.966442
2.36109
5.58643
0.0198983
0.0123585
0.0468226
0.0310333
0.139067
0.0996399
0.428437
0.338958
1.27377
1.10948
3.56538
3.18998
10.41
25.8468
65.6843
168.643
315.835
458.058
12.7727
28.0537
58.5145
111.515
176.752
228.205
0.0964087
0.118156
0.120007
0.112119
0.105058
0.206525
0.250729
0.251821
0.232764
0.216591
0.545777
0.655733
0.650633
0.594547
0.54917
1.46659
1.74186
1.70562
1.53977
1.4114
3.85265
4.51295
4.35126
3.87465
3.52189
9.79241
11.2758
10.672
9.35515
8.42581
0.185201
0.225142
0.226476
0.209657
0.195291
0.373906
0.449972
0.447355
0.409598
0.378841
0.92101
1.09619
1.07611
0.973854
0.894102
2.29148
2.69526
2.61105
2.33512
2.12829
5.5561
6.44736
6.15452
5.43464
4.91597
13.0289
14.8813
13.9695
12.1671
10.9204
0.0485048
0.0599728
0.0615158
0.0580247
0.0547152
0.0302332
0.0376313
0.0389113
0.0369916
0.0350595
0.113551
0.139079
0.141067
0.131619
0.123224
0.0755286
0.0931168
0.0951817
0.0894687
0.0841642
0.335294
0.406305
0.406949
0.375129
0.348439
0.241049
0.293899
0.296462
0.275104
0.256613
1.02591
1.22766
1.21182
1.1019
1.01456
0.814
0.979139
0.972121
0.888561
0.820754
3.02451
3.56414
3.45734
3.09442
2.82115
2.64052
3.12425
3.04351
2.73347
2.49687
8.37763
9.68725
9.20349
8.09087
7.29776
7.51654
8.73317
8.33545
7.35138
6.64073
24.0935
27.1412
25.1099
21.6204
19.2839
58.8567
64.4451
57.9734
48.9327
43.2318
146.306
154.179
133.838
110.547
96.8939
364.276
364.141
302.078
244.348
213.554
657.444
621.876
497.542
398.383
350.838
932.287
851.214
665.358
530.202
468.877
29.4716
33.0368
30.4254
26.1117
23.2546
63.9062
70.0685
63.1506
53.3734
47.1929
131.263
140.206
123.346
102.671
90.2524
245.672
254.654
218.332
179.257
157.048
382.223
384.95
322.995
262.773
230.265
487.588
481.956
398.952
322.984
283.194
0.0398132
0.0859619
0.228804
0.619498
1.64051
4.20534
0.0767401
0.155935
0.386426
0.967401
2.36146
5.58038
0.0199666
0.0124159
0.0472138
0.0313955
0.140851
0.101488
0.43604
0.348303
1.30157
1.15389
3.65183
3.40401
10.4421
25.814
65.3557
167.362
313.833
456.948
12.7389
27.9365
58.2072
110.898
176
227.837
0.09658
0.118426
0.120337
0.112485
0.105441
0.207464
0.252061
0.253419
0.234504
0.218386
0.549163
0.660458
0.656197
0.600513
0.555274
1.47771
1.75719
1.72343
1.55866
1.4306
3.88391
4.55612
4.4015
3.92794
3.57609
9.86256
11.3757
10.7913
9.48423
8.55849
0.185338
0.22541
0.226849
0.210109
0.195785
0.374555
0.451091
0.448917
0.411482
0.380888
0.92268
1.0992
1.08039
0.979061
0.899788
2.295
2.70223
2.62142
2.34803
2.14253
5.56028
6.45958
6.1755
5.46254
4.9476
13.0229
14.8923
14.0023
12.2181
10.9817
0.0486795
0.0602091
0.0617862
0.0583085
0.0550013
0.0303791
0.0378257
0.0391295
0.0372169
0.0352851
0.114544
0.140405
0.142561
0.133166
0.124774
0.0764386
0.0943096
0.0964983
0.0908061
0.0854894
0.339773
0.412172
0.413419
0.381696
0.354945
0.245647
0.299818
0.302861
0.281482
0.262861
1.04482
1.25204
1.23825
1.12831
1.04049
0.837019
1.00825
1.00299
0.918787
0.850052
3.09323
3.65182
3.55138
3.18753
2.91205
2.74872
3.25857
3.18306
2.86775
2.6257
8.59132
9.95918
9.49364
8.37695
7.5765
8.03087
9.35544
8.96307
7.93963
7.19608
24.19
27.3015
25.3237
21.8688
19.5488
58.8342
64.5433
58.22
49.2975
43.6606
145.691
153.802
133.863
110.925
97.4741
361.68
361.966
300.863
244.015
213.746
653.322
618.186
495.015
396.935
350.071
929.981
849.089
663.801
529.172
468.191
29.4114
33.0085
30.4488
26.1818
23.3518
63.6744
69.8916
63.0893
53.4229
47.3081
130.632
139.664
123.039
102.597
90.3175
244.385
253.487
217.559
178.876
156.907
380.643
383.475
321.937
262.132
229.883
486.811
481.222
398.407
322.627
282.957
1917.78
1006.39
23.0012
9.33911
11.3424
8.04126
16.77
1498.89
1082.23
553.95
609.762
113.806
249.125
61.9541
89.4879
47.4261
1389.53
410.149
100.289
88.9727
178.351
124.774
64.1084
52.2834
27.2645
21.7785
48.9182
46.207
1586.63
658.478
744.991
315.848
188.462
429.259
63.6259
24.8153
82.1807
3493.11
2678.29
1895.57
1526.48
1897.57
1921.11
1574.14
1146.99
910.633
826.31
52.5826
57.8989
52.3396
44.3744
39.3129
21.6858
24.5571
22.8402
19.7646
17.6867
26.4033
30.0359
28.0612
24.3528
21.8238
18.7705
21.454
20.1406
17.547
15.7567
38.6784
43.2703
39.7338
34.0441
30.3105
2930.36
2471.36
1762.33
1381.25
1748.05
2094.85
1740.91
1272.18
1007.51
1026.7
1116.77
990.823
749.762
594.371
538.995
1232.8
1070.55
784.452
617.224
588.72
246.839
248.916
208.49
169.901
150.153
519.73
489.755
388.121
310.367
277.662
137.866
145.236
126.279
104.716
92.4682
196.45
202.177
172.187
141.279
124.687
106.655
114.378
101.027
84.4891
74.7092
2697.75
2256.57
1606.63
1269.65
1624.84
845.17
777.468
602.986
479.332
426.969
219.692
225.12
190.871
156.16
137.431
195.957
202.555
172.948
141.917
124.753
381.553
375.136
307.085
247.706
218.174
273.609
279.491
235.198
191.383
167.427
143.363
151.583
131.637
108.856
95.4801
117.636
125.936
110.741
92.1864
81.106
62.3625
68.8379
62.4507
53.0894
47.1587
50.0386
55.6446
50.825
43.3943
38.5959
109.886
117.581
103.618
86.513
76.3947
104.104
111.886
98.9149
82.6825
72.9459
2960.3
2344.74
1655.33
1328.53
1686.13
1296.09
1115.42
835.96
663.957
598.444
1605.27
1470.81
1059.6
842.225
791.903
667.981
636.494
503.441
402.277
352.324
409.188
408.399
335.336
270.241
235.578
906.561
845.765
647.223
514.096
448.521
142.36
150.789
131.219
108.599
95.3297
56.7172
62.4575
56.4793
47.8898
42.4507
182.15
189.989
163.185
134.164
117.725
168.322
190.331
234.323
281.676
281.425
130.296
23477.5
24690.7
23871.7
25587.3
23673.6
21413.7
21553.1
19950.5
23578.9
36130.9
26229.3
34747
36410.3
21296
45950.9
19997.5
21262.3
20672
21678.5
20743.2
20271.3
19053.8
18565.4
23944.5
47382.2
26756.1
44508.2
37510.8
27463.7
53008.6
16409.1
17412.6
16188.2
16532.4
17567
18357.7
15451.3
16026.7
25755.6
40746.6
28726.5
39459.2
36154.1
30382.1
45848.9
13054.4
13757.5
11825.4
11891.9
14308.9
15669.8
11526.9
12626.4
20861
32944.5
22878.4
30584.3
27587.5
23238.6
35378.9
10256.9
10808.8
8723.17
8735.13
11512.6
12757.7
8485.1
9369.1
16141.1
22725.5
17701.9
20003
19760.1
14994.5
22307.4
8246.08
8648.42
6642.96
6664.7
8676.94
8856.05
6399.92
6730.51
11593.5
14665.3
12607.4
12714.9
13709.5
8934.04
14340.5
20128.8
19207.8
22967.2
25263.4
18618.4
17908.1
20581.9
19630.3
14677.2
7332.11
15021.3
7192.04
14009.4
11204.7
10410.6
17578
17065.2
19480.4
20932.8
16587.3
16051.7
17818.3
17219.6
11181.1
5855.95
11281.4
5703.33
10118.2
8851.94
7788.05
12934.9
12639.8
14680.2
15332.4
12401.3
12004.3
13849.2
13844.3
8029.87
4599.03
8104.26
4390.49
7605.43
6052.9
6416.86
8323.19
8232.88
10094.3
10334.1
8071.13
7709.63
9847.28
9850.08
4641.65
2843.1
4709.32
2792.93
4420.45
3514.86
4396.33
5401.44
5392.97
7002.07
7119.84
5217.29
5028.07
6853.27
6695.75
2742.36
2060.91
2884.9
2293.28
3013.55
2916.26
3503.09
3530.24
3560.31
5019.57
5096.76
3673.17
3791.88
4901.44
4948.3
2042.31
2023.17
2276.79
2300.08
2526.98
2605.5
3164.42
)
;

boundaryField
{
    patch1
    {
        type            calculated;
        value           nonuniform List<scalar> 
2440
(
20667.5
23371.2
0
0
0
0
0
0
0
0
20660.2
23368.9
0
0
0
0
0
0
0
0
18452.1
30958.3
29816
40898.4
63538.3
34999.9
21479.8
14747.3
66536.4
19064.6
30908
22825.1
39036.3
59843.6
29192.6
22058.3
14645.6
0
0
0
0
0
0
0
0
0
0
0
0
0
0
0
0
0
0
0
0
0
0
0
0
0
0
0
0
0
0
0
0
0
0
0
66813.3
0
0
0
0
0
0
0
0
0
0
0
0
0
0
0
0
0
0
0
0
0
0
0
0
0
0
0
0
0
0
0
0
0
0
0
0
0
0
0
0
0
0
0
0
0
0
0
0
0
0
0
0
0
0
0
0
0
18084.2
30930.4
29814.3
40896.9
63547
35020.8
21497.7
14287.5
66536
18701.5
30926.2
22823.1
39034.4
59839.3
29183.4
22053
14086.7
0
0
0
0
0
0
0
0
0
0
0
0
0
0
0
0
0
0
0
0
0
0
0
0
0
0
0
0
0
0
0
0
0
0
0
66811.4
0
0
0
0
0
0
0
0
0
0
0
0
0
0
0
0
0
0
0
0
0
0
0
0
0
0
0
0
0
0
0
0
0
0
0
0
0
0
0
0
0
0
0
0
0
0
0
0
0
0
0
0
0
0
0
0
0
17023.7
21638.7
0
0
0
0
0
8934.55
14349.2
2605.18
3165.31
17020.4
21640.8
0
0
0
0
0
8934.04
14340.5
2605.5
3164.42
32896.3
18955.9
20496.6
20756.1
20128.1
20990.2
21076.2
20253.3
20540.9
22422.7
23335.2
22276.5
24735
21628.3
22912.4
21166.6
22183.4
663.061
446.989
816.189
852.139
1218.98
1529.57
2615.43
3012.06
2772.48
2650.59
1553.82
2167.51
2641.53
2218.04
2170.08
1320.9
24295
25.5159
57.0824
30.3942
71.7954
56.2691
99.16
1494.48
683.813
355.243
202.846
140.576
1033.11
533.971
313.062
196.247
172.846
0
0
0
0
0
0
0
0
0
0
0
0
0
0
0
0
0
0
0
0
0
0
0
0
0
0
0
0
0
0
0
0
0
0
0
0
0
0
0
0
0
67.1549
-30.7109
64.6769
-31.2459
61.993
-30.4838
61.5166
-31.2384
67.632
-36.6626
29.8049
-19.4403
53.9467
-35.2357
11.9825
-7.25249
2.53838
-1.28375
42211.6
58572.8
38602.1
20563.8
32398.5
25832.5
55953.5
86232.3
33768.9
22435.6
15513.5
18385.4
20185.2
20691.2
19937.7
20837.4
21030.8
20231.7
20533.3
22563.6
23564.2
22472.5
25019
21717.9
23054.7
21201.2
22235.5
12395.9
4701.59
10664.8
5861.56
7327.41
6161.81
6648.8
7719.43
8267.79
7769.93
5962.74
6056.35
7577.13
6990.13
6772.58
4310.98
2679.44
2023.03
2353.05
1827.24
1891.26
1449.28
4404.59
2896.71
2513.16
1355.74
1234.26
3162.22
1938.34
1427.11
997.413
1062.38
0
0
0
0
0
0
0
0
0
0
0
0
0
0
0
0
0
0
0
0
0
0
0
0
0
0
0
0
0
0
0
0
0
0
0
0
0
0
0
0
0
67.1844
-30.72
64.7061
-31.2575
62.0206
-30.4918
61.5368
-31.2449
67.6474
-36.6703
29.8083
-19.4405
53.9551
-35.2385
11.9838
-7.25213
2.53863
-1.28363
41801.4
59209.6
37282.6
33412.8
32882.4
56796.8
62868.3
8232.89
8641.62
6639.49
6659.93
8675.13
8855.78
6398.17
6729.74
11548.9
14601.8
12601.5
12743.7
13708.9
3525.76
3558.39
5017.6
5092.12
3672.14
3791.31
4900.16
4947.59
2041
2017
2274.55
2304.11
2526.11
32884.4
18955.7
20496.3
20756.3
20128.4
20989.9
21076
20253.3
20541
22423.4
23336.1
22277.5
24736.5
21628.7
22913
21166.9
22183.8
651.975
442.533
816.836
853.096
1219.27
1529.98
2615.37
3011.98
2772.38
2650.63
1553.99
2167.47
2641.51
2218.05
2170.15
1320.99
24300.7
25.1169
56.4558
30.3999
71.8603
56.2658
99.1698
1494.43
683.782
355.216
202.824
140.57
1033.08
533.947
313.043
196.231
172.834
0
0
0
0
0
0
0
0
0
0
0
0
0
0
0
0
0
0
0
0
0
0
0
0
0
0
0
0
0
0
0
0
0
0
0
0
0
0
0
0
0
67.2311
-30.8861
64.455
-31.1701
61.8416
-30.4189
61.4233
-31.2018
67.5798
-36.647
29.7986
-19.4407
53.9246
-35.2356
11.981
-7.25265
2.53821
-1.28374
42211.6
58572.5
38603.5
20107.8
32405.5
25823.8
55945.9
86217.2
33755.8
22423.7
14914.7
18385.1
20184.9
20691.3
19938
20837.1
21030.5
20231.8
20533.4
22564.3
23565.1
22473.5
25020.5
21718.4
23055.4
21201.5
22236
12426.2
4743.76
10637
5858.33
7322.17
6159.57
6648.95
7718.95
8265.99
7769.04
5962.06
6056.34
7576.97
6989.82
6772.34
4310.72
2689.75
2034.77
2348
1827.92
1890.34
1449.22
4404.87
2896.87
2513.06
1355.65
1234.27
3162.26
1938.36
1427.1
997.383
1062.4
0
0
0
0
0
0
0
0
0
0
0
0
0
0
0
0
0
0
0
0
0
0
0
0
0
0
0
0
0
0
0
0
0
0
0
0
0
0
0
0
0
67.2607
-30.8952
64.4841
-31.1817
61.8691
-30.4269
61.4434
-31.2082
67.5952
-36.6547
29.802
-19.441
53.933
-35.2384
11.9824
-7.25229
2.53845
-1.28362
41800.3
59203.1
37280.4
33560.2
32880.9
56738.4
63054.6
8246.24
8648.47
6643.01
6664.84
8676.94
8856.05
6399.92
6730.51
11593.5
14665.3
12607.4
12714.9
13709.5
3530.17
3560.29
5019.54
5096.66
3673.17
3791.88
4901.44
4948.3
2042.31
2023.17
2276.79
2300.08
2526.98
27024.8
3315.77
130.305
27021.2
3315.88
130.296
26959.7
19823.5
29770.8
24982.1
10385.9
6876.24
14149.7
8772.23
934.909
1245.36
7827.05
9442.68
18386.6
20678.2
30292.6
23065.1
32049.7
821.546
136.31
6298.26
4786.92
13860.9
10675
381.091
261.526
182.358
3422.29
1932.19
1026.35
6669.84
3556.6
2126.38
29517.2
27939.4
32222.4
28752.9
16201.6
15068.2
22153.6
16693.2
29.8267
17.2689
318.266
237.956
151.989
181.309
7580.07
14721.5
3662.81
24.7561
26.1814
191.743
137.071
341.421
273.385
5.80581
2.53941
1.55175
65.2632
32.4835
20.4641
166.075
100.831
60.0782
22790
23351.5
24274.7
25346.1
26250.4
23343
24170.2
23159.8
23117.8
25828.1
25805.1
25906.6
26420.7
26827.6
23626.5
24601.3
23318.1
23163
26952.6
19819.8
29768.3
24980.1
10156.1
6759.43
14129
8758.15
804.511
1074.05
7808.66
9410.62
18376.6
20664.6
30290.3
23064
32046.1
693.836
1.99871
6296.81
4773.93
13857.9
10670.8
311.871
214.057
157.011
3418.86
1929.54
1025.93
6668.11
3555.62
2126.15
29522.2
27941.2
32221.9
28752.4
16029.5
15005.6
22171.3
16684.8
25.2308
13.8696
317.708
237.232
152.309
181.344
7580.16
14721.1
3663.13
21.301
24.7329
190.746
136.66
341.124
273.146
4.86737
2.12666
1.25636
64.892
32.3399
20.4082
165.888
100.746
60.0408
22743.4
23356.1
24277.9
25347.9
26251.5
23343.5
24171
23160.2
23118.2
25803
25809.8
25909.9
26422.4
26828.7
23627.1
24602.1
23318.5
23163.3
14944.4
8780.68
6.68008
2.17962
0.609266
0.154604
0.0290351
7.07322
2.25783
0.62404
0.157526
0.0295111
19842.6
20885
22387
24232.7
21810.9
21490.2
7.96144
2.49916
0.688557
0.173403
0.0324347
8.01665
2.51029
0.689183
0.173312
0.0323979
168.322
190.331
234.323
281.676
281.425
19812.9
15980.4
22184.3
17739.4
25257.4
19019.6
10436.6
5147.31
2708.98
12131.2
6009.71
3159.85
11172.2
5366.7
2725.61
10381.1
7577.13
10140.8
6990.13
9953.47
6772.58
7885.37
4310.98
9448.46
5227.78
9789.36
5439.87
1830.17
545.726
153.602
42.6225
1875.72
552.367
148.079
39.562
10.7615
2.85238
0.733757
0.178824
0.0329522
10.4382
2.8343
0.731349
0.177992
0.0327497
0.0124171
0.031399
0.101499
0.348342
1.15402
3.40438
0.0303822
0.0378296
0.0391338
0.0372211
0.0352891
0.0764472
0.0943204
0.0965097
0.0908171
0.0855
0.245675
0.299853
0.302897
0.281517
0.262894
0.837114
1.00837
1.00311
0.9189
0.850158
2.74903
3.25895
3.18344
2.86809
2.62602
8.03175
9.35649
8.9641
7.94056
7.19692
27.2672
62.3689
68.8451
62.4573
53.0949
47.1634
9309.45
4792.77
2641.51
8642.46
4118.64
2218.05
8133.5
3966.41
2170.15
7427.87
3005.75
1320.99
10405.8
5643.16
10109.8
5588.73
13333.4
9751.29
7145.44
4522.93
2836.66
1705.19
5514.2
2742.41
1466.26
2344.99
1193.37
653.684
947.501
492.089
281.205
1901.82
549.817
151.4
41.3238
1904.5
554.944
147.58
39.1724
10.3152
2.7201
0.697484
0.169745
0.0312665
10.2845
2.78576
0.717695
0.174519
0.0320991
20.2587
46.1276
50.4741
45.2361
37.8536
33.1758
0.0123585
0.0310333
0.0996399
0.338958
1.10948
3.18998
0.0302332
0.0376313
0.0389113
0.0369916
0.0350595
0.0755286
0.0931168
0.0951817
0.0894687
0.0841642
0.241049
0.293899
0.296462
0.275104
0.256613
0.814
0.979139
0.972121
0.888561
0.820754
2.64052
3.12425
3.04351
2.73347
2.49687
7.51654
8.73317
8.33545
7.35138
6.64073
22388.2
24234.6
21811
21490.1
7.96104
2.49917
0.68857
0.173406
0.0324352
8.01648
2.51033
0.689203
0.173317
0.0323988
168.331
190.343
234.34
281.697
281.445
14943.9
8780.58
6.67759
2.17884
0.60906
0.154555
0.0290266
7.07063
2.25705
0.623836
0.157477
0.0295026
19844.6
20885.5
66676.2
94647.1
40758.4
49868.9
19108.2
21851
3371.19
3281.65
0
0
0
0
0
0
0
0
0
0
0
0
0
0
0
16717.6
14121.3
22725.3
15434.8
24182.6
25677.9
10695.8
5854.55
10608.5
5656.18
1997.88
552.264
149.192
39.7455
1946.95
545.428
151.779
41.6573
216.266
143.807
49.072
9.85507
244.028
152.11
51.0847
10.237
293.353
166.627
53.6922
10.6251
370.229
187.72
58.2294
11.521
484.737
212.002
62.878
12.3435
580.205
244.661
71.313
13.5825
562.962
233.822
67.5075
13
584.579
250.224
72.4021
13.5497
598.804
254.08
73.6055
13.7088
9.77036
2.57083
0.657046
0.159767
0.0294443
9.98239
2.58717
0.661138
0.161089
0.0297277
7.93115
2.36291
0.643698
0.161442
0.030149
7.50043
2.2997
0.632016
0.159152
0.0297803
8.14248
2.44173
0.662044
0.165323
0.030792
8.26697
2.50984
0.682175
0.170185
0.0316533
6.55236
2.12506
0.595151
0.151073
0.0283706
6.54768
2.1252
0.596041
0.151507
0.0284765
6.53983
2.12946
0.598825
0.152453
0.0286757
34097.5
34120.5
34159.9
34928.2
36890.3
27883.4
30234.7
27303.7
27112
23199.7
7103.48
2098.56
712.555
206.377
23244.9
7053.37
2060.25
698.902
206.953
23391.6
6997.37
2019.2
683.831
204.082
23634.7
6950.21
1992.68
677.648
204.421
23785.4
6926.24
2004.98
693.283
212.966
21586.2
7174.96
2265.97
831.309
261.117
22427.9
7058.84
2133.34
758.026
235.063
21322.1
7269.14
2355.33
882.378
279.919
21223.5
7246.59
2368.18
893.197
286.367
58595.9
84773.4
26030.7
31570.9
13682.1
14936.6
2168.6
2462.68
9.91764
238.503
89.8609
32.3296
23.0289
26.0658
24.1826
20.8132
18.5306
423.813
335.309
228.554
160.251
133.825
186.445
174.727
136.541
104.202
87.7536
71.9547
75.7709
65.4382
53.2172
45.939
0
0
0
0
0
0
0
0
0
0
20107.7
13042.9
20712.4
13167.5
22321.2
25152.1
8887.32
5103.05
8784.64
4959.71
1912.84
565.459
158.736
43.539
1858.66
552.93
159.112
44.8629
713.867
292.978
83.1904
15.4263
676.851
285.249
82.1785
15.39
621.738
273.378
79.1112
14.8983
623.556
267.723
77.7959
14.9205
658.17
265.302
76.4518
14.823
596.081
255.8
75.4044
14.453
628.404
261.228
75.5481
14.5631
583.339
253.361
74.0389
13.9356
596.945
254.556
74.0067
13.8131
10.9876
2.92811
0.750668
0.182324
0.0335347
11.037
2.89685
0.742407
0.180732
0.0332995
8.48213
2.53967
0.692425
0.173626
0.0324106
8.26
2.51669
0.689635
0.173318
0.032389
8.45823
2.55736
0.695735
0.173976
0.0324181
8.36331
2.54752
0.693616
0.173193
0.0322253
8.38202
2.57434
0.703851
0.176292
0.0328675
8.25809
2.54439
0.697582
0.175121
0.0326961
8.04681
2.50344
0.690102
0.173817
0.03251
34913.6
34745.1
34480.5
35053.1
36689.4
28120.4
30494.6
27446.6
27155
24117.4
7348.71
2149.89
721.931
207.707
24036.2
7270.58
2106.01
707.248
208.131
23979.8
7169.23
2056.16
690.623
205.019
24028
7073.54
2020.02
682.718
205.128
24009.1
7008.99
2024.02
696.847
213.507
21743.2
7215.89
2274.83
832.992
261.35
22638.7
7119.22
2146.82
760.526
235.442
21413.4
7292.4
2360.25
883.338
280.065
21251.9
7253.81
2369.68
893.481
286.413
0.0767139
0.155735
0.385937
0.966505
2.36124
5.58678
12.7735
28.0552
58.5176
111.52
176.76
228.216
0.185215
0.225161
0.226495
0.209675
0.195308
0.373932
0.450004
0.447388
0.40963
0.378871
0.921072
1.09627
1.07619
0.973928
0.894172
2.29163
2.69545
2.61124
2.33529
2.12846
5.55646
6.4478
6.15495
5.43505
4.91635
13.0297
14.8823
13.9705
12.168
10.9212
29.4734
33.0389
30.4275
26.1136
23.2564
63.91
70.0729
63.1548
53.3773
47.1965
131.27
140.214
123.354
102.679
90.2592
245.685
254.669
218.346
179.269
157.06
382.243
384.971
323.015
262.791
230.282
487.613
481.983
398.977
323.005
283.214
0.0767471
0.15595
0.386463
0.967491
2.36167
5.58085
12.7399
27.9386
58.2112
110.905
176.01
227.848
0.185355
0.225431
0.226871
0.21013
0.195805
0.374591
0.451137
0.448964
0.411526
0.38093
0.922769
1.09931
1.0805
0.979165
0.899886
2.29521
2.70249
2.62168
2.34827
2.14276
5.56078
6.46019
6.1761
5.46308
4.94811
13.024
14.8936
14.0036
12.2193
10.9828
29.4138
33.0113
30.4515
26.1842
23.354
63.6792
69.8971
63.0946
53.4274
47.3121
130.641
139.674
123.048
102.605
90.3247
244.401
253.504
217.575
178.89
156.918
380.666
383.499
321.959
262.15
229.899
486.837
481.25
398.432
322.648
282.976
11.3437
609.779
47.4303
26.4062
30.0393
28.0644
24.3555
21.8262
1232.83
1070.58
784.476
617.239
588.714
106.665
114.389
101.036
84.4967
74.7154
66686.5
94634.7
40787.6
49863.3
19145.1
21838.5
2300.66
2254.33
0
0
0
0
0
0
0
0
0
0
0
0
0
0
0
16495.1
14047.1
22749.4
15426.6
24184.2
25678.2
10660.4
5838.79
10603.6
5654.04
1997.39
552.6
149.219
39.7059
1945.65
545.214
151.747
41.6517
215.12
143.606
49.0371
9.84887
244.091
152.13
51.0918
10.2386
293.315
166.588
53.6794
10.6227
370.158
187.66
58.2086
11.5168
484.658
211.94
62.8559
12.3389
580.142
244.616
71.2958
13.5788
562.887
233.766
67.487
12.9956
584.531
250.19
72.3892
13.5469
598.769
254.057
73.5967
13.7069
9.75913
2.56985
0.656867
0.159711
0.0294319
9.98105
2.58661
0.661015
0.161065
0.0297237
7.9287
2.36218
0.643503
0.161395
0.0301405
7.49783
2.29894
0.631814
0.159104
0.0297717
8.14042
2.44107
0.661865
0.16528
0.030784
8.26548
2.50935
0.682034
0.170149
0.0316467
6.55086
2.12468
0.595027
0.151034
0.028362
6.54598
2.12455
0.595878
0.151471
0.0284701
6.53757
2.1287
0.598625
0.152407
0.0286675
34051.5
34131.9
34165.9
34931.3
36892.1
27884.1
30235.7
27304.2
27112.4
23188.2
7094.97
2095.83
711.559
206.085
23243.3
7047.15
2057.07
697.541
206.524
23391.1
6994.41
2017.38
682.924
203.765
23634.5
6948.92
1991.75
677.114
204.22
23785.4
6925.72
2004.53
692.989
212.851
21586.4
7174.93
2265.89
831.24
261.087
22428.1
7058.67
2133.14
757.877
235.002
21322.3
7269.17
2355.31
882.347
279.905
21223.7
7246.63
2368.17
893.182
286.359
58590.3
84757.2
26017
31553.4
13669.4
14922.6
1482.62
1683.3
9.91695
238.495
89.8562
32.3275
23.0272
26.0639
24.1807
20.8115
18.529
423.795
335.292
228.539
160.239
133.814
186.435
174.716
136.531
104.193
87.7452
71.9498
75.7654
65.4329
53.2125
45.9346
0
0
0
0
0
0
0
0
0
0
20176.6
13075.1
20728.9
13175.5
22321.8
25152
8883.66
5095.38
8791.67
4962.52
1913.71
566.198
158.89
43.5336
1858.57
552.954
159.135
44.8701
715.69
293.499
83.2918
15.4397
677.348
285.379
82.2131
15.3966
621.908
273.436
79.1277
14.9015
623.643
267.752
77.8043
14.9221
658.224
265.322
76.4568
14.8239
596.09
255.805
75.4053
14.4531
628.432
261.24
75.5511
14.5635
583.331
253.357
74.0373
13.9352
596.922
254.543
74.0017
13.812
10.985
2.9296
0.751138
0.182423
0.0335499
11.0382
2.89682
0.742404
0.180735
0.0333003
8.48201
2.53959
0.692392
0.173617
0.032409
8.26004
2.51663
0.689611
0.173312
0.0323878
8.45781
2.5572
0.695683
0.173961
0.0324154
8.3624
2.54721
0.693522
0.173168
0.0322206
8.38767
2.57586
0.704189
0.176358
0.0328774
8.25873
2.54439
0.697586
0.175124
0.0326967
8.04732
2.50344
0.69009
0.173815
0.0325097
34883.8
34759.3
34487.4
35056.6
36691.4
28121.1
30495.8
27447.1
27155.4
24113.6
7341.27
2147.3
720.955
207.418
24036.1
7264.48
2102.81
705.877
207.7
23979.9
7166.37
2054.34
689.712
204.702
24028.1
7072.31
2019.09
682.183
204.926
24009.3
7008.49
2023.57
696.553
213.392
21743.5
7215.87
2274.75
832.923
261.32
22638.9
7119.07
2146.62
760.377
235.381
21413.7
7292.43
2360.23
883.308
280.051
21252.2
7253.86
2369.67
893.465
286.405
0.076708
0.155724
0.385912
0.966442
2.36109
5.58643
12.7727
28.0537
58.5145
111.515
176.752
228.205
0.185201
0.225142
0.226476
0.209657
0.195291
0.373906
0.449972
0.447355
0.409598
0.378841
0.92101
1.09619
1.07611
0.973854
0.894102
2.29148
2.69526
2.61105
2.33512
2.12829
5.5561
6.44736
6.15452
5.43464
4.91597
13.0289
14.8813
13.9695
12.1671
10.9204
29.4716
33.0368
30.4254
26.1117
23.2546
63.9062
70.0685
63.1506
53.3734
47.1929
131.263
140.206
123.346
102.671
90.2524
245.672
254.654
218.332
179.257
157.048
382.223
384.95
322.995
262.773
230.265
487.588
481.956
398.952
322.984
283.194
0.0767401
0.155935
0.386426
0.967401
2.36146
5.58038
12.7389
27.9365
58.2072
110.898
176
227.837
0.185338
0.22541
0.226849
0.210109
0.195785
0.374555
0.451091
0.448917
0.411482
0.380888
0.92268
1.0992
1.08039
0.979061
0.899788
2.295
2.70223
2.62142
2.34803
2.14253
5.56028
6.45958
6.1755
5.46254
4.9476
13.0229
14.8923
14.0023
12.2181
10.9817
29.4114
33.0085
30.4488
26.1818
23.3518
63.6744
69.8916
63.0893
53.4229
47.3081
130.632
139.664
123.039
102.597
90.3175
244.385
253.487
217.559
178.876
156.907
380.643
383.475
321.937
262.132
229.883
486.811
481.222
398.407
322.627
282.957
11.3424
609.762
47.4261
26.4033
30.0359
28.0612
24.3528
21.8238
1232.8
1070.55
784.452
617.224
588.72
106.655
114.378
101.027
84.4891
74.7092
9309.46
4792.78
2641.53
8642.12
4118.52
2218.04
8132.64
3966.14
2170.08
7427
3005.47
1320.9
10406.6
5643.91
10109.9
5588.97
13333.9
9751.64
7145.61
4523.08
2836.65
1705.23
5514.38
2742.49
1466.3
2345.08
1193.42
653.714
947.567
492.13
281.228
1902.29
549.972
151.442
41.3346
1904.72
555.033
147.607
39.1799
10.3177
2.72077
0.697654
0.169785
0.0312736
10.2865
2.78631
0.71784
0.174555
0.0321056
20.2601
46.1308
50.4779
45.2398
37.857
33.1789
0.0123595
0.0310356
0.0996471
0.338983
1.10956
3.1902
0.0302357
0.0376345
0.0389146
0.0369949
0.0350627
0.0755342
0.0931239
0.0951891
0.0894758
0.084171
0.241067
0.293922
0.296485
0.275126
0.256634
0.81406
0.979212
0.972196
0.888632
0.820822
2.64071
3.12448
3.04375
2.73369
2.49708
7.51707
8.73382
8.3361
7.35198
6.64129
19812
15979.8
22183
17738.7
25255.2
19018.4
10436.3
5147.19
2708.91
12130.8
6009.55
3159.76
11171.8
5366.47
2725.49
10380.9
7576.97
10140.8
6989.82
9953.88
6772.34
7885.75
4310.72
9450.1
5228.68
9789.88
5440.14
1830.3
545.732
153.602
42.622
1875.71
552.337
148.067
39.5583
10.7611
2.8522
0.733699
0.17881
0.0329495
10.4371
2.83396
0.731253
0.177968
0.0327452
0.0124159
0.0313955
0.101488
0.348303
1.15389
3.40401
0.0303791
0.0378257
0.0391295
0.0372169
0.0352851
0.0764386
0.0943096
0.0964983
0.0908061
0.0854894
0.245647
0.299818
0.302861
0.281482
0.262861
0.837019
1.00825
1.00299
0.918787
0.850052
2.74872
3.25857
3.18306
2.86775
2.6257
8.03087
9.35544
8.96307
7.93963
7.19608
27.2645
62.3625
68.8379
62.4507
53.0894
47.1587
)
;
    }
    patch2
    {
        type            calculated;
        value           nonuniform List<scalar> 
348
(
163.54
163.533
409.384
87.4945
36.7388
105.131
426.391
91.7947
40.973
113.462
409.347
87.487
36.7356
105.122
426.373
91.7872
40.969
113.454
1688.43
807.919
36.7379
16.4833
17.8908
13.6128
27.0196
1336.88
706.615
431.203
288.332
129.904
104.351
186.293
83.9002
59.859
63.8043
44.0284
1323.33
381.864
111.324
108.023
192.838
153.255
89.5011
72.633
31.9089
29.5675
58.1616
61.274
1444.63
585.974
720.83
335.665
220.93
0.102889
0.211695
0.535631
1.37365
3.41979
8.16152
0.190936
0.369647
0.870595
2.06817
4.76738
10.5688
0.0536846
0.0344484
0.120652
0.082518
0.340392
0.250982
0.988666
0.800501
2.74158
2.42762
7.07134
6.43692
18.6327
41.678
93.2628
205.569
339.486
454.127
22.4627
45.5117
86.9434
151.264
222.034
273.199
0.103279
0.213508
0.54178
1.39295
3.47424
8.29515
0.191445
0.371746
0.876429
2.08281
4.80011
10.6331
0.0539716
0.0346744
0.122204
0.0838408
0.346882
0.257194
1.01444
0.829527
2.8318
2.55485
7.34781
6.98268
18.9019
42.1239
93.8985
205.905
338.928
453.557
22.5676
45.6456
87.0482
151.191
221.727
272.998
1685.26
806.541
37.9249
17.1056
21.1165
15.2529
29.2797
1514.73
1045.73
532.778
606.703
145.725
272.54
89.4217
120.77
72.2016
1385.09
416.369
132.858
120.434
211.248
161.181
91.8734
78.1636
45.5648
37.2882
73.7768
70.3845
1444.87
585.302
736.309
338.273
226.012
1688.32
807.865
36.7349
16.4819
17.8892
13.6116
27.0173
1336.71
706.529
431.155
288.303
129.893
104.34
186.274
83.8919
59.8532
63.798
44.024
1323.18
381.826
111.314
108.013
192.819
153.241
89.4937
72.6266
31.9059
29.5648
58.1561
61.2684
1444.51
585.929
720.763
335.637
220.911
0.10288
0.211678
0.535588
1.37354
3.41952
8.16086
0.190919
0.369617
0.870527
2.06801
4.767
10.5679
0.0536799
0.0344453
0.120642
0.0825113
0.340364
0.250962
0.988585
0.800435
2.74135
2.42742
7.07076
6.43637
18.6312
41.6747
93.2555
205.553
339.461
454.096
22.4609
45.5082
86.9367
151.253
222.018
273.18
0.103268
0.213484
0.541718
1.39279
3.47386
8.29429
0.191425
0.371705
0.876334
2.08259
4.79962
10.632
0.0539657
0.0346705
0.122189
0.0838304
0.34684
0.257161
1.01432
0.829423
2.83148
2.55454
7.347
6.98186
18.9001
42.1202
93.8911
205.891
338.907
453.528
22.5655
45.6417
87.0412
151.18
221.712
272.979
1685.18
806.496
37.9213
17.1038
21.1142
15.2512
29.2767
1514.76
1045.77
532.773
606.723
145.718
272.534
89.4152
120.763
72.1958
1385.09
416.354
132.849
120.425
211.237
161.17
91.8659
78.157
45.5603
37.2844
73.7707
70.3784
1444.82
585.272
736.284
338.254
225.998
433.147
146.369
64.7035
483.695
168.804
74.6352
573.667
211.045
97.786
723.423
288.454
135.985
1040.16
403.314
177.976
2196.81
1679.72
2017.52
1488.83
1760.68
1282.55
1700.04
1206.19
1832.73
1232.86
430.204
145.139
64.1283
484.19
169.038
74.7434
573.716
211.107
97.8241
723.346
288.451
135.991
1040.02
403.279
177.967
2202.73
1686.64
2020.87
1491.83
1761.61
1283.44
1700.4
1206.51
1832.91
1233.02
)
;
    }
    patch3
    {
        type            calculated;
        value           uniform 0;
    }
    patch4
    {
        type            calculated;
        value           nonuniform List<scalar> 
384
(
9610.19
20586.1
26099.7
53628.1
84231.9
31488.3
15310.5
8037.03
17640.3
21728.7
49336.1
51921.4
9155.8
20514.9
26078.9
53617.3
84219.6
31479.7
15282.5
7504.61
17534.2
21719.2
49275.8
51959.9
17258.5
16639.7
49996.8
55723.9
17515.8
16841
50872.8
56227.7
17256.2
16639.1
49995.6
55723.5
17514.5
16840.5
50867.1
56226.3
11659.1
10538.4
12934.4
10816.6
2888.37
14182.1
80.0787
10094.9
3553.42
15618.2
136.36
10388.8
12932.2
10816
11659
10538.6
5523.73
3962.91
7897.21
5382.88
30274.8
23910.2
5603.99
8958.1
9317.18
14757.8
9812.23
8906.15
13479.2
9854.41
31884.4
24351.5
10789.8
14055.9
14218.5
19584
5359.1
3891.27
7892.22
5388.32
30274.4
23910.8
5486.7
8735.61
9334.27
14784.5
9757.98
8884.6
13500.1
9868.94
31887.1
24352.8
10696.7
13839.2
14239.2
19612.8
3551.66
15613.9
136.272
10387.4
2889.39
14185.8
80.0713
10096.2
107752
129634
114644
133969
107756
129636
114647
133971
24781.8
10116
31417.1
16127.4
39077.3
24490.3
16864.3
12266.4
43167.4
86070.9
56221.4
100735
36425.3
78945.5
33291.3
75873.1
38546.4
15072.4
42677.4
20730
46566.4
28280
18390.9
12599.3
45938.2
87957.7
60936.2
103763
37789.9
79969.3
33677.6
76201
24324.2
9854.66
31436.7
16152.9
39089.1
24501
16868.5
12268
43172.5
86073.5
56227.6
100738
36428.5
78947.6
33293.6
75875
38111.7
14813.4
42689.9
20756
46576.5
28291.3
18395.5
12601
45943.6
87960.6
60942.2
103766
37793.5
79971.7
33680
76203
41029.6
80197.8
48339.4
86997.4
58620.4
93619.1
80985.4
61279.1
102166
63852.2
103647
68711
103807
87169
40475.1
79631.9
48366.5
87038.4
58633.9
93628.4
80991.4
60774
101678
63860.4
103668
68719.4
103812
87173.6
20423.7
20550.4
20768.5
21036.7
21179.7
20291.4
20657.1
20157.3
20156
21615
21585.3
21552.8
21583.4
21522.7
20449.8
20895.8
20246.9
20184
20415.4
20546.5
20765.8
21035.3
21179.1
20291.4
20656.9
20157.4
20156.2
21614.7
21582.2
21550.5
21582.1
21522.2
20449.9
20895.7
20247.1
20184.2
3833.13
3732.96
3653.51
3548.11
3457.94
3982.76
3760.95
4143.39
4103.39
3988.51
3868.4
3759.09
3622.55
3505.88
4007.24
3796.41
4157.72
4107.77
3817.15
3726.99
3651.48
3547.38
3457.68
3982.74
3760.86
4143.41
4103.41
3972.82
3862.37
3757.08
3621.85
3505.64
4007.23
3796.33
4157.73
4107.79
990.403
949.454
911.28
869.274
849.614
1100.24
984.424
1182.3
1176.78
1016.61
972.422
929.532
882.414
858.331
1104.84
991.035
1185.01
1177.59
985.566
947.017
910.265
868.841
849.433
1100.21
984.34
1182.29
1176.78
1011.76
969.948
928.511
881.982
858.152
1104.81
990.953
1185
1177.59
318.783
305.004
291.596
278.037
275.548
382.161
330.525
420.054
421.401
323.348
309.013
294.806
280.376
277.125
383.011
331.738
420.56
421.55
317.146
304.08
291.149
277.813
275.439
382.131
330.465
420.04
421.394
321.705
308.08
294.356
280.152
277.016
382.981
331.678
420.546
421.544
84.789
81.8032
78.7398
75.5496
75.6692
108.294
92.1815
120.589
121.954
85.4294
82.3644
79.1881
75.8774
75.8909
108.418
92.3536
120.666
121.978
84.3176
81.5451
78.6054
75.4765
75.6304
108.282
92.1586
120.583
121.951
84.9571
82.1048
79.0531
75.8041
75.8521
108.405
92.3307
120.66
121.974
)
;
    }
}


// ************************************************************************* //
