/*--------------------------------*- C++ -*----------------------------------*\
| =========                 |                                                 |
| \\      /  F ield         | OpenFOAM: The Open Source CFD Toolbox           |
|  \\    /   O peration     | Version:  2412                                  |
|   \\  /    A nd           | Website:  www.openfoam.com                      |
|    \\/     M anipulation  |                                                 |
\*---------------------------------------------------------------------------*/
FoamFile
{
    version     2.0;
    format      ascii;
    arch        "LSB;label=32;scalar=64";
    class       volScalarField;
    location    "0.05/chip";
    object      T;
}
// * * * * * * * * * * * * * * * * * * * * * * * * * * * * * * * * * * * * * //

dimensions      [0 0 0 1 0 0 0];

internalField   nonuniform List<scalar> 
6620
(
326.397
326.344
326.344
326.292
326.976
326.873
326.873
326.772
326.237
326.263
326.263
326.237
326.263
326.263
326.289
326.289
326.289
326.289
326.263
326.263
326.237
326.263
326.263
326.237
326.292
326.713
326.344
326.344
326.814
326.814
326.292
326.713
326.344
326.344
326.814
326.814
326.397
326.397
326.397
326.917
326.917
326.917
326.917
326.344
326.814
326.814
326.292
326.713
326.344
326.814
326.814
326.713
326.772
326.873
326.873
326.772
326.873
326.873
326.976
326.976
326.976
326.873
326.772
326.873
326.012
325.727
326.421
326.067
326.143
326.345
326.087
326.017
325.805
326.295
326.421
326.067
326.143
326.345
326.786
326.478
326.478
326.677
326.561
326.731
326.731
326.484
326.137
326.424
326.573
326.213
326.433
326.626
326.087
326.017
325.805
326.295
326.484
326.424
326.137
326.573
326.213
326.626
326.433
326.195
326.086
326.086
326.47
325.879
326.333
326.333
326.276
326.606
326.681
326.556
326.349
326.606
326.681
327.03
327.03
327.085
326.737
326.926
326.788
326.556
326.349
326.926
326.737
326.788
326.637
326.637
326.502
325.68
325.962
325.719
325.962
325.719
325.997
325.997
325.756
325.987
326.076
325.987
326.076
326.022
326.357
326.112
326.022
326.357
326.112
325.962
325.719
325.68
325.997
325.997
325.756
325.962
325.719
325.988
326.076
326.023
326.357
326.112
325.988
326.076
326.357
326.023
326.112
326.384
326.384
326.481
326.384
326.384
326.481
326.384
326.384
326.481
326.384
326.384
326.481
326.023
326.357
326.112
325.988
326.076
326.357
326.023
326.112
325.988
326.076
325.962
325.719
325.997
325.997
325.756
325.68
325.962
325.719
326.357
326.023
326.112
326.357
326.023
326.112
325.988
326.076
325.987
326.076
325.997
325.997
325.756
325.962
325.719
325.962
325.719
325.68
326.087
326.017
325.805
326.295
326.087
326.017
325.806
326.295
326.195
326.086
326.086
326.47
325.879
326.333
326.333
326.086
326.244
326.161
326.527
326.37
326.318
326.161
326.527
326.37
326.318
326.342
326.613
326.578
326.578
326.478
326.478
326.441
326.421
326.067
326.143
326.345
326.484
326.136
326.424
326.573
326.213
326.433
326.626
326.484
326.136
326.424
326.573
326.213
326.433
326.626
326.495
326.576
326.419
326.652
326.495
326.576
326.419
326.652
326.629
326.714
326.678
326.867
326.578
326.767
326.729
326.629
326.714
326.678
326.867
326.578
326.767
326.729
326.012
325.727
326.195
326.086
326.086
326.47
325.879
326.333
326.333
326.087
326.017
325.806
326.295
326.161
326.527
326.37
326.318
326.086
326.244
326.342
326.613
326.578
326.578
326.478
326.478
326.441
326.161
326.527
326.37
326.318
326.484
326.137
326.424
326.573
326.213
326.433
326.626
326.421
326.067
326.143
326.345
326.484
326.424
326.137
326.573
326.213
326.626
326.433
326.495
326.576
326.419
326.652
326.629
326.714
326.678
326.867
326.578
326.767
326.729
326.495
326.576
326.419
326.652
326.629
326.714
326.867
326.678
326.767
326.578
326.729
326.786
326.478
326.478
326.677
326.561
326.731
326.731
326.786
326.478
326.478
326.677
326.561
326.731
326.731
326.786
326.478
326.478
326.677
326.561
326.731
326.731
326.421
326.067
326.143
326.345
326.484
326.424
326.137
326.573
326.213
326.626
326.433
326.421
326.067
326.143
326.345
326.629
326.714
326.678
326.867
326.578
326.767
326.729
326.495
326.576
326.419
326.652
326.629
326.714
326.867
326.678
326.767
326.578
326.729
326.495
326.576
326.419
326.652
326.195
326.086
326.086
326.47
325.879
326.333
326.333
326.012
325.727
326.087
326.017
325.806
326.295
326.161
326.527
326.37
326.318
326.342
326.613
326.578
326.578
326.478
326.478
326.441
326.086
326.244
326.161
326.527
326.37
326.318
326.484
326.424
326.136
326.573
326.213
326.626
326.433
326.421
326.067
326.143
326.345
326.421
326.067
326.143
326.345
326.629
326.714
326.867
326.678
326.767
326.578
326.729
326.629
326.714
326.867
326.678
326.767
326.578
326.729
326.495
326.576
326.419
326.652
326.495
326.576
326.419
326.652
326.087
326.017
325.806
326.295
326.087
326.017
325.805
326.295
326.012
325.727
326.342
326.613
326.578
326.578
326.478
326.478
326.441
326.161
326.527
326.37
326.318
326.161
326.527
326.37
326.318
326.086
326.244
326.556
326.349
326.556
326.349
326.637
326.637
326.502
326.606
326.681
326.737
326.926
326.788
326.737
326.926
326.788
326.276
326.637
326.637
326.502
326.556
326.349
326.737
326.926
326.788
326.606
326.681
326.926
326.737
326.788
327.03
327.03
327.085
327.03
327.03
327.085
327.03
327.03
327.085
326.606
326.681
326.926
326.737
326.788
326.606
326.681
326.637
326.637
326.502
326.276
326.556
326.349
326.926
326.737
326.788
326.606
326.681
326.606
326.681
326.556
326.349
326.556
326.349
326.276
326.578
326.437
326.437
326.497
326.478
326.537
326.537
326.421
326.281
326.384
326.444
326.32
326.382
326.484
326.421
326.384
326.281
326.444
326.32
326.484
326.382
326.27
326.23
326.23
326.392
326.168
326.331
326.331
326.143
326.143
326.05
326.169
326.323
326.227
326.169
326.323
326.227
326.143
326.143
326.05
326.169
326.323
326.227
326.323
326.169
326.227
326.35
326.35
326.411
326.35
326.35
326.411
326.35
326.35
326.411
326.35
326.35
326.411
326.169
326.323
326.227
326.323
326.169
326.227
326.143
326.143
326.05
326.323
326.169
326.227
326.323
326.169
326.227
326.143
326.143
326.05
326.27
326.23
326.23
326.392
326.168
326.331
326.331
326.421
326.281
326.384
326.444
326.484
326.32
326.382
326.421
326.281
326.384
326.444
326.32
326.382
326.484
326.27
326.23
326.23
326.392
326.331
326.168
326.331
326.421
326.281
326.384
326.444
326.484
326.32
326.382
326.421
326.384
326.281
326.444
326.32
326.484
326.382
326.578
326.437
326.437
326.497
326.537
326.478
326.537
326.578
326.437
326.437
326.497
326.537
326.478
326.537
326.578
326.437
326.437
326.497
326.478
326.537
326.537
326.421
326.384
326.281
326.444
326.382
326.32
326.484
326.27
326.23
326.23
326.392
326.331
326.168
326.331
326.421
326.384
326.281
326.444
326.382
326.32
326.484
325.719
325.927
325.946
325.946
325.858
325.858
325.87
325.662
325.833
325.65
325.65
325.464
325.759
325.759
326.275
326.338
326.373
326.408
326.288
326.326
326.36
326.156
326.008
326.105
326.17
326.046
326.118
326.208
326.181
326.246
326.084
326.13
326.071
326.194
326.234
326.25
326.383
326.263
326.297
326.212
326.3
326.335
326.028
326.004
326.027
326.163
325.941
326.08
326.113
326.007
325.959
325.956
326.12
325.897
326.069
326.059
325.933
325.91
325.733
325.884
325.823
325.843
325.988
326.101
326.234
326.213
326.248
326.163
326.152
326.186
326.275
326.339
326.408
326.373
326.326
326.288
326.36
326.156
326.008
326.105
326.171
326.046
326.118
326.208
326.181
326.246
326.13
326.084
326.071
326.234
326.194
326.25
326.383
326.263
326.297
326.212
326.3
326.335
326.605
326.464
326.519
326.578
326.505
326.565
326.619
326.605
326.464
326.519
326.578
326.505
326.565
326.619
326.633
326.661
326.547
326.547
326.533
326.647
326.647
326.349
326.209
326.175
326.239
326.248
326.311
326.277
326.448
326.411
326.36
326.525
326.347
326.511
326.461
326.375
326.315
326.201
326.287
326.274
326.303
326.388
326.028
326.004
326.163
326.028
326.081
325.941
326.113
326.007
325.959
325.956
326.12
325.897
326.069
326.059
325.933
325.91
325.884
325.733
325.823
325.988
325.844
326.101
326.234
326.213
326.248
326.163
326.152
326.186
326.448
326.411
326.36
326.525
326.347
326.511
326.461
326.349
326.209
326.175
326.239
326.248
326.311
326.277
326.375
326.315
326.287
326.2
326.274
326.388
326.303
326.199
326.158
326.025
326.188
326.097
326.26
326.128
326.199
326.158
326.025
326.188
326.097
326.26
326.128
326.128
325.983
325.954
325.954
326.026
326.057
326.057
326.181
326.307
326.264
326.264
326.176
326.297
326.221
326.221
326.142
326.243
326.243
326.638
326.71
326.657
326.697
326.615
326.558
326.643
326.624
326.595
326.578
326.662
326.641
326.7
326.633
326.669
326.62
326.653
326.687
326.626
326.634
326.57
326.671
326.419
326.38
326.302
326.454
326.468
326.508
326.496
326.574
326.447
326.529
326.515
326.397
326.369
326.298
326.425
326.375
326.319
326.444
326.453
326.584
326.546
326.525
326.638
326.71
326.697
326.657
326.616
326.558
326.643
326.625
326.595
326.578
326.662
326.641
326.7
326.669
326.633
326.62
326.687
326.653
326.626
326.634
326.57
326.672
327.081
327.108
327.094
327.094
327.026
326.947
326.986
326.986
327.053
327.027
327.013
327.067
327.053
327.027
327.013
327.067
326.828
326.773
326.76
326.841
326.873
326.895
326.834
326.934
326.802
326.697
326.764
326.735
326.899
326.974
326.96
326.912
326.419
326.38
326.454
326.302
326.468
326.508
326.496
326.574
326.447
326.529
326.515
326.397
326.369
326.425
326.298
326.376
326.444
326.32
326.454
326.584
326.546
326.525
326.828
326.773
326.841
326.76
326.873
326.895
326.934
326.834
326.899
326.974
326.96
326.912
326.802
326.697
326.764
326.735
326.585
326.447
326.518
326.518
326.724
326.843
326.783
326.783
326.655
326.647
326.714
326.588
326.655
326.647
326.714
326.587
325.57
325.57
325.388
325.873
325.87
325.78
325.61
325.834
325.743
325.874
325.87
325.78
325.611
325.834
325.744
326.106
325.905
326.014
326.106
325.905
326.014
325.869
325.87
325.978
325.898
326.044
325.954
325.986
326.057
325.967
325.898
326.044
325.954
325.986
326.057
325.967
326.132
326.08
326.19
326.336
326.261
326.241
326.093
326.223
326.204
326.132
326.08
326.19
326.336
326.261
326.241
326.093
326.223
326.204
325.873
325.87
325.78
325.61
325.834
325.743
325.57
325.57
325.388
326.106
325.905
326.014
326.106
325.905
326.014
325.869
325.87
325.978
325.874
325.87
325.78
325.611
325.834
325.744
325.898
326.044
325.955
326.057
325.986
325.967
326.132
326.08
326.19
326.336
326.261
326.241
326.093
326.223
326.204
325.898
326.044
325.954
325.986
326.057
325.967
326.336
326.261
326.241
326.132
326.08
326.19
326.223
326.093
326.204
326.363
326.446
326.425
326.363
326.446
326.425
326.46
326.46
326.439
326.363
326.446
326.425
326.363
326.446
326.425
326.46
326.46
326.439
326.363
326.446
326.425
326.363
326.446
326.425
326.46
326.46
326.439
326.363
326.446
326.425
326.363
326.446
326.425
326.46
326.46
326.439
326.132
326.08
326.19
326.336
326.261
326.241
326.093
326.223
326.204
325.898
326.044
325.955
326.057
325.986
325.967
326.336
326.261
326.241
326.132
326.08
326.19
326.223
326.093
326.204
325.898
326.044
325.955
325.986
326.057
325.967
325.873
325.87
325.78
325.834
325.61
325.744
326.106
325.905
326.014
326.106
325.905
326.014
325.87
325.87
325.978
325.57
325.57
325.388
325.873
325.87
325.78
325.834
325.611
325.744
326.336
326.261
326.241
326.132
326.08
326.19
326.223
326.093
326.204
326.336
326.261
326.241
326.132
326.08
326.19
326.223
326.093
326.204
325.898
326.044
325.954
326.057
325.986
325.967
325.898
326.044
325.954
326.057
325.986
325.967
326.106
325.905
326.014
326.106
325.905
326.014
325.87
325.869
325.978
325.874
325.87
325.78
325.834
325.611
325.744
325.873
325.87
325.78
325.834
325.61
325.743
325.57
325.57
325.388
326.028
326.004
326.027
326.163
325.941
326.08
326.113
326.007
325.959
325.956
326.12
326.069
325.897
326.059
325.933
325.91
325.733
325.884
325.843
325.823
325.988
326.101
326.234
326.213
326.248
326.163
326.152
326.186
326.029
326.004
326.028
326.163
325.941
326.081
326.114
326.007
325.959
325.956
326.121
326.069
325.897
326.06
325.934
325.91
325.733
325.884
325.844
325.823
325.988
326.101
326.234
326.213
326.248
326.163
326.152
326.186
326.199
326.158
326.025
326.188
326.097
326.128
326.26
326.199
326.158
326.025
326.188
326.097
326.128
326.26
326.128
325.983
325.954
325.954
326.026
326.057
326.057
326.023
326.023
326.023
326.15
325.914
326.089
326.089
326.053
326.203
326.188
326.188
326.125
326.144
326.144
326.252
326.104
326.237
326.225
326.188
326.17
326.302
326.379
326.481
326.489
326.465
326.427
326.441
326.42
326.326
326.308
326.323
326.435
326.261
326.373
326.387
326.306
326.278
326.267
326.395
326.224
326.356
326.347
326.254
326.105
326.237
326.225
326.189
326.17
326.303
326.38
326.481
326.489
326.466
326.427
326.441
326.42
326.326
326.308
326.323
326.436
326.262
326.374
326.388
326.307
326.279
326.268
326.395
326.225
326.356
326.348
326.275
326.338
326.373
326.408
326.288
326.326
326.36
326.156
326.008
326.105
326.17
326.118
326.046
326.208
326.181
326.246
326.084
326.13
326.194
326.071
326.234
326.25
326.383
326.263
326.297
326.212
326.3
326.335
326.349
326.209
326.175
326.239
326.277
326.248
326.31
326.448
326.411
326.36
326.525
326.511
326.347
326.461
326.375
326.315
326.2
326.287
326.303
326.274
326.388
326.349
326.209
326.175
326.239
326.248
326.277
326.31
326.448
326.411
326.36
326.525
326.347
326.461
326.511
326.375
326.315
326.2
326.287
326.274
326.303
326.388
326.5
326.448
326.482
326.561
326.435
326.512
326.548
326.528
326.53
326.538
326.614
326.568
326.49
326.576
326.475
326.457
326.372
326.485
326.41
326.437
326.523
326.553
326.614
326.605
326.639
326.593
326.565
326.601
326.5
326.448
326.482
326.561
326.435
326.512
326.548
326.528
326.53
326.538
326.614
326.576
326.49
326.568
326.475
326.457
326.372
326.485
326.41
326.523
326.437
326.553
326.614
326.605
326.639
326.565
326.601
326.593
325.719
325.927
325.946
325.946
325.858
325.858
325.87
325.662
325.833
325.65
325.65
325.759
325.464
325.759
326.199
326.158
326.025
326.188
326.128
326.097
326.26
326.199
326.158
326.025
326.188
326.26
326.097
326.128
326.128
325.983
325.954
325.954
326.057
326.026
326.057
326.029
326.004
326.028
326.163
325.941
326.081
326.114
326.007
325.959
325.956
326.121
325.897
326.06
326.069
325.934
325.91
325.733
325.884
325.823
325.844
325.988
326.101
326.234
326.213
326.248
326.152
326.186
326.163
326.252
326.104
326.237
326.225
326.188
326.17
326.302
326.379
326.481
326.489
326.465
326.42
326.441
326.427
326.326
326.308
326.323
326.435
326.261
326.387
326.373
326.306
326.278
326.267
326.395
326.347
326.224
326.356
326.023
326.023
326.023
326.15
325.914
326.089
326.089
326.053
326.203
326.188
326.188
326.144
326.144
326.125
326.254
326.105
326.237
326.225
326.189
326.17
326.303
326.38
326.481
326.489
326.466
326.427
326.441
326.42
326.326
326.308
326.323
326.436
326.262
326.374
326.388
326.307
326.279
326.268
326.395
326.225
326.356
326.348
326.349
326.209
326.175
326.239
326.277
326.248
326.311
326.448
326.411
326.36
326.525
326.511
326.347
326.461
326.375
326.315
326.2
326.287
326.303
326.274
326.388
326.275
326.339
326.373
326.408
326.288
326.326
326.36
326.156
326.008
326.105
326.171
326.118
326.046
326.208
326.181
326.246
326.084
326.13
326.194
326.071
326.234
326.25
326.383
326.263
326.297
326.212
326.3
326.335
326.448
326.411
326.36
326.525
326.347
326.461
326.511
326.349
326.209
326.175
326.239
326.248
326.277
326.311
326.375
326.315
326.287
326.2
326.274
326.388
326.303
326.5
326.482
326.448
326.561
326.435
326.548
326.512
326.528
326.531
326.538
326.614
326.568
326.49
326.576
326.475
326.457
326.373
326.485
326.41
326.437
326.523
326.553
326.614
326.639
326.606
326.593
326.601
326.565
326.5
326.448
326.482
326.561
326.435
326.512
326.548
326.528
326.53
326.538
326.614
326.576
326.49
326.568
326.475
326.457
326.372
326.485
326.41
326.523
326.437
326.553
326.614
326.606
326.639
326.565
326.601
326.593
326.605
326.464
326.519
326.578
326.619
326.505
326.565
326.605
326.464
326.519
326.578
326.565
326.505
326.619
326.633
326.661
326.547
326.547
326.647
326.533
326.647
326.605
326.464
326.519
326.578
326.619
326.505
326.565
326.605
326.464
326.519
326.578
326.565
326.505
326.619
326.633
326.661
326.547
326.547
326.647
326.533
326.647
326.605
326.464
326.519
326.578
326.505
326.619
326.565
326.605
326.464
326.519
326.578
326.505
326.619
326.565
326.633
326.661
326.547
326.547
326.533
326.647
326.647
326.275
326.339
326.408
326.373
326.326
326.288
326.36
326.156
326.009
326.105
326.171
326.208
326.046
326.118
326.181
326.246
326.13
326.084
326.234
326.071
326.194
326.25
326.383
326.263
326.297
326.3
326.213
326.335
326.448
326.411
326.36
326.525
326.461
326.347
326.511
326.349
326.209
326.175
326.239
326.311
326.248
326.277
326.375
326.315
326.287
326.201
326.388
326.274
326.303
326.275
326.339
326.373
326.408
326.288
326.326
326.36
326.156
326.008
326.105
326.171
326.046
326.208
326.118
326.181
326.246
326.084
326.13
326.071
326.194
326.234
326.25
326.383
326.263
326.297
326.3
326.335
326.212
326.5
326.482
326.448
326.561
326.435
326.548
326.512
326.528
326.531
326.538
326.614
326.49
326.576
326.568
326.475
326.457
326.373
326.485
326.437
326.41
326.523
326.553
326.614
326.639
326.606
326.601
326.565
326.593
326.5
326.448
326.482
326.561
326.435
326.512
326.548
326.528
326.531
326.538
326.614
326.576
326.49
326.568
326.475
326.457
326.373
326.485
326.41
326.523
326.437
326.553
326.614
326.606
326.639
326.565
326.601
326.593
326.199
326.158
326.025
326.188
326.128
326.097
326.26
326.199
326.158
326.025
326.188
326.26
326.097
326.128
326.128
325.983
325.954
325.954
326.057
326.026
326.057
325.719
325.927
325.946
325.946
325.858
325.858
325.87
325.662
325.833
325.65
325.65
325.759
325.464
325.759
326.028
326.004
326.163
326.028
326.081
325.941
326.113
326.007
325.959
325.956
326.12
325.897
326.059
326.069
325.934
325.91
325.884
325.733
325.823
325.988
325.844
326.101
326.234
326.213
326.248
326.152
326.186
326.163
326.253
326.237
326.104
326.225
326.188
326.303
326.17
326.379
326.481
326.489
326.466
326.42
326.441
326.427
326.326
326.308
326.323
326.435
326.261
326.388
326.374
326.307
326.278
326.395
326.267
326.348
326.356
326.225
326.023
326.023
326.023
326.15
325.914
326.089
326.089
326.053
326.203
326.188
326.188
326.144
326.144
326.125
326.253
326.237
326.104
326.225
326.188
326.303
326.17
326.379
326.481
326.489
326.466
326.427
326.441
326.42
326.326
326.308
326.323
326.436
326.261
326.374
326.388
326.307
326.278
326.395
326.267
326.356
326.225
326.348
326.448
326.411
326.36
326.525
326.461
326.347
326.511
326.349
326.209
326.175
326.239
326.31
326.248
326.277
326.375
326.315
326.287
326.2
326.388
326.274
326.303
326.275
326.339
326.408
326.373
326.326
326.288
326.36
326.156
326.008
326.105
326.171
326.208
326.046
326.118
326.181
326.246
326.13
326.084
326.234
326.071
326.194
326.25
326.383
326.263
326.297
326.3
326.212
326.335
326.275
326.339
326.408
326.373
326.326
326.288
326.36
326.156
326.008
326.105
326.17
326.046
326.208
326.118
326.181
326.246
326.13
326.084
326.071
326.234
326.194
326.25
326.383
326.263
326.297
326.3
326.335
326.212
326.5
326.482
326.448
326.561
326.435
326.548
326.512
326.528
326.53
326.538
326.614
326.49
326.576
326.568
326.475
326.457
326.372
326.485
326.437
326.41
326.523
326.553
326.614
326.639
326.606
326.601
326.565
326.593
326.5
326.482
326.448
326.561
326.435
326.548
326.512
326.528
326.53
326.538
326.614
326.576
326.49
326.568
326.475
326.457
326.372
326.485
326.41
326.523
326.437
326.553
326.614
326.639
326.606
326.601
326.565
326.593
326.029
326.004
326.163
326.028
326.081
325.941
326.114
326.007
325.959
325.956
326.121
326.06
325.897
326.069
325.934
325.91
325.884
325.733
325.988
325.823
325.844
326.101
326.234
326.213
326.248
326.152
326.163
326.186
326.028
326.004
326.163
326.028
326.08
325.941
326.113
326.007
325.959
325.956
326.12
326.059
325.897
326.069
325.933
325.91
325.884
325.733
325.988
325.823
325.843
326.101
326.234
326.213
326.248
326.152
326.163
326.186
325.719
325.927
325.946
325.946
325.858
325.858
325.87
325.662
325.833
325.65
325.65
325.464
325.759
325.759
326.254
326.237
326.105
326.225
326.189
326.303
326.17
326.38
326.481
326.489
326.466
326.441
326.427
326.42
326.326
326.308
326.323
326.436
326.388
326.262
326.374
326.307
326.279
326.395
326.268
326.356
326.225
326.348
326.253
326.237
326.104
326.225
326.188
326.302
326.17
326.379
326.481
326.489
326.465
326.441
326.427
326.42
326.326
326.308
326.323
326.435
326.387
326.261
326.373
326.306
326.278
326.395
326.267
326.356
326.225
326.347
326.023
326.023
326.023
326.15
325.914
326.089
326.089
326.053
326.203
326.188
326.188
326.144
326.144
326.125
326.419
326.38
326.302
326.454
326.468
326.508
326.496
326.574
326.529
326.447
326.515
326.397
326.369
326.298
326.425
326.319
326.375
326.444
326.453
326.584
326.546
326.525
326.419
326.38
326.302
326.454
326.468
326.508
326.496
326.575
326.529
326.447
326.515
326.397
326.37
326.298
326.425
326.32
326.376
326.444
326.454
326.585
326.546
326.525
326.585
326.447
326.518
326.518
326.724
326.843
326.783
326.783
326.655
326.647
326.587
326.714
326.655
326.647
326.588
326.714
326.638
326.71
326.657
326.697
326.615
326.558
326.643
326.624
326.578
326.595
326.662
326.641
326.7
326.633
326.669
326.653
326.62
326.687
326.626
326.634
326.57
326.671
326.828
326.773
326.76
326.841
326.873
326.895
326.934
326.834
326.802
326.697
326.735
326.764
326.899
326.974
326.96
326.912
326.828
326.773
326.76
326.841
326.873
326.895
326.834
326.934
326.802
326.697
326.735
326.764
326.899
326.974
326.912
326.96
326.181
326.307
326.264
326.264
326.176
326.297
326.221
326.221
326.243
326.142
326.243
326.585
326.447
326.518
326.518
326.724
326.843
326.783
326.783
326.655
326.647
326.587
326.714
326.655
326.647
326.714
326.588
326.419
326.38
326.302
326.454
326.468
326.508
326.496
326.575
326.447
326.515
326.529
326.397
326.37
326.298
326.425
326.376
326.32
326.444
326.454
326.585
326.525
326.546
326.828
326.773
326.76
326.841
326.873
326.895
326.934
326.834
326.802
326.697
326.735
326.764
326.899
326.974
326.96
326.912
326.638
326.71
326.657
326.697
326.616
326.558
326.643
326.624
326.578
326.595
326.662
326.641
326.7
326.633
326.669
326.653
326.62
326.687
326.626
326.634
326.57
326.672
326.828
326.773
326.841
326.76
326.873
326.895
326.934
326.834
326.899
326.974
326.912
326.96
326.802
326.697
326.735
326.764
327.081
327.108
327.094
327.094
327.026
326.947
326.986
326.986
327.053
327.027
327.067
327.013
327.053
327.027
327.013
327.067
327.081
327.108
327.094
327.094
327.026
326.947
326.986
326.986
327.053
327.027
327.067
327.013
327.053
327.027
327.013
327.067
327.081
327.108
327.094
327.094
327.026
326.947
326.986
326.986
327.053
327.027
327.067
327.013
327.053
327.027
327.067
327.013
326.638
326.71
326.697
326.657
326.616
326.558
326.643
326.625
326.662
326.595
326.578
326.641
326.7
326.669
326.633
326.687
326.62
326.653
326.626
326.634
326.672
326.57
326.828
326.773
326.841
326.76
326.873
326.895
326.834
326.934
326.899
326.974
326.912
326.96
326.802
326.697
326.764
326.735
326.638
326.71
326.657
326.697
326.616
326.558
326.643
326.625
326.595
326.662
326.578
326.641
326.7
326.633
326.669
326.62
326.653
326.687
326.626
326.634
326.672
326.57
326.585
326.447
326.518
326.518
326.724
326.843
326.783
326.783
326.655
326.647
326.588
326.714
326.655
326.647
326.714
326.588
326.181
326.307
326.264
326.264
326.176
326.297
326.221
326.221
326.243
326.142
326.243
326.419
326.38
326.454
326.302
326.468
326.508
326.496
326.575
326.447
326.515
326.529
326.397
326.369
326.425
326.298
326.376
326.444
326.32
326.454
326.584
326.525
326.546
326.828
326.773
326.841
326.76
326.873
326.895
326.834
326.934
326.899
326.974
326.912
326.96
326.802
326.697
326.764
326.735
326.638
326.71
326.697
326.657
326.616
326.558
326.643
326.624
326.662
326.595
326.578
326.641
326.7
326.669
326.633
326.687
326.62
326.653
326.626
326.634
326.672
326.57
326.638
326.71
326.697
326.657
326.616
326.558
326.643
326.624
326.595
326.662
326.578
326.641
326.7
326.669
326.633
326.62
326.687
326.653
326.626
326.634
326.671
326.57
326.419
326.38
326.454
326.302
326.468
326.508
326.496
326.575
326.515
326.447
326.529
326.397
326.37
326.425
326.298
326.444
326.376
326.32
326.454
326.585
326.525
326.546
326.419
326.38
326.454
326.302
326.468
326.508
326.496
326.574
326.515
326.447
326.529
326.397
326.369
326.425
326.298
326.444
326.376
326.319
326.453
326.584
326.525
326.546
326.181
326.307
326.264
326.264
326.176
326.297
326.221
326.221
326.142
326.243
326.243
326.121
326.179
326.208
326.208
326.15
326.15
326.179
326.199
326.205
326.234
326.286
326.176
326.228
326.257
326.199
326.205
326.234
326.286
326.176
326.228
326.257
326.121
326.179
326.208
326.208
326.15
326.15
326.179
326.199
326.205
326.234
326.286
326.176
326.228
326.257
326.199
326.205
326.286
326.234
326.228
326.176
326.257
326.279
326.232
326.313
326.313
326.336
326.255
326.255
326.279
326.232
326.313
326.313
326.255
326.255
326.336
326.279
326.232
326.313
326.313
326.255
326.255
326.336
326.279
326.232
326.313
326.313
326.255
326.255
326.336
326.199
326.205
326.234
326.286
326.257
326.176
326.228
326.199
326.205
326.286
326.234
326.228
326.176
326.257
326.121
326.179
326.208
326.208
326.15
326.15
326.179
326.199
326.205
326.286
326.234
326.257
326.228
326.176
326.199
326.205
326.286
326.234
326.228
326.176
326.257
326.121
326.179
326.208
326.208
326.179
326.15
326.15
325.539
325.62
325.64
325.64
325.6
325.579
325.579
325.841
325.928
325.903
325.934
325.875
325.869
325.9
325.66
325.659
325.679
325.758
325.619
325.698
325.72
325.841
325.929
325.903
325.934
325.875
325.869
325.901
325.66
325.659
325.68
325.758
325.619
325.698
325.721
325.946
326.033
325.938
325.969
325.91
325.975
326.005
325.946
326.033
325.938
325.969
325.91
325.975
326.005
325.772
325.697
325.794
325.794
325.735
325.735
325.831
325.916
325.954
325.928
326.01
325.975
325.894
325.95
325.979
326.017
326.042
326.073
326.039
325.982
326.014
325.916
325.954
325.928
326.01
325.95
325.894
325.976
325.979
326.017
326.042
326.073
325.982
326.014
326.039
326.022
326.059
325.964
326.045
326
325.986
326.081
326.266
326.353
326.299
326.327
326.269
326.296
326.324
326.087
326.053
326.109
326.149
326.05
326.09
326.145
326.022
326.059
325.964
326.045
325.986
326
326.081
326.266
326.353
326.299
326.327
326.269
326.296
326.324
326.087
326.053
326.109
326.149
326.05
326.09
326.145
325.841
325.928
325.903
325.934
325.9
325.869
325.875
325.66
325.659
325.679
325.758
325.72
325.619
325.698
325.539
325.62
325.64
325.64
325.579
325.579
325.6
325.946
326.033
325.938
325.969
325.975
325.91
326.005
325.946
326.033
325.938
325.969
325.91
325.975
326.005
325.772
325.697
325.794
325.794
325.735
325.735
325.831
325.841
325.929
325.903
325.934
325.875
325.869
325.901
325.66
325.659
325.68
325.758
325.619
325.698
325.721
325.916
325.954
325.928
326.01
325.976
325.894
325.95
325.979
326.017
326.073
326.042
326.039
326.014
325.982
326.022
326.059
325.964
326.045
326
325.986
326.081
326.266
326.353
326.299
326.327
326.269
326.296
326.324
326.087
326.053
326.109
326.149
326.05
326.09
326.146
325.916
325.954
325.928
326.01
325.95
325.894
325.976
325.979
326.017
326.042
326.073
325.982
326.014
326.039
326.266
326.353
326.299
326.327
326.269
326.296
326.324
326.022
326.059
325.964
326.045
325.986
326
326.081
326.087
326.053
326.149
326.109
326.09
326.05
326.146
326.347
326.381
326.326
326.408
326.404
326.323
326.35
326.347
326.381
326.326
326.408
326.404
326.323
326.35
326.416
326.423
326.477
326.477
326.474
326.42
326.42
326.347
326.381
326.326
326.408
326.323
326.35
326.404
326.347
326.381
326.326
326.408
326.35
326.323
326.404
326.416
326.423
326.477
326.477
326.42
326.42
326.474
326.347
326.381
326.326
326.408
326.323
326.35
326.404
326.347
326.381
326.326
326.408
326.35
326.323
326.404
326.416
326.423
326.477
326.477
326.42
326.42
326.474
326.347
326.381
326.326
326.408
326.35
326.323
326.404
326.347
326.381
326.326
326.408
326.35
326.323
326.404
326.416
326.423
326.477
326.477
326.42
326.42
326.474
326.022
326.059
325.964
326.045
326.081
326
325.986
326.266
326.353
326.299
326.327
326.324
326.296
326.269
326.087
326.053
326.109
326.149
326.146
326.05
326.09
325.916
325.954
325.928
326.01
325.894
325.95
325.976
325.979
326.017
326.073
326.042
326.014
325.982
326.039
326.266
326.353
326.299
326.327
326.296
326.269
326.324
326.022
326.059
325.964
326.045
325.986
326
326.081
326.087
326.053
326.149
326.109
326.09
326.05
326.146
325.916
325.954
325.928
326.01
325.95
325.894
325.976
325.979
326.017
326.042
326.073
325.982
326.014
326.039
325.841
325.928
325.903
325.934
325.901
325.869
325.875
325.66
325.659
325.758
325.679
325.72
325.698
325.619
325.946
326.033
325.938
325.969
325.975
325.91
326.005
325.946
326.033
325.938
325.969
325.91
325.975
326.005
325.772
325.697
325.794
325.794
325.735
325.735
325.831
325.539
325.62
325.64
325.64
325.579
325.579
325.6
325.841
325.928
325.903
325.934
325.875
325.869
325.901
325.66
325.659
325.758
325.679
325.698
325.619
325.72
326.266
326.353
326.299
326.327
326.324
326.296
326.269
326.022
326.059
325.964
326.045
326.081
326
325.986
326.087
326.053
326.149
326.109
326.145
326.09
326.05
326.266
326.353
326.299
326.327
326.296
326.269
326.324
326.022
326.059
325.964
326.045
325.986
326
326.081
326.087
326.053
326.149
326.109
326.09
326.05
326.145
325.916
325.954
325.928
326.01
325.894
325.95
325.976
325.979
326.017
326.073
326.042
326.014
325.982
326.039
325.916
325.954
325.928
326.01
325.95
325.894
325.976
325.979
326.017
326.073
326.042
326.014
325.982
326.039
325.946
326.033
325.938
325.969
326.005
325.975
325.91
325.946
326.033
325.938
325.969
326.005
325.975
325.91
325.772
325.697
325.794
325.794
325.831
325.735
325.735
325.841
325.929
325.903
325.934
325.869
325.875
325.901
325.66
325.659
325.758
325.68
325.698
325.619
325.721
325.841
325.928
325.903
325.934
325.869
325.875
325.9
325.66
325.659
325.758
325.679
325.698
325.619
325.72
325.539
325.62
325.64
325.64
325.579
325.579
325.6
326.09
326.176
326.084
326.114
326.118
326.148
326.056
326.09
326.176
326.084
326.114
326.118
326.148
326.056
326.059
325.992
326.083
326.083
326.117
326.025
326.025
326.167
326.203
326.11
326.191
326.144
326.225
326.133
326.219
326.306
326.265
326.293
326.248
326.277
326.236
326.187
326.169
326.211
326.262
326.245
326.153
326.204
326.167
326.203
326.11
326.191
326.144
326.225
326.133
326.219
326.306
326.265
326.293
326.248
326.277
326.236
326.187
326.169
326.211
326.262
326.245
326.153
326.204
326.09
326.176
326.084
326.114
326.118
326.148
326.056
326.09
326.176
326.084
326.114
326.118
326.148
326.056
326.059
325.992
326.083
326.083
326.117
326.025
326.025
326.167
326.203
326.11
326.191
326.145
326.225
326.133
326.219
326.306
326.265
326.293
326.248
326.277
326.236
326.187
326.169
326.211
326.262
326.245
326.153
326.204
326.219
326.306
326.265
326.293
326.248
326.277
326.236
326.167
326.203
326.11
326.191
326.144
326.225
326.133
326.187
326.169
326.262
326.211
326.245
326.204
326.153
326.299
326.333
326.373
326.292
326.356
326.275
326.316
326.299
326.333
326.373
326.292
326.356
326.275
326.316
326.319
326.353
326.394
326.394
326.377
326.336
326.336
326.299
326.333
326.292
326.373
326.275
326.356
326.316
326.299
326.333
326.292
326.373
326.275
326.356
326.316
326.319
326.353
326.394
326.394
326.377
326.336
326.336
326.299
326.333
326.292
326.373
326.275
326.356
326.316
326.299
326.333
326.292
326.373
326.275
326.356
326.316
326.319
326.353
326.394
326.394
326.377
326.336
326.336
326.299
326.333
326.292
326.373
326.275
326.356
326.316
326.299
326.333
326.292
326.373
326.275
326.356
326.316
326.319
326.353
326.394
326.394
326.377
326.336
326.336
326.167
326.203
326.191
326.11
326.225
326.145
326.133
326.219
326.306
326.293
326.265
326.277
326.248
326.236
326.187
326.169
326.211
326.262
326.245
326.153
326.204
326.219
326.306
326.265
326.293
326.248
326.277
326.236
326.167
326.203
326.11
326.191
326.145
326.225
326.133
326.187
326.169
326.262
326.211
326.245
326.204
326.153
326.09
326.176
326.084
326.114
326.118
326.148
326.056
326.09
326.176
326.084
326.114
326.118
326.148
326.056
326.059
325.992
326.083
326.083
326.117
326.025
326.025
326.219
326.306
326.293
326.265
326.277
326.248
326.236
326.167
326.203
326.191
326.11
326.225
326.144
326.133
326.187
326.169
326.262
326.211
326.245
326.204
326.153
326.219
326.306
326.265
326.293
326.248
326.277
326.236
326.167
326.203
326.11
326.191
326.144
326.225
326.133
326.187
326.169
326.262
326.211
326.245
326.204
326.153
326.09
326.176
326.114
326.084
326.148
326.118
326.056
326.09
326.176
326.114
326.084
326.148
326.118
326.056
326.059
325.992
326.083
326.083
326.117
326.025
326.025
325.844
325.766
325.766
325.773
325.797
325.816
325.816
325.888
325.824
325.905
325.905
325.861
325.861
325.929
325.696
325.6
325.715
325.716
325.748
325.66
325.66
325.641
325.534
325.543
325.543
325.604
325.604
325.585
326.221
326.199
326.199
326.184
326.217
326.201
326.201
326.249
326.228
326.276
326.266
326.246
326.231
326.28
326.249
326.228
326.276
326.266
326.246
326.231
326.28
326.203
326.168
326.193
326.193
326.212
326.186
326.186
326.192
326.156
326.161
326.161
326.175
326.175
326.179
326.663
326.648
326.651
326.641
326.66
326.65
326.654
326.67
326.654
326.67
326.66
326.667
326.657
326.673
326.626
326.61
326.638
326.628
326.641
326.624
326.613
326.606
326.592
326.583
326.572
326.603
326.594
326.586
326.398
326.38
326.429
326.421
326.396
326.383
326.433
326.357
326.342
326.318
326.305
326.353
326.345
326.321
326.501
326.487
326.468
326.456
326.471
326.498
326.49
326.534
326.517
326.556
326.548
326.531
326.52
326.56
326.663
326.652
326.648
326.641
326.66
326.654
326.65
326.67
326.654
326.67
326.66
326.667
326.657
326.673
326.626
326.61
326.638
326.629
326.641
326.624
326.613
326.606
326.592
326.584
326.572
326.603
326.594
326.586
326.398
326.429
326.38
326.421
326.396
326.433
326.383
326.357
326.343
326.318
326.305
326.353
326.345
326.321
326.502
326.488
326.468
326.456
326.471
326.498
326.49
326.534
326.517
326.556
326.548
326.531
326.52
326.56
325.497
325.596
325.527
325.506
325.558
325.464
325.536
325.497
325.597
325.527
325.506
325.558
325.464
325.536
325.464
325.306
325.482
325.482
325.525
325.417
325.417
325.808
325.896
325.81
325.845
325.782
325.836
325.868
325.81
325.904
325.811
325.836
325.776
325.844
325.87
325.777
325.717
325.814
325.804
325.751
325.743
325.837
325.62
325.638
325.547
325.655
325.577
325.592
325.681
325.701
325.797
325.775
325.8
325.74
325.737
325.761
325.666
325.68
325.701
325.767
325.638
325.706
325.726
325.809
325.896
325.81
325.845
325.782
325.836
325.869
325.81
325.904
325.811
325.836
325.777
325.844
325.87
325.778
325.718
325.815
325.804
325.752
325.744
325.838
325.621
325.638
325.548
325.656
325.578
325.592
325.681
325.701
325.797
325.775
325.8
325.74
325.737
325.761
325.666
325.681
325.702
325.767
325.639
325.707
325.727
325.983
326.07
326.048
326.078
326.02
326.011
326.042
325.916
325.939
325.846
325.941
325.88
325.882
325.975
325.952
325.955
326.047
325.978
325.989
325.919
326.011
325.983
326.07
326.048
326.078
326.02
326.011
326.042
325.916
325.939
325.846
325.941
325.88
325.883
325.975
325.952
325.955
326.047
325.978
325.989
325.919
326.011
325.81
325.832
325.81
325.905
325.773
325.846
325.869
325.81
325.832
325.81
325.906
325.773
325.847
325.869
325.846
325.919
325.942
325.942
325.883
325.883
325.905
325.883
325.921
325.92
325.835
325.857
325.943
325.861
325.935
326.028
326.01
325.985
325.994
325.951
325.969
325.902
325.891
325.938
325.978
325.876
325.962
325.918
325.946
326.009
325.983
325.923
326.006
325.92
325.949
325.973
326.067
326.023
325.998
326.032
325.963
326.008
325.94
325.904
325.976
325.99
326
325.913
325.93
325.883
325.921
325.835
325.92
325.857
325.861
325.943
325.935
326.028
325.985
326.01
325.951
325.969
325.994
325.902
325.891
325.938
325.978
325.876
325.918
325.962
325.946
326.009
325.923
325.983
325.949
325.92
326.006
325.973
326.067
325.998
326.023
325.963
326.008
326.032
325.94
325.904
325.976
325.99
325.913
325.93
326
326.059
326.095
326.074
326.155
326.096
326.037
326.118
326.042
326.064
326.021
326.116
326.005
326.058
326.1
326.079
326.132
326.174
326.153
326.116
326.095
326.137
326.259
326.347
326.279
326.307
326.249
326.289
326.317
326.234
326.295
326.202
326.257
326.199
326.237
326.292
326.227
326.183
326.275
326.251
326.217
326.193
326.285
326.08
326.102
326.034
326.129
326.043
326.071
326.139
326.124
326.186
326.165
326.22
326.162
326.128
326.183
326.118
326.145
326.166
326.213
326.108
326.155
326.176
326.059
326.095
326.074
326.155
326.096
326.037
326.118
326.042
326.064
326.021
326.116
326.005
326.058
326.1
326.079
326.132
326.174
326.153
326.116
326.095
326.137
326.259
326.347
326.279
326.307
326.249
326.289
326.317
326.234
326.295
326.202
326.257
326.237
326.199
326.292
326.227
326.183
326.275
326.251
326.217
326.193
326.285
326.08
326.102
326.034
326.129
326.043
326.071
326.139
326.124
326.186
326.165
326.22
326.128
326.162
326.183
326.118
326.145
326.166
326.213
326.108
326.155
326.176
325.808
325.896
325.845
325.81
325.782
325.868
325.836
325.81
325.904
325.836
325.811
325.87
325.776
325.844
325.777
325.717
325.814
325.804
325.751
325.837
325.743
325.62
325.638
325.655
325.547
325.681
325.592
325.577
325.701
325.797
325.8
325.775
325.761
325.74
325.737
325.666
325.68
325.701
325.767
325.726
325.638
325.706
325.497
325.596
325.506
325.527
325.536
325.464
325.558
325.497
325.597
325.506
325.527
325.464
325.536
325.558
325.464
325.306
325.482
325.482
325.417
325.417
325.525
325.983
326.07
326.048
326.078
326.02
326.011
326.042
325.916
325.939
325.846
325.941
325.88
325.882
325.975
325.952
325.955
326.047
325.978
325.989
325.919
326.011
325.983
326.07
326.048
326.078
326.02
326.011
326.042
325.916
325.939
325.846
325.941
325.883
325.88
325.975
325.952
325.955
326.047
325.978
325.989
325.919
326.011
325.81
325.832
325.81
325.905
325.773
325.846
325.869
325.81
325.832
325.81
325.906
325.847
325.773
325.869
325.846
325.919
325.942
325.942
325.883
325.883
325.905
325.809
325.896
325.81
325.845
325.782
325.836
325.869
325.81
325.904
325.811
325.837
325.844
325.777
325.87
325.778
325.718
325.815
325.804
325.752
325.744
325.838
325.621
325.638
325.548
325.656
325.578
325.592
325.681
325.701
325.797
325.775
325.8
325.737
325.74
325.761
325.666
325.681
325.702
325.767
325.639
325.707
325.727
325.883
325.921
325.92
325.835
325.857
325.943
325.861
325.935
326.029
326.01
325.985
325.994
325.951
325.969
325.902
325.892
325.939
325.978
325.876
325.962
325.918
325.973
326.067
326.023
325.998
326.033
325.963
326.008
325.946
326.009
325.983
325.923
326.006
325.92
325.949
325.94
325.904
325.99
325.976
326
325.93
325.914
326.059
326.095
326.074
326.155
326.096
326.037
326.118
326.042
326.064
326.021
326.116
326.005
326.058
326.1
326.079
326.132
326.174
326.153
326.116
326.095
326.137
326.259
326.347
326.279
326.307
326.249
326.289
326.317
326.234
326.295
326.203
326.257
326.199
326.237
326.292
326.227
326.183
326.275
326.251
326.217
326.193
326.285
326.08
326.102
326.034
326.129
326.043
326.071
326.139
326.124
326.186
326.165
326.22
326.162
326.128
326.183
326.118
326.145
326.166
326.214
326.108
326.155
326.176
325.883
325.921
325.835
325.92
325.857
325.861
325.943
325.935
326.028
325.985
326.01
325.951
325.969
325.994
325.902
325.892
325.939
325.978
325.876
325.918
325.962
325.946
326.009
325.923
325.983
325.949
325.92
326.006
325.973
326.067
325.998
326.023
325.963
326.008
326.032
325.94
325.904
325.976
325.99
325.914
325.93
326
326.259
326.347
326.279
326.307
326.249
326.289
326.317
326.234
326.295
326.203
326.257
326.237
326.199
326.292
326.227
326.183
326.275
326.251
326.217
326.193
326.285
326.059
326.095
326.074
326.155
326.096
326.037
326.118
326.042
326.064
326.021
326.116
326.005
326.058
326.1
326.079
326.132
326.174
326.153
326.116
326.095
326.137
326.124
326.186
326.165
326.22
326.128
326.162
326.183
326.08
326.102
326.034
326.129
326.043
326.071
326.139
326.118
326.145
326.214
326.166
326.155
326.108
326.176
326.34
326.374
326.387
326.306
326.33
326.398
326.316
326.367
326.428
326.442
326.388
326.425
326.385
326.371
326.36
326.367
326.408
326.435
326.35
326.418
326.378
326.34
326.374
326.387
326.306
326.33
326.398
326.316
326.367
326.428
326.442
326.388
326.425
326.385
326.371
326.36
326.367
326.408
326.435
326.35
326.418
326.378
326.409
326.47
326.456
326.402
326.467
326.399
326.413
326.409
326.47
326.456
326.402
326.467
326.399
326.413
326.402
326.381
326.449
326.449
326.46
326.392
326.392
326.34
326.374
326.306
326.387
326.33
326.316
326.398
326.367
326.428
326.388
326.442
326.371
326.385
326.425
326.36
326.367
326.408
326.435
326.35
326.378
326.418
326.34
326.374
326.306
326.387
326.33
326.316
326.398
326.367
326.428
326.388
326.442
326.385
326.371
326.425
326.36
326.367
326.408
326.435
326.35
326.378
326.418
326.409
326.47
326.402
326.456
326.413
326.399
326.467
326.409
326.47
326.402
326.456
326.399
326.413
326.467
326.402
326.381
326.449
326.449
326.392
326.392
326.46
326.34
326.374
326.306
326.387
326.33
326.316
326.398
326.367
326.428
326.388
326.442
326.371
326.385
326.425
326.36
326.367
326.408
326.435
326.35
326.378
326.418
326.34
326.374
326.306
326.387
326.33
326.316
326.398
326.367
326.428
326.388
326.442
326.385
326.371
326.425
326.36
326.367
326.408
326.435
326.35
326.378
326.418
326.409
326.47
326.402
326.456
326.413
326.399
326.467
326.409
326.47
326.402
326.456
326.399
326.413
326.467
326.402
326.381
326.449
326.449
326.392
326.392
326.46
326.34
326.374
326.306
326.387
326.33
326.316
326.398
326.367
326.428
326.388
326.442
326.371
326.385
326.425
326.36
326.367
326.408
326.435
326.35
326.378
326.418
326.34
326.374
326.306
326.387
326.33
326.316
326.398
326.367
326.428
326.388
326.442
326.371
326.385
326.425
326.36
326.367
326.408
326.435
326.35
326.378
326.418
326.409
326.47
326.402
326.456
326.413
326.399
326.467
326.409
326.47
326.402
326.456
326.413
326.399
326.467
326.402
326.381
326.449
326.449
326.392
326.392
326.46
326.059
326.095
326.155
326.074
326.096
326.118
326.037
326.042
326.064
326.116
326.021
326.1
326.058
326.005
326.079
326.132
326.174
326.153
326.116
326.137
326.095
326.259
326.347
326.307
326.279
326.249
326.317
326.289
326.234
326.295
326.257
326.203
326.292
326.199
326.237
326.227
326.183
326.275
326.251
326.217
326.285
326.193
326.08
326.102
326.129
326.034
326.139
326.071
326.044
326.124
326.186
326.22
326.165
326.183
326.162
326.128
326.118
326.145
326.166
326.214
326.176
326.108
326.155
325.883
325.921
325.835
325.92
325.857
325.861
325.943
325.935
326.029
325.985
326.01
325.969
325.951
325.994
325.902
325.892
325.939
325.978
325.876
325.918
325.962
325.973
326.067
325.998
326.023
326.008
325.963
326.033
325.946
326.009
325.923
325.983
325.92
325.949
326.006
325.94
325.904
325.99
325.976
325.93
325.914
326
326.259
326.347
326.279
326.307
326.249
326.289
326.317
326.234
326.295
326.203
326.257
326.237
326.199
326.292
326.227
326.183
326.275
326.251
326.217
326.193
326.285
326.059
326.095
326.074
326.155
326.096
326.037
326.118
326.042
326.064
326.021
326.116
326.058
326.005
326.1
326.079
326.132
326.174
326.153
326.116
326.095
326.137
326.124
326.186
326.165
326.22
326.128
326.162
326.183
326.08
326.102
326.034
326.129
326.071
326.043
326.139
326.118
326.145
326.214
326.166
326.155
326.108
326.176
325.883
325.921
325.835
325.92
325.857
325.861
325.943
325.935
326.029
325.985
326.01
325.969
325.951
325.994
325.902
325.892
325.939
325.978
325.876
325.918
325.962
325.946
326.009
325.923
325.983
325.949
325.92
326.006
325.973
326.067
325.998
326.023
326.008
325.963
326.033
325.94
325.904
325.976
325.99
325.914
325.93
326
325.808
325.896
325.845
325.81
325.782
325.868
325.836
325.81
325.904
325.836
325.811
325.87
325.777
325.844
325.777
325.717
325.815
325.804
325.751
325.838
325.744
325.701
325.797
325.8
325.775
325.761
325.74
325.737
325.621
325.638
325.655
325.548
325.681
325.592
325.578
325.666
325.68
325.767
325.701
325.726
325.707
325.638
325.983
326.07
326.048
326.078
326.02
326.011
326.042
325.916
325.939
325.846
325.941
325.88
325.882
325.975
325.952
325.955
326.047
325.978
325.989
325.919
326.011
325.983
326.07
326.048
326.078
326.02
326.011
326.042
325.916
325.939
325.846
325.941
325.882
325.88
325.975
325.952
325.955
326.047
325.978
325.989
325.919
326.011
325.81
325.832
325.81
325.906
325.773
325.847
325.869
325.81
325.832
325.81
325.906
325.847
325.773
325.869
325.846
325.919
325.942
325.942
325.883
325.883
325.905
325.497
325.596
325.506
325.527
325.536
325.464
325.558
325.497
325.597
325.506
325.527
325.464
325.536
325.558
325.464
325.306
325.482
325.482
325.417
325.417
325.525
325.808
325.896
325.81
325.845
325.782
325.836
325.869
325.81
325.904
325.811
325.836
325.844
325.777
325.87
325.777
325.717
325.815
325.804
325.751
325.744
325.838
325.701
325.797
325.775
325.8
325.737
325.74
325.761
325.621
325.638
325.548
325.655
325.578
325.592
325.681
325.666
325.681
325.767
325.701
325.707
325.639
325.726
326.259
326.347
326.307
326.279
326.249
326.317
326.289
326.234
326.295
326.257
326.203
326.292
326.199
326.237
326.227
326.183
326.275
326.251
326.217
326.285
326.193
326.059
326.095
326.155
326.074
326.096
326.118
326.037
326.042
326.064
326.116
326.021
326.1
326.058
326.005
326.079
326.132
326.174
326.153
326.116
326.137
326.095
326.124
326.186
326.22
326.165
326.183
326.162
326.128
326.08
326.102
326.129
326.034
326.139
326.071
326.043
326.118
326.145
326.213
326.166
326.176
326.155
326.108
326.259
326.347
326.279
326.307
326.249
326.289
326.317
326.234
326.295
326.203
326.257
326.237
326.199
326.292
326.227
326.183
326.275
326.251
326.217
326.193
326.285
326.059
326.095
326.074
326.155
326.096
326.037
326.118
326.042
326.064
326.021
326.116
326.058
326.005
326.1
326.079
326.132
326.174
326.153
326.116
326.095
326.137
326.124
326.186
326.165
326.22
326.128
326.162
326.183
326.08
326.102
326.034
326.129
326.071
326.043
326.139
326.118
326.145
326.213
326.166
326.155
326.108
326.176
325.883
325.921
325.835
325.92
325.857
325.861
325.943
325.935
326.028
325.985
326.01
325.969
325.951
325.994
325.902
325.892
325.939
325.978
325.876
325.918
325.962
325.973
326.067
325.998
326.023
326.008
325.963
326.032
325.946
326.009
325.923
325.983
325.92
325.949
326.006
325.94
325.904
325.99
325.976
325.93
325.914
326
325.883
325.921
325.835
325.92
325.857
325.861
325.943
325.935
326.028
325.985
326.01
325.969
325.951
325.994
325.902
325.891
325.938
325.978
325.876
325.918
325.962
325.973
326.067
325.998
326.023
326.008
325.963
326.032
325.946
326.009
325.923
325.983
325.949
325.92
326.006
325.94
325.904
325.99
325.976
325.93
325.913
326
325.983
326.07
326.078
326.048
326.02
326.042
326.011
325.916
325.939
325.941
325.846
325.975
325.883
325.88
325.952
325.955
326.047
325.978
325.989
326.011
325.919
325.983
326.07
326.078
326.048
326.02
326.042
326.011
325.916
325.939
325.941
325.846
325.975
325.882
325.88
325.952
325.955
326.047
325.978
325.989
326.011
325.919
325.81
325.832
325.906
325.81
325.869
325.847
325.773
325.81
325.832
325.905
325.81
325.869
325.846
325.773
325.846
325.919
325.942
325.942
325.905
325.883
325.883
325.809
325.896
325.81
325.845
325.782
325.836
325.869
325.81
325.904
325.811
325.836
325.844
325.777
325.87
325.778
325.718
325.815
325.804
325.752
325.744
325.838
325.701
325.797
325.775
325.8
325.737
325.74
325.761
325.621
325.638
325.548
325.656
325.592
325.578
325.681
325.666
325.681
325.767
325.702
325.707
325.639
325.727
325.808
325.896
325.81
325.845
325.782
325.836
325.868
325.81
325.904
325.811
325.836
325.844
325.776
325.87
325.777
325.717
325.814
325.804
325.751
325.743
325.837
325.701
325.797
325.775
325.8
325.737
325.74
325.761
325.62
325.638
325.547
325.655
325.592
325.577
325.681
325.666
325.68
325.767
325.701
325.706
325.638
325.726
325.497
325.597
325.506
325.527
325.536
325.464
325.558
325.497
325.596
325.506
325.527
325.536
325.464
325.558
325.464
325.306
325.482
325.482
325.417
325.417
325.525
326.037
325.99
326.048
326.048
326.016
326.016
326.068
326.004
325.954
325.944
325.945
325.968
325.982
325.982
326.12
326.08
326.076
326.076
326.095
326.102
326.102
326.143
326.104
326.144
326.144
326.162
326.124
326.124
325.844
325.766
325.766
325.773
325.797
325.816
325.816
325.888
325.824
325.905
325.905
325.861
325.861
325.929
325.696
325.715
325.6
325.716
325.748
325.66
325.66
325.641
325.534
325.543
325.543
325.585
325.604
325.604
326.037
325.99
326.048
326.048
326.016
326.016
326.068
326.004
325.954
325.944
325.945
325.968
325.982
325.982
326.12
326.076
326.076
326.08
326.095
326.102
326.102
326.143
326.104
326.144
326.144
326.124
326.124
326.162
325.844
325.766
325.766
325.773
325.797
325.816
325.816
325.888
325.824
325.905
325.905
325.861
325.861
325.929
325.696
325.715
325.6
325.715
325.748
325.66
325.66
325.641
325.534
325.543
325.543
325.585
325.604
325.604
326.037
325.99
326.048
326.048
326.016
326.016
326.068
326.004
325.954
325.945
325.945
325.968
325.982
325.982
326.12
326.076
326.076
326.08
326.095
326.102
326.102
326.143
326.104
326.144
326.144
326.124
326.124
326.162
325.844
325.767
325.766
325.773
325.797
325.816
325.816
325.888
325.824
325.905
325.905
325.861
325.861
325.929
325.696
325.6
325.716
325.715
325.748
325.66
325.66
325.641
325.534
325.543
325.543
325.585
325.604
325.604
326.037
325.99
326.048
326.048
326.016
326.016
326.068
326.004
325.954
325.945
325.944
325.968
325.982
325.982
326.12
326.076
326.076
326.08
326.095
326.102
326.102
326.143
326.104
326.144
326.144
326.124
326.124
326.162
326.398
326.38
326.429
326.421
326.396
326.383
326.433
326.357
326.342
326.318
326.305
326.321
326.353
326.345
326.501
326.487
326.468
326.456
326.471
326.498
326.49
326.534
326.517
326.556
326.548
326.56
326.531
326.52
326.398
326.381
326.429
326.421
326.396
326.384
326.433
326.357
326.343
326.319
326.305
326.321
326.354
326.345
326.502
326.488
326.468
326.457
326.471
326.498
326.49
326.534
326.518
326.556
326.548
326.56
326.532
326.52
326.663
326.648
326.651
326.641
326.66
326.65
326.654
326.67
326.654
326.67
326.66
326.673
326.667
326.657
326.626
326.61
326.638
326.628
326.641
326.624
326.613
326.606
326.592
326.583
326.572
326.586
326.603
326.594
326.221
326.199
326.199
326.184
326.217
326.201
326.201
326.249
326.228
326.276
326.266
326.28
326.246
326.231
326.249
326.228
326.276
326.266
326.246
326.231
326.28
326.203
326.193
326.168
326.193
326.212
326.186
326.186
326.192
326.156
326.161
326.161
326.179
326.175
326.175
326.398
326.381
326.429
326.421
326.396
326.384
326.433
326.357
326.343
326.319
326.305
326.321
326.354
326.345
326.502
326.468
326.457
326.488
326.471
326.498
326.49
326.534
326.518
326.557
326.548
326.532
326.52
326.56
326.663
326.648
326.651
326.641
326.66
326.65
326.654
326.67
326.654
326.67
326.66
326.673
326.667
326.657
326.626
326.61
326.638
326.629
326.641
326.624
326.613
326.606
326.592
326.583
326.572
326.586
326.603
326.594
326.663
326.652
326.648
326.641
326.66
326.654
326.65
326.67
326.654
326.67
326.66
326.667
326.657
326.673
326.626
326.638
326.61
326.629
326.641
326.624
326.613
326.607
326.592
326.584
326.572
326.586
326.603
326.594
326.663
326.648
326.652
326.641
326.66
326.65
326.654
326.67
326.654
326.67
326.66
326.673
326.667
326.657
326.626
326.638
326.629
326.61
326.641
326.624
326.613
326.606
326.592
326.584
326.572
326.603
326.594
326.586
326.221
326.199
326.199
326.184
326.217
326.201
326.201
326.249
326.228
326.276
326.266
326.28
326.246
326.231
326.249
326.228
326.276
326.266
326.246
326.231
326.28
326.203
326.193
326.168
326.193
326.212
326.186
326.186
326.192
326.156
326.161
326.161
326.179
326.175
326.175
326.398
326.429
326.381
326.421
326.396
326.433
326.383
326.357
326.343
326.319
326.305
326.321
326.353
326.345
326.502
326.468
326.456
326.488
326.471
326.498
326.49
326.534
326.517
326.556
326.548
326.531
326.52
326.56
326.663
326.651
326.648
326.641
326.66
326.654
326.65
326.67
326.654
326.67
326.66
326.667
326.657
326.673
326.626
326.638
326.61
326.629
326.641
326.624
326.613
326.606
326.592
326.583
326.572
326.586
326.603
326.594
326.663
326.651
326.648
326.641
326.66
326.654
326.65
326.67
326.654
326.67
326.66
326.673
326.667
326.657
326.626
326.638
326.629
326.61
326.641
326.624
326.613
326.606
326.592
326.583
326.572
326.603
326.594
326.586
326.398
326.429
326.381
326.421
326.396
326.433
326.384
326.357
326.343
326.319
326.305
326.353
326.345
326.321
326.502
326.468
326.488
326.457
326.471
326.498
326.49
326.534
326.518
326.556
326.548
326.56
326.532
326.52
326.398
326.429
326.38
326.421
326.396
326.433
326.383
326.357
326.342
326.318
326.305
326.353
326.345
326.321
326.501
326.468
326.488
326.456
326.471
326.498
326.49
326.534
326.517
326.556
326.548
326.56
326.531
326.52
326.221
326.199
326.199
326.184
326.217
326.201
326.201
326.249
326.228
326.276
326.266
326.28
326.246
326.231
326.249
326.228
326.276
326.266
326.28
326.246
326.231
326.203
326.168
326.193
326.193
326.212
326.186
326.186
326.192
326.156
326.161
326.161
326.179
326.175
326.175
326.927
326.818
326.971
326.971
326.872
326.872
327.026
326.927
326.818
326.971
326.971
326.872
326.872
327.026
326.927
326.818
326.971
326.971
326.872
326.872
327.026
326.927
326.818
326.971
326.971
326.872
326.872
327.026
)
;

boundaryField
{
    chip
    {
        type            zeroGradient;
    }
    chip_to_dbc_cu_top
    {
        type            compressible::turbulentTemperatureRadCoupledMixed;
        refValue        nonuniform List<scalar> 
1600
(
303.905
304.016
303.959
303.959
304.042
304.06
304.003
304.1
304.042
304.06
304.003
304.1
303.905
304.016
303.959
303.959
304.042
304.06
304.003
304.1
304.042
304.06
304.1
304.003
304.187
304.106
304.146
304.146
304.187
304.106
304.146
304.146
304.187
304.106
304.146
304.146
304.187
304.106
304.146
304.146
304.042
304.06
304.003
304.1
304.042
304.06
304.1
304.003
303.905
304.016
303.959
303.959
304.042
304.06
304.1
304.003
304.042
304.06
304.1
304.003
303.905
304.016
303.959
303.959
302.348
302.635
302.485
302.485
303.008
303.233
303.19
303.049
302.681
302.741
302.587
302.843
303.008
303.233
303.19
303.049
302.681
302.741
302.587
302.843
303.461
303.376
303.331
303.508
303.461
303.376
303.331
303.508
303.08
302.86
302.967
302.967
303.11
303.267
303.081
303.297
303.19
303.385
303.194
303.381
303.11
303.267
303.297
303.081
303.19
303.385
303.194
303.381
303.58
303.413
303.546
303.445
304.148
304.213
304.153
304.208
303.67
303.536
303.532
303.675
303.58
303.413
303.445
303.546
304.148
304.213
304.153
304.208
303.67
303.536
303.532
303.675
303.008
303.233
303.049
303.19
302.681
302.741
302.587
302.843
302.348
302.635
302.485
302.485
303.461
303.376
303.508
303.331
303.461
303.376
303.331
303.508
303.08
302.86
302.967
302.967
303.008
303.233
303.19
303.049
302.681
302.741
302.587
302.843
303.11
303.267
303.081
303.297
303.19
303.385
303.381
303.194
303.58
303.413
303.546
303.445
304.148
304.213
304.153
304.208
303.67
303.536
303.532
303.675
303.11
303.267
303.297
303.081
303.19
303.385
303.194
303.381
304.148
304.213
304.153
304.208
303.58
303.413
303.445
303.546
303.67
303.536
303.675
303.532
304.298
304.261
304.256
304.303
304.298
304.261
304.256
304.303
304.414
304.425
304.42
304.42
304.298
304.261
304.256
304.303
304.298
304.261
304.303
304.256
304.414
304.425
304.42
304.42
304.298
304.261
304.256
304.303
304.298
304.261
304.303
304.256
304.414
304.425
304.42
304.42
304.298
304.261
304.303
304.256
304.298
304.261
304.303
304.256
304.414
304.425
304.42
304.42
303.58
303.413
303.546
303.445
304.148
304.213
304.208
304.153
303.67
303.536
303.532
303.675
303.11
303.267
303.081
303.297
303.19
303.385
303.381
303.194
304.148
304.213
304.208
304.153
303.58
303.413
303.445
303.546
303.67
303.536
303.675
303.532
303.11
303.267
303.297
303.081
303.19
303.385
303.194
303.381
303.008
303.233
303.049
303.19
302.681
302.741
302.843
302.587
303.461
303.376
303.508
303.331
303.461
303.376
303.331
303.508
303.08
302.86
302.967
302.967
302.348
302.635
302.485
302.485
303.008
303.233
303.19
303.049
302.681
302.741
302.843
302.587
304.148
304.213
304.208
304.153
303.58
303.413
303.546
303.445
303.67
303.536
303.675
303.532
304.148
304.213
304.208
304.153
303.58
303.413
303.445
303.546
303.67
303.536
303.675
303.532
303.11
303.267
303.081
303.297
303.19
303.385
303.381
303.194
303.11
303.267
303.297
303.081
303.19
303.385
303.381
303.194
303.461
303.376
303.508
303.331
303.461
303.376
303.508
303.331
303.08
302.86
302.967
302.967
303.008
303.233
303.049
303.19
302.681
302.741
302.843
302.587
303.008
303.233
303.049
303.19
302.681
302.741
302.843
302.587
302.348
302.635
302.485
302.485
303.775
303.629
303.701
303.701
303.838
303.815
303.892
303.763
303.838
303.815
303.892
303.763
304.005
303.951
303.926
304.031
303.973
303.858
303.935
303.894
304.075
304.161
304.133
304.102
304.005
303.951
303.926
304.031
303.973
303.858
303.935
303.894
304.075
304.161
304.133
304.102
303.775
303.629
303.701
303.701
303.838
303.815
303.892
303.763
303.838
303.815
303.892
303.763
304.005
303.951
303.926
304.031
303.973
303.858
303.935
303.894
304.075
304.161
304.133
304.102
304.005
303.951
304.031
303.926
304.075
304.161
304.133
304.102
303.973
303.858
303.935
303.894
304.257
304.314
304.285
304.285
304.221
304.208
304.18
304.249
304.221
304.208
304.18
304.249
304.257
304.314
304.285
304.285
304.221
304.208
304.18
304.249
304.221
304.208
304.18
304.249
304.257
304.314
304.285
304.285
304.221
304.208
304.18
304.249
304.221
304.208
304.18
304.249
304.257
304.314
304.285
304.285
304.221
304.208
304.18
304.249
304.221
304.208
304.18
304.249
304.005
303.951
303.926
304.031
303.973
303.858
303.935
303.894
304.075
304.161
304.133
304.102
304.005
303.951
304.031
303.926
304.075
304.161
304.133
304.102
303.973
303.858
303.935
303.894
303.775
303.629
303.701
303.701
303.838
303.815
303.892
303.763
303.838
303.815
303.892
303.763
304.005
303.951
304.031
303.926
304.075
304.161
304.133
304.102
303.973
303.858
303.935
303.894
304.005
303.951
304.031
303.926
304.075
304.161
304.133
304.102
303.973
303.858
303.935
303.894
303.775
303.629
303.701
303.701
303.838
303.815
303.892
303.763
303.838
303.815
303.892
303.763
302.026
301.642
301.796
301.796
302.172
302.047
301.944
302.301
302.172
302.047
301.944
302.301
302.744
302.415
302.459
302.691
302.789
302.537
302.505
302.827
302.959
303.079
302.904
303.138
302.563
302.354
302.297
302.633
302.486
302.145
302.396
302.218
302.769
303.015
302.842
302.936
302.744
302.415
302.459
302.691
302.789
302.537
302.505
302.828
302.959
303.079
302.904
303.138
302.563
302.354
302.297
302.633
302.486
302.145
302.396
302.218
302.769
303.015
302.842
302.936
303.519
303.548
303.618
303.452
303.578
303.73
303.679
303.627
303.405
303.216
303.277
303.34
303.519
303.548
303.618
303.452
303.578
303.73
303.679
303.627
303.405
303.216
303.277
303.34
303.287
303.471
303.377
303.377
303.18
303.145
303.063
303.267
303.18
303.146
303.063
303.267
302.909
302.633
302.617
302.928
302.886
302.57
302.593
302.858
303.135
303.345
303.155
303.323
302.954
302.648
302.657
302.942
302.961
302.668
302.665
302.965
303.182
303.36
303.17
303.373
302.909
302.633
302.617
302.928
302.886
302.57
302.593
302.858
303.135
303.345
303.155
303.323
302.954
302.648
302.657
302.942
302.961
302.668
302.965
302.665
303.182
303.36
303.17
303.373
303.731
303.861
303.836
303.754
303.701
303.77
303.806
303.666
303.608
303.494
303.472
303.631
304.067
303.971
304.051
303.985
304.137
304.181
304.122
304.197
304.077
304
303.995
304.082
303.786
303.88
303.772
303.894
303.662
303.511
303.523
303.648
303.795
303.908
303.904
303.8
303.731
303.861
303.836
303.754
303.701
303.77
303.806
303.666
303.608
303.494
303.472
303.631
304.067
303.971
304.051
303.985
304.137
304.181
304.122
304.197
304.077
304
304.082
303.995
303.786
303.88
303.772
303.894
303.662
303.511
303.523
303.648
303.795
303.908
303.8
303.904
302.744
302.415
302.459
302.691
302.789
302.537
302.505
302.827
302.959
303.079
302.904
303.138
302.563
302.354
302.297
302.633
302.486
302.145
302.218
302.396
302.769
303.015
302.842
302.936
302.026
301.642
301.796
301.796
302.172
302.047
302.301
301.944
302.172
302.047
301.944
302.301
303.519
303.548
303.618
303.452
303.578
303.73
303.679
303.627
303.405
303.216
303.277
303.34
303.519
303.548
303.618
303.452
303.578
303.73
303.679
303.627
303.405
303.216
303.34
303.277
303.287
303.471
303.377
303.377
303.18
303.145
303.063
303.267
303.18
303.146
303.267
303.063
302.744
302.415
302.459
302.691
302.789
302.537
302.505
302.828
302.959
303.079
303.138
302.904
302.563
302.354
302.297
302.633
302.486
302.145
302.396
302.218
302.769
303.015
302.936
302.842
302.909
302.633
302.617
302.928
302.886
302.57
302.593
302.858
303.135
303.345
303.155
303.323
302.954
302.648
302.942
302.657
303.182
303.36
303.17
303.373
302.961
302.668
302.665
302.965
303.731
303.861
303.836
303.754
303.701
303.77
303.806
303.666
303.608
303.494
303.472
303.631
304.067
303.971
304.051
303.985
304.137
304.181
304.122
304.197
304.077
304
303.995
304.082
303.786
303.88
303.772
303.894
303.662
303.511
303.523
303.648
303.795
303.908
303.904
303.8
302.909
302.633
302.617
302.928
302.886
302.57
302.593
302.858
303.135
303.345
303.155
303.323
302.954
302.648
302.657
302.942
302.961
302.668
302.965
302.665
303.182
303.36
303.17
303.373
304.067
303.971
304.051
303.985
304.137
304.181
304.122
304.197
304.077
304
304.082
303.995
303.731
303.861
303.836
303.754
303.701
303.77
303.806
303.666
303.608
303.494
303.472
303.631
303.786
303.88
303.894
303.772
303.795
303.908
303.8
303.904
303.662
303.511
303.523
303.648
304.323
304.336
304.307
304.352
304.287
304.229
304.271
304.245
304.334
304.369
304.363
304.34
304.323
304.336
304.307
304.352
304.287
304.229
304.271
304.245
304.334
304.369
304.363
304.34
304.391
304.358
304.375
304.375
304.403
304.391
304.386
304.408
304.403
304.391
304.386
304.408
304.323
304.336
304.307
304.352
304.287
304.229
304.271
304.245
304.334
304.369
304.34
304.363
304.323
304.336
304.307
304.352
304.287
304.229
304.271
304.245
304.334
304.369
304.363
304.34
304.391
304.358
304.375
304.375
304.403
304.391
304.408
304.386
304.403
304.391
304.386
304.408
304.323
304.336
304.307
304.352
304.287
304.229
304.271
304.245
304.334
304.369
304.34
304.363
304.323
304.336
304.307
304.352
304.287
304.229
304.271
304.245
304.334
304.369
304.363
304.34
304.391
304.358
304.375
304.375
304.403
304.391
304.408
304.386
304.403
304.391
304.386
304.408
304.323
304.336
304.307
304.352
304.287
304.229
304.271
304.245
304.334
304.369
304.34
304.363
304.323
304.336
304.307
304.352
304.287
304.229
304.271
304.245
304.334
304.369
304.34
304.363
304.391
304.358
304.375
304.375
304.403
304.391
304.408
304.386
304.403
304.391
304.408
304.386
303.731
303.861
303.836
303.754
303.701
303.77
303.806
303.666
303.608
303.494
303.631
303.472
304.067
303.971
304.051
303.985
304.137
304.181
304.122
304.197
304.077
304
303.995
304.082
303.786
303.88
303.772
303.894
303.662
303.511
303.648
303.523
303.795
303.908
303.904
303.8
302.909
302.633
302.617
302.928
302.886
302.57
302.593
302.858
303.135
303.345
303.323
303.155
302.954
302.648
302.942
302.657
303.182
303.36
303.373
303.17
302.961
302.668
302.665
302.965
304.067
303.971
304.051
303.985
304.137
304.181
304.122
304.197
304.077
304
304.082
303.995
303.731
303.861
303.836
303.754
303.701
303.77
303.806
303.666
303.608
303.494
303.631
303.472
303.786
303.88
303.894
303.772
303.795
303.908
303.8
303.904
303.662
303.511
303.648
303.523
302.909
302.633
302.617
302.928
302.886
302.57
302.593
302.858
303.135
303.345
303.323
303.155
302.954
302.648
302.657
302.942
302.961
302.668
302.965
302.665
303.182
303.36
303.373
303.17
302.744
302.415
302.459
302.691
302.789
302.537
302.505
302.827
302.959
303.079
302.904
303.138
302.563
302.354
302.633
302.297
302.769
303.015
302.842
302.936
302.486
302.145
302.218
302.396
303.519
303.548
303.618
303.452
303.578
303.73
303.679
303.627
303.405
303.216
303.277
303.34
303.519
303.548
303.618
303.452
303.578
303.73
303.679
303.627
303.405
303.216
303.34
303.277
303.287
303.471
303.377
303.377
303.18
303.145
303.063
303.267
303.18
303.145
303.267
303.063
302.026
301.642
301.796
301.796
302.172
302.047
302.301
301.944
302.172
302.047
301.944
302.301
302.744
302.415
302.459
302.691
302.789
302.537
302.505
302.827
302.959
303.079
303.138
302.904
302.563
302.354
302.633
302.297
302.769
303.015
302.936
302.842
302.486
302.145
302.396
302.218
304.067
303.971
304.051
303.985
304.137
304.181
304.122
304.197
304.077
304
303.995
304.082
303.731
303.861
303.836
303.754
303.701
303.77
303.806
303.666
303.608
303.494
303.631
303.472
303.786
303.88
303.894
303.772
303.795
303.908
303.904
303.8
303.662
303.511
303.648
303.523
304.067
303.971
304.051
303.985
304.137
304.181
304.122
304.197
304.077
304
304.082
303.995
303.731
303.861
303.836
303.754
303.701
303.77
303.806
303.666
303.608
303.494
303.631
303.472
303.786
303.88
303.894
303.772
303.795
303.908
303.8
303.904
303.662
303.511
303.648
303.523
302.909
302.633
302.617
302.928
302.886
302.57
302.593
302.858
303.135
303.345
303.323
303.155
302.954
302.648
302.942
302.657
303.182
303.36
303.373
303.17
302.961
302.668
302.665
302.965
302.909
302.633
302.617
302.928
302.886
302.57
302.593
302.858
303.135
303.345
303.323
303.155
302.954
302.648
302.942
302.657
303.182
303.36
303.373
303.17
302.961
302.668
302.965
302.665
303.519
303.548
303.618
303.452
303.578
303.73
303.679
303.627
303.405
303.216
303.34
303.277
303.519
303.548
303.618
303.452
303.578
303.73
303.679
303.627
303.405
303.216
303.34
303.277
303.287
303.471
303.377
303.377
303.18
303.146
303.267
303.063
303.18
303.145
303.267
303.063
302.744
302.415
302.459
302.691
302.789
302.537
302.505
302.828
302.959
303.079
303.138
302.904
302.563
302.354
302.633
302.297
302.769
303.015
302.936
302.842
302.486
302.145
302.218
302.396
302.744
302.415
302.459
302.691
302.789
302.537
302.505
302.827
302.959
303.079
303.138
302.904
302.563
302.354
302.633
302.297
302.769
303.015
302.936
302.842
302.486
302.145
302.218
302.396
302.026
301.642
301.796
301.796
302.172
302.047
302.301
301.944
302.172
302.047
302.301
301.944
)
;
        refGradient     uniform 0;
        valueFraction   nonuniform List<scalar> 
1600
(
0.00136353
0.00136353
0.00136353
0.00136353
0.00136353
0.00136353
0.00136353
0.00136353
0.00136353
0.00136353
0.00136353
0.00136353
0.00136353
0.00136353
0.00136353
0.00136353
0.00136353
0.00136353
0.00136353
0.00136353
0.00136353
0.00136353
0.00136353
0.00136353
0.00136353
0.00136353
0.00136353
0.00136353
0.00136353
0.00136353
0.00136353
0.00136353
0.00136353
0.00136353
0.00136353
0.00136353
0.00136353
0.00136353
0.00136353
0.00136353
0.00136353
0.00136353
0.00136353
0.00136353
0.00136353
0.00136353
0.00136353
0.00136353
0.00136353
0.00136353
0.00136353
0.00136353
0.00136353
0.00136353
0.00136353
0.00136353
0.00136353
0.00136353
0.00136353
0.00136353
0.00136353
0.00136353
0.00136353
0.00136353
0.00136353
0.00136353
0.00136353
0.00136353
0.00136353
0.00136353
0.00136353
0.00136353
0.00136353
0.00136353
0.00136353
0.00136353
0.00136353
0.00136353
0.00136353
0.00136353
0.00136353
0.00136353
0.00136353
0.00136353
0.00136353
0.00136353
0.00136353
0.00136353
0.00136353
0.00136353
0.00136353
0.00136353
0.00136353
0.00136353
0.00136353
0.00136353
0.00136353
0.00136353
0.00136353
0.00136353
0.00136353
0.00136353
0.00136353
0.00136353
0.00136353
0.00136353
0.00136353
0.00136353
0.00136353
0.00136353
0.00136353
0.00136353
0.00136353
0.00136353
0.00136353
0.00136353
0.00136353
0.00136353
0.00136353
0.00136353
0.00136353
0.00136353
0.00136353
0.00136353
0.00136353
0.00136353
0.00136353
0.00136353
0.00136353
0.00136353
0.00136353
0.00136353
0.00136353
0.00136353
0.00136353
0.00136353
0.00136353
0.00136353
0.00136353
0.00136353
0.00136353
0.00136353
0.00136353
0.00136353
0.00136353
0.00136353
0.00136353
0.00136353
0.00136353
0.00136353
0.00136353
0.00136353
0.00136353
0.00136353
0.00136353
0.00136353
0.00136353
0.00136353
0.00136353
0.00136353
0.00136353
0.00136353
0.00136353
0.00136353
0.00136353
0.00136353
0.00136353
0.00136353
0.00136353
0.00136353
0.00136353
0.00136353
0.00136353
0.00136353
0.00136353
0.00136353
0.00136353
0.00136353
0.00136353
0.00136353
0.00136353
0.00136353
0.00136353
0.00136353
0.00136353
0.00136353
0.00136353
0.00136353
0.00136353
0.00136353
0.00136353
0.00136353
0.00136353
0.00136353
0.00136353
0.00136353
0.00136353
0.00136353
0.00136353
0.00136353
0.00136353
0.00136353
0.00136353
0.00136353
0.00136353
0.00136353
0.00136353
0.00136353
0.00136353
0.00136353
0.00136353
0.00136353
0.00136353
0.00136353
0.00136353
0.00136353
0.00136353
0.00136353
0.00136353
0.00136353
0.00136353
0.00136353
0.00136353
0.00136353
0.00136353
0.00136353
0.00136353
0.00136353
0.00136353
0.00136353
0.00136353
0.00136353
0.00136353
0.00136353
0.00136353
0.00136353
0.00136353
0.00136353
0.00136353
0.00136353
0.00136353
0.00136353
0.00136353
0.00136353
0.00136353
0.00136353
0.00136353
0.00136353
0.00136353
0.00136353
0.00136353
0.00136353
0.00136353
0.00136353
0.00136353
0.00136353
0.00136353
0.00136353
0.00136353
0.00136353
0.00136353
0.00136353
0.00136353
0.00136353
0.00136353
0.00136353
0.00136353
0.00136353
0.00136353
0.00136353
0.00136353
0.00136353
0.00136353
0.00136353
0.00136353
0.00136353
0.00136353
0.00136353
0.00136353
0.00136353
0.00136353
0.00136353
0.00136353
0.00136353
0.00136353
0.00136353
0.00136353
0.00136353
0.00136353
0.00136353
0.00136353
0.00136353
0.00136353
0.00136353
0.00136353
0.00136353
0.00136353
0.00136353
0.00136353
0.00136353
0.00136353
0.00136353
0.00136353
0.00136353
0.00136353
0.00136353
0.00136353
0.00136353
0.00136353
0.00136353
0.00136353
0.00136353
0.00136353
0.00136353
0.00136353
0.00136353
0.00136353
0.00136353
0.00136353
0.00136353
0.00136353
0.00136353
0.00136353
0.00136353
0.00136353
0.00136353
0.00136353
0.00136353
0.00136353
0.00136353
0.00136353
0.00136353
0.00136353
0.00136353
0.00136353
0.00136353
0.00136353
0.00136353
0.00136353
0.00136353
0.00136353
0.00136353
0.00136353
0.00136353
0.00136353
0.00136353
0.00136353
0.00136353
0.00136353
0.00136353
0.00136353
0.00136353
0.00136353
0.00136353
0.00136353
0.00136353
0.00136353
0.00136353
0.00136353
0.00136353
0.00136353
0.00136353
0.00136353
0.00136353
0.00136353
0.00136353
0.00136353
0.00136353
0.00136353
0.00136353
0.00136353
0.00136353
0.00136353
0.00136353
0.00136353
0.00136353
0.00136353
0.00136353
0.00136353
0.00136353
0.00136353
0.00136353
0.00136353
0.00136353
0.00136353
0.00136353
0.00136353
0.00136353
0.00136353
0.00136353
0.00136353
0.00136353
0.00136353
0.00136353
0.00136353
0.00136353
0.00136353
0.00136353
0.00136353
0.00136353
0.00136353
0.00136353
0.00136353
0.00136353
0.00136353
0.00136353
0.00136353
0.00136353
0.00136353
0.00136353
0.00136353
0.00136353
0.00136353
0.00136353
0.00136353
0.00136353
0.00136353
0.00136353
0.00136353
0.00136353
0.00136353
0.00136353
0.00136353
0.00136353
0.00136353
0.00136353
0.00136353
0.00136353
0.00136353
0.00136353
0.00136353
0.00136353
0.00136353
0.00136353
0.00136353
0.00136353
0.00136353
0.00136353
0.00136353
0.00136353
0.00136353
0.00136353
0.00136353
0.00136353
0.00136353
0.00136353
0.00136353
0.00136353
0.00136353
0.00136353
0.00136353
0.00136353
0.00136353
0.00136353
0.00136353
0.00136353
0.00136353
0.00136353
0.00136353
0.00136353
0.00136353
0.00136353
0.00136353
0.00136353
0.00136353
0.00136353
0.00136353
0.00136353
0.00136353
0.00136353
0.00136353
0.00136353
0.00136353
0.00136353
0.00136353
0.00136353
0.00136353
0.00136353
0.00136353
0.00136353
0.00136353
0.00136353
0.00136353
0.00136353
0.00136353
0.00136353
0.00136353
0.00136353
0.00136353
0.00136353
0.00136353
0.00136353
0.00136353
0.00136353
0.00136353
0.00136353
0.00136353
0.00136353
0.00136353
0.00136353
0.00136353
0.00136353
0.00136353
0.00136353
0.00136353
0.00136353
0.00136353
0.00136353
0.00136353
0.00136353
0.00136353
0.00136353
0.00136353
0.00136353
0.00136353
0.00136353
0.00136353
0.00136353
0.00136353
0.00136353
0.00136353
0.00136353
0.00136353
0.00136353
0.00136353
0.00136353
0.00136353
0.00136353
0.00136353
0.00136353
0.00136353
0.00136353
0.00136353
0.00136353
0.00136353
0.00136353
0.00136353
0.00136353
0.00136353
0.00136353
0.00136353
0.00136353
0.00136353
0.00136353
0.00136353
0.00136353
0.00136353
0.00136353
0.00136353
0.00136353
0.00136353
0.00136353
0.00136353
0.00136353
0.00136353
0.00136353
0.00136353
0.00136353
0.00136353
0.00136353
0.00136353
0.00136353
0.00136353
0.00136353
0.00136353
0.00136353
0.00136353
0.00136353
0.00136353
0.00136353
0.00136353
0.00136353
0.00136353
0.00136353
0.00136353
0.00136353
0.00136353
0.00136353
0.00136353
0.00136353
0.00136353
0.00136353
0.00136353
0.00136353
0.00136353
0.00136353
0.00136353
0.00136353
0.00136353
0.00136353
0.00136353
0.00136353
0.00135857
0.0012177
0.00128701
0.00128701
0.00136091
0.00128991
0.00128927
0.00136091
0.00136091
0.00128991
0.00128927
0.00136091
0.00136091
0.00129045
0.00129045
0.00136091
0.00136091
0.00129045
0.00129045
0.00136091
0.00136353
0.00136353
0.00136353
0.00136353
0.00136091
0.00129045
0.00129045
0.00136091
0.00136091
0.00129045
0.00136091
0.00129045
0.00136353
0.00136353
0.00136353
0.00136353
0.00136091
0.00129045
0.00129045
0.00136091
0.00136091
0.00129045
0.00129045
0.00136091
0.00136353
0.00136353
0.00136353
0.00136353
0.00136091
0.00129045
0.00129045
0.00136091
0.00136091
0.00129045
0.00136091
0.00129045
0.00136353
0.00136353
0.00136353
0.00136353
0.00136353
0.00136353
0.00136353
0.00136353
0.00136353
0.00136353
0.00136353
0.00136353
0.00136353
0.00136353
0.00136353
0.00136353
0.00136353
0.00136353
0.00136353
0.00136353
0.00136353
0.00136353
0.00136353
0.00136353
0.00136353
0.00136353
0.00136353
0.00136353
0.00136353
0.00136353
0.00136353
0.00136353
0.00136353
0.00136353
0.00136353
0.00136353
0.00136353
0.00136353
0.00136353
0.00136353
0.00136091
0.00129045
0.00129045
0.00136091
0.00136091
0.00129045
0.00129045
0.00136091
0.00136353
0.00136353
0.00136353
0.00136353
0.00136091
0.00129045
0.00129045
0.00136091
0.00136091
0.00129045
0.00129045
0.00136091
0.00136353
0.00136353
0.00136353
0.00136353
0.00136091
0.00129045
0.00129045
0.00136091
0.00136091
0.00129045
0.00129045
0.00136091
0.00136353
0.00136353
0.00136353
0.00136353
0.00136091
0.00129045
0.00129045
0.00136091
0.00136091
0.00129045
0.00136091
0.00129045
0.00136353
0.00136353
0.00136353
0.00136353
0.00136353
0.00136353
0.00136353
0.00136353
0.00136353
0.00136353
0.00136353
0.00136353
0.00136353
0.00136353
0.00136353
0.00136353
0.00136353
0.00136353
0.00136353
0.00136353
0.00136353
0.00136353
0.00136353
0.00136353
0.00136353
0.00136353
0.00136353
0.00136353
0.00136353
0.00136353
0.00136353
0.00136353
0.00136353
0.00136353
0.00136353
0.00136353
0.00136353
0.00136353
0.00136353
0.00136353
0.00136353
0.00136353
0.00136353
0.00136353
0.00136353
0.00136353
0.00136353
0.00136353
0.00136353
0.00136353
0.00136353
0.00136353
0.00136353
0.00136353
0.00136353
0.00136353
0.00136353
0.00136353
0.00136353
0.00136353
0.00136353
0.00136353
0.00136353
0.00136353
0.00136353
0.00136353
0.00136353
0.00136353
0.00136353
0.00136353
0.00136353
0.00136353
0.00136353
0.00136353
0.00136353
0.00136353
0.00136091
0.00129045
0.00129045
0.00136091
0.00136091
0.00129045
0.00129045
0.00136091
0.00136353
0.00136353
0.00136353
0.00136353
0.00136091
0.00129045
0.00129045
0.00136091
0.00136091
0.00129045
0.00129045
0.00136091
0.00136353
0.00136353
0.00136353
0.00136353
0.00135857
0.0012177
0.00128701
0.00128701
0.00136091
0.00128991
0.00136091
0.00128927
0.00136091
0.00128991
0.00128927
0.00136091
0.00136353
0.00136353
0.00136353
0.00136353
0.00136353
0.00136353
0.00136353
0.00136353
0.00136353
0.00136353
0.00136353
0.00136353
0.00136353
0.00136353
0.00136353
0.00136353
0.00136353
0.00136353
0.00136353
0.00136353
0.00136353
0.00136353
0.00136353
0.00136353
0.00136353
0.00136353
0.00136353
0.00136353
0.00136353
0.00136353
0.00136353
0.00136353
0.00136353
0.00136353
0.00136353
0.00136353
0.00136091
0.00129045
0.00129045
0.00136091
0.00136091
0.00129045
0.00129045
0.00136091
0.00136353
0.00136353
0.00136353
0.00136353
0.00136091
0.00129045
0.00129045
0.00136091
0.00136091
0.00129045
0.00136091
0.00129045
0.00136353
0.00136353
0.00136353
0.00136353
0.00136091
0.00129045
0.00129045
0.00136091
0.00136091
0.00129045
0.00129045
0.00136091
0.00136353
0.00136353
0.00136353
0.00136353
0.00136091
0.00129045
0.00136091
0.00129045
0.00136353
0.00136353
0.00136353
0.00136353
0.00136091
0.00129045
0.00129045
0.00136091
0.00136353
0.00136353
0.00136353
0.00136353
0.00136353
0.00136353
0.00136353
0.00136353
0.00136353
0.00136353
0.00136353
0.00136353
0.00136353
0.00136353
0.00136353
0.00136353
0.00136353
0.00136353
0.00136353
0.00136353
0.00136353
0.00136353
0.00136353
0.00136353
0.00136353
0.00136353
0.00136353
0.00136353
0.00136353
0.00136353
0.00136353
0.00136353
0.00136353
0.00136353
0.00136353
0.00136353
0.00136091
0.00129045
0.00129045
0.00136091
0.00136091
0.00129045
0.00129045
0.00136091
0.00136353
0.00136353
0.00136353
0.00136353
0.00136091
0.00129045
0.00129045
0.00136091
0.00136091
0.00129045
0.00136091
0.00129045
0.00136353
0.00136353
0.00136353
0.00136353
0.00136353
0.00136353
0.00136353
0.00136353
0.00136353
0.00136353
0.00136353
0.00136353
0.00136353
0.00136353
0.00136353
0.00136353
0.00136353
0.00136353
0.00136353
0.00136353
0.00136353
0.00136353
0.00136353
0.00136353
0.00136353
0.00136353
0.00136353
0.00136353
0.00136353
0.00136353
0.00136353
0.00136353
0.00136353
0.00136353
0.00136353
0.00136353
0.00136353
0.00136353
0.00136353
0.00136353
0.00136353
0.00136353
0.00136353
0.00136353
0.00136353
0.00136353
0.00136353
0.00136353
0.00136353
0.00136353
0.00136353
0.00136353
0.00136353
0.00136353
0.00136353
0.00136353
0.00136353
0.00136353
0.00136353
0.00136353
0.00136353
0.00136353
0.00136353
0.00136353
0.00136353
0.00136353
0.00136353
0.00136353
0.00136353
0.00136353
0.00136353
0.00136353
0.00136353
0.00136353
0.00136353
0.00136353
0.00136353
0.00136353
0.00136353
0.00136353
0.00136353
0.00136353
0.00136353
0.00136353
0.00136353
0.00136353
0.00136353
0.00136353
0.00136353
0.00136353
0.00136353
0.00136353
0.00136353
0.00136353
0.00136353
0.00136353
0.00136353
0.00136353
0.00136353
0.00136353
0.00136353
0.00136353
0.00136353
0.00136353
0.00136353
0.00136353
0.00136353
0.00136353
0.00136353
0.00136353
0.00136353
0.00136353
0.00136353
0.00136353
0.00136353
0.00136353
0.00136353
0.00136353
0.00136353
0.00136353
0.00136353
0.00136353
0.00136353
0.00136353
0.00136353
0.00136353
0.00136353
0.00136353
0.00136353
0.00136353
0.00136353
0.00136353
0.00136353
0.00136353
0.00136353
0.00136353
0.00136353
0.00136353
0.00136353
0.00136353
0.00136353
0.00136353
0.00136353
0.00136353
0.00136353
0.00136353
0.00136353
0.00136353
0.00136353
0.00136353
0.00136353
0.00136353
0.00136353
0.00136353
0.00136353
0.00136353
0.00136353
0.00136353
0.00136353
0.00136353
0.00136353
0.00136353
0.00136353
0.00136353
0.00136353
0.00136353
0.00136353
0.00136353
0.00136353
0.00136353
0.00136353
0.00136353
0.00136353
0.00136353
0.00136353
0.00136353
0.00136353
0.00136353
0.00136353
0.00136353
0.00136353
0.00136353
0.00136353
0.00136353
0.00136353
0.00136353
0.00136353
0.00136353
0.00136353
0.00136353
0.00136353
0.00136353
0.00136353
0.00136353
0.00136353
0.00136353
0.00136353
0.00136353
0.00136353
0.00136353
0.00136353
0.00136353
0.00136353
0.00136353
0.00136353
0.00136353
0.00136353
0.00136353
0.00136353
0.00136353
0.00136353
0.00136353
0.00136353
0.00136353
0.00136353
0.00136353
0.00136353
0.00136353
0.00136353
0.00136353
0.00136091
0.00129045
0.00129045
0.00136091
0.00136091
0.00129045
0.00129045
0.00136091
0.00136353
0.00136353
0.00136353
0.00136353
0.00136091
0.00129045
0.00136091
0.00129045
0.00136353
0.00136353
0.00136353
0.00136353
0.00136091
0.00129045
0.00129045
0.00136091
0.00136353
0.00136353
0.00136353
0.00136353
0.00136353
0.00136353
0.00136353
0.00136353
0.00136353
0.00136353
0.00136353
0.00136353
0.00136353
0.00136353
0.00136353
0.00136353
0.00136353
0.00136353
0.00136353
0.00136353
0.00136353
0.00136353
0.00136353
0.00136353
0.00136353
0.00136353
0.00136353
0.00136353
0.00136353
0.00136353
0.00136353
0.00136353
0.00136353
0.00136353
0.00136353
0.00136353
0.00136091
0.00129045
0.00129045
0.00136091
0.00136091
0.00129045
0.00129045
0.00136091
0.00136353
0.00136353
0.00136353
0.00136353
0.00136091
0.00129045
0.00129045
0.00136091
0.00136091
0.00129045
0.00136091
0.00129045
0.00136353
0.00136353
0.00136353
0.00136353
0.00136091
0.00129045
0.00129045
0.00136091
0.00136091
0.00129045
0.00129045
0.00136091
0.00136353
0.00136353
0.00136353
0.00136353
0.00136091
0.00129045
0.00136091
0.00129045
0.00136353
0.00136353
0.00136353
0.00136353
0.00136091
0.00129045
0.00129045
0.00136091
0.00136353
0.00136353
0.00136353
0.00136353
0.00136353
0.00136353
0.00136353
0.00136353
0.00136353
0.00136353
0.00136353
0.00136353
0.00136353
0.00136353
0.00136353
0.00136353
0.00136353
0.00136353
0.00136353
0.00136353
0.00136353
0.00136353
0.00136353
0.00136353
0.00136353
0.00136353
0.00136353
0.00136353
0.00136353
0.00136353
0.00136353
0.00136353
0.00136353
0.00136353
0.00136353
0.00136353
0.00135857
0.0012177
0.00128701
0.00128701
0.00136091
0.00128991
0.00136091
0.00128927
0.00136091
0.00128991
0.00128927
0.00136091
0.00136091
0.00129045
0.00129045
0.00136091
0.00136091
0.00129045
0.00129045
0.00136091
0.00136353
0.00136353
0.00136353
0.00136353
0.00136091
0.00129045
0.00136091
0.00129045
0.00136353
0.00136353
0.00136353
0.00136353
0.00136091
0.00129045
0.00136091
0.00129045
0.00136353
0.00136353
0.00136353
0.00136353
0.00136353
0.00136353
0.00136353
0.00136353
0.00136353
0.00136353
0.00136353
0.00136353
0.00136353
0.00136353
0.00136353
0.00136353
0.00136353
0.00136353
0.00136353
0.00136353
0.00136353
0.00136353
0.00136353
0.00136353
0.00136353
0.00136353
0.00136353
0.00136353
0.00136353
0.00136353
0.00136353
0.00136353
0.00136353
0.00136353
0.00136353
0.00136353
0.00136353
0.00136353
0.00136353
0.00136353
0.00136353
0.00136353
0.00136353
0.00136353
0.00136353
0.00136353
0.00136353
0.00136353
0.00136353
0.00136353
0.00136353
0.00136353
0.00136353
0.00136353
0.00136353
0.00136353
0.00136353
0.00136353
0.00136353
0.00136353
0.00136353
0.00136353
0.00136353
0.00136353
0.00136353
0.00136353
0.00136353
0.00136353
0.00136353
0.00136353
0.00136353
0.00136353
0.00136091
0.00129045
0.00129045
0.00136091
0.00136091
0.00129045
0.00129045
0.00136091
0.00136353
0.00136353
0.00136353
0.00136353
0.00136091
0.00129045
0.00136091
0.00129045
0.00136353
0.00136353
0.00136353
0.00136353
0.00136091
0.00129045
0.00129045
0.00136091
0.00136091
0.00129045
0.00129045
0.00136091
0.00136091
0.00129045
0.00129045
0.00136091
0.00136353
0.00136353
0.00136353
0.00136353
0.00136091
0.00129045
0.00136091
0.00129045
0.00136353
0.00136353
0.00136353
0.00136353
0.00136091
0.00129045
0.00136091
0.00129045
0.00136353
0.00136353
0.00136353
0.00136353
0.00136353
0.00136353
0.00136353
0.00136353
0.00136353
0.00136353
0.00136353
0.00136353
0.00136353
0.00136353
0.00136353
0.00136353
0.00136353
0.00136353
0.00136353
0.00136353
0.00136353
0.00136353
0.00136353
0.00136353
0.00136353
0.00136353
0.00136353
0.00136353
0.00136353
0.00136353
0.00136353
0.00136353
0.00136353
0.00136353
0.00136353
0.00136353
0.00136091
0.00129045
0.00129045
0.00136091
0.00136091
0.00129045
0.00129045
0.00136091
0.00136353
0.00136353
0.00136353
0.00136353
0.00136091
0.00129045
0.00136091
0.00129045
0.00136353
0.00136353
0.00136353
0.00136353
0.00136091
0.00129045
0.00129045
0.00136091
0.00136091
0.00129045
0.00129045
0.00136091
0.00136091
0.00129045
0.00129045
0.00136091
0.00136353
0.00136353
0.00136353
0.00136353
0.00136091
0.00129045
0.00136091
0.00129045
0.00136353
0.00136353
0.00136353
0.00136353
0.00136091
0.00129045
0.00129045
0.00136091
0.00135857
0.0012177
0.00128701
0.00128701
0.00136091
0.00128991
0.00136091
0.00128927
0.00136091
0.00128991
0.00136091
0.00128927
)
;
        source          uniform 0;
        value           nonuniform List<scalar> 
1600
(
326.09
326.148
326.119
326.119
326.168
326.174
326.145
326.198
326.168
326.174
326.145
326.198
326.09
326.148
326.119
326.119
326.168
326.174
326.145
326.198
326.168
326.174
326.198
326.145
326.248
326.201
326.224
326.224
326.248
326.201
326.224
326.224
326.248
326.201
326.224
326.224
326.248
326.201
326.224
326.224
326.168
326.174
326.145
326.198
326.168
326.174
326.198
326.145
326.09
326.148
326.119
326.119
326.168
326.174
326.198
326.145
326.168
326.174
326.198
326.145
326.09
326.148
326.119
326.119
325.507
325.588
325.547
325.547
325.809
325.872
325.844
325.837
325.628
325.627
325.587
325.666
325.809
325.872
325.844
325.837
325.629
325.627
325.587
325.666
325.915
325.907
325.879
325.943
325.915
325.907
325.879
325.944
325.741
325.665
325.703
325.703
325.884
325.897
325.862
325.919
325.948
325.986
325.951
325.983
325.884
325.897
325.919
325.862
325.948
325.986
325.951
325.983
325.991
325.932
325.969
325.955
326.235
326.269
326.239
326.265
326.056
326.022
326.019
326.059
325.991
325.932
325.955
325.969
326.235
326.269
326.239
326.265
326.056
326.022
326.019
326.059
325.809
325.872
325.837
325.844
325.628
325.627
325.587
325.666
325.507
325.588
325.547
325.547
325.915
325.907
325.943
325.879
325.915
325.907
325.879
325.944
325.741
325.665
325.703
325.703
325.809
325.872
325.844
325.837
325.629
325.627
325.587
325.666
325.884
325.897
325.862
325.919
325.948
325.986
325.983
325.951
325.991
325.932
325.969
325.955
326.235
326.269
326.239
326.265
326.056
326.022
326.019
326.059
325.884
325.897
325.919
325.862
325.948
325.986
325.951
325.983
326.235
326.269
326.239
326.265
325.991
325.932
325.955
325.969
326.056
326.022
326.059
326.019
326.316
326.296
326.292
326.32
326.316
326.296
326.292
326.32
326.386
326.393
326.389
326.389
326.316
326.296
326.292
326.32
326.316
326.296
326.32
326.292
326.386
326.393
326.389
326.389
326.316
326.296
326.292
326.32
326.316
326.296
326.32
326.292
326.386
326.393
326.389
326.389
326.316
326.296
326.32
326.292
326.316
326.296
326.32
326.292
326.386
326.393
326.389
326.389
325.991
325.932
325.969
325.955
326.235
326.269
326.265
326.239
326.056
326.022
326.019
326.059
325.884
325.897
325.863
325.919
325.948
325.986
325.983
325.951
326.235
326.269
326.265
326.239
325.991
325.932
325.955
325.969
326.056
326.022
326.059
326.019
325.884
325.897
325.919
325.862
325.948
325.986
325.951
325.983
325.809
325.872
325.837
325.844
325.628
325.627
325.666
325.587
325.915
325.907
325.943
325.879
325.915
325.907
325.879
325.943
325.741
325.665
325.703
325.703
325.507
325.588
325.547
325.547
325.809
325.872
325.844
325.837
325.629
325.627
325.666
325.587
326.235
326.269
326.265
326.239
325.991
325.932
325.969
325.955
326.056
326.022
326.059
326.019
326.235
326.269
326.265
326.239
325.991
325.932
325.955
325.969
326.056
326.022
326.059
326.019
325.884
325.897
325.862
325.919
325.948
325.986
325.983
325.951
325.884
325.897
325.919
325.862
325.948
325.986
325.983
325.951
325.915
325.907
325.944
325.879
325.915
325.907
325.943
325.879
325.741
325.665
325.703
325.703
325.809
325.872
325.837
325.844
325.629
325.627
325.666
325.587
325.809
325.872
325.837
325.844
325.628
325.627
325.666
325.587
325.507
325.588
325.547
325.547
326.028
325.961
325.994
325.994
326.059
326.054
326.088
326.025
326.059
326.054
326.088
326.025
326.156
326.138
326.122
326.173
326.137
326.08
326.114
326.102
326.188
326.235
326.218
326.205
326.156
326.138
326.122
326.173
326.137
326.08
326.114
326.102
326.188
326.235
326.218
326.205
326.028
325.961
325.994
325.994
326.059
326.054
326.088
326.025
326.059
326.054
326.088
326.025
326.156
326.138
326.122
326.173
326.137
326.08
326.114
326.102
326.188
326.235
326.218
326.205
326.156
326.138
326.173
326.122
326.188
326.235
326.218
326.205
326.137
326.08
326.114
326.102
326.288
326.323
326.306
326.306
326.268
326.261
326.244
326.285
326.268
326.261
326.244
326.285
326.288
326.323
326.306
326.306
326.268
326.261
326.244
326.285
326.268
326.261
326.244
326.285
326.288
326.323
326.306
326.306
326.268
326.261
326.244
326.285
326.268
326.261
326.244
326.285
326.288
326.323
326.306
326.306
326.268
326.261
326.244
326.285
326.268
326.261
326.244
326.285
326.156
326.138
326.122
326.173
326.137
326.08
326.114
326.102
326.188
326.235
326.218
326.205
326.156
326.138
326.173
326.122
326.188
326.235
326.218
326.205
326.137
326.08
326.114
326.102
326.028
325.961
325.994
325.994
326.059
326.054
326.088
326.025
326.059
326.054
326.088
326.025
326.156
326.138
326.173
326.122
326.188
326.235
326.218
326.205
326.137
326.08
326.114
326.102
326.156
326.138
326.173
326.122
326.188
326.235
326.218
326.205
326.137
326.08
326.114
326.102
326.028
325.961
325.994
325.994
326.059
326.054
326.088
326.025
326.059
326.054
326.088
326.025
325.432
325.277
325.386
325.386
325.465
325.475
325.433
325.504
325.465
325.475
325.434
325.504
325.745
325.686
325.721
325.711
325.776
325.78
325.752
325.804
325.778
325.779
325.745
325.813
325.634
325.65
325.608
325.674
325.588
325.517
325.545
325.561
325.669
325.743
325.708
325.706
325.746
325.687
325.721
325.712
325.777
325.78
325.752
325.805
325.779
325.78
325.745
325.813
325.635
325.65
325.608
325.675
325.589
325.517
325.546
325.562
325.67
325.743
325.709
325.706
325.921
325.924
325.958
325.888
325.952
326.017
325.989
325.98
325.885
325.815
325.848
325.851
325.921
325.924
325.958
325.888
325.952
326.017
325.989
325.98
325.885
325.815
325.848
325.851
325.815
325.888
325.852
325.852
325.778
325.779
325.742
325.815
325.778
325.779
325.742
325.815
325.87
325.861
325.845
325.886
325.851
325.804
325.826
325.829
325.903
325.954
325.919
325.938
325.908
325.873
325.883
325.899
325.914
325.892
325.889
325.918
325.941
325.967
325.932
325.976
325.87
325.861
325.845
325.886
325.851
325.804
325.826
325.829
325.903
325.954
325.919
325.938
325.908
325.874
325.883
325.899
325.914
325.892
325.918
325.889
325.941
325.967
325.932
325.976
326.048
326.101
326.085
326.064
326.028
326.043
326.066
326.006
326.01
325.99
325.974
326.027
326.197
326.152
326.186
326.162
326.229
326.248
326.218
326.258
326.203
326.172
326.168
326.207
326.087
326.115
326.077
326.124
326.049
326.003
326.012
326.04
326.093
326.134
326.131
326.097
326.048
326.101
326.085
326.064
326.028
326.043
326.066
326.006
326.01
325.99
325.974
326.027
326.197
326.152
326.186
326.162
326.229
326.248
326.218
326.258
326.203
326.172
326.207
326.168
326.087
326.115
326.077
326.124
326.049
326.003
326.012
326.04
326.093
326.134
326.097
326.131
325.745
325.686
325.721
325.711
325.776
325.78
325.752
325.804
325.778
325.779
325.745
325.813
325.634
325.65
325.608
325.674
325.588
325.517
325.561
325.545
325.669
325.743
325.708
325.706
325.432
325.277
325.386
325.386
325.465
325.475
325.504
325.433
325.465
325.475
325.434
325.504
325.921
325.924
325.958
325.888
325.952
326.017
325.989
325.98
325.885
325.815
325.848
325.851
325.921
325.924
325.958
325.888
325.952
326.017
325.989
325.98
325.885
325.815
325.851
325.848
325.815
325.888
325.852
325.852
325.778
325.779
325.742
325.815
325.778
325.779
325.815
325.742
325.746
325.687
325.721
325.712
325.777
325.78
325.752
325.805
325.779
325.78
325.813
325.745
325.635
325.65
325.608
325.675
325.589
325.517
325.546
325.562
325.67
325.743
325.706
325.709
325.87
325.861
325.845
325.886
325.851
325.805
325.827
325.83
325.903
325.954
325.919
325.938
325.908
325.874
325.899
325.883
325.941
325.967
325.932
325.976
325.914
325.893
325.889
325.918
326.048
326.101
326.085
326.064
326.028
326.043
326.066
326.006
326.011
325.99
325.974
326.027
326.197
326.152
326.186
326.162
326.229
326.248
326.218
326.258
326.203
326.172
326.168
326.207
326.087
326.115
326.077
326.125
326.049
326.003
326.012
326.04
326.093
326.134
326.131
326.097
325.87
325.861
325.845
325.886
325.851
325.805
325.827
325.829
325.903
325.954
325.919
325.938
325.908
325.874
325.883
325.899
325.914
325.893
325.918
325.889
325.941
325.967
325.932
325.976
326.197
326.152
326.186
326.162
326.229
326.248
326.218
326.258
326.203
326.172
326.207
326.168
326.048
326.101
326.085
326.064
326.028
326.043
326.066
326.006
326.01
325.99
325.974
326.027
326.087
326.115
326.125
326.077
326.093
326.134
326.097
326.131
326.049
326.003
326.012
326.04
326.33
326.337
326.319
326.347
326.309
326.275
326.299
326.285
326.337
326.358
326.354
326.34
326.33
326.337
326.319
326.347
326.309
326.275
326.299
326.285
326.337
326.358
326.354
326.34
326.372
326.351
326.361
326.361
326.379
326.372
326.368
326.382
326.379
326.372
326.368
326.382
326.33
326.337
326.319
326.347
326.309
326.275
326.299
326.285
326.337
326.358
326.34
326.354
326.33
326.337
326.319
326.347
326.309
326.275
326.299
326.285
326.337
326.358
326.354
326.34
326.372
326.351
326.361
326.361
326.379
326.372
326.382
326.368
326.379
326.372
326.368
326.382
326.33
326.337
326.319
326.347
326.309
326.275
326.299
326.285
326.337
326.358
326.34
326.354
326.33
326.337
326.319
326.347
326.309
326.275
326.299
326.285
326.337
326.358
326.354
326.34
326.372
326.351
326.361
326.361
326.379
326.372
326.382
326.368
326.379
326.372
326.368
326.382
326.33
326.337
326.319
326.347
326.309
326.275
326.299
326.285
326.337
326.358
326.34
326.354
326.33
326.337
326.319
326.347
326.309
326.275
326.299
326.285
326.337
326.358
326.34
326.354
326.372
326.351
326.361
326.361
326.379
326.372
326.382
326.368
326.379
326.372
326.382
326.368
326.048
326.101
326.085
326.064
326.028
326.043
326.066
326.006
326.011
325.99
326.027
325.974
326.197
326.152
326.187
326.162
326.229
326.248
326.218
326.258
326.203
326.172
326.168
326.207
326.087
326.115
326.077
326.125
326.049
326.003
326.04
326.012
326.093
326.134
326.131
326.097
325.87
325.861
325.845
325.886
325.851
325.805
325.827
325.83
325.903
325.954
325.938
325.919
325.908
325.874
325.899
325.883
325.941
325.967
325.976
325.932
325.914
325.893
325.889
325.918
326.197
326.152
326.187
326.162
326.229
326.248
326.218
326.258
326.203
326.172
326.207
326.168
326.048
326.101
326.085
326.064
326.028
326.043
326.066
326.006
326.011
325.99
326.027
325.974
326.087
326.115
326.125
326.077
326.093
326.134
326.097
326.131
326.049
326.003
326.04
326.012
325.87
325.861
325.845
325.886
325.851
325.805
325.827
325.83
325.903
325.954
325.938
325.919
325.908
325.874
325.883
325.899
325.914
325.893
325.918
325.889
325.941
325.967
325.976
325.932
325.746
325.687
325.721
325.712
325.777
325.78
325.752
325.804
325.779
325.779
325.745
325.813
325.634
325.65
325.675
325.608
325.669
325.743
325.708
325.706
325.589
325.517
325.561
325.546
325.921
325.924
325.958
325.888
325.952
326.017
325.989
325.98
325.885
325.815
325.848
325.851
325.921
325.924
325.958
325.888
325.952
326.017
325.989
325.98
325.885
325.815
325.851
325.848
325.815
325.888
325.852
325.852
325.778
325.779
325.742
325.815
325.778
325.779
325.815
325.742
325.432
325.277
325.386
325.386
325.465
325.475
325.504
325.434
325.465
325.475
325.434
325.504
325.746
325.687
325.721
325.712
325.777
325.78
325.752
325.805
325.779
325.779
325.813
325.745
325.634
325.65
325.675
325.608
325.669
325.743
325.706
325.709
325.589
325.517
325.546
325.561
326.197
326.152
326.186
326.162
326.229
326.248
326.218
326.258
326.203
326.172
326.168
326.207
326.048
326.101
326.085
326.064
326.028
326.043
326.066
326.006
326.01
325.99
326.027
325.974
326.087
326.115
326.124
326.077
326.093
326.134
326.131
326.097
326.049
326.003
326.04
326.012
326.197
326.152
326.186
326.162
326.229
326.248
326.218
326.258
326.203
326.172
326.207
326.168
326.048
326.101
326.085
326.064
326.028
326.043
326.066
326.006
326.01
325.99
326.027
325.974
326.087
326.115
326.124
326.077
326.093
326.134
326.097
326.131
326.049
326.003
326.04
326.012
325.87
325.861
325.845
325.886
325.851
325.805
325.827
325.83
325.903
325.954
325.938
325.919
325.908
325.874
325.899
325.883
325.941
325.967
325.976
325.932
325.914
325.893
325.889
325.918
325.87
325.861
325.845
325.886
325.851
325.804
325.826
325.829
325.903
325.954
325.938
325.919
325.908
325.874
325.899
325.883
325.941
325.967
325.976
325.932
325.914
325.892
325.918
325.889
325.921
325.924
325.958
325.888
325.952
326.017
325.989
325.98
325.885
325.815
325.851
325.848
325.921
325.924
325.958
325.888
325.952
326.017
325.989
325.98
325.885
325.815
325.851
325.848
325.815
325.888
325.852
325.852
325.778
325.779
325.815
325.742
325.778
325.779
325.815
325.742
325.746
325.687
325.721
325.712
325.777
325.78
325.752
325.805
325.779
325.78
325.813
325.745
325.634
325.65
325.675
325.608
325.67
325.743
325.706
325.709
325.589
325.517
325.562
325.546
325.745
325.686
325.721
325.712
325.776
325.78
325.752
325.804
325.778
325.779
325.813
325.745
325.634
325.65
325.675
325.608
325.669
325.743
325.706
325.708
325.588
325.517
325.561
325.545
325.432
325.277
325.386
325.386
325.465
325.475
325.504
325.434
325.465
325.475
325.504
325.433
)
;
        logInterval     -1;
        thicknessLayers List<scalar> 1(0.0001);
        kappaLayers     List<scalar> 1(3.333);
        writePrecision  6;
        updateHeader    1;
        writeToFile     0;
        useUserTime     1;
        kappaMethod     solidThermo;
    }
}


// ************************************************************************* //
