/*--------------------------------*- C++ -*----------------------------------*\
| =========                 |                                                 |
| \\      /  F ield         | OpenFOAM: The Open Source CFD Toolbox           |
|  \\    /   O peration     | Version:  2412                                  |
|   \\  /    A nd           | Website:  www.openfoam.com                      |
|    \\/     M anipulation  |                                                 |
\*---------------------------------------------------------------------------*/
FoamFile
{
    version     2.0;
    format      ascii;
    arch        "LSB;label=32;scalar=64";
    class       volVectorField;
    location    "20/bottomWater";
    object      U;
}
// * * * * * * * * * * * * * * * * * * * * * * * * * * * * * * * * * * * * * //

dimensions      [0 1 -1 0 0 0 0];

internalField   nonuniform List<vector> 
1460
(
(0.00091093735 5.7668493e-05 4.08565e-05)
(0.00088549634 5.8789549e-05 4.5870647e-05)
(0.00079841165 4.6889968e-05 3.8932551e-05)
(0.00073174867 3.3661255e-05 2.877856e-05)
(0.00069088587 2.2301056e-05 1.8645772e-05)
(0.00066847257 1.4087107e-05 9.9156118e-06)
(0.00065982011 8.785616e-06 2.6767859e-06)
(0.0006620182 5.5209947e-06 -3.2646848e-06)
(0.00067332789 3.4010006e-06 -8.046589e-06)
(0.00069320223 1.8770064e-06 -1.1683837e-05)
(0.00072146319 6.2427461e-07 -1.3617597e-05)
(0.00075726095 -4.9870256e-07 -1.2190804e-05)
(0.00079760697 -1.6111472e-06 -4.7403254e-06)
(0.00082936171 -2.1891525e-06 1.3110706e-05)
(0.00084318074 -2.4287293e-06 2.6934889e-05)
(0.00084081456 -2.3965453e-06 3.2738685e-05)
(0.00082494031 -1.9381771e-06 3.3973638e-05)
(0.0007978621 -1.4822504e-06 3.3613412e-05)
(0.00076323522 -1.2453488e-06 3.0397658e-05)
(0.00072714731 -1.1637418e-06 2.4858276e-05)
(0.00069474725 -1.0661513e-06 1.8670237e-05)
(0.00066835569 -8.3925176e-07 1.3078591e-05)
(0.00064816807 -5.1114131e-07 8.621565e-06)
(0.00063338203 -1.8819879e-07 5.3780146e-06)
(0.00062289766 4.4273383e-08 3.1837515e-06)
(0.00061562594 1.7815602e-07 1.7946435e-06)
(0.00061066131 2.3652221e-07 9.7415882e-07)
(0.0006073059 2.4704468e-07 5.2909124e-07)
(0.00060498315 2.2694963e-07 3.1678846e-07)
(0.00060270743 2.7969191e-07 3.2398384e-07)
(0.00097312489 5.3517851e-05 4.4960522e-05)
(0.00099337151 5.4162098e-05 5.5010778e-05)
(0.00097980949 4.438778e-05 4.9252251e-05)
(0.00096201091 3.1645841e-05 3.8868957e-05)
(0.00095022108 1.9767898e-05 2.7333595e-05)
(0.00094482293 1.0997451e-05 1.6392634e-05)
(0.00094618602 5.5304953e-06 6.6709093e-06)
(0.00095527563 2.5157492e-06 -1.7121894e-06)
(0.00097230663 8.7374926e-07 -8.7337563e-06)
(0.00099818856 -1.2095236e-07 -1.4523241e-05)
(0.0010336792 -9.018511e-07 -1.861761e-05)
(0.0010786701 -1.659547e-06 -1.9268953e-05)
(0.0011307233 -2.2746744e-06 -1.3023625e-05)
(0.0011758383 -2.4414508e-06 6.138712e-06)
(0.0012021557 -2.2390831e-06 2.4135791e-05)
(0.0012085375 -1.9244101e-06 3.4961148e-05)
(0.0011986633 -1.3475218e-06 3.9287148e-05)
(0.0011731983 -8.8497185e-07 4.0753561e-05)
(0.0011355013 -6.4526178e-07 3.8711741e-05)
(0.0010917261 -6.0282469e-07 3.3452176e-05)
(0.0010483083 -6.0430054e-07 2.664113e-05)
(0.0010095568 -4.9646186e-07 1.9845265e-05)
(0.00097743434 -2.6618392e-07 1.3995873e-05)
(0.00095225795 -3.1141542e-09 9.4314923e-06)
(0.00093339864 2.1016046e-07 6.1312823e-06)
(0.00091979822 3.3354453e-07 3.8830956e-06)
(0.00091027147 3.7558366e-07 2.4251546e-06)
(0.00090374214 3.6847203e-07 1.5254384e-06)
(0.00089926694 3.5213855e-07 9.9527074e-07)
(0.00089520379 3.7146518e-07 8.2862102e-07)
(0.00097747615 2.1086318e-11 4.4766943e-05)
(0.0010082598 6.155351e-11 5.5222649e-05)
(0.0010079795 8.7203468e-11 4.9892462e-05)
(0.00099970015 7.4442263e-11 3.9770734e-05)
(0.00099294064 3.4875401e-11 2.8244079e-05)
(0.00098927592 -3.2027404e-12 1.7117617e-05)
(0.00099042849 -2.2276687e-11 7.1464229e-06)
(0.00099853828 -2.1646842e-11 -1.4875982e-06)
(0.0010144375 -9.881681e-12 -8.7019869e-06)
(0.0010393109 4.1412534e-12 -1.4627997e-05)
(0.0010739884 1.7451737e-11 -1.8882959e-05)
(0.0011184649 2.7876125e-11 -1.9738869e-05)
(0.0011704188 3.3552366e-11 -1.3765743e-05)
(0.0012161408 3.4132748e-11 5.0558489e-06)
(0.0012437607 3.0050049e-11 2.3033312e-05)
(0.0012515482 2.1105531e-11 3.4247022e-05)
(0.0012431674 6.1252423e-12 3.9057365e-05)
(0.0012190459 -9.1291657e-12 4.0890468e-05)
(0.0011821962 -1.6302096e-11 3.9175212e-05)
(0.0011385749 -8.3701923e-12 3.4179375e-05)
(0.0010945185 1.3971327e-11 2.7558796e-05)
(0.0010544645 3.7226121e-11 2.0854844e-05)
(0.0010206998 4.9077086e-11 1.4971938e-05)
(0.00099390064 4.7073414e-11 1.0285133e-05)
(0.00097364968 5.2775812e-11 6.8153939e-06)
(0.00095893848 4.4474374e-11 4.4003135e-06)
(0.00094858445 3.0496825e-11 2.8042874e-06)
(0.00094147408 1.1636295e-11 1.7975039e-06)
(0.00093661627 -1.426154e-11 1.1850706e-06)
(0.00093226709 -4.2266715e-11 9.6076281e-07)
(0.00097312489 -5.3517821e-05 4.4960521e-05)
(0.00099337154 -5.4162009e-05 5.5010776e-05)
(0.00097980956 -4.4387649e-05 4.9252251e-05)
(0.00096201104 -3.1645722e-05 3.8868961e-05)
(0.00095022124 -1.9767833e-05 2.7333603e-05)
(0.00094482309 -1.0997438e-05 1.6392647e-05)
(0.00094618615 -5.5305079e-06 6.6709269e-06)
(0.00095527574 -2.5157587e-06 -1.7121678e-06)
(0.00097230671 -8.7373864e-07 -8.7337304e-06)
(0.00099818862 1.2098972e-07 -1.4523211e-05)
(0.0010336792 9.0191624e-07 -1.8617579e-05)
(0.0010786702 1.6596373e-06 -1.9268926e-05)
(0.0011307233 2.274784e-06 -1.3023601e-05)
(0.0011758384 2.4415717e-06 6.1387342e-06)
(0.0012021557 2.2392048e-06 2.4135814e-05)
(0.0012085375 1.9245172e-06 3.4961174e-05)
(0.0011986633 1.3475957e-06 3.9287188e-05)
(0.0011731983 8.8500414e-07 4.0753621e-05)
(0.0011355014 6.4526353e-07 3.8711827e-05)
(0.0010917261 6.0282745e-07 3.3452286e-05)
(0.0010483083 6.0434172e-07 2.6641254e-05)
(0.0010095568 4.965571e-07 1.984538e-05)
(0.00097743427 2.6631918e-07 1.3995966e-05)
(0.00095225789 3.2607261e-09 9.4315671e-06)
(0.0009333986 -2.1002714e-07 6.1313347e-06)
(0.00091979817 -3.3343495e-07 3.8831374e-06)
(0.00091027141 -3.7550113e-07 2.4251883e-06)
(0.00090374207 -3.6842195e-07 1.5254626e-06)
(0.00089926684 -3.5213268e-07 9.9528586e-07)
(0.00089520364 -3.7151147e-07 8.2863316e-07)
(0.00091093736 -5.7668484e-05 4.0856501e-05)
(0.00088549638 -5.8789524e-05 4.5870649e-05)
(0.00079841175 -4.6889934e-05 3.8932558e-05)
(0.00073174884 -3.366123e-05 2.8778572e-05)
(0.00069088608 -2.2301049e-05 1.8645787e-05)
(0.00066847277 -1.4087115e-05 9.9156315e-06)
(0.00065982028 -8.7856294e-06 2.6768105e-06)
(0.00066201833 -5.5210069e-06 -3.2646553e-06)
(0.00067332799 -3.4010079e-06 -8.0465545e-06)
(0.0006932023 -1.8770058e-06 -1.1683798e-05)
(0.00072146326 -6.242641e-07 -1.3617555e-05)
(0.00075726102 4.9872294e-07 -1.2190762e-05)
(0.00079760707 1.6111747e-06 -4.7402848e-06)
(0.00082936184 2.1891813e-06 1.3110746e-05)
(0.0008431809 2.4287502e-06 2.6934933e-05)
(0.00084081475 2.3965445e-06 3.2738738e-05)
(0.00082494048 1.9381406e-06 3.3973708e-05)
(0.00079786223 1.4821746e-06 3.36135e-05)
(0.00076323527 1.2452469e-06 3.0397761e-05)
(0.00072714727 1.1636439e-06 2.4858386e-05)
(0.00069474713 1.0660887e-06 1.8670341e-05)
(0.00066835552 8.3923416e-07 1.3078684e-05)
(0.00064816789 5.1115544e-07 8.6216476e-06)
(0.00063338187 1.8822503e-07 5.3780883e-06)
(0.00062289751 -4.4262573e-08 3.1838179e-06)
(0.0006156258 -1.7814969e-07 1.7947007e-06)
(0.00061066117 -2.3651452e-07 9.7420362e-07)
(0.00060730576 -2.4703733e-07 5.2912159e-07)
(0.00060498298 -2.2695064e-07 3.1680555e-07)
(0.00060270721 -2.7971482e-07 3.2399572e-07)
(0.00094603696 6.100834e-05 4.6194581e-05)
(0.00094263768 6.5827505e-05 5.5415419e-05)
(0.00090048407 5.3632176e-05 4.9767632e-05)
(0.00086519044 3.9901891e-05 3.6148276e-05)
(0.00084423154 2.7638829e-05 1.9606826e-05)
(0.00083403435 1.8031895e-05 3.1124987e-06)
(0.00083226883 1.1164011e-05 -1.2756492e-05)
(0.00083859749 6.4776524e-06 -2.8757856e-05)
(0.00085350377 3.2413815e-06 -4.5944464e-05)
(0.00087827632 8.0968559e-07 -6.5039643e-05)
(0.0009155333 -1.1261384e-06 -8.561835e-05)
(0.0009675656 -2.388725e-06 -0.00010403579)
(0.0010359861 -2.665308e-06 -0.00011053162)
(0.0010863888 5.3038055e-07 -7.6712153e-05)
(0.0010978239 2.8146765e-06 -3.7475845e-05)
(0.0010879039 3.9335208e-06 -9.2504397e-07)
(0.0010671587 3.7571537e-06 3.2358904e-05)
(0.0010330209 3.6314172e-06 6.3026284e-05)
(0.00098682871 2.9422814e-06 7.7529984e-05)
(0.00093942025 1.7793132e-06 7.7828805e-05)
(0.00089853961 6.4396456e-07 6.9260056e-05)
(0.00086668513 -7.2495285e-08 5.665421e-05)
(0.00084328589 -3.0650417e-07 4.3506974e-05)
(0.00082675903 -2.5222099e-07 3.1856228e-05)
(0.00081535764 -1.0466616e-07 2.2510307e-05)
(0.00080757968 2.7886939e-08 1.5497971e-05)
(0.00080229728 1.1021392e-07 1.0477567e-05)
(0.00079871317 1.5294459e-07 7.005768e-06)
(0.00079624297 1.7258901e-07 4.6842054e-06)
(0.00079394955 2.7150597e-07 3.2994594e-06)
(0.0010168428 5.7009448e-05 5.1140462e-05)
(0.0010668717 6.001858e-05 6.4491734e-05)
(0.0011105014 4.9125175e-05 5.9475462e-05)
(0.0011428448 3.6245667e-05 4.6275632e-05)
(0.001167185 2.4115855e-05 2.8850371e-05)
(0.0011864743 1.4455928e-05 9.7774839e-06)
(0.0012036506 7.7156561e-06 -9.7816488e-06)
(0.0012217766 3.4297283e-06 -3.0120288e-05)
(0.001244531 8.4166369e-07 -5.2227012e-05)
(0.0012754565 -8.372894e-07 -7.7148163e-05)
(0.001318807 -2.1534725e-06 -0.00010495019)
(0.00137942 -3.1687946e-06 -0.00013257719)
(0.0014617207 -3.1207145e-06 -0.0001487712)
(0.0015339007 -9.7772544e-07 -0.00011918137)
(0.0015684658 1.1908145e-06 -7.6584375e-05)
(0.0015765909 2.4008975e-06 -3.2844578e-05)
(0.0015662282 2.3859179e-06 1.1258894e-05)
(0.0015366623 1.9949263e-06 5.4515541e-05)
(0.0014884317 1.3999405e-06 8.272704e-05)
(0.0014317433 4.8775519e-07 9.4401518e-05)
(0.0013762476 -3.8486009e-07 9.3289029e-05)
(0.0013273261 -8.5848195e-07 8.381201e-05)
(0.0012873596 -8.8825831e-07 7.0135992e-05)
(0.0012566027 -6.5166205e-07 5.5504937e-05)
(0.0012340259 -3.4560855e-07 4.2019751e-05)
(0.0012180135 -9.1277756e-08 3.0712716e-05)
(0.0012069144 7.2993878e-08 2.1841795e-05)
(0.0011993593 1.6397148e-07 1.5214212e-05)
(0.0011942576 2.2353739e-07 1.0453482e-05)
(0.0011899297 3.0916719e-07 7.3201001e-06)
(0.0010220958 2.5547533e-11 5.1619021e-05)
(0.0010843376 7.3015409e-11 6.5390044e-05)
(0.0011430763 1.0095602e-10 6.0652796e-05)
(0.0011872742 8.3755756e-11 4.7685843e-05)
(0.0012189814 3.2053972e-11 3.027823e-05)
(0.0012419636 -2.3251437e-11 1.0982368e-05)
(0.0012603172 -6.0393386e-11 -8.9415677e-06)
(0.0012780848 -7.3200665e-11 -2.9660415e-05)
(0.0012998272 -6.8193304e-11 -5.210014e-05)
(0.001329472 -5.5130842e-11 -7.7331927e-05)
(0.0013715848 -4.3469921e-11 -0.00010562579)
(0.0014310594 -3.6299293e-11 -0.0001340993)
(0.0015124286 -3.5253093e-11 -0.00015170844)
(0.0015851837 -4.2848668e-11 -0.000124304)
(0.001622451 -6.5576322e-11 -8.2930743e-05)
(0.0016342677 -1.0531947e-10 -3.9374031e-05)
(0.0016270904 -1.5833806e-10 5.3978136e-06)
(0.0015998336 -2.1558662e-10 4.9832696e-05)
(0.0015530014 -2.5709126e-10 7.9822375e-05)
(0.0014965025 -2.6152842e-10 9.358172e-05)
(0.0014399377 -2.1743213e-10 9.4493919e-05)
(0.0013889771 -1.562471e-10 8.6588846e-05)
(0.0013464638 -1.0383429e-10 7.3728985e-05)
(0.0013132277 -6.5285818e-11 5.9225362e-05)
(0.0012885849 -4.1213853e-11 4.5393591e-05)
(0.0012710195 -3.0564097e-11 3.3513387e-05)
(0.0012588354 -2.8591491e-11 2.4027148e-05)
(0.0012505534 -3.469749e-11 1.6843423e-05)
(0.001244989 -5.1423005e-11 1.1624024e-05)
(0.0012403319 -7.5087736e-11 8.1390041e-06)
(0.0010168428 -5.7009412e-05 5.114046e-05)
(0.0010668717 -6.0018475e-05 6.4491732e-05)
(0.0011105015 -4.9125023e-05 5.9475461e-05)
(0.0011428449 -3.6245531e-05 4.6275638e-05)
(0.0011671852 -2.4115788e-05 2.8850385e-05)
(0.0011864745 -1.4455938e-05 9.7775061e-06)
(0.0012036508 -7.7157165e-06 -9.7816191e-06)
(0.0012217767 -3.4298044e-06 -3.0120252e-05)
(0.0012445311 -8.4172971e-07 -5.2226968e-05)
(0.0012754566 8.3724694e-07 -7.7148119e-05)
(0.0013188071 2.1534568e-06 -0.00010495015)
(0.00137942 3.1688019e-06 -0.00013257715)
(0.0014617207 3.1207359e-06 -0.00014877117)
(0.0015339007 9.7774922e-07 -0.00011918134)
(0.0015684658 -1.1908078e-06 -7.6584358e-05)
(0.0015765909 -2.400935e-06 -3.2844558e-05)
(0.001566228 -2.3860288e-06 1.1258922e-05)
(0.0015366621 -1.9951311e-06 5.4515571e-05)
(0.0014884316 -1.4002299e-06 8.2727079e-05)
(0.0014317431 -4.8808289e-07 9.440157e-05)
(0.0013762475 3.8456686e-07 9.3289097e-05)
(0.001327326 8.5828172e-07 8.3812092e-05)
(0.0012873596 8.8816443e-07 7.0136072e-05)
(0.0012566027 6.5164539e-07 5.5505015e-05)
(0.0012340258 3.456287e-07 4.2019815e-05)
(0.0012180134 9.1305194e-08 3.0712774e-05)
(0.0012069144 -7.2974197e-08 2.1841848e-05)
(0.0011993592 -1.6397028e-07 1.5214257e-05)
(0.0011942575 -2.2357083e-07 1.0453518e-05)
(0.0011899295 -3.0925036e-07 7.3201294e-06)
(0.00094603696 -6.100833e-05 4.619458e-05)
(0.00094263772 -6.5827476e-05 5.5415416e-05)
(0.00090048419 -5.3632137e-05 4.9767634e-05)
(0.00086519066 -3.9901864e-05 3.6148289e-05)
(0.00084423181 -2.7638828e-05 1.9606851e-05)
(0.00083403462 -1.8031917e-05 3.1125351e-06)
(0.00083226907 -1.1164045e-05 -1.2756447e-05)
(0.00083859768 -6.4776891e-06 -2.8757804e-05)
(0.00085350391 -3.2414167e-06 -4.5944407e-05)
(0.00087827642 -8.0971587e-07 -6.5039582e-05)
(0.00091553338 1.1261179e-06 -8.5618288e-05)
(0.00096756567 2.3887144e-06 -0.00010403573)
(0.0010359862 2.6653029e-06 -0.00011053156)
(0.0010863889 -5.3038553e-07 -7.6712103e-05)
(0.001097824 -2.8146894e-06 -3.7475799e-05)
(0.0010879041 -3.9335569e-06 -9.2499681e-07)
(0.0010671588 -3.7572334e-06 3.2358956e-05)
(0.001033021 -3.6315519e-06 6.3026328e-05)
(0.00098682876 -2.9424669e-06 7.7530027e-05)
(0.00093942024 -1.7795226e-06 7.7828849e-05)
(0.0008985395 -6.4415847e-07 6.9260104e-05)
(0.00086668493 7.2360265e-08 5.6654274e-05)
(0.00084328567 3.064344e-07 4.3507054e-05)
(0.00082675882 2.5218677e-07 3.185632e-05)
(0.00081535744 1.046417e-07 2.2510405e-05)
(0.0008075795 -2.7908405e-08 1.5498066e-05)
(0.0008022971 -1.1023026e-07 1.0477651e-05)
(0.00079871298 -1.5295614e-07 7.0058359e-06)
(0.00079624275 -1.72604e-07 4.6842567e-06)
(0.00079394925 -2.7154276e-07 3.2994984e-06)
(0.00094470459 6.107629e-05 1.3091996e-05)
(0.00093948895 6.6190729e-05 1.9554455e-05)
(0.00089881923 5.3949573e-05 1.8431969e-05)
(0.0008649782 4.0082993e-05 1.1626216e-05)
(0.0008441914 2.7629734e-05 1.2204164e-06)
(0.00083227938 1.7700961e-05 -1.1536817e-05)
(0.00082642042 1.0628402e-05 -2.6516488e-05)
(0.00082604615 5.7024047e-06 -4.4842398e-05)
(0.00083217156 1.9995232e-06 -6.8142075e-05)
(0.00084770325 -1.1903862e-06 -9.7953512e-05)
(0.00087856196 -4.2738815e-06 -0.00013485178)
(0.00093344534 -6.7787051e-06 -0.00017239346)
(0.0010374601 -7.4367519e-06 -0.00018087473)
(0.0011280623 4.311278e-07 -3.9995529e-05)
(0.001155103 5.5323197e-06 2.6312843e-05)
(0.0011567821 7.8977412e-06 7.0236498e-05)
(0.0011434318 9.0189226e-06 0.00010859611)
(0.0010987803 1.0431018e-05 0.00016074617)
(0.0010255668 8.2558894e-06 0.0001696057)
(0.0009573257 4.2405545e-06 0.00015573379)
(0.00090402271 5.2773977e-07 0.00012966776)
(0.00086678241 -1.6997013e-06 0.00010004179)
(0.00084267529 -2.3524632e-06 7.2691579e-05)
(0.00082801812 -2.054071e-06 5.0521941e-05)
(0.00081948884 -1.4394626e-06 3.4067472e-05)
(0.0008146484 -8.6976476e-07 2.2539313e-05)
(0.00081192739 -4.6275992e-07 1.4745309e-05)
(0.0008103963 -2.1003054e-07 9.5869784e-06)
(0.00080952439 -6.4059479e-08 6.2259073e-06)
(0.00080889651 4.3207211e-08 4.2050715e-06)
(0.0010160568 5.7154092e-05 1.4947954e-05)
(0.0010649242 6.0529586e-05 2.3465695e-05)
(0.0011106903 4.9535116e-05 2.3347173e-05)
(0.0011455412 3.6466222e-05 1.6586255e-05)
(0.001170762 2.4094268e-05 5.1331689e-06)
(0.0011886458 1.4096308e-05 -9.8076615e-06)
(0.0012013617 7.1873123e-06 -2.7929648e-05)
(0.0012116815 2.7975434e-06 -5.0478723e-05)
(0.001223446 -6.1823102e-08 -7.9644357e-05)
(0.0012412679 -2.2908518e-06 -0.000117854)
(0.0012727069 -4.6076498e-06 -0.00016719201)
(0.0013294475 -7.1033636e-06 -0.00022339663)
(0.0014400998 -6.9935276e-06 -0.00025275354)
(0.0015548785 -2.750445e-08 -0.00010493716)
(0.0016084149 5.3790004e-06 -2.1611903e-05)
(0.0016394206 7.9121488e-06 4.2686679e-05)
(0.0016504054 9.1770211e-06 0.00010268846)
(0.0016214654 9.5855959e-06 0.00017546578)
(0.0015533081 7.7882899e-06 0.00020488519)
(0.0014767422 3.9707019e-06 0.00020539147)
(0.0014057269 2.0081885e-07 0.00018658321)
(0.0013455649 -2.2031584e-06 0.00015669192)
(0.0012989089 -3.0305604e-06 0.00012330224)
(0.0012654997 -2.7413536e-06 9.2075855e-05)
(0.001243229 -1.9867147e-06 6.6074193e-05)
(0.0012292641 -1.2297084e-06 4.6088697e-05)
(0.0012209328 -6.6404477e-07 3.1534655e-05)
(0.0012161575 -3.0552019e-07 2.1289301e-05)
(0.0012135099 -9.6764588e-08 1.4218943e-05)
(0.0012118266 3.4095986e-08 9.5993794e-06)
(0.0010214066 2.4636326e-11 1.5077699e-05)
(0.0010827444 7.0519687e-11 2.3776762e-05)
(0.0011438456 9.6824638e-11 2.3807744e-05)
(0.00119075 7.8395853e-11 1.7194461e-05)
(0.0012234781 2.5330819e-11 5.8245021e-06)
(0.0012451135 -3.2658096e-11 -9.1275605e-06)
(0.0012589914 -7.0374936e-11 -2.7322615e-05)
(0.0012689278 -8.2722719e-11 -4.9928511e-05)
(0.0012795094 -7.42069e-11 -7.9114029e-05)
(0.0012957762 -6.6020285e-11 -0.00011744473)
(0.0013252624 -5.9771769e-11 -0.00016710428)
(0.0013796471 -5.7067504e-11 -0.00022432681)
(0.0014868436 -5.4794786e-11 -0.00025572141)
(0.0016013241 -5.9079058e-11 -0.00011349412)
(0.0016582414 -8.4346129e-11 -3.3381292e-05)
(0.0016941212 -1.2551787e-10 3.0970283e-05)
(0.0017109889 -1.8632182e-10 9.3633663e-05)
(0.0016870277 -2.641232e-10 0.0001689517)
(0.001622532 -3.2512504e-10 0.00020167286)
(0.0015472359 -3.4527103e-10 0.00020569594)
(0.0014750743 -3.1672658e-10 0.00019008816)
(0.0014119624 -2.5091574e-10 0.00016242289)
(0.0013613891 -1.8714602e-10 0.00012988932)
(0.0013242467 -1.3272924e-10 9.836866e-05)
(0.0012990207 -9.44112e-11 7.1418881e-05)
(0.0012830083 -7.0924186e-11 5.0285878e-05)
(0.0012733993 -5.7738714e-11 3.4660618e-05)
(0.0012678916 -5.4510037e-11 2.3534033e-05)
(0.0012648547 -6.3693279e-11 1.5783913e-05)
(0.0012629563 -8.1321034e-11 1.0661669e-05)
(0.0010160568 -5.7154057e-05 1.4947952e-05)
(0.0010649242 -6.0529484e-05 2.3465689e-05)
(0.0011106904 -4.9534968e-05 2.3347167e-05)
(0.0011455414 -3.6466092e-05 1.6586254e-05)
(0.0011707622 -2.4094208e-05 5.1331766e-06)
(0.001188646 -1.4096329e-05 -9.8076472e-06)
(0.0012013619 -7.1873868e-06 -2.7929629e-05)
(0.0012116816 -2.7976357e-06 -5.0478701e-05)
(0.0012234461 6.173977e-08 -7.9644335e-05)
(0.001241268 2.2907899e-06 -0.00011785398)
(0.001272707 4.6076106e-06 -0.000167192)
(0.0013294475 7.1033401e-06 -0.00022339662)
(0.0014400998 6.9935148e-06 -0.00025275355)
(0.0015548785 2.7491985e-08 -0.00010493718)
(0.0016084148 -5.3790307e-06 -2.1611937e-05)
(0.0016394205 -7.9122243e-06 4.2686627e-05)
(0.0016504052 -9.1771733e-06 0.00010268838)
(0.0016214652 -9.58586e-06 0.0001754656)
(0.0015533079 -7.7886634e-06 0.00020488493)
(0.001476742 -3.9711459e-06 0.00020539119)
(0.0014057268 -2.0125334e-07 0.00018658295)
(0.0013455648 2.2028187e-06 0.00015669173)
(0.0012989089 3.0303441e-06 0.00012330212)
(0.0012654997 2.7412383e-06 9.2075798e-05)
(0.001243229 1.9866593e-06 6.6074177e-05)
(0.0012292641 1.2296797e-06 4.6088706e-05)
(0.0012209328 6.6402409e-07 3.1534676e-05)
(0.0012161574 3.0549358e-07 2.1289327e-05)
(0.0012135098 9.6713875e-08 1.4218971e-05)
(0.0012118264 -3.4189178e-08 9.5994071e-06)
(0.00094470459 -6.107628e-05 1.3091993e-05)
(0.00093948899 -6.61907e-05 1.9554447e-05)
(0.00089881935 -5.3949535e-05 1.8431962e-05)
(0.00086497841 -4.0082968e-05 1.1626217e-05)
(0.00084419167 -2.7629734e-05 1.2204276e-06)
(0.00083227965 -1.7700985e-05 -1.1536797e-05)
(0.00082642066 -1.0628441e-05 -2.6516462e-05)
(0.00082604634 -5.7024499e-06 -4.4842369e-05)
(0.00083217171 -1.9995723e-06 -6.8142042e-05)
(0.00084770335 1.1903448e-06 -9.7953474e-05)
(0.00087856204 4.2738496e-06 -0.00013485174)
(0.00093344539 6.7786779e-06 -0.00017239341)
(0.0010374601 7.4367248e-06 -0.0001808747)
(0.0011280623 -4.3115709e-07 -3.9995523e-05)
(0.001155103 -5.5323516e-06 2.6312815e-05)
(0.0011567822 -7.8977908e-06 7.0236431e-05)
(0.0011434318 -9.0190072e-06 0.00010859599)
(0.0010987803 -1.0431154e-05 0.00016074591)
(0.0010255669 -8.2560847e-06 0.00016960537)
(0.00095732571 -4.2407911e-06 0.00015573346)
(0.00090402266 -5.2796702e-07 0.00012966748)
(0.00086678229 1.6995335e-06 0.00010004161)
(0.00084267514 2.3523658e-06 7.2691492e-05)
(0.00082801796 2.0540142e-06 5.0521931e-05)
(0.00081948867 1.4394203e-06 3.406751e-05)
(0.00081464824 8.6972858e-07 2.2539373e-05)
(0.0008119272 4.6273155e-07 1.4745373e-05)
(0.0008103961 2.100096e-07 9.5870338e-06)
(0.00080952415 6.403789e-08 6.2259507e-06)
(0.0008088962 -4.3249851e-08 4.2051063e-06)
(0.00094224866 6.1268664e-05 9.1753518e-06)
(0.00093097394 6.6507644e-05 1.4042803e-05)
(0.00088565457 5.407441e-05 1.3346089e-05)
(0.00084876244 3.9945148e-05 8.117605e-06)
(0.00082528608 2.734685e-05 -6.7404712e-07)
(0.00081033526 1.7433951e-05 -1.2874345e-05)
(0.00080062091 1.0229449e-05 -2.9429542e-05)
(0.00079466418 4.9236622e-06 -5.2597672e-05)
(0.00079289783 3.7894885e-07 -8.6562801e-05)
(0.00079832932 -4.257293e-06 -0.00013814285)
(0.00082082388 -9.6833631e-06 -0.0002181529)
(0.00087384075 -1.4130617e-05 -0.00033806987)
(0.00099431145 -5.9560551e-06 -0.00048286901)
(0.001041388 3.4779191e-05 -0.00024490088)
(0.00087983059 3.4451686e-05 -0.00010465683)
(0.00085111068 2.9186829e-05 -1.9565186e-05)
(0.00088118826 2.8310373e-05 6.6677461e-05)
(0.00088604938 3.2998458e-05 0.00023573604)
(0.00080678213 2.2448195e-05 0.00025154642)
(0.00077598202 1.0977323e-05 0.00023760528)
(0.00076666749 2.4925224e-06 0.00019506713)
(0.00077041045 -2.0233312e-06 0.00014692296)
(0.00077905514 -3.393086e-06 0.00010369299)
(0.00078787956 -3.0856623e-06 6.9405951e-05)
(0.00079501502 -2.2504835e-06 4.4638033e-05)
(0.00080014613 -1.4579627e-06 2.7969173e-05)
(0.00080360198 -8.8122613e-07 1.7288394e-05)
(0.00080584381 -5.1534548e-07 1.0636003e-05)
(0.00080730193 -3.0095707e-07 6.5422645e-06)
(0.00080862871 -2.3245993e-07 4.1614744e-06)
(0.0010135723 5.7178417e-05 1.0281259e-05)
(0.001055908 6.0752124e-05 1.6396782e-05)
(0.0010963439 4.9604843e-05 1.6416677e-05)
(0.0011274297 3.6307605e-05 1.1244253e-05)
(0.0011491273 2.3805759e-05 1.7206529e-06)
(0.0011627198 1.3807706e-05 -1.2097769e-05)
(0.0011698469 6.7595244e-06 -3.1416978e-05)
(0.0011722552 2.0075649e-06 -5.8811183e-05)
(0.0011722205 -1.6470241e-06 -9.9225124e-05)
(0.0011732757 -5.5096626e-06 -0.00016105318)
(0.0011856802 -1.0544859e-05 -0.00025864671)
(0.0012271824 -1.6410147e-05 -0.00041044207)
(0.0013345786 -1.0969925e-05 -0.00061232077)
(0.0014100942 3.5732948e-05 -0.00037531687)
(0.0012384485 4.3019821e-05 -0.00021288429)
(0.0012048815 3.5474772e-05 -9.9529467e-05)
(0.0012501519 3.0661668e-05 2.4766795e-05)
(0.0012853667 3.3184872e-05 0.00024086222)
(0.0012254333 2.4558405e-05 0.00029473452)
(0.0011990707 1.2462011e-05 0.00030767483)
(0.0011880388 2.9541828e-06 0.00028019719)
(0.0011853889 -2.4743387e-06 0.00023288632)
(0.0011874705 -4.3765599e-06 0.00018028862)
(0.0011915336 -4.1455014e-06 0.00013130961)
(0.0011959041 -3.0953284e-06 9.0913756e-05)
(0.0011998213 -2.0089491e-06 6.0567046e-05)
(0.0012030348 -1.1872135e-06 3.9308887e-05)
(0.0012055265 -6.6382351e-07 2.510139e-05)
(0.0012074128 -3.7882435e-07 1.5838811e-05)
(0.0012093031 -2.6937985e-07 1.0041906e-05)
(0.0010189232 2.2354349e-11 1.0471782e-05)
(0.0010737329 6.5438892e-11 1.6745426e-05)
(0.001129527 9.1421958e-11 1.6871918e-05)
(0.0011726561 7.5776118e-11 1.1800634e-05)
(0.001201804 2.7296204e-11 2.3460677e-06)
(0.0012190912 -2.5812815e-11 -1.1449504e-05)
(0.0012273684 -6.1466043e-11 -3.076784e-05)
(0.0012294448 -7.4077371e-11 -5.8134701e-05)
(0.0012282148 -7.0388793e-11 -9.8447452e-05)
(0.0012276766 -6.4582908e-11 -0.0001602398)
(0.0012376019 -6.3075073e-11 -0.00025797208)
(0.0012759041 -6.3367986e-11 -0.00041090455)
(0.001373927 -4.5285653e-11 -0.00061700376)
(0.0014490285 -4.3163989e-11 -0.00038818461)
(0.0012828054 -4.6911981e-11 -0.00022988372)
(0.0012540828 -6.3834643e-11 -0.00011643113)
(0.0013011301 -1.1690965e-10 1.1450767e-05)
(0.0013411757 -2.5350894e-10 0.00023031092)
(0.0012865057 -3.1096764e-10 0.00029034597)
(0.001261985 -3.0628563e-10 0.00030961798)
(0.0012501086 -2.5368054e-10 0.00028746517)
(0.0012449828 -1.9224597e-10 0.00024317489)
(0.0012440689 -1.4303478e-10 0.00019132674)
(0.0012455777 -1.0704329e-10 0.00014135597)
(0.0012481838 -8.2406003e-11 9.9055908e-05)
(0.0012510739 -6.4701696e-11 6.6635203e-05)
(0.0012537923 -5.1050371e-11 4.3572332e-05)
(0.0012561076 -4.4003138e-11 2.7978485e-05)
(0.0012579708 -4.7945319e-11 1.7721406e-05)
(0.001259906 -6.152609e-11 1.1236419e-05)
(0.0010135723 -5.7178385e-05 1.0281255e-05)
(0.0010559081 -6.0752028e-05 1.6396772e-05)
(0.001096344 -4.9604702e-05 1.6416666e-05)
(0.0011274298 -3.6307477e-05 1.1244248e-05)
(0.0011491275 -2.3805695e-05 1.7206577e-06)
(0.00116272 -1.3807716e-05 -1.2097755e-05)
(0.0011698471 -6.7595842e-06 -3.141696e-05)
(0.0011722553 -2.0076411e-06 -5.8811164e-05)
(0.0011722206 1.6469568e-06 -9.922511e-05)
(0.0011732758 5.5096133e-06 -0.00016105317)
(0.0011856802 1.0544821e-05 -0.0002586467)
(0.0012271824 1.6410113e-05 -0.00041044206)
(0.0013345785 1.0969909e-05 -0.00061232077)
(0.0014100942 -3.5732957e-05 -0.00037531688)
(0.0012384484 -4.3019826e-05 -0.00021288431)
(0.0012048813 -3.5474788e-05 -9.9529527e-05)
(0.0012501516 -3.0661732e-05 2.476667e-05)
(0.0012853663 -3.3185088e-05 0.00024086188)
(0.0012254331 -2.4558702e-05 0.00029473404)
(0.0011990706 -1.2462335e-05 0.00030767423)
(0.0011880388 -2.954475e-06 0.00028019663)
(0.001185389 2.4741227e-06 0.00023288588)
(0.0011874706 4.3764275e-06 0.00018028832)
(0.0011915337 4.1454303e-06 0.00013130944)
(0.0011959041 3.0952908e-06 9.0913679e-05)
(0.0011998213 2.0089277e-06 6.0567026e-05)
(0.0012030348 1.1872006e-06 3.9308898e-05)
(0.0012055265 6.6380978e-07 2.5101417e-05)
(0.0012074127 3.7879213e-07 1.5838845e-05)
(0.001209303 2.6931149e-07 1.0041946e-05)
(0.00094224866 -6.1268655e-05 9.175347e-06)
(0.00093097397 -6.6507616e-05 1.404279e-05)
(0.00088565468 -5.4074373e-05 1.3346073e-05)
(0.00084876264 -3.9945122e-05 8.1175971e-06)
(0.00082528633 -2.7346849e-05 -6.7404246e-07)
(0.00081033552 -1.7433973e-05 -1.2874329e-05)
(0.00080062114 -1.0229485e-05 -2.942952e-05)
(0.00079466437 -4.9237031e-06 -5.2597647e-05)
(0.00079289798 -3.7898945e-07 -8.6562772e-05)
(0.00079832943 4.2572572e-06 -0.00013814282)
(0.00082082396 9.6833277e-06 -0.00021815286)
(0.0008738408 1.4130573e-05 -0.00033806983)
(0.00099431148 5.9560097e-06 -0.00048286898)
(0.001041388 -3.4779229e-05 -0.00024490087)
(0.00087983058 -3.4451715e-05 -0.00010465687)
(0.00085111062 -2.9186852e-05 -1.9565283e-05)
(0.00088118804 -2.8310403e-05 6.6677285e-05)
(0.00088604914 -3.2998531e-05 0.00023573559)
(0.00080678211 -2.2448313e-05 0.0002515458)
(0.00077598213 -1.0977473e-05 0.00023760459)
(0.00076666761 -2.4926729e-06 0.00019506654)
(0.0007704105 2.0232158e-06 0.00014692253)
(0.00077905512 3.3930115e-06 0.00010369274)
(0.00078787948 3.0856092e-06 6.9405854e-05)
(0.0007950149 2.2504357e-06 4.4638033e-05)
(0.00080014597 1.4579193e-06 2.7969223e-05)
(0.00080360179 8.8119275e-07 1.7288461e-05)
(0.0008058436 5.1532199e-07 1.0636067e-05)
(0.00080730168 3.0093384e-07 6.5423181e-06)
(0.00080862838 2.3241887e-07 4.1615213e-06)
(0.00094146625 6.1326187e-05 5.1457545e-07)
(0.00092791227 6.6589474e-05 5.0636471e-07)
(0.0008796036 5.4126187e-05 -6.1083837e-07)
(0.00083927405 3.992563e-05 -2.9779214e-06)
(0.0008113499 2.7228951e-05 -6.7286803e-06)
(0.00078923376 1.7146415e-05 -1.2325337e-05)
(0.00076709114 9.6609543e-06 -2.1122209e-05)
(0.00073970581 3.7558903e-06 -3.5570974e-05)
(0.00070113926 -2.1004261e-06 -6.0256734e-05)
(0.00064230035 -9.5821289e-06 -0.0001041292)
(0.00055306936 -2.2217939e-05 -0.00018506898)
(0.0003939624 -3.9526804e-05 -0.00032847643)
(0.00018269558 -4.7701547e-05 -0.00046574216)
(0.00010257913 4.4565765e-05 0.00025635298)
(0.00016118019 1.1764708e-05 0.00022524627)
(0.00036122585 6.5133948e-07 0.00019071721)
(0.00047673679 -9.2318951e-06 0.00013981512)
(0.000582263 -1.2467785e-05 9.646504e-05)
(0.00066163677 -1.124837e-05 6.4151356e-05)
(0.00071613112 -8.3739487e-06 4.1518898e-05)
(0.00075168927 -5.5365917e-06 2.6383488e-05)
(0.00077406883 -3.3730934e-06 1.6597331e-05)
(0.00078782125 -1.9421358e-06 1.0398382e-05)
(0.00079615644 -1.0945065e-06 6.497982e-06)
(0.00080126316 -6.4653927e-07 4.0318632e-06)
(0.00080553956 -6.1287413e-07 2.5384175e-06)
(0.001012748 5.7225388e-05 6.53092e-07)
(0.0010526287 6.0872941e-05 7.7327373e-07)
(0.0010897817 4.971982e-05 -3.2978902e-07)
(0.0011169389 3.6345923e-05 -2.8758366e-06)
(0.0011334491 2.3741453e-05 -7.0553392e-06)
(0.0011388403 1.3614396e-05 -1.3411721e-05)
(0.0011318451 6.3892559e-06 -2.3426517e-05)
(0.0011097398 1.235298e-06 -3.994557e-05)
(0.0010665723 -3.3949098e-06 -6.834849e-05)
(0.00099077151 -9.7297877e-06 -0.0001195202)
(0.00086530828 -2.1290283e-05 -0.00021669426)
(0.00062878384 -4.2307195e-05 -0.00039843212)
(0.00030056394 -6.9176799e-05 -0.00060363206)
(0.00019398212 6.0496237e-05 0.00034869012)
(0.00028939022 1.8336981e-05 0.00031813575)
(0.00055930689 9.4711928e-10 0.00028256203)
(0.00072255117 -1.0204568e-05 0.00022414717)
(0.00086336767 -1.4556569e-05 0.00016720453)
(0.00097325315 -1.3759672e-05 0.00011968111)
(0.001052386 -1.0641559e-05 8.2757071e-05)
(0.0011069977 -7.2398135e-06 5.5637331e-05)
(0.0011436043 -4.4820502e-06 3.6621415e-05)
(0.0011676243 -2.5801624e-06 2.3744963e-05)
(0.0011831223 -1.4270665e-06 1.5213864e-05)
(0.0011930486 -8.4566725e-07 9.6058549e-06)
(0.0012010205 -7.1556449e-07 6.0310811e-06)
(0.0010180925 1.9032737e-11 6.5031665e-07)
(0.0010704551 5.6854365e-11 7.74164e-07)
(0.0011229955 8.0998788e-11 -3.2012056e-07)
(0.0011621992 6.8523752e-11 -2.8508424e-06)
(0.0011861295 2.5676014e-11 -7.0195137e-06)
(0.0011951961 -2.2853726e-11 -1.3367105e-05)
(0.0011893534 -5.6456033e-11 -2.3362681e-05)
(0.001166919 -6.9287002e-11 -3.9836238e-05)
(0.0011226605 -6.7297201e-11 -6.8160318e-05)
(0.0010450823 -6.4379847e-11 -0.00011925446)
(0.00091608714 -6.646482e-11 -0.00021656442)
(0.0006722058 -5.994244e-11 -0.00039973479)
(0.00032445901 7.894319e-12 -0.00061096479)
(0.00021187345 1.3243258e-10 0.0003566669)
(0.00031839276 3.6357986e-10 0.00032718634)
(0.0005936661 2.4117013e-10 0.00029322672)
(0.00076075875 1.8720814e-10 0.00023582091)
(0.00090320873 1.0758199e-10 0.00017821233)
(0.0010145299 3.3654422e-11 0.00012908855)
(0.0010951034 -1.8132794e-11 9.0191836e-05)
(0.0011512051 -4.6034419e-11 6.1149308e-05)
(0.0011892799 -5.24794e-11 4.05104e-05)
(0.001214623 -4.4476747e-11 2.6390083e-05)
(0.0012312075 -3.3508903e-11 1.6964222e-05)
(0.0012419376 -2.939219e-11 1.073512e-05)
(0.0012505425 -3.4177277e-11 6.7368896e-06)
(0.001012748 -5.722536e-05 6.5308673e-07)
(0.0010526287 -6.0872857e-05 7.7325995e-07)
(0.0010897818 -4.9719694e-05 -3.2980584e-07)
(0.001116939 -3.6345805e-05 -2.8758476e-06)
(0.0011334492 -2.3741391e-05 -7.0553396e-06)
(0.0011388405 -1.3614402e-05 -1.3411712e-05)
(0.0011318452 -6.3893075e-06 -2.3426504e-05)
(0.0011097399 -1.2353654e-06 -3.9945557e-05)
(0.0010665723 3.3948497e-06 -6.8348479e-05)
(0.00099077156 9.7297402e-06 -0.0001195202)
(0.0008653083 2.1290238e-05 -0.00021669426)
(0.00062878383 4.2307152e-05 -0.00039843212)
(0.00030056392 6.9176821e-05 -0.00060363206)
(0.00019398184 -6.0495895e-05 0.00034868919)
(0.00028939019 -1.833633e-05 0.00031813444)
(0.00055930692 -4.5427728e-10 0.00028256079)
(0.00072255133 1.0204908e-05 0.00022414627)
(0.0008633678 1.4556771e-05 0.00016720395)
(0.00097325325 1.3759769e-05 0.00011968077)
(0.001052386 1.0641586e-05 8.2756907e-05)
(0.0011069978 7.2398016e-06 5.5637267e-05)
(0.0011436043 4.4820278e-06 3.6621406e-05)
(0.0011676243 2.5801496e-06 2.3744982e-05)
(0.0011831223 1.4270663e-06 1.5213898e-05)
(0.0011930486 8.4566527e-07 9.6059006e-06)
(0.0012010204 7.1554189e-07 6.0311373e-06)
(0.00094146625 -6.1326179e-05 5.1456911e-07)
(0.0009279123 -6.6589449e-05 5.0634714e-07)
(0.0008796037 -5.4126153e-05 -6.1086122e-07)
(0.00083927423 -3.9925605e-05 -2.9779378e-06)
(0.00081135013 -2.7228948e-05 -6.7286845e-06)
(0.000789234 -1.7146434e-05 -1.2325331e-05)
(0.00076709137 -9.6609875e-06 -2.1122198e-05)
(0.000739706 -3.7559289e-06 -3.557096e-05)
(0.00070113941 2.1003867e-06 -6.0256716e-05)
(0.00064230046 9.5820896e-06 -0.00010412918)
(0.00055306946 2.221789e-05 -0.00018506895)
(0.00039396245 3.9526739e-05 -0.0003284764)
(0.00018269559 4.7701499e-05 -0.00046574216)
(0.00010257895 -4.4565641e-05 0.00025635196)
(0.00016118038 -1.1764579e-05 0.00022524492)
(0.00036122605 -6.5125527e-07 0.0001907161)
(0.00047673705 9.2318921e-06 0.00013981438)
(0.00058226318 1.2467743e-05 9.6464623e-05)
(0.00066163687 1.1248311e-05 6.4151178e-05)
(0.00071613113 8.3738805e-06 4.1518874e-05)
(0.0007516892 5.5365202e-06 2.6383546e-05)
(0.00077406869 3.3730309e-06 1.6597422e-05)
(0.00078782106 1.9420936e-06 1.0398477e-05)
(0.00079615622 1.0944846e-06 6.4980655e-06)
(0.00080126291 6.4652487e-07 4.0319347e-06)
(0.00080553928 6.1284811e-07 2.5384825e-06)
(0.00094146625 6.1326186e-05 -5.144404e-07)
(0.00092791229 6.6589472e-05 -5.0594003e-07)
(0.00087960364 5.4126188e-05 6.1146447e-07)
(0.00083927413 3.9925635e-05 2.9784928e-06)
(0.00081134999 2.722896e-05 6.729014e-06)
(0.00078923385 1.7146425e-05 1.2325415e-05)
(0.00076709121 9.6609635e-06 2.1122122e-05)
(0.00073970586 3.755898e-06 3.5570813e-05)
(0.00070113929 -2.1004208e-06 6.0256554e-05)
(0.00064230035 -9.5821294e-06 0.00010412903)
(0.00055306935 -2.221795e-05 0.00018506881)
(0.00039396238 -3.9526829e-05 0.00032847627)
(0.00018269557 -4.7701577e-05 0.00046574203)
(0.000102579 4.45659e-05 -0.00025635263)
(0.00016118007 1.1764801e-05 -0.00022524589)
(0.00036122573 6.5140883e-07 -0.00019071694)
(0.00047673668 -9.2318712e-06 -0.00013981499)
(0.00058226291 -1.2467788e-05 -9.6465032e-05)
(0.00066163671 -1.1248384e-05 -6.4151466e-05)
(0.00071613107 -8.3739635e-06 -4.1519114e-05)
(0.00075168922 -5.5366019e-06 -2.6383796e-05)
(0.00077406878 -3.373095e-06 -1.6597722e-05)
(0.00078782118 -1.9421266e-06 -1.0398858e-05)
(0.00079615635 -1.0944874e-06 -6.4985558e-06)
(0.00080126303 -6.4651476e-07 -4.0325621e-06)
(0.00080553935 -6.1284524e-07 -2.5392542e-06)
(0.001012748 5.7225385e-05 -6.5290822e-07)
(0.0010526287 6.0872934e-05 -7.7272063e-07)
(0.0010897818 4.9719815e-05 3.3059443e-07)
(0.001116939 3.6345924e-05 2.8765811e-06)
(0.0011334492 2.3741464e-05 7.0557628e-06)
(0.0011388404 1.3614412e-05 1.3411757e-05)
(0.0011318452 6.3892733e-06 2.3426258e-05)
(0.0011097399 1.2353137e-06 3.994516e-05)
(0.0010665724 -3.3948983e-06 6.834805e-05)
(0.00099077158 -9.729784e-06 0.00011951981)
(0.00086530833 -2.1290292e-05 0.00021669394)
(0.00062878386 -4.2307221e-05 0.00039843188)
(0.00030056395 -6.9176831e-05 0.0006036319)
(0.00019398204 6.0496671e-05 -0.00034868998)
(0.00028939013 1.8337271e-05 -0.00031813571)
(0.0005593068 1.1347524e-09 -0.00028256206)
(0.00072255105 -1.0204469e-05 -0.00022414727)
(0.00086336757 -1.4556534e-05 -0.00016720468)
(0.00097325306 -1.3759672e-05 -0.00011968133)
(0.0010523859 -1.0641573e-05 -8.2757398e-05)
(0.0011069976 -7.2398263e-06 -5.5637785e-05)
(0.0011436042 -4.4820525e-06 -3.662202e-05)
(0.0011676242 -2.5801491e-06 -2.374574e-05)
(0.0011831222 -1.4270362e-06 -1.5214833e-05)
(0.0011930485 -8.4562082e-07 -9.6070402e-06)
(0.0012010203 -7.1550577e-07 -6.0324813e-06)
(0.0010180925 1.5163274e-11 -6.501317e-07)
(0.0010704551 4.721105e-11 -7.7361189e-07)
(0.0011229955 7.0066973e-11 3.2092044e-07)
(0.0011621993 6.2670594e-11 2.8515795e-06)
(0.0011861297 2.7835081e-11 7.019925e-06)
(0.0011951963 -1.4072521e-11 1.3367115e-05)
(0.0011893535 -4.4519504e-11 2.3362378e-05)
(0.0011669191 -5.7539108e-11 3.983577e-05)
(0.0011226606 -5.8013008e-11 6.8159814e-05)
(0.0010450824 -5.9269967e-11 0.00011925401)
(0.0009160872 -6.845925e-11 0.00021656406)
(0.00067220583 -6.8787408e-11 0.00039973452)
(0.00032445902 3.7504207e-12 0.00061096463)
(0.00021187359 7.100941e-10 -0.00035666724)
(0.00031839281 7.2594143e-10 -0.00032718711)
(0.00059366613 4.4466244e-10 -0.00029322751)
(0.00076075872 2.9653324e-10 -0.0002358216)
(0.00090320868 1.4292095e-10 -0.0001782129)
(0.0010145299 2.4006805e-11 -0.00012908904)
(0.0010951033 -4.7994426e-11 -9.019233e-05)
(0.001151205 -7.8761474e-11 -6.1149872e-05)
(0.0011892798 -7.6492843e-11 -4.0511087e-05)
(0.0012146229 -5.3211201e-11 -2.6390933e-05)
(0.0012312074 -2.4145241e-11 -1.6965263e-05)
(0.0012419374 -9.837735e-13 -1.0736373e-05)
(0.0012505423 1.1209429e-11 -6.7383507e-06)
(0.001012748 -5.7225363e-05 -6.5291449e-07)
(0.0010526287 -6.0872864e-05 -7.7273706e-07)
(0.0010897819 -4.9719704e-05 3.305739e-07)
(0.0011169391 -3.6345815e-05 2.8765664e-06)
(0.0011334493 -2.3741399e-05 7.0557593e-06)
(0.0011388406 -1.3614405e-05 1.3411763e-05)
(0.0011318453 -6.3893071e-06 2.3426269e-05)
(0.00110974 -1.235362e-06 3.9945171e-05)
(0.0010665724 3.3948562e-06 6.8348058e-05)
(0.00099077163 9.72975e-06 0.00011951981)
(0.00086530834 2.1290249e-05 0.00021669394)
(0.00062878385 4.2307167e-05 0.00039843189)
(0.00030056392 6.9176841e-05 0.00060363193)
(0.00019398214 -6.0495682e-05 -0.0003486899)
(0.00028939032 -1.8336163e-05 -0.00031813581)
(0.00055930704 -3.2761499e-10 -0.00028256212)
(0.00072255137 1.0204973e-05 -0.00022414735)
(0.00086336778 1.4556783e-05 -0.00016720476)
(0.0009732532 1.3759742e-05 -0.00011968138)
(0.001052386 1.0641539e-05 -8.275742e-05)
(0.0011069977 7.239751e-06 -5.5637783e-05)
(0.0011436042 4.4819853e-06 -3.6621998e-05)
(0.0011676242 2.5801213e-06 -2.3745703e-05)
(0.0011831222 1.4270545e-06 -1.5214785e-05)
(0.0011930484 8.4567033e-07 -9.6069782e-06)
(0.0012010202 7.1556184e-07 -6.0324046e-06)
(0.00094146625 -6.132618e-05 -5.1444806e-07)
(0.00092791231 -6.6589451e-05 -5.0596129e-07)
(0.00087960372 -5.4126157e-05 6.1143586e-07)
(0.00083927428 -3.992561e-05 2.9784697e-06)
(0.00081135019 -2.7228954e-05 6.7290027e-06)
(0.00078923406 -1.7146439e-05 1.2325414e-05)
(0.00076709142 -9.6609912e-06 2.1122124e-05)
(0.00073970604 -3.7559302e-06 3.5570816e-05)
(0.00070113944 2.1003886e-06 6.0256558e-05)
(0.00064230048 9.5820951e-06 0.00010412903)
(0.00055306946 2.2217898e-05 0.00018506882)
(0.00039396245 3.952675e-05 0.0003284763)
(0.00018269558 4.7701511e-05 0.00046574211)
(0.00010257912 -4.4565676e-05 -0.00025635255)
(0.00016118036 -1.1764582e-05 -0.000225246)
(0.00036122606 -6.5123827e-07 -0.00019071702)
(0.00047673702 9.2318928e-06 -0.00013981503)
(0.00058226316 1.2467727e-05 -9.6465026e-05)
(0.00066163685 1.1248281e-05 -6.4151406e-05)
(0.00071613109 8.3738454e-06 -4.1519012e-05)
(0.00075168915 5.5364869e-06 -2.6383669e-05)
(0.00077406862 3.373004e-06 -1.659759e-05)
(0.00078782097 1.9420744e-06 -1.0398738e-05)
(0.00079615611 1.0944726e-06 -6.4984548e-06)
(0.0008012628 6.4651927e-07 -4.0324745e-06)
(0.00080553915 6.1284748e-07 -2.5391716e-06)
(0.00094224866 6.126866e-05 -9.175229e-06)
(0.00093097397 6.6507636e-05 -1.4042422e-05)
(0.00088565466 5.4074405e-05 -1.3345529e-05)
(0.0008487626 3.9945153e-05 -8.1170954e-06)
(0.00082528628 2.7346867e-05 6.7434142e-07)
(0.00081033546 1.7433979e-05 1.287442e-05)
(0.00080062109 1.0229479e-05 2.9429473e-05)
(0.00079466432 4.9236898e-06 5.2597542e-05)
(0.00079289792 3.7897065e-07 8.6562661e-05)
(0.00079832937 -4.257284e-06 0.00013814272)
(0.0008208239 -9.6833727e-06 0.00021815279)
(0.00087384077 -1.4130644e-05 0.00033806976)
(0.00099431147 -5.9560893e-06 0.0004828689)
(0.0010413881 3.4779163e-05 0.00024490082)
(0.00087983072 3.4451658e-05 0.00010465684)
(0.00085111083 2.91868e-05 1.956526e-05)
(0.00088118837 2.8310361e-05 -6.6677369e-05)
(0.00088604949 3.2998502e-05 -0.000235736)
(0.00080678223 2.2448286e-05 -0.00025154642)
(0.00077598204 1.0977424e-05 -0.0002376053)
(0.00076666742 2.4925932e-06 -0.00019506717)
(0.00077041031 -2.0233085e-06 -0.00014692303)
(0.00077905497 -3.3931055e-06 -0.00010369311)
(0.00078787939 -3.0857019e-06 -6.9406145e-05)
(0.00079501486 -2.2505184e-06 -4.4638304e-05)
(0.00080014595 -1.4579744e-06 -2.7969522e-05)
(0.00080360176 -8.8120625e-07 -1.7288823e-05)
(0.00080584352 -5.1529511e-07 -1.0636527e-05)
(0.00080730151 -3.0088876e-07 -6.5429097e-06)
(0.00080862804 -2.3237506e-07 -4.1622561e-06)
(0.0010135723 5.7178409e-05 -1.0281092e-05)
(0.0010559081 6.0752104e-05 -1.6396287e-05)
(0.001096344 4.9604824e-05 -1.641596e-05)
(0.0011274299 3.6307601e-05 -1.124359e-05)
(0.0011491276 2.3805777e-05 -1.7202753e-06)
(0.0011627201 1.3807747e-05 1.2097805e-05)
(0.0011698472 6.7595753e-06 3.1416752e-05)
(0.0011722555 2.0076134e-06 5.8810823e-05)
(0.0011722208 -1.6469865e-06 9.9224741e-05)
(0.001173276 -5.5096427e-06 0.00016105283)
(0.0011856804 -1.0544863e-05 0.00025864642)
(0.0012271826 -1.6410175e-05 0.00041044184)
(0.0013345787 -1.0969963e-05 0.00061232061)
(0.0014100944 3.5732914e-05 0.00037531681)
(0.0012384487 4.30198e-05 0.00021288431)
(0.0012048816 3.5474776e-05 9.9529544e-05)
(0.001250152 3.0661728e-05 -2.4766708e-05)
(0.0012853668 3.3185075e-05 -0.00024086224)
(0.0012254333 2.4558703e-05 -0.00029473464)
(0.0011990706 1.2462319e-05 -0.00030767502)
(0.0011880386 2.9544311e-06 -0.00028019739)
(0.0011853887 -2.4741862e-06 -0.00023288652)
(0.0011874702 -4.3764995e-06 -0.00018028884)
(0.0011915333 -4.1455017e-06 -0.00013130989)
(0.0011959037 -3.0953495e-06 -9.0914135e-05)
(0.001199821 -2.0089551e-06 -6.056756e-05)
(0.0012030343 -1.1871811e-06 -3.9309564e-05)
(0.001205526 -6.6374202e-07 -2.5102257e-05)
(0.0012074123 -3.7869382e-07 -1.5839892e-05)
(0.0012093024 -2.6921033e-07 -1.0043199e-05)
(0.0010189232 1.0530276e-11 -1.0471615e-05)
(0.0010737329 3.5258408e-11 -1.6744931e-05)
(0.0011295271 5.5764781e-11 -1.6871204e-05)
(0.0011726563 5.3752987e-11 -1.1799976e-05)
(0.0012018042 2.8383365e-11 -2.345699e-06)
(0.0012190916 -5.591162e-12 1.1449518e-05)
(0.0012273687 -3.2323214e-11 3.0767575e-05)
(0.0012294451 -4.5408728e-11 5.8134288e-05)
(0.0012282151 -4.8366433e-11 9.8447008e-05)
(0.0012276769 -5.2253327e-11 0.0001602394)
(0.0012376022 -6.4030425e-11 0.00025797175)
(0.0012759044 -7.8292157e-11 0.0004109043)
(0.0013739271 -6.5981165e-11 0.00061700358)
(0.0014490287 -6.5742513e-11 0.00038818454)
(0.0012828056 -6.6912171e-11 0.00022988371)
(0.001254083 -5.159533e-11 0.00011643115)
(0.0013011303 -2.2153127e-11 -1.1450778e-05)
(0.0013411759 3.5909717e-11 -0.00023031113)
(0.0012865058 8.5947532e-11 -0.00029034635)
(0.001261985 7.8702903e-11 -0.00030961846)
(0.0012501084 3.9954296e-11 -0.00028746566)
(0.0012449826 -1.9947429e-11 -0.00024317534)
(0.0012440686 -7.824485e-11 -0.00019132714)
(0.0012455774 -1.1660283e-10 -0.00014135637)
(0.0012481834 -1.2564932e-10 -9.9056373e-05)
(0.0012510735 -1.0395598e-10 -6.6635782e-05)
(0.0012537918 -6.0880882e-11 -4.3573066e-05)
(0.0012561071 -1.0107258e-11 -2.7979408e-05)
(0.0012579703 3.6777992e-11 -1.7722539e-05)
(0.0012599054 7.0502082e-11 -1.123776e-05)
(0.0010135723 -5.7178393e-05 -1.0281099e-05)
(0.0010559081 -6.075205e-05 -1.6396304e-05)
(0.0010963441 -4.9604733e-05 -1.6415981e-05)
(0.0011274299 -3.6307505e-05 -1.1243606e-05)
(0.0011491277 -2.3805712e-05 -1.7202811e-06)
(0.0011627202 -1.3807728e-05 1.2097807e-05)
(0.0011698474 -6.7595916e-06 3.1416757e-05)
(0.0011722556 -2.0076446e-06 5.8810829e-05)
(0.0011722209 1.6469579e-06 9.9224745e-05)
(0.001173276 5.509619e-06 0.00016105284)
(0.0011856804 1.0544829e-05 0.00025864642)
(0.0012271826 1.6410121e-05 0.00041044185)
(0.0013345787 1.0969919e-05 0.00061232063)
(0.0014100943 -3.5732944e-05 0.00037531682)
(0.0012384486 -4.3019829e-05 0.00021288427)
(0.0012048815 -3.5474789e-05 9.9529479e-05)
(0.0012501519 -3.06617e-05 -2.4766782e-05)
(0.0012853668 -3.3184958e-05 -0.00024086228)
(0.0012254333 -2.4558494e-05 -0.00029473464)
(0.0011990706 -1.2462094e-05 -0.00030767495)
(0.0011880387 -2.9542646e-06 -0.00028019735)
(0.0011853887 2.4742448e-06 -0.0002328865)
(0.0011874703 4.3764476e-06 -0.00018028883)
(0.0011915333 4.145373e-06 -0.00013130989)
(0.0011959037 3.0951981e-06 -9.091413e-05)
(0.001199821 2.0088379e-06 -6.0567546e-05)
(0.0012030343 1.187138e-06 -3.930954e-05)
(0.001205526 6.6378592e-07 -2.5102218e-05)
(0.0012074123 3.7881162e-07 -1.583983e-05)
(0.0012093024 2.6937179e-07 -1.0043114e-05)
(0.00094224866 -6.1268655e-05 -9.1752367e-06)
(0.00093097398 -6.650762e-05 -1.4042443e-05)
(0.00088565472 -5.407438e-05 -1.3345559e-05)
(0.00084876272 -3.994513e-05 -8.1171212e-06)
(0.00082528644 -2.7346859e-05 6.7432502e-07)
(0.00081033564 -1.7433988e-05 1.2874409e-05)
(0.00080062127 -1.0229501e-05 2.9429464e-05)
(0.00079466448 -4.9237171e-06 5.2597532e-05)
(0.00079289806 -3.7899858e-07 8.656265e-05)
(0.0007983295 4.2572544e-06 0.00013814271)
(0.00082082402 9.6833295e-06 0.00021815278)
(0.00087384085 1.4130578e-05 0.00033806977)
(0.00099431152 5.9560158e-06 0.00048286895)
(0.0010413881 -3.4779224e-05 0.00024490086)
(0.00087983066 -3.4451729e-05 0.00010465683)
(0.00085111072 -2.9186879e-05 1.9565205e-05)
(0.00088118825 -2.8310429e-05 -6.6677434e-05)
(0.00088604938 -3.2998536e-05 -0.00023573602)
(0.00080678218 -2.2448284e-05 -0.00025154639)
(0.00077598206 -1.0977414e-05 -0.00023760521)
(0.0007666675 -2.4926212e-06 -0.00019506707)
(0.00077041041 2.0232232e-06 -0.00014692292)
(0.00077905503 3.392969e-06 -0.00010369301)
(0.00078787936 3.0855357e-06 -6.9406036e-05)
(0.00079501473 2.2503572e-06 -4.4638189e-05)
(0.00080014574 1.4578532e-06 -2.796941e-05)
(0.0008036015 8.8114547e-07 -1.7288726e-05)
(0.00080584326 5.1529259e-07 -1.0636446e-05)
(0.00080730131 3.0092027e-07 -6.5428326e-06)
(0.00080862799 2.3241863e-07 -4.1621709e-06)
(0.00094470459 6.1076285e-05 -1.3091904e-05)
(0.00093948901 6.6190722e-05 -1.9554172e-05)
(0.00089881942 5.3949575e-05 -1.8431563e-05)
(0.00086497851 4.0083014e-05 -1.1625858e-05)
(0.00084419178 2.7629775e-05 -1.2202255e-06)
(0.00083227976 1.7701008e-05 1.153684e-05)
(0.00082642073 1.0628449e-05 2.6516403e-05)
(0.00082604639 5.7024487e-06 4.4842271e-05)
(0.00083217173 1.9995635e-06 6.8141945e-05)
(0.00084770335 -1.1903594e-06 9.7953394e-05)
(0.00087856201 -4.273878e-06 0.00013485168)
(0.00093344535 -6.7787278e-06 0.00017239336)
(0.0010374601 -7.4367932e-06 0.00018087464)
(0.0011280623 4.3107371e-07 3.9995466e-05)
(0.001155103 5.5322585e-06 -2.6312903e-05)
(0.0011567822 7.8976816e-06 -7.0236554e-05)
(0.0011434319 9.0188857e-06 -0.00010859617)
(0.0010987805 1.0431025e-05 -0.00016074621)
(0.0010255669 8.2559456e-06 -0.00016960575)
(0.00095732571 4.2406387e-06 -0.00015573385)
(0.00090402259 5.2780929e-07 -0.00012966783)
(0.00086678219 -1.6996833e-06 -0.00010004188)
(0.00084267504 -2.352502e-06 -7.2691707e-05)
(0.00082801788 -2.0541427e-06 -5.0522115e-05)
(0.00081948859 -1.4395311e-06 -3.4067701e-05)
(0.00081464813 -8.6979902e-07 -2.2539601e-05)
(0.00081192705 -4.6274713e-07 -1.4745661e-05)
(0.00081039585 -2.0997256e-07 -9.5874099e-06)
(0.00080952374 -6.3972923e-08 -6.2264409e-06)
(0.00080889547 4.3331818e-08 -4.205715e-06)
(0.0010160568 5.7154079e-05 -1.4947828e-05)
(0.0010649243 6.0529558e-05 -2.3465328e-05)
(0.0011106906 4.9535092e-05 -2.334665e-05)
(0.0011455416 3.6466228e-05 -1.6585788e-05)
(0.0011707625 2.4094315e-05 -5.1329272e-06)
(0.0011886464 1.4096381e-05 9.8076372e-06)
(0.0012013623 7.187394e-06 2.7929423e-05)
(0.001211682 2.7976208e-06 5.0478395e-05)
(0.0012234465 -6.1759207e-08 7.9644012e-05)
(0.0012412683 -2.2908074e-06 0.00011785369)
(0.0012727072 -4.6076341e-06 0.00016719176)
(0.0013294477 -7.103381e-06 0.00022339643)
(0.0014401 -6.9935702e-06 0.0002527534)
(0.0015548787 -2.7558725e-08 0.00010493711)
(0.0016084151 5.3789451e-06 2.1611871e-05)
(0.0016394207 7.9121134e-06 -4.2686713e-05)
(0.0016504055 9.177034e-06 -0.00010268852)
(0.0016214655 9.5856872e-06 -0.00017546587)
(0.0015533081 7.788462e-06 -0.00020488533)
(0.0014767421 3.9709218e-06 -0.00020539164)
(0.0014057266 2.0102479e-07 -0.00018658339)
(0.0013455645 -2.2030274e-06 -0.00015669211)
(0.0012989085 -3.0305256e-06 -0.00012330246)
(0.0012654992 -2.7413943e-06 -9.2076121e-05)
(0.0012432285 -1.9867826e-06 -6.6074537e-05)
(0.0012292635 -1.2297513e-06 -4.6089145e-05)
(0.0012209321 -6.6402672e-07 -3.153523e-05)
(0.0012161567 -3.0542299e-07 -2.1290026e-05)
(0.001213509 -9.6584911e-08 -1.4219838e-05)
(0.0012118253 3.434887e-08 -9.6004393e-06)
(0.0010214066 6.6009274e-12 -1.5077573e-05)
(0.0010827445 2.5427362e-11 -2.3776394e-05)
(0.0011438458 4.4583299e-11 -2.3807223e-05)
(0.0011907504 4.7886666e-11 -1.7193997e-05)
(0.0012234786 3.0971093e-11 -5.8242672e-06)
(0.0012451141 3.7598164e-12 9.1275188e-06)
(0.001258992 -1.9712435e-11 2.732236e-05)
(0.0012689283 -3.2632982e-11 4.9928143e-05)
(0.0012795099 -3.6262536e-11 7.9113639e-05)
(0.0012957767 -4.2009599e-11 0.00011744438)
(0.0013252628 -5.4967941e-11 0.00016710399)
(0.0013796475 -7.5827281e-11 0.00022432658)
(0.0014868439 -9.2981202e-11 0.00025572125)
(0.0016013243 -1.0319129e-10 0.00011349404)
(0.0016582416 -1.2072805e-10 3.3381247e-05)
(0.0016941214 -1.2051572e-10 -3.097033e-05)
(0.0017109891 -1.0712899e-10 -9.3633742e-05)
(0.0016870278 -8.4535264e-11 -0.00016895185)
(0.001622532 -6.2252198e-11 -0.0002016731)
(0.0015472358 -5.5019089e-11 -0.00020569623)
(0.001475074 -6.9028815e-11 -0.00019008846)
(0.001411962 -1.0245157e-10 -0.00016242319)
(0.0013613886 -1.4539677e-10 -0.00012988963)
(0.0013242462 -1.7857079e-10 -9.8369001e-05)
(0.0012990201 -1.8177198e-10 -7.1419288e-05)
(0.0012830076 -1.4740689e-10 -5.0286382e-05)
(0.0012733986 -8.5382298e-11 -3.4661245e-05)
(0.0012678909 -9.4297241e-12 -2.3534808e-05)
(0.0012648539 6.8381501e-11 -1.5784853e-05)
(0.0012629552 1.2985391e-10 -1.0662769e-05)
(0.0010160568 -5.7154069e-05 -1.4947834e-05)
(0.0010649243 -6.0529518e-05 -2.3465341e-05)
(0.0011106906 -4.9535018e-05 -2.3346667e-05)
(0.0011455417 -3.6466141e-05 -1.6585801e-05)
(0.0011707626 -2.4094246e-05 -5.1329331e-06)
(0.0011886465 -1.4096348e-05 9.8076376e-06)
(0.0012013624 -7.1873927e-06 2.7929426e-05)
(0.0012116821 -2.7976334e-06 5.0478397e-05)
(0.0012234465 6.1748232e-08 7.9644011e-05)
(0.0012412684 2.2908004e-06 0.00011785369)
(0.0012727073 4.607618e-06 0.00016719176)
(0.0013294477 7.1033379e-06 0.00022339643)
(0.0014401 6.9935013e-06 0.00025275341)
(0.0015548786 2.7469563e-08 0.00010493711)
(0.001608415 -5.3790541e-06 2.1611874e-05)
(0.0016394207 -7.9122282e-06 -4.2686704e-05)
(0.0016504054 -9.1771307e-06 -0.0001026885)
(0.0016214654 -9.5857425e-06 -0.00017546583)
(0.001553308 -7.7884659e-06 -0.00020488528)
(0.001476742 -3.9708953e-06 -0.0002053916)
(0.0014057266 -2.0101509e-07 -0.00018658336)
(0.0013455645 2.2029697e-06 -0.00015669211)
(0.0012989084 3.0303749e-06 -0.00012330248)
(0.0012654992 2.7411655e-06 -9.2076157e-05)
(0.0012432285 1.9865322e-06 -6.6074575e-05)
(0.0012292635 1.2295526e-06 -4.6089173e-05)
(0.0012209321 6.6393371e-07 -3.1535242e-05)
(0.0012161567 3.05458e-07 -2.1290015e-05)
(0.001213509 9.6742054e-08 -1.4219797e-05)
(0.0012118255 -3.409828e-08 -9.6003714e-06)
(0.00094470459 -6.1076282e-05 -1.309191e-05)
(0.00093948902 -6.6190709e-05 -1.955419e-05)
(0.00089881945 -5.3949552e-05 -1.8431588e-05)
(0.00086497859 -4.0082991e-05 -1.1625882e-05)
(0.0008441919 -2.7629762e-05 -1.2202433e-06)
(0.0008322799 -1.770101e-05 1.1536825e-05)
(0.00082642088 -1.0628463e-05 2.6516388e-05)
(0.00082604654 -5.7024683e-06 4.4842253e-05)
(0.00083217187 -1.999584e-06 6.8141925e-05)
(0.00084770349 1.1903386e-06 9.7953375e-05)
(0.00087856215 4.273845e-06 0.00013485166)
(0.00093344549 6.778669e-06 0.00017239336)
(0.0010374602 7.436709e-06 0.00018087466)
(0.0011280624 -4.311814e-07 3.9995493e-05)
(0.0011551031 -5.5323815e-06 -2.6312866e-05)
(0.0011567822 -7.8978151e-06 -7.0236516e-05)
(0.0011434319 -9.0190086e-06 -0.00010859613)
(0.0010987803 -1.0431119e-05 -0.00016074617)
(0.0010255668 -8.2560062e-06 -0.00016960571)
(0.00095732564 -4.2406831e-06 -0.00015573381)
(0.00090402259 -5.278737e-07 -0.0001296678)
(0.00086678222 1.6995666e-06 -0.00010004186)
(0.00084267504 2.3523253e-06 -7.2691695e-05)
(0.0008280178 2.0539239e-06 -5.0522106e-05)
(0.00081948842 1.4393164e-06 -3.4067683e-05)
(0.00081464789 8.6963928e-07 -2.2539575e-05)
(0.00081192676 4.6266554e-07 -1.4745632e-05)
(0.00081039558 2.0996347e-07 -9.5873747e-06)
(0.00080952358 6.4011213e-08 -6.2263904e-06)
(0.00080889553 -4.3258146e-08 -4.205645e-06)
(0.00094603696 6.1008334e-05 -4.6194525e-05)
(0.00094263774 6.5827495e-05 -5.5415246e-05)
(0.00090048427 5.3632174e-05 -4.9767379e-05)
(0.00086519078 3.9901908e-05 -3.6148046e-05)
(0.00084423196 2.7638866e-05 -1.9606692e-05)
(0.00083403477 1.8031947e-05 -3.1124713e-06)
(0.00083226918 1.1164067e-05 1.2756454e-05)
(0.00083859775 6.477707e-06 2.8757796e-05)
(0.00085350394 3.2414318e-06 4.5944407e-05)
(0.00087827641 8.0972522e-07 6.5039601e-05)
(0.00091553333 -1.1261219e-06 8.5618327e-05)
(0.0009675656 -2.3887395e-06 0.00010403579)
(0.0010359861 -2.6653519e-06 0.00011053163)
(0.0010863888 5.3031296e-07 7.6712194e-05)
(0.0010978239 2.8145993e-06 3.7475903e-05)
(0.001087904 3.9334475e-06 9.2510428e-07)
(0.0010671588 3.7571077e-06 -3.2358864e-05)
(0.001033021 3.6314176e-06 -6.3026278e-05)
(0.00098682878 2.9423278e-06 -7.7530016e-05)
(0.00093942022 1.7793816e-06 -7.7828859e-05)
(0.00089853946 6.4401896e-07 -6.9260113e-05)
(0.00086668489 -7.2489819e-08 -5.6654264e-05)
(0.00084328562 -3.0655284e-07 -4.3507025e-05)
(0.00082675875 -2.5230027e-07 -3.1856283e-05)
(0.00081535736 -1.047394e-07 -2.2510381e-05)
(0.00080757936 2.7849541e-08 -1.5498084e-05)
(0.00080229687 1.1022499e-07 -1.0477742e-05)
(0.00079871261 1.5300407e-07 -7.006024e-06)
(0.00079624217 1.7268381e-07 -4.6845534e-06)
(0.00079394823 2.716485e-07 -3.2998901e-06)
(0.0010168428 5.7009433e-05 -5.1140384e-05)
(0.0010668717 6.0018546e-05 -6.4491507e-05)
(0.0011105017 4.9125142e-05 -5.9475132e-05)
(0.0011428452 3.6245664e-05 -4.6275326e-05)
(0.0011671856 2.4115896e-05 -2.8850197e-05)
(0.0011864749 1.4456005e-05 -9.7774741e-06)
(0.0012036513 7.715752e-06 9.7815342e-06)
(0.0012217772 3.429824e-06 3.0120114e-05)
(0.0012445315 8.4174836e-07 5.2226831e-05)
(0.0012754569 -8.3722554e-07 7.7148011e-05)
(0.0013188074 -2.1534389e-06 0.00010495008)
(0.0013794203 -3.1687994e-06 0.00013257712)
(0.0014617209 -3.1207578e-06 0.00014877118)
(0.0015339009 -9.7779881e-07 0.00011918139)
(0.001568466 1.1907267e-06 7.6584434e-05)
(0.0015765911 2.4008194e-06 3.2844653e-05)
(0.0015662283 2.3858854e-06 -1.125883e-05)
(0.0015366623 1.9949671e-06 -5.4515513e-05)
(0.0014884317 1.4000552e-06 -8.2727063e-05)
(0.0014317431 4.8791083e-07 -9.4401584e-05)
(0.0013762473 -3.847193e-07 -9.3289123e-05)
(0.0013273257 -8.584062e-07 -8.3812119e-05)
(0.0012873592 -8.8826359e-07 -7.0136108e-05)
(0.0012566022 -6.5172626e-07 -5.5505069e-05)
(0.0012340253 -3.4568445e-07 -4.2019918e-05)
(0.0012180128 -9.1316815e-08 -3.0712944e-05)
(0.0012069136 7.3025066e-08 -2.1842111e-05)
(0.0011993582 1.6409099e-07 -1.5214638e-05)
(0.0011942563 2.237524e-07 -1.0454031e-05)
(0.001189928 3.0946841e-07 -7.3207674e-06)
(0.0010220958 3.5893082e-12 -5.1618942e-05)
(0.0010843377 1.7681277e-11 -6.5389815e-05)
(0.0011430765 3.5428475e-11 -6.0652465e-05)
(0.0011872746 4.2731385e-11 -4.7685536e-05)
(0.0012189819 3.3286471e-11 -3.0278058e-05)
(0.0012419642 1.3852211e-11 -1.0982366e-05)
(0.0012603179 -4.4157495e-12 8.9414374e-06)
(0.0012780855 -1.4995546e-11 2.9660221e-05)
(0.0012998278 -1.9206179e-11 5.2099939e-05)
(0.0013294725 -2.3342461e-11 7.7331753e-05)
(0.0013715852 -3.3828347e-11 0.00010562566)
(0.0014310598 -5.4096419e-11 0.00013409921)
(0.0015124289 -8.1052267e-11 0.00015170839)
(0.001585184 -1.0644217e-10 0.000124304)
(0.0016224512 -1.312884e-10 8.2930761e-05)
(0.0016342679 -1.4014499e-10 3.9374057e-05)
(0.0016270905 -1.2224733e-10 -5.3977976e-06)
(0.0015998337 -9.0040809e-11 -4.9832711e-05)
(0.0015530014 -5.8869063e-11 -7.9822427e-05)
(0.0014965023 -4.24917e-11 -9.3581802e-05)
(0.0014399374 -4.7751702e-11 -9.449402e-05)
(0.0013889767 -7.3118357e-11 -8.6588966e-05)
(0.0013464633 -1.0681069e-10 -7.3729132e-05)
(0.0013132271 -1.3162435e-10 -5.9225549e-05)
(0.0012885842 -1.2855227e-10 -4.5393831e-05)
(0.0012710187 -9.2549525e-11 -3.3513695e-05)
(0.0012588345 -3.4376919e-11 -2.402754e-05)
(0.0012505523 3.9281732e-11 -1.6843916e-05)
(0.0012449878 1.1703431e-10 -1.1624627e-05)
(0.0012403304 1.8025145e-10 -8.1397097e-06)
(0.0010168428 -5.7009427e-05 -5.1140386e-05)
(0.0010668717 -6.0018518e-05 -6.4491513e-05)
(0.0011105017 -4.9125082e-05 -5.947514e-05)
(0.0011428453 -3.6245587e-05 -4.6275334e-05)
(0.0011671857 -2.4115827e-05 -2.8850203e-05)
(0.001186475 -1.445596e-05 -9.7774796e-06)
(0.0012036513 -7.7157291e-06 9.781526e-06)
(0.0012217772 -3.42981e-06 3.0120101e-05)
(0.0012445316 -8.4173011e-07 5.2226811e-05)
(0.001275457 8.3725027e-07 7.7147984e-05)
(0.0013188074 2.1534581e-06 0.00010495005)
(0.0013794203 3.1687931e-06 0.00013257708)
(0.0014617209 3.1207123e-06 0.00014877112)
(0.0015339009 9.7771309e-07 0.0001191813)
(0.0015684659 -1.1908456e-06 7.6584323e-05)
(0.001576591 -2.4009547e-06 3.2844516e-05)
(0.0015662282 -2.3859984e-06 -1.1258979e-05)
(0.0015366622 -1.9950251e-06 -5.4515655e-05)
(0.0014884316 -1.4000482e-06 -8.2727185e-05)
(0.001431743 -4.8785999e-07 -9.4401685e-05)
(0.0013762473 3.8476703e-07 -9.3289215e-05)
(0.0013273257 8.5839912e-07 -8.3812222e-05)
(0.0012873592 8.8817435e-07 -7.0136236e-05)
(0.0012566022 6.5156607e-07 -5.5505228e-05)
(0.0012340253 3.4550596e-07 -4.2020086e-05)
(0.0012180128 9.1187558e-08 -3.0713105e-05)
(0.0012069136 -7.3054735e-08 -2.1842243e-05)
(0.0011993583 -1.6399783e-07 -1.5214724e-05)
(0.0011942564 -2.2353459e-07 -1.0454066e-05)
(0.0011899283 -3.0915022e-07 -7.3207564e-06)
(0.00094603696 -6.1008332e-05 -4.6194528e-05)
(0.00094263775 -6.5827486e-05 -5.5415254e-05)
(0.00090048429 -5.3632155e-05 -4.9767392e-05)
(0.00086519084 -3.9901886e-05 -3.6148062e-05)
(0.00084423205 -2.7638852e-05 -1.960671e-05)
(0.00083403489 -1.8031944e-05 -3.1124937e-06)
(0.00083226932 -1.1164073e-05 1.2756425e-05)
(0.00083859789 -6.4777152e-06 2.8757759e-05)
(0.00085350409 -3.2414378e-06 4.5944364e-05)
(0.00087827656 -8.0973064e-07 6.5039551e-05)
(0.0009155335 1.1261057e-06 8.5618266e-05)
(0.00096756577 2.3886979e-06 0.00010403571)
(0.0010359863 2.6652783e-06 0.00011053153)
(0.0010863889 -5.3041696e-07 7.6712061e-05)
(0.001097824 -2.8147199e-06 3.7475743e-05)
(0.001087904 -3.9335763e-06 9.249246e-07)
(0.0010671588 -3.7572235e-06 -3.2359042e-05)
(0.0010330209 -3.6314993e-06 -6.3026434e-05)
(0.00098682869 -2.9423728e-06 -7.7530144e-05)
(0.00093942017 -1.7794094e-06 -7.7828966e-05)
(0.00089853947 -6.440648e-07 -6.926022e-05)
(0.00086668491 7.2392526e-08 -5.6654391e-05)
(0.00084328561 3.0639319e-07 -4.3507183e-05)
(0.00082675867 2.5209543e-07 -3.1856468e-05)
(0.00081535717 1.0453602e-07 -2.2510575e-05)
(0.00080757909 -2.8002123e-08 -1.5498262e-05)
(0.00080229656 -1.103016e-07 -1.0477876e-05)
(0.00079871233 -1.5300996e-07 -7.0060987e-06)
(0.000796242 -1.7263964e-07 -4.6845673e-06)
(0.00079394834 -2.7156157e-07 -3.299858e-06)
(0.00091093736 5.7668489e-05 -4.0856492e-05)
(0.0008854964 5.8789545e-05 -4.5870621e-05)
(0.00079841182 4.6889972e-05 -3.8932521e-05)
(0.00073174894 3.3661274e-05 -2.8778552e-05)
(0.00069088618 2.2301087e-05 -1.8645795e-05)
(0.00066847285 1.4087143e-05 -9.9156595e-06)
(0.00065982032 8.785652e-06 -2.6768441e-06)
(0.00066201832 5.5210316e-06 3.2646302e-06)
(0.00067332794 3.4010382e-06 8.0465445e-06)
(0.0006932022 1.8770398e-06 1.1683805e-05)
(0.00072146311 6.2429076e-07 1.3617579e-05)
(0.00075726085 -4.9871127e-07 1.2190802e-05)
(0.00079760689 -1.6111817e-06 4.7403394e-06)
(0.00082936167 -2.1892043e-06 -1.311068e-05)
(0.00084318077 -2.4287858e-06 -2.6934862e-05)
(0.00084081465 -2.3965896e-06 -3.2738671e-05)
(0.00082494043 -1.9381901e-06 -3.3973641e-05)
(0.00079786222 -1.482227e-06 -3.3613432e-05)
(0.00076323528 -1.2453004e-06 -3.039769e-05)
(0.00072714729 -1.1636923e-06 -2.4858311e-05)
(0.00069474715 -1.0661246e-06 -1.8670266e-05)
(0.00066835553 -8.392594e-07 -1.307861e-05)
(0.0006481679 -5.1117541e-07 -8.6215743e-06)
(0.00063338187 -1.8824218e-07 -5.3780176e-06)
(0.00062289749 4.4243184e-08 -3.1837562e-06)
(0.00061562575 1.7815247e-07 -1.794662e-06)
(0.00061066103 2.365511e-07 -9.7420375e-07)
(0.00060730547 2.4710448e-07 -5.2916775e-07)
(0.00060498248 2.270281e-07 -3.1688842e-07)
(0.00060270625 2.7980358e-07 -3.2411846e-07)
(0.0009731249 5.3517839e-05 -4.4960509e-05)
(0.00099337158 5.4162071e-05 -5.5010742e-05)
(0.0009798097 4.4387754e-05 -4.9252212e-05)
(0.00096201128 3.1645843e-05 -3.8868949e-05)
(0.00095022155 1.9767936e-05 -2.7333637e-05)
(0.00094482342 1.0997512e-05 -1.6392722e-05)
(0.00094618645 5.5305653e-06 -6.6710234e-06)
(0.00095527597 2.5158198e-06 1.7120749e-06)
(0.00097230689 8.7381491e-07 8.7336575e-06)
(0.00099818874 -1.2089879e-07 1.4523167e-05)
(0.0010336793 -9.0181699e-07 1.8617564e-05)
(0.0010786702 -1.6595398e-06 1.9268936e-05)
(0.0011307233 -2.2746945e-06 1.3023634e-05)
(0.0011758384 -2.4414877e-06 -6.138684e-06)
(0.0012021557 -2.2391215e-06 -2.4135759e-05)
(0.0012085375 -1.9244308e-06 -3.4961122e-05)
(0.0011986633 -1.3475082e-06 -3.9287131e-05)
(0.0011731983 -8.8491807e-07 -4.075356e-05)
(0.0011355013 -6.4517836e-07 -3.8711758e-05)
(0.0010917261 -6.0273644e-07 -3.3452209e-05)
(0.0010483082 -6.0423589e-07 -2.6641172e-05)
(0.0010095567 -4.9643603e-07 -1.9845306e-05)
(0.0009774341 -2.6618982e-07 -1.399591e-05)
(0.00095225765 -3.1303013e-09 -9.4315294e-06)
(0.00093339827 2.1016494e-07 -6.1313288e-06)
(0.00091979775 3.3359131e-07 -3.8831645e-06)
(0.00091027088 3.7568323e-07 -2.4252582e-06)
(0.00090374138 3.6862924e-07 -1.5255844e-06)
(0.00089926595 3.5235666e-07 -9.9545359e-07)
(0.00089520231 3.7173662e-07 -8.2884824e-07)
(0.00097747615 2.2571797e-12 -4.476693e-05)
(0.0010082599 1.3112057e-11 -5.5222613e-05)
(0.0010079797 2.8743315e-11 -4.9892423e-05)
(0.00099970049 3.7419837e-11 -3.9770727e-05)
(0.00099294109 3.3851632e-11 -2.8244123e-05)
(0.0009892764 2.4271572e-11 -1.7117709e-05)
(0.00099042895 1.8132388e-11 -7.1465445e-06)
(0.00099853867 1.911984e-11 1.4874764e-06)
(0.0010144378 2.4466601e-11 8.7018828e-06)
(0.0010393111 2.7544002e-11 1.4627918e-05)
(0.0010739886 3.0021717e-11 1.8882909e-05)
(0.0011184651 2.860405e-11 1.9738845e-05)
(0.0011704189 2.4859134e-11 1.3765739e-05)
(0.0012161409 2.6201414e-11 -5.0558408e-06)
(0.0012437608 3.5678575e-11 -2.3033301e-05)
(0.0012515483 5.3363682e-11 -3.4247015e-05)
(0.0012431675 7.0115416e-11 -3.9057362e-05)
(0.0012190459 8.3161774e-11 -4.0890469e-05)
(0.0011821962 8.9076333e-11 -3.9175213e-05)
(0.0011385748 8.6977202e-11 -3.4179376e-05)
(0.0010945184 7.6587154e-11 -2.7558803e-05)
(0.0010544643 6.0300455e-11 -2.0854863e-05)
(0.0010206996 4.5108839e-11 -1.4971978e-05)
(0.00099390033 3.597678e-11 -1.0285198e-05)
(0.0009736493 5.3634535e-11 -6.8154827e-06)
(0.00095893799 7.9939396e-11 -4.4004265e-06)
(0.00094858385 1.0757903e-10 -2.8044309e-06)
(0.00094147334 1.3639752e-10 -1.7976844e-06)
(0.00093661536 1.6559124e-10 -1.1852811e-06)
(0.00093226582 1.8809006e-10 -9.6100447e-07)
(0.0009731249 -5.3517835e-05 -4.4960509e-05)
(0.00099337158 -5.4162049e-05 -5.5010743e-05)
(0.00097980971 -4.4387705e-05 -4.9252213e-05)
(0.00096201131 -3.1645777e-05 -3.8868949e-05)
(0.00095022159 -1.9767871e-05 -2.7333638e-05)
(0.00094482348 -1.0997459e-05 -1.6392725e-05)
(0.00094618651 -5.5305178e-06 -6.67103e-06)
(0.00095527604 -2.5157646e-06 1.7120649e-06)
(0.00097230696 -8.7374115e-07 8.7336438e-06)
(0.00099818881 1.209931e-07 1.4523146e-05)
(0.0010336793 9.0192333e-07 1.8617537e-05)
(0.0010786703 1.6596445e-06 1.9268898e-05)
(0.0011307234 2.2747895e-06 1.302358e-05)
(0.0011758384 2.4415796e-06 -6.1387555e-06)
(0.0012021557 2.2392235e-06 -2.4135838e-05)
(0.0012085375 1.92456e-06 -3.4961201e-05)
(0.0011986633 1.3476752e-06 -3.9287213e-05)
(0.0011731983 8.8512431e-07 -4.0753639e-05)
(0.0011355013 6.4541294e-07 -3.8711829e-05)
(0.0010917261 6.0297742e-07 -3.3452272e-05)
(0.0010483083 6.0445499e-07 -2.6641235e-05)
(0.0010095567 4.9660999e-07 -1.9845381e-05)
(0.00097743413 2.663134e-07 -1.3996006e-05)
(0.00095225769 3.2188316e-09 -9.4316483e-06)
(0.0009333983 -2.1007803e-07 -6.1314511e-06)
(0.00091979775 -3.334732e-07 -3.8832766e-06)
(0.00091027086 -3.7551613e-07 -2.4253463e-06)
(0.00090374139 -3.6840836e-07 -1.5256418e-06)
(0.00089926602 -3.5208301e-07 -9.9548259e-07)
(0.00089520254 -3.7142261e-07 -8.2884861e-07)
(0.00091093736 -5.7668488e-05 -4.0856492e-05)
(0.0008854964 -5.8789538e-05 -4.5870623e-05)
(0.00079841184 -4.6889957e-05 -3.8932526e-05)
(0.00073174898 -3.3661256e-05 -2.8778558e-05)
(0.00069088626 -2.2301073e-05 -1.8645804e-05)
(0.00066847294 -1.4087135e-05 -9.9156725e-06)
(0.00065982042 -8.7856463e-06 -2.6768623e-06)
(0.00066201843 -5.5210233e-06 3.2646065e-06)
(0.00067332806 -3.4010224e-06 8.0465158e-06)
(0.00069320234 -1.8770151e-06 1.1683771e-05)
(0.00072146327 -6.2426956e-07 1.3617536e-05)
(0.00075726102 4.9871667e-07 1.2190743e-05)
(0.00079760706 1.6111667e-06 4.740259e-06)
(0.0008293618 2.1891753e-06 -1.311078e-05)
(0.00084318084 2.4287526e-06 -2.6934971e-05)
(0.00084081468 2.3965663e-06 -3.2738771e-05)
(0.00082494042 1.9381932e-06 -3.3973731e-05)
(0.00079786219 1.4822593e-06 -3.3613513e-05)
(0.00076323528 1.2453507e-06 -3.0397764e-05)
(0.00072714735 1.1637409e-06 -2.4858384e-05)
(0.00069474726 1.0661494e-06 -1.8670345e-05)
(0.00066835566 8.3924521e-07 -1.3078703e-05)
(0.00064816799 5.1112211e-07 -8.6216876e-06)
(0.00063338187 1.8816853e-07 -5.3781485e-06)
(0.0006228974 -4.4318167e-08 -3.1838936e-06)
(0.00061562555 -1.7819728e-07 -1.7947875e-06)
(0.00061066078 -2.3655221e-07 -9.7430057e-07)
(0.00060730524 -2.4706862e-07 -5.2922989e-07)
(0.00060498235 -2.2696887e-07 -3.1692244e-07)
(0.00060270638 -2.7972081e-07 -3.2412378e-07)
)
;

boundaryField
{
    minX
    {
        type            fixedValue;
        value           uniform (0.001 0 0);
    }
    maxX
    {
        type            inletOutlet;
        inletValue      uniform (0 0 0);
        value           nonuniform List<vector> 
50
(
(0.00060270743 2.7969191e-07 3.2398384e-07)
(0.00089520379 3.7146518e-07 8.2862102e-07)
(0.00093226709 -4.2266715e-11 9.6076281e-07)
(0.00089520364 -3.7151147e-07 8.2863316e-07)
(0.00060270721 -2.7971482e-07 3.2399572e-07)
(0.00079394955 2.7150597e-07 3.2994594e-06)
(0.0011899297 3.0916719e-07 7.3201001e-06)
(0.0012403319 -7.5087736e-11 8.1390041e-06)
(0.0011899295 -3.0925036e-07 7.3201294e-06)
(0.00079394925 -2.7154276e-07 3.2994984e-06)
(0.00080889651 4.3207211e-08 4.2050715e-06)
(0.0012118266 3.4095986e-08 9.5993794e-06)
(0.0012629563 -8.1321034e-11 1.0661669e-05)
(0.0012118264 -3.4189178e-08 9.5994071e-06)
(0.0008088962 -4.3249851e-08 4.2051063e-06)
(0.00080862871 -2.3245993e-07 4.1614744e-06)
(0.0012093031 -2.6937985e-07 1.0041906e-05)
(0.001259906 -6.152609e-11 1.1236419e-05)
(0.001209303 2.6931149e-07 1.0041946e-05)
(0.00080862838 2.3241887e-07 4.1615213e-06)
(0.00080553956 -6.1287413e-07 2.5384175e-06)
(0.0012010205 -7.1556449e-07 6.0310811e-06)
(0.0012505425 -3.4177277e-11 6.7368896e-06)
(0.0012010204 7.1554189e-07 6.0311373e-06)
(0.00080553928 6.1284811e-07 2.5384825e-06)
(0.00080553935 -6.1284524e-07 -2.5392542e-06)
(0.0012010203 -7.1550577e-07 -6.0324813e-06)
(0.0012505423 1.1209429e-11 -6.7383507e-06)
(0.0012010202 7.1556184e-07 -6.0324046e-06)
(0.00080553915 6.1284748e-07 -2.5391716e-06)
(0.00080862804 -2.3237506e-07 -4.1622561e-06)
(0.0012093024 -2.6921033e-07 -1.0043199e-05)
(0.0012599054 7.0502082e-11 -1.123776e-05)
(0.0012093024 2.6937179e-07 -1.0043114e-05)
(0.00080862799 2.3241863e-07 -4.1621709e-06)
(0.00080889547 4.3331818e-08 -4.205715e-06)
(0.0012118253 3.434887e-08 -9.6004393e-06)
(0.0012629552 1.2985391e-10 -1.0662769e-05)
(0.0012118255 -3.409828e-08 -9.6003714e-06)
(0.00080889553 -4.3258146e-08 -4.205645e-06)
(0.00079394823 2.716485e-07 -3.2998901e-06)
(0.001189928 3.0946841e-07 -7.3207674e-06)
(0.0012403304 1.8025145e-10 -8.1397097e-06)
(0.0011899283 -3.0915022e-07 -7.3207564e-06)
(0.00079394834 -2.7156157e-07 -3.299858e-06)
(0.00060270625 2.7980358e-07 -3.2411846e-07)
(0.00089520231 3.7173662e-07 -8.2884824e-07)
(0.00093226582 1.8809006e-10 -9.6100447e-07)
(0.00089520254 -3.7142261e-07 -8.2884861e-07)
(0.00060270638 -2.7972081e-07 -3.2412378e-07)
)
;
    }
    minY
    {
        type            fixedValue;
        value           uniform (0 0 0);
    }
    minZ
    {
        type            fixedValue;
        value           uniform (0 0 0);
    }
    maxZ
    {
        type            fixedValue;
        value           uniform (0 0 0);
    }
    bottomWater_to_rightSolid
    {
        type            fixedValue;
        value           uniform (0 0 0);
    }
    bottomWater_to_leftSolid
    {
        type            fixedValue;
        value           uniform (0 0 0);
    }
    bottomWater_to_heater
    {
        type            fixedValue;
        value           uniform (0 0 0);
    }
}


// ************************************************************************* //
