/*--------------------------------*- C++ -*----------------------------------*\
| =========                 |                                                 |
| \\      /  F ield         | OpenFOAM: The Open Source CFD Toolbox           |
|  \\    /   O peration     | Version:  2412                                  |
|   \\  /    A nd           | Website:  www.openfoam.com                      |
|    \\/     M anipulation  |                                                 |
\*---------------------------------------------------------------------------*/
FoamFile
{
    version     2.0;
    format      ascii;
    arch        "LSB;label=32;scalar=64";
    class       volScalarField;
    location    "0.02/chip";
    object      T;
}
// * * * * * * * * * * * * * * * * * * * * * * * * * * * * * * * * * * * * * //

dimensions      [0 0 0 1 0 0 0];

internalField   nonuniform List<scalar> 
6620
(
305.829
305.755
305.755
305.684
306.425
306.273
306.273
306.129
305.641
305.677
305.677
305.641
305.677
305.677
305.714
305.714
305.714
305.714
305.677
305.677
305.641
305.677
305.677
305.641
305.684
306.07
305.755
305.755
306.214
306.214
305.684
306.07
305.755
305.755
306.214
306.214
305.829
305.829
305.829
306.366
306.366
306.366
306.366
305.755
306.214
306.214
305.684
306.07
305.755
306.214
306.214
306.07
306.129
306.273
306.273
306.129
306.273
306.273
306.425
306.425
306.425
306.273
306.129
306.273
304.972
304.677
305.561
305.196
305.278
305.478
305.11
305.136
304.823
305.418
305.561
305.197
305.278
305.478
306.265
305.933
305.933
306.126
306.041
306.195
306.195
305.775
305.37
305.856
305.973
305.457
305.716
306.038
305.11
305.136
304.823
305.418
305.775
305.856
305.37
305.973
305.457
306.038
305.716
305.359
305.307
305.307
305.829
304.977
305.584
305.584
305.246
305.752
305.835
305.69
305.379
305.752
305.835
306.495
306.495
306.566
306.02
306.338
306.079
305.69
305.38
306.338
306.02
306.079
305.888
305.888
305.666
304.667
305.111
304.741
305.111
304.741
305.198
305.198
304.817
305.141
305.239
305.141
305.239
305.229
305.796
305.33
305.229
305.796
305.33
305.111
304.741
304.667
305.198
305.198
304.817
305.111
304.741
305.141
305.239
305.229
305.796
305.33
305.141
305.239
305.796
305.229
305.33
305.834
305.834
305.961
305.834
305.834
305.961
305.834
305.834
305.961
305.834
305.834
305.961
305.229
305.796
305.33
305.141
305.239
305.796
305.229
305.33
305.141
305.239
305.111
304.741
305.198
305.198
304.817
304.667
305.111
304.741
305.796
305.229
305.33
305.796
305.229
305.33
305.141
305.239
305.141
305.239
305.198
305.198
304.817
305.111
304.741
305.111
304.741
304.667
305.11
305.136
304.823
305.418
305.11
305.137
304.823
305.418
305.359
305.307
305.307
305.829
304.977
305.584
305.584
305.048
305.212
305.185
305.655
305.493
305.345
305.185
305.655
305.493
305.346
305.504
305.971
305.829
305.829
305.727
305.727
305.605
305.561
305.196
305.278
305.478
305.775
305.37
305.856
305.973
305.457
305.716
306.038
305.775
305.37
305.856
305.973
305.457
305.716
306.038
305.637
305.715
305.554
305.799
305.637
305.715
305.554
305.799
305.918
306.115
305.961
306.279
305.859
306.18
306.021
305.918
306.115
305.961
306.279
305.859
306.18
306.021
304.972
304.677
305.359
305.307
305.307
305.829
304.977
305.584
305.584
305.11
305.137
304.823
305.418
305.185
305.655
305.493
305.345
305.048
305.212
305.504
305.971
305.829
305.829
305.727
305.727
305.605
305.185
305.655
305.493
305.346
305.775
305.37
305.856
305.973
305.457
305.716
306.038
305.561
305.197
305.278
305.478
305.775
305.856
305.37
305.973
305.457
306.038
305.716
305.637
305.716
305.554
305.799
305.918
306.115
305.961
306.279
305.859
306.18
306.021
305.637
305.716
305.554
305.799
305.918
306.115
306.279
305.961
306.18
305.859
306.021
306.265
305.933
305.933
306.126
306.041
306.195
306.195
306.265
305.933
305.933
306.126
306.041
306.195
306.195
306.265
305.933
305.933
306.126
306.041
306.195
306.195
305.561
305.197
305.278
305.478
305.775
305.856
305.37
305.973
305.457
306.038
305.716
305.561
305.197
305.278
305.478
305.918
306.115
305.961
306.279
305.859
306.18
306.021
305.637
305.716
305.554
305.799
305.918
306.115
306.279
305.961
306.18
305.859
306.021
305.637
305.716
305.554
305.799
305.359
305.307
305.307
305.829
304.977
305.584
305.584
304.972
304.677
305.11
305.136
304.823
305.418
305.185
305.655
305.493
305.346
305.504
305.971
305.829
305.829
305.727
305.727
305.605
305.048
305.212
305.185
305.655
305.493
305.346
305.775
305.856
305.37
305.973
305.457
306.038
305.716
305.561
305.197
305.278
305.478
305.561
305.196
305.278
305.478
305.918
306.115
306.279
305.961
306.18
305.859
306.021
305.918
306.115
306.279
305.961
306.18
305.859
306.021
305.637
305.716
305.554
305.799
305.637
305.715
305.554
305.799
305.11
305.137
304.823
305.418
305.11
305.136
304.823
305.418
304.972
304.677
305.504
305.971
305.829
305.829
305.727
305.727
305.605
305.185
305.655
305.493
305.346
305.185
305.655
305.493
305.345
305.048
305.212
305.69
305.379
305.69
305.38
305.888
305.888
305.666
305.752
305.835
306.02
306.338
306.079
306.02
306.338
306.079
305.246
305.888
305.888
305.666
305.69
305.38
306.02
306.338
306.079
305.752
305.835
306.338
306.02
306.079
306.495
306.495
306.566
306.495
306.495
306.566
306.495
306.495
306.566
305.752
305.835
306.338
306.02
306.079
305.752
305.835
305.888
305.888
305.666
305.246
305.69
305.38
306.338
306.02
306.079
305.752
305.835
305.752
305.835
305.69
305.38
305.69
305.379
305.246
306.038
305.883
305.883
305.93
305.938
305.983
305.983
305.804
305.654
305.808
305.855
305.704
305.754
305.908
305.804
305.808
305.654
305.855
305.704
305.908
305.754
305.589
305.584
305.584
305.784
305.489
305.684
305.684
305.491
305.491
305.349
305.525
305.756
305.599
305.525
305.756
305.599
305.491
305.491
305.349
305.525
305.756
305.599
305.756
305.525
305.599
305.793
305.793
305.875
305.793
305.793
305.875
305.793
305.793
305.875
305.793
305.793
305.875
305.525
305.756
305.599
305.756
305.525
305.599
305.491
305.491
305.349
305.756
305.525
305.599
305.756
305.525
305.599
305.491
305.491
305.349
305.589
305.584
305.584
305.784
305.489
305.684
305.684
305.804
305.654
305.808
305.855
305.908
305.704
305.754
305.804
305.654
305.808
305.855
305.704
305.754
305.908
305.589
305.584
305.584
305.784
305.684
305.489
305.684
305.804
305.654
305.808
305.855
305.908
305.704
305.754
305.804
305.808
305.654
305.855
305.704
305.908
305.754
306.038
305.883
305.883
305.93
305.983
305.938
305.983
306.038
305.883
305.883
305.93
305.983
305.938
305.983
306.038
305.883
305.883
305.93
305.938
305.983
305.983
305.804
305.808
305.654
305.855
305.754
305.704
305.908
305.589
305.584
305.584
305.784
305.684
305.489
305.684
305.804
305.808
305.654
305.855
305.754
305.704
305.908
304.537
304.884
304.841
304.841
304.746
304.746
304.708
304.472
304.786
304.519
304.519
304.247
304.638
304.638
305.318
305.477
305.423
305.548
305.33
305.464
305.411
305.19
305.029
305.238
305.301
305.07
305.15
305.344
305.216
305.384
305.108
305.265
305.095
305.228
305.371
305.292
305.521
305.395
305.344
305.251
305.437
305.385
305.014
305.025
304.979
305.232
304.885
305.148
305.105
305.014
304.972
305.056
305.241
304.894
305.092
305.16
304.912
304.929
304.661
304.95
304.793
304.781
305.055
305.115
305.336
305.334
305.286
305.193
305.253
305.207
305.318
305.477
305.548
305.423
305.464
305.331
305.411
305.19
305.029
305.238
305.302
305.07
305.15
305.344
305.216
305.384
305.265
305.108
305.095
305.371
305.228
305.292
305.521
305.395
305.344
305.251
305.437
305.385
306.072
305.916
305.989
306.033
305.972
306.017
306.089
306.072
305.916
305.989
306.033
305.972
306.017
306.089
306.107
306.141
306.023
306.023
306.006
306.124
306.124
305.673
305.524
305.415
305.473
305.572
305.625
305.518
305.835
305.84
305.75
305.956
305.735
305.94
305.851
305.702
305.56
305.443
305.616
305.601
305.546
305.717
305.014
305.025
305.232
304.979
305.148
304.886
305.105
305.014
304.972
305.056
305.241
304.895
305.092
305.16
304.913
304.929
304.95
304.661
304.793
305.055
304.781
305.115
305.336
305.334
305.286
305.193
305.253
305.207
305.835
305.84
305.75
305.956
305.735
305.94
305.851
305.673
305.524
305.415
305.473
305.572
305.625
305.518
305.702
305.56
305.616
305.443
305.601
305.717
305.546
305.467
305.458
305.221
305.409
305.366
305.559
305.324
305.467
305.458
305.221
305.409
305.366
305.559
305.324
305.352
305.081
305.11
305.11
305.25
305.212
305.212
305.057
305.278
305.193
305.194
305.051
305.267
305.14
305.14
305.013
305.163
305.163
305.713
305.864
305.733
305.85
305.695
305.63
305.794
305.77
305.672
305.653
305.812
305.722
305.853
305.711
305.822
305.698
305.735
305.84
305.701
305.78
305.637
305.823
305.44
305.411
305.259
305.532
305.515
305.571
305.609
305.708
305.492
305.595
305.627
305.414
305.4
305.27
305.503
305.39
305.294
305.522
305.489
305.718
305.609
305.638
305.713
305.864
305.85
305.733
305.695
305.63
305.794
305.77
305.672
305.654
305.812
305.722
305.853
305.822
305.711
305.698
305.84
305.735
305.701
305.78
305.638
305.823
306.556
306.591
306.574
306.574
306.488
306.378
306.432
306.432
306.522
306.483
306.466
306.539
306.522
306.483
306.466
306.539
306.154
306.023
306.009
306.169
306.254
306.304
306.203
306.357
306.125
305.935
306.076
305.981
306.285
306.405
306.389
306.301
305.44
305.411
305.532
305.259
305.515
305.571
305.609
305.708
305.492
305.595
305.627
305.414
305.4
305.503
305.27
305.39
305.522
305.294
305.489
305.718
305.609
305.638
306.154
306.023
306.169
306.009
306.254
306.304
306.357
306.203
306.285
306.405
306.389
306.301
306.125
305.935
306.076
305.981
305.805
305.55
305.675
305.675
306.039
306.232
306.133
306.133
305.919
305.871
306.01
305.785
305.919
305.871
306.01
305.785
304.435
304.435
304.162
304.865
304.987
304.749
304.505
304.934
304.699
304.865
304.988
304.749
304.505
304.934
304.7
305.428
305.071
305.289
305.428
305.071
305.289
305.015
305.015
305.23
304.893
305.205
304.953
304.984
305.219
304.966
304.893
305.205
304.953
304.984
305.219
304.966
305.46
305.295
305.533
305.772
305.637
305.614
305.309
305.57
305.547
305.46
305.295
305.533
305.772
305.637
305.614
305.309
305.57
305.547
304.865
304.987
304.749
304.505
304.934
304.699
304.435
304.435
304.162
305.428
305.071
305.289
305.428
305.071
305.289
305.015
305.015
305.23
304.865
304.988
304.749
304.505
304.934
304.7
304.893
305.205
304.953
305.219
304.984
304.966
305.46
305.295
305.533
305.772
305.637
305.614
305.309
305.57
305.547
304.893
305.205
304.953
304.984
305.219
304.966
305.772
305.637
305.614
305.46
305.295
305.533
305.57
305.309
305.547
305.809
305.918
305.892
305.809
305.918
305.892
305.935
305.935
305.909
305.809
305.918
305.892
305.809
305.918
305.892
305.935
305.935
305.909
305.809
305.918
305.892
305.809
305.918
305.892
305.935
305.935
305.909
305.809
305.918
305.892
305.809
305.918
305.892
305.935
305.935
305.909
305.46
305.295
305.533
305.772
305.637
305.614
305.309
305.57
305.547
304.893
305.205
304.953
305.219
304.984
304.966
305.772
305.637
305.614
305.46
305.295
305.533
305.57
305.309
305.548
304.893
305.205
304.953
304.984
305.219
304.966
304.865
304.988
304.749
304.934
304.505
304.7
305.428
305.071
305.289
305.428
305.071
305.289
305.015
305.015
305.23
304.435
304.435
304.162
304.865
304.988
304.749
304.934
304.505
304.7
305.772
305.637
305.614
305.46
305.295
305.533
305.57
305.309
305.547
305.772
305.637
305.614
305.46
305.295
305.533
305.57
305.309
305.547
304.893
305.205
304.953
305.219
304.984
304.966
304.893
305.205
304.953
305.219
304.984
304.966
305.428
305.071
305.289
305.428
305.071
305.289
305.015
305.015
305.23
304.865
304.988
304.749
304.934
304.505
304.7
304.865
304.987
304.749
304.934
304.505
304.7
304.435
304.435
304.162
305.014
305.025
304.979
305.232
304.885
305.148
305.105
305.014
304.972
305.056
305.241
305.092
304.894
305.16
304.912
304.929
304.661
304.95
304.781
304.793
305.055
305.115
305.336
305.334
305.286
305.193
305.253
305.207
305.015
305.025
304.98
305.232
304.886
305.149
305.106
305.014
304.972
305.056
305.241
305.092
304.895
305.16
304.913
304.929
304.661
304.951
304.781
304.794
305.055
305.115
305.336
305.334
305.286
305.194
305.253
305.207
305.467
305.458
305.221
305.409
305.366
305.324
305.559
305.467
305.458
305.221
305.409
305.366
305.324
305.559
305.352
305.081
305.11
305.11
305.25
305.212
305.212
304.88
304.925
304.925
305.114
304.757
304.996
304.997
304.914
305.169
305.104
305.104
304.994
305.056
305.056
305.256
305.061
305.306
305.25
305.186
305.132
305.373
305.417
305.541
305.615
305.573
305.532
305.496
305.461
305.359
305.411
305.367
305.56
305.288
305.477
305.438
305.314
305.304
305.237
305.469
305.191
305.428
305.359
305.257
305.062
305.307
305.25
305.187
305.133
305.373
305.417
305.541
305.615
305.573
305.532
305.497
305.462
305.359
305.411
305.368
305.56
305.289
305.477
305.438
305.315
305.305
305.238
305.469
305.192
305.428
305.36
305.318
305.477
305.423
305.548
305.33
305.464
305.411
305.19
305.029
305.238
305.301
305.15
305.07
305.344
305.216
305.384
305.108
305.265
305.228
305.095
305.371
305.292
305.521
305.395
305.344
305.251
305.437
305.385
305.673
305.524
305.415
305.473
305.518
305.572
305.625
305.835
305.84
305.75
305.956
305.94
305.735
305.851
305.702
305.56
305.443
305.616
305.546
305.601
305.717
305.673
305.524
305.415
305.473
305.572
305.518
305.625
305.835
305.84
305.75
305.956
305.735
305.851
305.94
305.702
305.56
305.443
305.616
305.601
305.546
305.717
305.564
305.506
305.624
305.704
305.493
305.577
305.691
305.597
305.599
305.675
305.759
305.641
305.555
305.718
305.538
305.597
305.426
305.62
305.467
305.497
305.664
305.623
305.759
305.68
305.786
305.667
305.636
305.746
305.564
305.506
305.624
305.704
305.493
305.577
305.691
305.597
305.599
305.675
305.759
305.718
305.555
305.641
305.538
305.597
305.426
305.62
305.467
305.664
305.497
305.623
305.759
305.68
305.786
305.636
305.746
305.667
304.537
304.884
304.841
304.841
304.746
304.746
304.708
304.472
304.786
304.519
304.519
304.638
304.247
304.638
305.467
305.458
305.221
305.409
305.324
305.366
305.559
305.467
305.458
305.221
305.409
305.559
305.366
305.324
305.352
305.081
305.11
305.11
305.212
305.25
305.212
305.015
305.025
304.98
305.232
304.886
305.149
305.106
305.014
304.972
305.056
305.241
304.895
305.16
305.092
304.913
304.929
304.661
304.951
304.794
304.781
305.055
305.115
305.336
305.334
305.286
305.253
305.207
305.194
305.256
305.061
305.306
305.25
305.186
305.132
305.373
305.417
305.541
305.615
305.573
305.461
305.496
305.532
305.359
305.411
305.367
305.56
305.288
305.438
305.477
305.314
305.304
305.237
305.469
305.359
305.191
305.428
304.88
304.925
304.925
305.114
304.757
304.996
304.997
304.914
305.169
305.104
305.104
305.056
305.056
304.994
305.257
305.062
305.307
305.25
305.187
305.133
305.373
305.417
305.541
305.615
305.573
305.532
305.497
305.462
305.359
305.411
305.368
305.56
305.289
305.477
305.438
305.315
305.305
305.238
305.469
305.192
305.428
305.36
305.673
305.524
305.415
305.473
305.518
305.572
305.625
305.835
305.84
305.75
305.956
305.94
305.735
305.851
305.702
305.56
305.443
305.616
305.546
305.601
305.717
305.318
305.477
305.423
305.548
305.33
305.464
305.411
305.19
305.029
305.238
305.302
305.15
305.07
305.344
305.216
305.384
305.108
305.265
305.228
305.095
305.371
305.292
305.521
305.395
305.344
305.251
305.437
305.385
305.835
305.84
305.75
305.956
305.735
305.851
305.94
305.673
305.524
305.415
305.473
305.572
305.518
305.625
305.702
305.56
305.616
305.443
305.601
305.717
305.546
305.564
305.624
305.506
305.704
305.493
305.691
305.577
305.597
305.6
305.675
305.759
305.641
305.555
305.718
305.538
305.597
305.426
305.62
305.467
305.497
305.664
305.623
305.759
305.786
305.68
305.667
305.746
305.636
305.564
305.506
305.624
305.704
305.493
305.577
305.691
305.597
305.6
305.675
305.759
305.718
305.555
305.641
305.538
305.597
305.426
305.62
305.467
305.664
305.497
305.623
305.759
305.68
305.786
305.636
305.746
305.667
306.072
305.916
305.989
306.033
306.089
305.972
306.017
306.072
305.916
305.989
306.033
306.017
305.972
306.089
306.107
306.141
306.023
306.023
306.124
306.006
306.124
306.072
305.916
305.989
306.033
306.089
305.972
306.017
306.072
305.916
305.989
306.033
306.017
305.972
306.089
306.107
306.141
306.023
306.023
306.124
306.006
306.124
306.072
305.916
305.989
306.033
305.972
306.089
306.017
306.072
305.916
305.989
306.033
305.972
306.089
306.017
306.107
306.141
306.023
306.023
306.006
306.124
306.124
305.318
305.477
305.548
305.423
305.464
305.331
305.411
305.19
305.029
305.238
305.302
305.344
305.07
305.15
305.216
305.384
305.265
305.108
305.371
305.095
305.228
305.292
305.521
305.395
305.344
305.437
305.251
305.385
305.835
305.84
305.75
305.956
305.851
305.735
305.94
305.673
305.524
305.415
305.473
305.625
305.572
305.518
305.702
305.56
305.616
305.443
305.717
305.601
305.546
305.318
305.477
305.423
305.548
305.33
305.464
305.411
305.19
305.029
305.238
305.302
305.07
305.344
305.15
305.216
305.384
305.108
305.265
305.095
305.228
305.371
305.292
305.521
305.395
305.344
305.437
305.385
305.251
305.564
305.624
305.506
305.704
305.493
305.691
305.577
305.597
305.6
305.675
305.759
305.555
305.718
305.641
305.538
305.597
305.426
305.62
305.497
305.467
305.664
305.623
305.759
305.786
305.68
305.746
305.636
305.667
305.564
305.506
305.624
305.704
305.493
305.577
305.691
305.597
305.6
305.675
305.759
305.718
305.555
305.641
305.538
305.597
305.426
305.62
305.467
305.664
305.497
305.623
305.759
305.68
305.786
305.636
305.746
305.667
305.467
305.458
305.221
305.409
305.324
305.366
305.559
305.467
305.458
305.221
305.409
305.559
305.366
305.324
305.352
305.081
305.11
305.11
305.212
305.25
305.212
304.537
304.884
304.841
304.841
304.746
304.746
304.708
304.472
304.786
304.519
304.519
304.638
304.247
304.638
305.014
305.025
305.232
304.979
305.148
304.886
305.105
305.014
304.972
305.056
305.241
304.895
305.16
305.092
304.913
304.929
304.95
304.661
304.793
305.055
304.781
305.115
305.336
305.334
305.286
305.253
305.207
305.194
305.257
305.307
305.061
305.25
305.186
305.373
305.133
305.417
305.541
305.615
305.573
305.461
305.497
305.532
305.359
305.411
305.368
305.56
305.288
305.438
305.477
305.315
305.305
305.469
305.238
305.36
305.428
305.192
304.88
304.925
304.925
305.114
304.757
304.997
304.997
304.914
305.169
305.104
305.104
305.056
305.056
304.994
305.256
305.307
305.061
305.25
305.186
305.373
305.132
305.417
305.541
305.615
305.573
305.532
305.497
305.461
305.359
305.411
305.367
305.56
305.288
305.477
305.438
305.315
305.305
305.469
305.238
305.428
305.192
305.36
305.835
305.84
305.75
305.956
305.851
305.735
305.94
305.673
305.524
305.415
305.473
305.625
305.572
305.518
305.702
305.56
305.616
305.443
305.717
305.601
305.546
305.318
305.477
305.548
305.423
305.464
305.331
305.411
305.19
305.029
305.238
305.302
305.344
305.07
305.15
305.216
305.384
305.265
305.108
305.371
305.095
305.228
305.292
305.521
305.395
305.344
305.437
305.251
305.385
305.318
305.477
305.548
305.423
305.464
305.33
305.411
305.19
305.029
305.238
305.301
305.07
305.344
305.15
305.216
305.384
305.265
305.108
305.095
305.371
305.228
305.292
305.521
305.395
305.344
305.437
305.385
305.251
305.564
305.624
305.506
305.704
305.493
305.691
305.577
305.597
305.6
305.675
305.759
305.555
305.718
305.641
305.538
305.597
305.426
305.62
305.497
305.467
305.664
305.623
305.759
305.786
305.68
305.746
305.636
305.667
305.564
305.624
305.506
305.704
305.493
305.691
305.577
305.597
305.599
305.675
305.759
305.718
305.555
305.641
305.538
305.597
305.426
305.62
305.467
305.664
305.497
305.623
305.759
305.786
305.68
305.746
305.636
305.667
305.015
305.025
305.232
304.98
305.149
304.886
305.106
305.014
304.972
305.056
305.241
305.16
304.895
305.092
304.913
304.929
304.95
304.661
305.055
304.794
304.781
305.115
305.336
305.334
305.286
305.253
305.194
305.207
305.014
305.025
305.232
304.979
305.148
304.885
305.105
305.014
304.972
305.056
305.241
305.16
304.895
305.092
304.912
304.929
304.95
304.661
305.055
304.793
304.781
305.115
305.336
305.334
305.286
305.253
305.193
305.207
304.537
304.884
304.841
304.841
304.746
304.746
304.708
304.472
304.786
304.519
304.519
304.247
304.638
304.638
305.257
305.307
305.062
305.25
305.187
305.373
305.133
305.417
305.541
305.615
305.573
305.497
305.532
305.462
305.359
305.411
305.368
305.56
305.438
305.289
305.477
305.315
305.305
305.469
305.238
305.428
305.192
305.36
305.256
305.306
305.061
305.25
305.186
305.373
305.132
305.417
305.541
305.615
305.573
305.496
305.532
305.461
305.359
305.411
305.367
305.56
305.438
305.288
305.477
305.314
305.304
305.469
305.237
305.428
305.191
305.359
304.88
304.925
304.925
305.114
304.757
304.997
304.997
304.914
305.169
305.104
305.104
305.056
305.056
304.994
305.44
305.411
305.259
305.532
305.515
305.571
305.609
305.708
305.595
305.492
305.627
305.414
305.4
305.27
305.503
305.294
305.39
305.522
305.489
305.718
305.609
305.638
305.44
305.411
305.26
305.532
305.515
305.571
305.609
305.708
305.595
305.492
305.627
305.414
305.4
305.27
305.503
305.294
305.391
305.522
305.489
305.718
305.609
305.638
305.805
305.55
305.675
305.675
306.039
306.232
306.133
306.133
305.919
305.871
305.785
306.01
305.919
305.871
305.785
306.01
305.713
305.864
305.733
305.85
305.695
305.63
305.794
305.77
305.653
305.672
305.812
305.722
305.853
305.711
305.822
305.735
305.698
305.84
305.701
305.78
305.637
305.823
306.154
306.023
306.009
306.169
306.254
306.304
306.357
306.203
306.125
305.935
305.98
306.076
306.285
306.405
306.389
306.301
306.154
306.023
306.009
306.169
306.254
306.304
306.203
306.357
306.125
305.935
305.98
306.076
306.285
306.405
306.301
306.389
305.057
305.278
305.193
305.194
305.051
305.267
305.14
305.14
305.163
305.013
305.163
305.805
305.55
305.675
305.675
306.039
306.232
306.133
306.133
305.919
305.871
305.785
306.01
305.919
305.871
306.01
305.785
305.44
305.411
305.26
305.532
305.515
305.571
305.609
305.708
305.492
305.627
305.595
305.414
305.4
305.27
305.503
305.391
305.294
305.522
305.489
305.718
305.638
305.609
306.154
306.023
306.009
306.169
306.254
306.304
306.357
306.203
306.125
305.935
305.981
306.076
306.285
306.405
306.389
306.301
305.713
305.864
305.733
305.85
305.695
305.63
305.794
305.77
305.654
305.672
305.812
305.722
305.853
305.711
305.822
305.735
305.698
305.84
305.701
305.78
305.638
305.823
306.154
306.023
306.169
306.009
306.254
306.304
306.357
306.203
306.285
306.405
306.301
306.389
306.125
305.935
305.981
306.076
306.556
306.591
306.574
306.574
306.488
306.378
306.432
306.432
306.522
306.483
306.539
306.466
306.522
306.483
306.466
306.539
306.556
306.591
306.574
306.574
306.488
306.378
306.432
306.432
306.522
306.483
306.539
306.466
306.522
306.483
306.466
306.539
306.556
306.591
306.574
306.574
306.488
306.378
306.432
306.432
306.522
306.483
306.539
306.466
306.522
306.483
306.539
306.466
305.713
305.864
305.85
305.733
305.695
305.63
305.794
305.77
305.812
305.672
305.654
305.722
305.853
305.822
305.711
305.84
305.698
305.735
305.701
305.78
305.823
305.638
306.154
306.023
306.169
306.009
306.254
306.304
306.203
306.357
306.285
306.405
306.301
306.389
306.125
305.935
306.076
305.981
305.713
305.864
305.733
305.85
305.695
305.63
305.794
305.77
305.672
305.812
305.654
305.722
305.853
305.711
305.822
305.698
305.735
305.84
305.701
305.78
305.823
305.638
305.805
305.55
305.675
305.675
306.039
306.232
306.133
306.133
305.919
305.871
305.785
306.01
305.919
305.871
306.01
305.785
305.057
305.278
305.193
305.193
305.051
305.267
305.14
305.14
305.163
305.013
305.163
305.44
305.411
305.532
305.259
305.515
305.571
305.609
305.708
305.492
305.627
305.595
305.414
305.4
305.503
305.27
305.391
305.522
305.294
305.489
305.718
305.638
305.609
306.154
306.023
306.169
306.009
306.254
306.304
306.203
306.357
306.285
306.405
306.301
306.389
306.125
305.935
306.076
305.98
305.713
305.864
305.85
305.733
305.695
305.63
305.794
305.77
305.812
305.672
305.654
305.722
305.853
305.822
305.711
305.84
305.698
305.735
305.701
305.78
305.823
305.638
305.713
305.864
305.85
305.733
305.695
305.63
305.794
305.77
305.672
305.812
305.653
305.722
305.853
305.822
305.711
305.698
305.84
305.735
305.701
305.78
305.823
305.637
305.44
305.411
305.532
305.259
305.515
305.571
305.609
305.708
305.627
305.492
305.595
305.414
305.4
305.503
305.27
305.522
305.391
305.294
305.489
305.718
305.638
305.609
305.44
305.411
305.532
305.259
305.515
305.571
305.609
305.708
305.627
305.492
305.595
305.414
305.4
305.503
305.27
305.522
305.39
305.294
305.489
305.718
305.638
305.609
305.057
305.278
305.194
305.193
305.051
305.267
305.14
305.14
305.013
305.163
305.163
305.498
305.584
305.598
305.598
305.541
305.541
305.556
305.606
305.619
305.633
305.708
305.576
305.65
305.664
305.606
305.619
305.633
305.708
305.576
305.65
305.664
305.498
305.584
305.598
305.598
305.541
305.541
305.556
305.606
305.619
305.633
305.708
305.576
305.65
305.664
305.606
305.619
305.708
305.633
305.65
305.576
305.664
305.719
305.656
305.745
305.745
305.777
305.687
305.687
305.719
305.656
305.745
305.745
305.687
305.687
305.777
305.719
305.656
305.745
305.745
305.687
305.687
305.777
305.719
305.656
305.745
305.745
305.687
305.687
305.777
305.606
305.619
305.633
305.708
305.664
305.576
305.65
305.606
305.619
305.708
305.633
305.65
305.576
305.664
305.498
305.584
305.598
305.598
305.541
305.541
305.556
305.606
305.619
305.708
305.633
305.664
305.65
305.576
305.606
305.619
305.708
305.633
305.65
305.576
305.664
305.498
305.584
305.598
305.598
305.556
305.541
305.541
304.443
304.606
304.583
304.583
304.506
304.521
304.521
304.924
305.02
305.051
305.075
305.016
304.958
304.985
304.663
304.68
304.656
304.811
304.594
304.75
304.725
304.924
305.02
305.051
305.076
305.016
304.958
304.985
304.663
304.68
304.656
304.811
304.594
304.75
304.725
305.184
305.281
305.139
305.161
305.102
305.222
305.243
305.184
305.281
305.139
305.162
305.102
305.222
305.243
304.904
304.757
304.889
304.889
304.829
304.829
304.963
305.012
305.049
305.081
305.167
305.074
304.988
305.107
305.079
305.179
305.144
305.235
305.141
305.082
305.175
305.012
305.049
305.081
305.167
305.107
304.988
305.074
305.079
305.179
305.144
305.235
305.082
305.175
305.141
305.281
305.312
305.17
305.255
305.254
305.196
305.339
305.689
305.792
305.738
305.75
305.693
305.734
305.746
305.354
305.27
305.326
305.416
305.267
305.357
305.412
305.281
305.312
305.17
305.255
305.196
305.254
305.339
305.689
305.792
305.738
305.75
305.693
305.734
305.746
305.354
305.27
305.326
305.416
305.267
305.357
305.412
304.924
305.02
305.051
305.075
304.985
304.958
305.016
304.663
304.68
304.656
304.811
304.725
304.594
304.75
304.443
304.606
304.583
304.583
304.521
304.521
304.506
305.184
305.281
305.139
305.161
305.222
305.102
305.243
305.184
305.281
305.139
305.162
305.102
305.222
305.243
304.904
304.757
304.889
304.889
304.829
304.829
304.963
304.924
305.02
305.051
305.076
305.016
304.958
304.985
304.663
304.68
304.656
304.811
304.594
304.75
304.725
305.012
305.049
305.081
305.167
305.074
304.988
305.107
305.079
305.179
305.235
305.144
305.141
305.175
305.082
305.281
305.312
305.17
305.255
305.254
305.196
305.34
305.689
305.792
305.738
305.75
305.693
305.734
305.746
305.354
305.27
305.326
305.416
305.267
305.357
305.412
305.012
305.049
305.081
305.167
305.107
304.988
305.074
305.079
305.179
305.144
305.235
305.082
305.175
305.141
305.689
305.792
305.738
305.75
305.693
305.734
305.746
305.281
305.312
305.17
305.255
305.196
305.254
305.339
305.354
305.27
305.416
305.326
305.357
305.267
305.412
305.805
305.83
305.776
305.867
305.863
305.772
305.809
305.805
305.83
305.776
305.867
305.863
305.772
305.809
305.894
305.903
305.956
305.956
305.952
305.898
305.898
305.805
305.83
305.776
305.867
305.772
305.809
305.863
305.805
305.83
305.776
305.867
305.809
305.772
305.863
305.894
305.903
305.956
305.956
305.898
305.898
305.952
305.805
305.83
305.776
305.867
305.772
305.809
305.863
305.805
305.83
305.776
305.867
305.809
305.772
305.863
305.894
305.903
305.956
305.956
305.898
305.898
305.952
305.805
305.83
305.776
305.867
305.809
305.772
305.863
305.805
305.83
305.776
305.867
305.809
305.772
305.863
305.894
305.903
305.956
305.956
305.898
305.898
305.952
305.281
305.312
305.17
305.255
305.34
305.254
305.196
305.689
305.792
305.738
305.75
305.746
305.734
305.693
305.354
305.27
305.326
305.416
305.412
305.267
305.357
305.012
305.049
305.081
305.167
304.988
305.107
305.074
305.079
305.179
305.235
305.144
305.175
305.082
305.141
305.689
305.792
305.738
305.75
305.734
305.693
305.746
305.281
305.312
305.17
305.255
305.196
305.254
305.34
305.354
305.27
305.416
305.326
305.357
305.267
305.412
305.012
305.049
305.081
305.167
305.107
304.988
305.074
305.079
305.179
305.144
305.235
305.082
305.175
305.141
304.924
305.02
305.051
305.075
304.985
304.958
305.016
304.663
304.68
304.811
304.656
304.725
304.75
304.594
305.184
305.281
305.139
305.161
305.222
305.102
305.243
305.184
305.281
305.139
305.161
305.102
305.222
305.243
304.904
304.757
304.889
304.889
304.829
304.829
304.963
304.443
304.606
304.583
304.583
304.521
304.521
304.506
304.924
305.02
305.051
305.075
305.016
304.958
304.985
304.663
304.68
304.811
304.656
304.75
304.594
304.725
305.689
305.792
305.738
305.75
305.746
305.734
305.693
305.281
305.312
305.17
305.255
305.339
305.254
305.196
305.354
305.27
305.416
305.326
305.412
305.357
305.267
305.689
305.792
305.738
305.75
305.734
305.693
305.746
305.281
305.312
305.17
305.255
305.196
305.254
305.339
305.354
305.27
305.416
305.326
305.357
305.267
305.412
305.012
305.049
305.081
305.167
304.988
305.107
305.074
305.079
305.179
305.235
305.144
305.175
305.082
305.141
305.012
305.049
305.081
305.167
305.107
304.988
305.074
305.079
305.179
305.235
305.144
305.175
305.082
305.141
305.184
305.281
305.139
305.162
305.243
305.222
305.102
305.184
305.281
305.139
305.161
305.243
305.222
305.102
304.904
304.757
304.889
304.889
304.963
304.829
304.829
304.924
305.02
305.051
305.076
304.958
305.016
304.985
304.663
304.68
304.811
304.656
304.75
304.594
304.725
304.924
305.02
305.051
305.075
304.958
305.016
304.985
304.663
304.68
304.811
304.656
304.75
304.594
304.725
304.443
304.606
304.583
304.583
304.521
304.521
304.506
305.449
305.548
305.433
305.451
305.491
305.506
305.393
305.449
305.548
305.433
305.451
305.491
305.506
305.393
305.401
305.292
305.403
305.403
305.459
305.345
305.346
305.555
305.583
305.467
305.554
305.525
305.613
305.497
305.632
305.734
305.698
305.711
305.677
305.69
305.653
305.58
305.541
305.579
305.658
305.638
305.521
305.601
305.555
305.583
305.467
305.554
305.525
305.613
305.497
305.632
305.734
305.698
305.711
305.677
305.69
305.653
305.58
305.541
305.579
305.658
305.638
305.521
305.601
305.449
305.548
305.433
305.451
305.491
305.506
305.393
305.449
305.548
305.433
305.451
305.491
305.506
305.393
305.401
305.292
305.403
305.403
305.459
305.345
305.346
305.555
305.583
305.467
305.554
305.525
305.613
305.497
305.632
305.734
305.698
305.711
305.677
305.69
305.653
305.58
305.541
305.579
305.658
305.638
305.521
305.601
305.632
305.734
305.698
305.711
305.677
305.69
305.653
305.555
305.583
305.467
305.554
305.525
305.613
305.497
305.58
305.541
305.658
305.579
305.638
305.601
305.521
305.746
305.772
305.826
305.735
305.804
305.714
305.768
305.746
305.772
305.826
305.735
305.804
305.714
305.768
305.773
305.817
305.853
305.853
305.831
305.795
305.795
305.746
305.772
305.735
305.826
305.714
305.804
305.768
305.746
305.772
305.735
305.826
305.714
305.804
305.768
305.773
305.817
305.853
305.853
305.831
305.795
305.795
305.746
305.772
305.735
305.826
305.714
305.804
305.768
305.746
305.772
305.735
305.826
305.714
305.804
305.768
305.773
305.817
305.853
305.853
305.831
305.795
305.795
305.746
305.772
305.735
305.826
305.714
305.804
305.768
305.746
305.772
305.735
305.826
305.714
305.804
305.768
305.773
305.817
305.853
305.853
305.831
305.795
305.795
305.555
305.583
305.554
305.467
305.613
305.525
305.497
305.632
305.734
305.711
305.698
305.69
305.677
305.653
305.58
305.541
305.579
305.658
305.638
305.521
305.601
305.632
305.734
305.698
305.711
305.677
305.69
305.653
305.555
305.583
305.467
305.554
305.525
305.613
305.497
305.58
305.541
305.658
305.579
305.638
305.601
305.521
305.449
305.548
305.433
305.451
305.491
305.506
305.393
305.449
305.548
305.433
305.451
305.491
305.506
305.393
305.401
305.292
305.403
305.403
305.459
305.345
305.345
305.632
305.734
305.711
305.698
305.69
305.677
305.653
305.555
305.583
305.554
305.467
305.613
305.525
305.497
305.58
305.541
305.658
305.579
305.638
305.601
305.521
305.632
305.734
305.698
305.711
305.677
305.69
305.653
305.555
305.583
305.467
305.554
305.525
305.613
305.497
305.58
305.541
305.658
305.579
305.638
305.601
305.521
305.449
305.548
305.451
305.433
305.506
305.491
305.393
305.449
305.548
305.451
305.433
305.506
305.491
305.393
305.401
305.292
305.403
305.403
305.459
305.346
305.345
304.703
304.603
304.603
304.598
304.652
304.658
304.658
304.752
304.655
304.758
304.758
304.709
304.709
304.797
304.541
304.402
304.546
304.546
304.598
304.484
304.484
304.482
304.327
304.351
304.351
304.42
304.42
304.419
305.119
305.084
305.085
305.06
305.114
305.087
305.088
305.169
305.133
305.217
305.196
305.165
305.136
305.222
305.169
305.133
305.217
305.196
305.165
305.137
305.222
305.099
305.042
305.079
305.079
305.108
305.071
305.071
305.087
305.029
305.043
305.043
305.059
305.059
305.071
305.758
305.723
305.745
305.717
305.754
305.727
305.749
305.765
305.73
305.764
305.736
305.761
305.733
305.768
305.719
305.683
305.73
305.704
305.735
305.715
305.687
305.696
305.663
305.669
305.641
305.692
305.666
305.673
305.418
305.383
305.465
305.443
305.415
305.387
305.47
305.353
305.325
305.291
305.263
305.348
305.327
305.294
305.566
305.535
305.521
305.493
305.524
305.562
305.538
305.609
305.574
305.637
305.612
305.605
305.577
305.641
305.758
305.745
305.724
305.717
305.754
305.749
305.727
305.765
305.73
305.764
305.736
305.761
305.733
305.768
305.719
305.683
305.73
305.704
305.735
305.715
305.687
305.697
305.663
305.669
305.641
305.692
305.666
305.673
305.418
305.465
305.383
305.443
305.415
305.47
305.387
305.353
305.325
305.291
305.263
305.349
305.327
305.294
305.567
305.535
305.521
305.493
305.524
305.562
305.538
305.609
305.574
305.637
305.612
305.605
305.577
305.641
304.356
304.492
304.361
304.364
304.421
304.29
304.429
304.356
304.493
304.361
304.364
304.421
304.29
304.429
304.288
304.067
304.282
304.282
304.355
304.208
304.208
304.829
304.926
304.794
304.832
304.761
304.862
304.893
304.884
305.035
304.928
304.9
304.838
304.975
304.945
304.79
304.678
304.794
304.809
304.722
304.745
304.854
304.57
304.564
304.435
304.574
304.501
304.504
304.633
304.728
304.875
304.874
304.848
304.786
304.815
304.789
304.636
304.628
304.641
304.758
304.57
304.695
304.7
304.829
304.926
304.794
304.832
304.761
304.863
304.893
304.884
305.035
304.928
304.9
304.839
304.975
304.946
304.79
304.679
304.794
304.809
304.723
304.746
304.854
304.57
304.565
304.435
304.575
304.501
304.504
304.634
304.728
304.875
304.875
304.848
304.786
304.815
304.79
304.637
304.629
304.641
304.759
304.571
304.695
304.7
305.26
305.357
305.37
305.388
305.33
305.299
305.319
305.141
305.119
305.012
305.149
305.06
305.091
305.199
305.215
305.231
305.341
305.222
305.284
305.164
305.273
305.26
305.357
305.37
305.388
305.33
305.299
305.319
305.141
305.119
305.012
305.149
305.06
305.091
305.199
305.215
305.231
305.341
305.222
305.284
305.164
305.273
304.971
304.955
304.956
305.093
304.895
305.034
305.03
304.971
304.955
304.956
305.093
304.895
305.034
305.03
305.042
305.172
305.164
305.164
305.106
305.106
305.1
304.915
304.955
304.917
304.822
304.845
304.979
304.891
305.033
305.188
305.111
305.145
305.095
305.05
305.128
304.935
304.881
304.937
305.016
304.865
304.999
304.951
304.98
305.047
304.981
304.912
305.044
304.909
304.983
305.072
305.229
305.125
305.159
305.134
305.063
305.169
304.974
304.894
304.975
305.028
305.038
304.903
304.964
304.915
304.955
304.822
304.917
304.845
304.891
304.979
305.033
305.188
305.145
305.111
305.05
305.128
305.095
304.935
304.881
304.937
305.016
304.865
304.951
304.999
304.98
305.047
304.912
304.981
304.983
304.909
305.044
305.072
305.229
305.159
305.125
305.063
305.169
305.134
304.974
304.894
304.975
305.028
304.903
304.964
305.038
305.359
305.389
305.403
305.489
305.431
305.331
305.417
305.303
305.277
305.236
305.381
305.218
305.322
305.362
305.383
305.475
305.513
305.46
305.455
305.402
305.441
305.681
305.784
305.714
305.726
305.669
305.726
305.738
305.636
305.697
305.579
305.633
305.575
305.64
305.693
305.628
305.556
305.674
305.626
305.616
305.568
305.686
305.347
305.319
305.25
305.395
305.26
305.336
305.405
305.434
305.496
305.512
305.566
305.508
305.438
305.492
305.427
305.49
305.474
305.559
305.416
305.501
305.485
305.359
305.389
305.403
305.489
305.431
305.331
305.417
305.303
305.277
305.236
305.381
305.218
305.322
305.362
305.383
305.475
305.513
305.46
305.455
305.402
305.441
305.681
305.784
305.714
305.726
305.669
305.726
305.738
305.636
305.697
305.579
305.633
305.64
305.575
305.693
305.628
305.556
305.674
305.626
305.616
305.568
305.686
305.347
305.319
305.25
305.395
305.26
305.336
305.405
305.434
305.496
305.512
305.566
305.438
305.508
305.492
305.427
305.49
305.474
305.559
305.416
305.501
305.485
304.829
304.926
304.832
304.794
304.761
304.893
304.862
304.884
305.035
304.9
304.928
304.945
304.838
304.975
304.79
304.678
304.794
304.809
304.722
304.854
304.745
304.57
304.564
304.574
304.435
304.633
304.504
304.501
304.728
304.875
304.848
304.874
304.789
304.786
304.815
304.636
304.628
304.641
304.758
304.7
304.57
304.695
304.356
304.492
304.364
304.361
304.429
304.29
304.421
304.356
304.493
304.364
304.361
304.29
304.429
304.421
304.288
304.067
304.282
304.282
304.208
304.208
304.355
305.26
305.357
305.37
305.388
305.33
305.299
305.319
305.141
305.119
305.012
305.149
305.06
305.091
305.199
305.215
305.231
305.341
305.222
305.284
305.164
305.273
305.26
305.357
305.37
305.388
305.33
305.299
305.319
305.141
305.119
305.012
305.149
305.091
305.06
305.199
305.215
305.231
305.341
305.222
305.284
305.164
305.273
304.971
304.955
304.956
305.093
304.895
305.034
305.03
304.971
304.955
304.956
305.093
305.034
304.895
305.03
305.042
305.172
305.164
305.164
305.106
305.106
305.1
304.829
304.926
304.794
304.832
304.761
304.863
304.893
304.884
305.035
304.928
304.9
304.975
304.839
304.946
304.79
304.679
304.794
304.809
304.723
304.746
304.854
304.57
304.565
304.435
304.575
304.501
304.504
304.634
304.728
304.875
304.875
304.848
304.815
304.786
304.79
304.637
304.629
304.641
304.759
304.571
304.695
304.7
304.915
304.955
304.917
304.822
304.846
304.979
304.891
305.033
305.188
305.111
305.145
305.095
305.05
305.128
304.935
304.881
304.937
305.016
304.865
304.999
304.951
305.072
305.229
305.125
305.159
305.134
305.063
305.169
304.98
305.047
304.981
304.912
305.044
304.909
304.983
304.974
304.894
305.028
304.975
305.038
304.964
304.903
305.359
305.389
305.403
305.489
305.431
305.331
305.417
305.303
305.277
305.236
305.381
305.218
305.322
305.362
305.383
305.475
305.513
305.46
305.455
305.402
305.441
305.681
305.784
305.714
305.726
305.669
305.726
305.738
305.636
305.697
305.579
305.633
305.575
305.64
305.693
305.628
305.556
305.674
305.626
305.616
305.568
305.686
305.347
305.319
305.25
305.395
305.26
305.336
305.405
305.434
305.496
305.512
305.566
305.508
305.438
305.492
305.427
305.49
305.474
305.559
305.416
305.501
305.485
304.915
304.955
304.822
304.917
304.845
304.891
304.979
305.033
305.188
305.145
305.111
305.05
305.128
305.095
304.935
304.881
304.937
305.016
304.865
304.951
304.999
304.98
305.047
304.912
304.981
304.983
304.909
305.044
305.072
305.229
305.159
305.125
305.063
305.169
305.134
304.974
304.894
304.975
305.028
304.903
304.964
305.038
305.681
305.784
305.714
305.726
305.669
305.726
305.738
305.636
305.697
305.579
305.633
305.64
305.575
305.693
305.628
305.556
305.674
305.626
305.616
305.568
305.686
305.359
305.389
305.403
305.489
305.431
305.331
305.417
305.303
305.277
305.236
305.381
305.218
305.322
305.362
305.383
305.475
305.513
305.46
305.455
305.402
305.441
305.434
305.496
305.512
305.566
305.438
305.508
305.492
305.347
305.319
305.25
305.395
305.26
305.336
305.405
305.427
305.49
305.559
305.474
305.501
305.416
305.485
305.797
305.822
305.842
305.752
305.784
305.855
305.764
305.833
305.895
305.913
305.86
305.891
305.855
305.837
305.825
305.834
305.87
305.905
305.812
305.882
305.847
305.797
305.822
305.842
305.752
305.784
305.855
305.764
305.833
305.895
305.913
305.86
305.891
305.855
305.837
305.825
305.834
305.87
305.905
305.812
305.882
305.847
305.885
305.948
305.93
305.877
305.943
305.873
305.89
305.885
305.948
305.93
305.877
305.943
305.873
305.89
305.877
305.851
305.922
305.922
305.935
305.864
305.864
305.797
305.822
305.752
305.842
305.784
305.764
305.855
305.833
305.895
305.86
305.913
305.837
305.855
305.891
305.825
305.834
305.87
305.905
305.812
305.847
305.882
305.797
305.822
305.752
305.842
305.784
305.764
305.855
305.833
305.895
305.86
305.913
305.855
305.837
305.891
305.825
305.834
305.87
305.905
305.812
305.847
305.882
305.885
305.948
305.877
305.93
305.89
305.873
305.943
305.885
305.948
305.877
305.93
305.873
305.89
305.943
305.877
305.851
305.922
305.922
305.864
305.864
305.935
305.797
305.822
305.752
305.842
305.784
305.764
305.855
305.833
305.895
305.86
305.913
305.837
305.855
305.891
305.825
305.834
305.87
305.905
305.812
305.847
305.882
305.797
305.822
305.752
305.842
305.784
305.764
305.855
305.833
305.895
305.86
305.913
305.855
305.837
305.891
305.825
305.834
305.87
305.905
305.812
305.847
305.882
305.885
305.948
305.877
305.93
305.89
305.873
305.943
305.885
305.948
305.877
305.93
305.873
305.89
305.943
305.877
305.851
305.922
305.922
305.864
305.864
305.935
305.797
305.822
305.752
305.842
305.784
305.764
305.855
305.833
305.895
305.86
305.913
305.837
305.855
305.891
305.825
305.834
305.87
305.905
305.812
305.847
305.882
305.797
305.822
305.752
305.842
305.784
305.764
305.855
305.833
305.895
305.86
305.913
305.837
305.855
305.891
305.825
305.834
305.87
305.905
305.812
305.847
305.882
305.885
305.948
305.877
305.93
305.89
305.873
305.943
305.885
305.948
305.877
305.93
305.89
305.873
305.943
305.877
305.851
305.922
305.922
305.864
305.864
305.935
305.359
305.389
305.489
305.403
305.431
305.417
305.331
305.303
305.277
305.381
305.236
305.362
305.322
305.218
305.383
305.475
305.513
305.46
305.455
305.441
305.402
305.681
305.784
305.726
305.714
305.669
305.738
305.726
305.636
305.697
305.633
305.579
305.693
305.575
305.64
305.628
305.556
305.674
305.626
305.616
305.686
305.568
305.347
305.319
305.395
305.25
305.405
305.336
305.26
305.434
305.496
305.566
305.512
305.492
305.508
305.438
305.427
305.49
305.474
305.559
305.485
305.416
305.501
304.915
304.955
304.822
304.917
304.846
304.891
304.979
305.033
305.188
305.145
305.111
305.128
305.05
305.095
304.935
304.881
304.937
305.016
304.865
304.951
304.999
305.072
305.229
305.159
305.125
305.169
305.063
305.134
304.98
305.047
304.912
304.981
304.909
304.983
305.044
304.974
304.894
305.028
304.975
304.964
304.903
305.038
305.681
305.784
305.714
305.726
305.669
305.726
305.738
305.636
305.697
305.579
305.633
305.64
305.575
305.693
305.628
305.556
305.674
305.626
305.616
305.568
305.686
305.359
305.389
305.403
305.489
305.431
305.331
305.417
305.303
305.277
305.236
305.381
305.322
305.218
305.362
305.383
305.475
305.513
305.46
305.455
305.402
305.441
305.434
305.496
305.512
305.566
305.438
305.508
305.492
305.347
305.319
305.25
305.395
305.336
305.26
305.405
305.427
305.49
305.559
305.474
305.501
305.416
305.485
304.915
304.955
304.822
304.917
304.846
304.891
304.979
305.033
305.188
305.145
305.111
305.128
305.05
305.095
304.935
304.881
304.937
305.016
304.865
304.951
304.999
304.98
305.047
304.912
304.981
304.983
304.909
305.044
305.072
305.229
305.159
305.125
305.169
305.063
305.134
304.974
304.894
304.975
305.028
304.903
304.964
305.038
304.829
304.926
304.832
304.794
304.761
304.893
304.863
304.884
305.035
304.9
304.928
304.945
304.838
304.975
304.79
304.679
304.794
304.809
304.723
304.854
304.745
304.728
304.875
304.848
304.874
304.789
304.786
304.815
304.57
304.564
304.575
304.435
304.633
304.504
304.501
304.636
304.629
304.758
304.641
304.7
304.695
304.571
305.26
305.357
305.37
305.388
305.33
305.299
305.319
305.141
305.119
305.012
305.149
305.06
305.091
305.199
305.215
305.231
305.341
305.222
305.284
305.164
305.273
305.26
305.357
305.37
305.388
305.33
305.299
305.319
305.141
305.119
305.012
305.149
305.091
305.06
305.199
305.215
305.231
305.341
305.222
305.284
305.164
305.273
304.971
304.955
304.956
305.093
304.895
305.034
305.03
304.971
304.955
304.956
305.093
305.034
304.895
305.03
305.042
305.172
305.164
305.164
305.106
305.106
305.1
304.356
304.492
304.364
304.361
304.429
304.29
304.421
304.356
304.493
304.364
304.361
304.29
304.429
304.421
304.288
304.067
304.282
304.282
304.208
304.208
304.355
304.829
304.926
304.794
304.832
304.761
304.863
304.893
304.884
305.035
304.928
304.9
304.975
304.838
304.945
304.79
304.679
304.794
304.809
304.723
304.745
304.854
304.728
304.875
304.874
304.848
304.815
304.786
304.79
304.57
304.564
304.435
304.575
304.501
304.504
304.633
304.637
304.629
304.758
304.641
304.695
304.571
304.7
305.681
305.784
305.726
305.714
305.669
305.738
305.726
305.636
305.697
305.633
305.579
305.693
305.575
305.64
305.628
305.556
305.674
305.626
305.616
305.686
305.568
305.359
305.389
305.489
305.403
305.431
305.417
305.331
305.303
305.277
305.381
305.236
305.362
305.322
305.218
305.383
305.475
305.513
305.46
305.455
305.441
305.402
305.434
305.496
305.566
305.512
305.492
305.508
305.438
305.347
305.319
305.395
305.25
305.405
305.336
305.26
305.427
305.49
305.559
305.474
305.485
305.501
305.416
305.681
305.784
305.714
305.726
305.669
305.726
305.738
305.636
305.697
305.579
305.633
305.64
305.575
305.693
305.628
305.556
305.674
305.626
305.616
305.568
305.686
305.359
305.389
305.403
305.489
305.431
305.331
305.417
305.303
305.277
305.236
305.381
305.322
305.218
305.362
305.383
305.475
305.513
305.46
305.455
305.402
305.441
305.434
305.496
305.512
305.566
305.438
305.508
305.492
305.347
305.319
305.25
305.395
305.336
305.26
305.405
305.427
305.49
305.559
305.474
305.501
305.416
305.485
304.915
304.955
304.822
304.917
304.845
304.891
304.979
305.033
305.188
305.145
305.111
305.128
305.05
305.095
304.935
304.881
304.937
305.016
304.865
304.951
304.999
305.072
305.229
305.159
305.125
305.169
305.063
305.134
304.98
305.047
304.912
304.981
304.909
304.983
305.044
304.974
304.894
305.028
304.975
304.964
304.903
305.038
304.915
304.955
304.822
304.917
304.845
304.891
304.979
305.033
305.188
305.145
305.111
305.128
305.05
305.095
304.935
304.881
304.937
305.016
304.865
304.951
304.999
305.072
305.229
305.159
305.125
305.169
305.063
305.134
304.98
305.047
304.912
304.981
304.983
304.909
305.044
304.974
304.894
305.028
304.975
304.964
304.903
305.038
305.26
305.357
305.388
305.37
305.33
305.319
305.299
305.141
305.119
305.149
305.012
305.199
305.091
305.06
305.215
305.231
305.341
305.222
305.284
305.273
305.164
305.26
305.357
305.388
305.37
305.33
305.319
305.299
305.141
305.119
305.149
305.012
305.199
305.091
305.06
305.215
305.231
305.341
305.222
305.284
305.273
305.164
304.971
304.955
305.093
304.956
305.03
305.034
304.895
304.971
304.955
305.093
304.956
305.03
305.034
304.895
305.042
305.172
305.164
305.164
305.1
305.106
305.106
304.829
304.926
304.794
304.832
304.761
304.863
304.893
304.884
305.035
304.928
304.9
304.975
304.838
304.946
304.79
304.679
304.794
304.809
304.723
304.746
304.854
304.728
304.875
304.874
304.848
304.815
304.786
304.79
304.57
304.565
304.435
304.575
304.504
304.501
304.634
304.637
304.629
304.759
304.641
304.695
304.571
304.7
304.829
304.926
304.794
304.832
304.761
304.862
304.893
304.884
305.035
304.928
304.9
304.975
304.838
304.945
304.79
304.678
304.794
304.809
304.722
304.745
304.854
304.728
304.875
304.874
304.848
304.815
304.786
304.789
304.57
304.564
304.435
304.575
304.504
304.501
304.633
304.636
304.628
304.758
304.641
304.695
304.57
304.7
304.356
304.493
304.364
304.361
304.429
304.29
304.421
304.356
304.492
304.364
304.361
304.429
304.29
304.421
304.288
304.067
304.282
304.282
304.208
304.208
304.355
304.916
304.843
304.918
304.918
304.882
304.882
304.949
304.879
304.802
304.802
304.802
304.84
304.844
304.844
305.007
304.944
304.949
304.949
304.98
304.978
304.978
305.032
304.97
305.025
305.025
305.053
305.003
305.003
304.703
304.603
304.603
304.598
304.652
304.658
304.658
304.752
304.655
304.758
304.758
304.709
304.709
304.797
304.541
304.546
304.402
304.546
304.598
304.484
304.484
304.482
304.327
304.351
304.351
304.419
304.42
304.42
304.916
304.843
304.918
304.918
304.882
304.882
304.949
304.879
304.802
304.802
304.802
304.84
304.844
304.844
305.007
304.949
304.949
304.944
304.98
304.978
304.978
305.032
304.97
305.025
305.025
305.003
305.003
305.053
304.703
304.603
304.603
304.598
304.652
304.658
304.658
304.752
304.655
304.758
304.758
304.709
304.709
304.797
304.541
304.546
304.402
304.546
304.598
304.484
304.484
304.482
304.327
304.351
304.351
304.419
304.42
304.42
304.916
304.843
304.918
304.918
304.882
304.882
304.949
304.879
304.802
304.802
304.802
304.84
304.844
304.844
305.007
304.949
304.949
304.944
304.98
304.978
304.978
305.032
304.97
305.025
305.025
305.003
305.003
305.053
304.703
304.603
304.603
304.598
304.652
304.658
304.658
304.752
304.655
304.758
304.758
304.709
304.709
304.797
304.541
304.402
304.546
304.546
304.598
304.484
304.484
304.482
304.327
304.351
304.351
304.419
304.42
304.42
304.916
304.843
304.918
304.918
304.882
304.882
304.949
304.879
304.802
304.802
304.802
304.84
304.844
304.844
305.007
304.949
304.949
304.944
304.98
304.978
304.978
305.032
304.97
305.025
305.025
305.003
305.003
305.053
305.418
305.383
305.465
305.443
305.415
305.387
305.47
305.353
305.325
305.291
305.263
305.294
305.348
305.327
305.566
305.535
305.521
305.493
305.524
305.562
305.538
305.609
305.574
305.637
305.612
305.641
305.605
305.577
305.418
305.383
305.465
305.443
305.415
305.387
305.47
305.354
305.325
305.291
305.263
305.294
305.349
305.328
305.567
305.536
305.521
305.493
305.524
305.562
305.538
305.609
305.574
305.637
305.612
305.641
305.606
305.578
305.758
305.723
305.745
305.717
305.754
305.727
305.749
305.765
305.73
305.764
305.736
305.768
305.761
305.733
305.719
305.683
305.73
305.704
305.735
305.715
305.687
305.696
305.663
305.669
305.641
305.673
305.692
305.666
305.119
305.084
305.085
305.06
305.114
305.087
305.088
305.169
305.133
305.217
305.196
305.222
305.165
305.136
305.169
305.133
305.217
305.196
305.165
305.137
305.222
305.099
305.079
305.042
305.079
305.108
305.071
305.071
305.087
305.029
305.043
305.043
305.071
305.059
305.059
305.418
305.383
305.465
305.443
305.415
305.387
305.47
305.354
305.325
305.291
305.263
305.294
305.349
305.328
305.567
305.521
305.493
305.536
305.524
305.562
305.538
305.609
305.574
305.637
305.612
305.606
305.578
305.641
305.758
305.724
305.745
305.717
305.754
305.727
305.749
305.765
305.73
305.764
305.736
305.768
305.761
305.733
305.719
305.683
305.73
305.704
305.735
305.715
305.687
305.696
305.663
305.669
305.641
305.673
305.692
305.666
305.758
305.745
305.724
305.717
305.754
305.749
305.727
305.765
305.73
305.764
305.736
305.761
305.733
305.768
305.719
305.73
305.683
305.704
305.735
305.715
305.687
305.697
305.663
305.669
305.641
305.673
305.692
305.666
305.758
305.724
305.745
305.717
305.754
305.727
305.749
305.765
305.73
305.764
305.736
305.768
305.761
305.733
305.719
305.73
305.704
305.683
305.735
305.715
305.687
305.696
305.663
305.669
305.641
305.692
305.666
305.673
305.119
305.084
305.084
305.06
305.114
305.087
305.087
305.169
305.133
305.217
305.196
305.222
305.165
305.136
305.169
305.133
305.217
305.196
305.165
305.136
305.222
305.099
305.079
305.042
305.079
305.108
305.071
305.071
305.087
305.029
305.043
305.043
305.071
305.059
305.059
305.418
305.465
305.383
305.443
305.415
305.47
305.387
305.354
305.325
305.291
305.263
305.294
305.349
305.327
305.567
305.521
305.493
305.535
305.524
305.562
305.538
305.609
305.574
305.637
305.612
305.605
305.577
305.641
305.758
305.745
305.723
305.717
305.754
305.749
305.727
305.765
305.73
305.764
305.736
305.761
305.733
305.768
305.719
305.73
305.683
305.704
305.735
305.715
305.687
305.696
305.663
305.669
305.641
305.673
305.692
305.666
305.758
305.745
305.723
305.717
305.754
305.749
305.727
305.765
305.73
305.764
305.736
305.768
305.761
305.733
305.719
305.73
305.704
305.683
305.735
305.715
305.687
305.696
305.663
305.669
305.641
305.692
305.666
305.673
305.418
305.465
305.383
305.443
305.415
305.47
305.387
305.354
305.325
305.291
305.263
305.349
305.328
305.294
305.567
305.521
305.536
305.493
305.524
305.562
305.538
305.609
305.574
305.637
305.612
305.641
305.605
305.577
305.418
305.465
305.383
305.443
305.415
305.47
305.387
305.353
305.325
305.291
305.263
305.349
305.327
305.294
305.566
305.521
305.535
305.493
305.524
305.562
305.538
305.609
305.574
305.637
305.612
305.641
305.605
305.577
305.119
305.085
305.084
305.06
305.114
305.088
305.087
305.169
305.133
305.217
305.196
305.222
305.165
305.137
305.169
305.133
305.217
305.196
305.222
305.165
305.136
305.099
305.042
305.079
305.079
305.108
305.071
305.071
305.087
305.029
305.043
305.043
305.071
305.059
305.059
306.407
306.267
306.435
306.435
306.336
306.336
306.506
306.407
306.267
306.435
306.435
306.336
306.336
306.506
306.407
306.267
306.435
306.435
306.336
306.336
306.506
306.407
306.267
306.435
306.435
306.336
306.336
306.506
)
;

boundaryField
{
    chip
    {
        type            zeroGradient;
    }
    chip_to_dbc_cu_top
    {
        type            compressible::turbulentTemperatureRadCoupledMixed;
        refValue        nonuniform List<scalar> 
1600
(
303.259
303.344
303.301
303.301
303.363
303.378
303.334
303.408
303.363
303.378
303.334
303.408
303.259
303.344
303.301
303.301
303.363
303.378
303.334
303.408
303.363
303.378
303.408
303.334
303.473
303.412
303.442
303.442
303.473
303.412
303.442
303.442
303.473
303.412
303.442
303.442
303.473
303.412
303.442
303.442
303.363
303.378
303.334
303.408
303.363
303.378
303.408
303.334
303.259
303.344
303.301
303.301
303.363
303.378
303.408
303.334
303.363
303.378
303.408
303.334
303.259
303.344
303.301
303.301
301.989
302.238
302.109
302.109
302.536
302.724
302.69
302.568
302.27
302.325
302.192
302.409
302.536
302.724
302.69
302.568
302.27
302.325
302.192
302.409
302.907
302.838
302.803
302.944
302.907
302.838
302.803
302.944
302.601
302.421
302.509
302.509
302.615
302.75
302.593
302.773
302.675
302.84
302.678
302.837
302.615
302.75
302.773
302.593
302.675
302.84
302.678
302.837
302.998
302.866
302.973
302.89
303.442
303.492
303.446
303.488
303.067
302.959
302.956
303.07
302.998
302.866
302.89
302.973
303.442
303.492
303.446
303.488
303.067
302.959
302.956
303.07
302.536
302.724
302.568
302.69
302.27
302.325
302.192
302.409
301.989
302.238
302.109
302.109
302.907
302.838
302.944
302.803
302.907
302.838
302.803
302.944
302.601
302.421
302.509
302.509
302.536
302.724
302.69
302.568
302.27
302.325
302.192
302.409
302.615
302.75
302.593
302.773
302.675
302.84
302.837
302.678
302.998
302.866
302.973
302.89
303.442
303.492
303.446
303.488
303.067
302.959
302.956
303.07
302.615
302.75
302.773
302.593
302.675
302.84
302.678
302.837
303.442
303.492
303.446
303.488
302.998
302.866
302.89
302.973
303.067
302.959
303.07
302.956
303.556
303.528
303.524
303.56
303.556
303.528
303.524
303.56
303.642
303.65
303.646
303.646
303.556
303.528
303.524
303.56
303.556
303.528
303.56
303.524
303.642
303.65
303.646
303.646
303.556
303.528
303.524
303.56
303.556
303.528
303.56
303.524
303.642
303.65
303.646
303.646
303.556
303.528
303.56
303.524
303.556
303.528
303.56
303.524
303.642
303.65
303.646
303.646
302.998
302.866
302.973
302.89
303.442
303.492
303.488
303.446
303.067
302.959
302.956
303.07
302.615
302.75
302.593
302.773
302.675
302.84
302.837
302.678
303.442
303.492
303.488
303.446
302.998
302.866
302.89
302.973
303.067
302.959
303.07
302.956
302.615
302.75
302.773
302.593
302.675
302.84
302.678
302.837
302.536
302.724
302.568
302.69
302.27
302.325
302.409
302.192
302.907
302.838
302.944
302.803
302.907
302.838
302.803
302.944
302.601
302.421
302.509
302.509
301.989
302.238
302.109
302.109
302.536
302.724
302.69
302.568
302.27
302.325
302.409
302.192
303.442
303.492
303.488
303.446
302.998
302.866
302.973
302.89
303.067
302.959
303.07
302.956
303.442
303.492
303.488
303.446
302.998
302.866
302.89
302.973
303.067
302.959
303.07
302.956
302.615
302.75
302.593
302.773
302.675
302.84
302.837
302.678
302.615
302.75
302.773
302.593
302.675
302.84
302.837
302.678
302.907
302.838
302.944
302.803
302.907
302.838
302.944
302.803
302.601
302.421
302.509
302.509
302.536
302.724
302.568
302.69
302.27
302.325
302.409
302.192
302.536
302.724
302.568
302.69
302.27
302.325
302.409
302.192
301.989
302.238
302.109
302.109
303.157
303.043
303.099
303.099
303.207
303.188
303.249
303.148
303.207
303.188
303.249
303.148
303.334
303.291
303.272
303.354
303.31
303.22
303.281
303.248
303.388
303.453
303.433
303.408
303.334
303.291
303.272
303.354
303.31
303.22
303.281
303.248
303.388
303.453
303.433
303.408
303.157
303.043
303.099
303.099
303.207
303.188
303.249
303.148
303.207
303.188
303.249
303.148
303.334
303.291
303.272
303.354
303.31
303.22
303.281
303.248
303.388
303.453
303.433
303.408
303.334
303.291
303.354
303.272
303.388
303.453
303.433
303.408
303.31
303.22
303.281
303.248
303.526
303.568
303.547
303.547
303.499
303.489
303.468
303.52
303.499
303.489
303.468
303.52
303.526
303.568
303.547
303.547
303.499
303.489
303.468
303.52
303.499
303.489
303.468
303.52
303.526
303.568
303.547
303.547
303.499
303.489
303.468
303.52
303.499
303.489
303.468
303.52
303.526
303.568
303.547
303.547
303.499
303.489
303.468
303.52
303.499
303.489
303.468
303.52
303.334
303.291
303.272
303.354
303.31
303.22
303.281
303.248
303.388
303.453
303.433
303.408
303.334
303.291
303.354
303.272
303.388
303.453
303.433
303.408
303.31
303.22
303.281
303.248
303.157
303.043
303.099
303.099
303.207
303.188
303.249
303.148
303.207
303.188
303.249
303.148
303.334
303.291
303.354
303.272
303.388
303.453
303.433
303.408
303.31
303.22
303.281
303.248
303.334
303.291
303.354
303.272
303.388
303.453
303.433
303.408
303.31
303.22
303.281
303.248
303.157
303.043
303.099
303.099
303.207
303.188
303.249
303.148
303.207
303.188
303.249
303.148
301.697
301.329
301.479
301.479
301.83
301.702
301.613
301.942
301.83
301.702
301.613
301.942
302.307
302.006
302.042
302.265
302.343
302.103
302.078
302.373
302.497
302.601
302.452
302.649
302.16
301.958
301.91
302.217
302.095
301.783
302.021
301.845
302.342
302.549
302.402
302.485
302.307
302.006
302.042
302.265
302.343
302.103
302.078
302.373
302.497
302.601
302.452
302.649
302.16
301.958
301.91
302.217
302.095
301.783
302.021
301.845
302.342
302.549
302.403
302.485
302.954
302.978
303.033
302.901
303.001
303.121
303.081
303.039
302.863
302.711
302.76
302.811
302.954
302.978
303.033
302.901
303.001
303.121
303.081
303.039
302.863
302.711
302.76
302.811
302.769
302.917
302.841
302.841
302.682
302.654
302.588
302.753
302.682
302.654
302.588
302.753
302.435
302.176
302.164
302.45
302.418
302.128
302.146
302.397
302.634
302.809
302.649
302.793
302.469
302.187
302.194
302.461
302.474
302.202
302.2
302.477
302.669
302.821
302.661
302.83
302.435
302.176
302.164
302.45
302.418
302.128
302.146
302.397
302.634
302.809
302.649
302.793
302.469
302.187
302.194
302.461
302.474
302.202
302.477
302.2
302.669
302.821
302.661
302.83
303.118
303.221
303.202
303.136
303.095
303.151
303.179
303.069
303.019
302.928
302.911
303.037
303.38
303.306
303.369
303.316
303.435
303.469
303.423
303.48
303.387
303.327
303.324
303.391
303.159
303.234
303.149
303.245
303.06
302.94
302.95
303.05
303.166
303.256
303.252
303.17
303.118
303.221
303.202
303.136
303.095
303.151
303.179
303.069
303.019
302.928
302.911
303.037
303.38
303.306
303.369
303.316
303.435
303.469
303.423
303.48
303.387
303.327
303.391
303.324
303.159
303.234
303.149
303.245
303.06
302.94
302.95
303.05
303.166
303.256
303.17
303.252
302.307
302.006
302.042
302.265
302.343
302.103
302.078
302.373
302.497
302.601
302.452
302.649
302.16
301.958
301.91
302.217
302.095
301.783
301.845
302.021
302.342
302.549
302.402
302.485
301.697
301.329
301.479
301.479
301.83
301.702
301.942
301.613
301.83
301.702
301.613
301.942
302.954
302.978
303.033
302.901
303.001
303.121
303.081
303.039
302.863
302.711
302.76
302.811
302.954
302.978
303.033
302.901
303.001
303.121
303.081
303.039
302.863
302.711
302.811
302.76
302.769
302.917
302.841
302.841
302.682
302.654
302.588
302.753
302.682
302.654
302.753
302.588
302.307
302.006
302.042
302.265
302.343
302.103
302.078
302.373
302.497
302.601
302.649
302.452
302.16
301.958
301.91
302.217
302.095
301.783
302.021
301.845
302.342
302.549
302.485
302.403
302.435
302.176
302.164
302.45
302.418
302.128
302.146
302.397
302.634
302.809
302.649
302.793
302.469
302.187
302.461
302.194
302.669
302.821
302.661
302.83
302.475
302.202
302.2
302.477
303.118
303.221
303.202
303.136
303.095
303.151
303.179
303.069
303.02
302.928
302.911
303.037
303.38
303.306
303.369
303.316
303.435
303.469
303.423
303.48
303.387
303.327
303.324
303.391
303.159
303.234
303.149
303.245
303.06
302.94
302.95
303.05
303.166
303.256
303.252
303.17
302.435
302.176
302.164
302.45
302.418
302.128
302.146
302.397
302.634
302.809
302.649
302.793
302.469
302.187
302.194
302.461
302.475
302.202
302.477
302.2
302.669
302.821
302.661
302.83
303.38
303.306
303.369
303.316
303.435
303.469
303.423
303.48
303.387
303.327
303.391
303.324
303.118
303.221
303.202
303.136
303.095
303.151
303.179
303.069
303.019
302.928
302.911
303.037
303.159
303.234
303.245
303.149
303.166
303.256
303.17
303.252
303.06
302.94
302.95
303.05
303.575
303.584
303.563
303.596
303.548
303.504
303.536
303.516
303.583
303.609
303.605
303.587
303.575
303.584
303.563
303.596
303.548
303.504
303.536
303.516
303.583
303.609
303.605
303.587
303.625
303.601
303.613
303.613
303.634
303.625
303.621
303.638
303.634
303.625
303.621
303.638
303.575
303.584
303.563
303.596
303.548
303.504
303.536
303.516
303.583
303.609
303.587
303.605
303.575
303.584
303.563
303.596
303.548
303.504
303.536
303.516
303.583
303.609
303.605
303.587
303.625
303.601
303.613
303.613
303.634
303.625
303.638
303.621
303.634
303.625
303.621
303.638
303.575
303.584
303.563
303.596
303.548
303.504
303.536
303.516
303.583
303.609
303.587
303.605
303.575
303.584
303.563
303.596
303.548
303.504
303.536
303.516
303.583
303.609
303.605
303.587
303.625
303.601
303.613
303.613
303.634
303.625
303.638
303.621
303.634
303.625
303.621
303.638
303.575
303.584
303.563
303.596
303.548
303.504
303.536
303.516
303.583
303.609
303.587
303.605
303.575
303.584
303.563
303.596
303.548
303.504
303.536
303.516
303.583
303.609
303.587
303.605
303.625
303.601
303.613
303.613
303.634
303.625
303.638
303.621
303.634
303.625
303.638
303.621
303.118
303.221
303.202
303.136
303.095
303.151
303.179
303.069
303.02
302.928
303.037
302.911
303.38
303.306
303.369
303.316
303.435
303.469
303.423
303.48
303.387
303.327
303.324
303.391
303.159
303.234
303.149
303.245
303.06
302.94
303.05
302.95
303.166
303.256
303.252
303.17
302.435
302.176
302.164
302.45
302.418
302.128
302.146
302.397
302.634
302.809
302.793
302.649
302.469
302.187
302.461
302.194
302.669
302.821
302.83
302.661
302.475
302.202
302.2
302.477
303.38
303.306
303.369
303.316
303.435
303.469
303.423
303.48
303.387
303.327
303.391
303.324
303.118
303.221
303.202
303.136
303.095
303.151
303.179
303.069
303.02
302.928
303.037
302.911
303.159
303.234
303.245
303.149
303.166
303.256
303.17
303.252
303.06
302.94
303.05
302.95
302.435
302.176
302.164
302.45
302.418
302.128
302.146
302.397
302.634
302.809
302.793
302.649
302.469
302.187
302.194
302.461
302.475
302.202
302.477
302.2
302.669
302.821
302.83
302.661
302.307
302.006
302.042
302.265
302.343
302.103
302.078
302.373
302.497
302.601
302.452
302.649
302.16
301.958
302.217
301.91
302.342
302.549
302.403
302.485
302.095
301.783
301.845
302.021
302.954
302.978
303.033
302.901
303.001
303.121
303.081
303.039
302.863
302.711
302.76
302.811
302.954
302.978
303.033
302.901
303.001
303.121
303.081
303.039
302.863
302.711
302.811
302.76
302.769
302.917
302.841
302.841
302.682
302.654
302.588
302.753
302.682
302.654
302.753
302.588
301.697
301.329
301.479
301.479
301.83
301.702
301.942
301.613
301.83
301.702
301.613
301.942
302.307
302.006
302.042
302.265
302.343
302.103
302.078
302.373
302.497
302.601
302.649
302.452
302.16
301.958
302.217
301.91
302.342
302.549
302.485
302.403
302.095
301.783
302.021
301.845
303.38
303.306
303.369
303.316
303.435
303.469
303.423
303.48
303.387
303.327
303.324
303.391
303.118
303.221
303.202
303.136
303.095
303.151
303.179
303.069
303.019
302.928
303.037
302.911
303.159
303.234
303.245
303.149
303.166
303.256
303.252
303.17
303.06
302.94
303.05
302.95
303.38
303.306
303.369
303.316
303.435
303.469
303.423
303.48
303.387
303.327
303.391
303.324
303.118
303.221
303.202
303.136
303.095
303.151
303.179
303.069
303.019
302.928
303.037
302.911
303.159
303.234
303.245
303.149
303.166
303.256
303.17
303.252
303.06
302.94
303.05
302.95
302.435
302.176
302.164
302.45
302.418
302.128
302.146
302.397
302.634
302.809
302.793
302.649
302.469
302.187
302.461
302.194
302.669
302.821
302.83
302.661
302.475
302.202
302.2
302.477
302.435
302.176
302.164
302.45
302.418
302.128
302.146
302.397
302.634
302.809
302.793
302.649
302.469
302.187
302.461
302.194
302.669
302.821
302.83
302.661
302.474
302.202
302.477
302.2
302.954
302.978
303.033
302.901
303.001
303.121
303.081
303.039
302.863
302.711
302.811
302.76
302.954
302.978
303.033
302.901
303.001
303.121
303.081
303.039
302.863
302.711
302.811
302.76
302.769
302.917
302.841
302.841
302.682
302.654
302.753
302.588
302.682
302.654
302.753
302.588
302.307
302.006
302.042
302.265
302.343
302.103
302.078
302.373
302.497
302.601
302.649
302.452
302.16
301.958
302.217
301.91
302.342
302.549
302.485
302.403
302.095
301.783
301.845
302.021
302.307
302.006
302.042
302.265
302.343
302.103
302.078
302.373
302.497
302.601
302.649
302.452
302.16
301.958
302.217
301.91
302.342
302.549
302.485
302.402
302.095
301.783
301.845
302.021
301.697
301.329
301.479
301.479
301.83
301.702
301.942
301.613
301.83
301.702
301.942
301.613
)
;
        refGradient     uniform 0;
        valueFraction   nonuniform List<scalar> 
1600
(
0.0134098
0.0134098
0.0134098
0.0134098
0.0134098
0.0134098
0.0134098
0.0134098
0.0134098
0.0134098
0.0134098
0.0134098
0.0134098
0.0134098
0.0134098
0.0134098
0.0134098
0.0134098
0.0134098
0.0134098
0.0134098
0.0134098
0.0134098
0.0134098
0.0134098
0.0134098
0.0134098
0.0134098
0.0134098
0.0134098
0.0134098
0.0134098
0.0134098
0.0134098
0.0134098
0.0134098
0.0134098
0.0134098
0.0134098
0.0134098
0.0134098
0.0134098
0.0134098
0.0134098
0.0134098
0.0134098
0.0134098
0.0134098
0.0134098
0.0134098
0.0134098
0.0134098
0.0134098
0.0134098
0.0134098
0.0134098
0.0134098
0.0134098
0.0134098
0.0134098
0.0134098
0.0134098
0.0134098
0.0134098
0.0134098
0.0134098
0.0134098
0.0134098
0.0134098
0.0134098
0.0134098
0.0134098
0.0134098
0.0134098
0.0134098
0.0134098
0.0134098
0.0134098
0.0134098
0.0134098
0.0134098
0.0134098
0.0134098
0.0134098
0.0134098
0.0134098
0.0134098
0.0134098
0.0134098
0.0134098
0.0134098
0.0134098
0.0134098
0.0134098
0.0134098
0.0134098
0.0134098
0.0134098
0.0134098
0.0134098
0.0134098
0.0134098
0.0134098
0.0134098
0.0134098
0.0134098
0.0134098
0.0134098
0.0134098
0.0134098
0.0134098
0.0134098
0.0134098
0.0134098
0.0134098
0.0134098
0.0134098
0.0134098
0.0134098
0.0134098
0.0134098
0.0134098
0.0134098
0.0134098
0.0134098
0.0134098
0.0134098
0.0134098
0.0134098
0.0134098
0.0134098
0.0134098
0.0134098
0.0134098
0.0134098
0.0134098
0.0134098
0.0134098
0.0134098
0.0134098
0.0134098
0.0134098
0.0134098
0.0134098
0.0134098
0.0134098
0.0134098
0.0134098
0.0134098
0.0134098
0.0134098
0.0134098
0.0134098
0.0134098
0.0134098
0.0134098
0.0134098
0.0134098
0.0134098
0.0134098
0.0134098
0.0134098
0.0134098
0.0134098
0.0134098
0.0134098
0.0134098
0.0134098
0.0134098
0.0134098
0.0134098
0.0134098
0.0134098
0.0134098
0.0134098
0.0134098
0.0134098
0.0134098
0.0134098
0.0134098
0.0134098
0.0134098
0.0134098
0.0134098
0.0134098
0.0134098
0.0134098
0.0134098
0.0134098
0.0134098
0.0134098
0.0134098
0.0134098
0.0134098
0.0134098
0.0134098
0.0134098
0.0134098
0.0134098
0.0134098
0.0134098
0.0134098
0.0134098
0.0134098
0.0134098
0.0134098
0.0134098
0.0134098
0.0134098
0.0134098
0.0134098
0.0134098
0.0134098
0.0134098
0.0134098
0.0134098
0.0134098
0.0134098
0.0134098
0.0134098
0.0134098
0.0134098
0.0134098
0.0134098
0.0134098
0.0134098
0.0134098
0.0134098
0.0134098
0.0134098
0.0134098
0.0134098
0.0134098
0.0134098
0.0134098
0.0134098
0.0134098
0.0134098
0.0134098
0.0134098
0.0134098
0.0134098
0.0134098
0.0134098
0.0134098
0.0134098
0.0134098
0.0134098
0.0134098
0.0134098
0.0134098
0.0134098
0.0134098
0.0134098
0.0134098
0.0134098
0.0134098
0.0134098
0.0134098
0.0134098
0.0134098
0.0134098
0.0134098
0.0134098
0.0134098
0.0134098
0.0134098
0.0134098
0.0134098
0.0134098
0.0134098
0.0134098
0.0134098
0.0134098
0.0134098
0.0134098
0.0134098
0.0134098
0.0134098
0.0134098
0.0134098
0.0134098
0.0134098
0.0134098
0.0134098
0.0134098
0.0134098
0.0134098
0.0134098
0.0134098
0.0134098
0.0134098
0.0134098
0.0134098
0.0134098
0.0134098
0.0134098
0.0134098
0.0134098
0.0134098
0.0134098
0.0134098
0.0134098
0.0134098
0.0134098
0.0134098
0.0134098
0.0134098
0.0134098
0.0134098
0.0134098
0.0134098
0.0134098
0.0134098
0.0134098
0.0134098
0.0134098
0.0134098
0.0134098
0.0134098
0.0134098
0.0134098
0.0134098
0.0134098
0.0134098
0.0134098
0.0134098
0.0134098
0.0134098
0.0134098
0.0134098
0.0134098
0.0134098
0.0134098
0.0134098
0.0134098
0.0134098
0.0134098
0.0134098
0.0134098
0.0134098
0.0134098
0.0134098
0.0134098
0.0134098
0.0134098
0.0134098
0.0134098
0.0134098
0.0134098
0.0134098
0.0134098
0.0134098
0.0134098
0.0134098
0.0134098
0.0134098
0.0134098
0.0134098
0.0134098
0.0134098
0.0134098
0.0134098
0.0134098
0.0134098
0.0134098
0.0134098
0.0134098
0.0134098
0.0134098
0.0134098
0.0134098
0.0134098
0.0134098
0.0134098
0.0134098
0.0134098
0.0134098
0.0134098
0.0134098
0.0134098
0.0134098
0.0134098
0.0134098
0.0134098
0.0134098
0.0134098
0.0134098
0.0134098
0.0134098
0.0134098
0.0134098
0.0134098
0.0134098
0.0134098
0.0134098
0.0134098
0.0134098
0.0134098
0.0134098
0.0134098
0.0134098
0.0134098
0.0134098
0.0134098
0.0134098
0.0134098
0.0134098
0.0134098
0.0134098
0.0134098
0.0134098
0.0134098
0.0134098
0.0134098
0.0134098
0.0134098
0.0134098
0.0134098
0.0134098
0.0134098
0.0134098
0.0134098
0.0134098
0.0134098
0.0134098
0.0134098
0.0134098
0.0134098
0.0134098
0.0134098
0.0134098
0.0134098
0.0134098
0.0134098
0.0134098
0.0134098
0.0134098
0.0134098
0.0134098
0.0134098
0.0134098
0.0134098
0.0134098
0.0134098
0.0134098
0.0134098
0.0134098
0.0134098
0.0134098
0.0134098
0.0134098
0.0134098
0.0134098
0.0134098
0.0134098
0.0134098
0.0134098
0.0134098
0.0134098
0.0134098
0.0134098
0.0134098
0.0134098
0.0134098
0.0134098
0.0134098
0.0134098
0.0134098
0.0134098
0.0134098
0.0134098
0.0134098
0.0134098
0.0134098
0.0134098
0.0134098
0.0134098
0.0134098
0.0134098
0.0134098
0.0134098
0.0134098
0.0134098
0.0134098
0.0134098
0.0134098
0.0134098
0.0134098
0.0134098
0.0134098
0.0134098
0.0134098
0.0134098
0.0134098
0.0134098
0.0134098
0.0134098
0.0134098
0.0134098
0.0134098
0.0134098
0.0134098
0.0134098
0.0134098
0.0134098
0.0134098
0.0134098
0.0134098
0.0134098
0.0134098
0.0134098
0.0134098
0.0134098
0.0134098
0.0134098
0.0134098
0.0134098
0.0134098
0.0134098
0.0134098
0.0134098
0.0134098
0.0134098
0.0134098
0.0134098
0.0134098
0.0134098
0.0134098
0.0134098
0.0134098
0.0134098
0.0134098
0.0134098
0.0134098
0.0134098
0.0134098
0.0134098
0.0134098
0.0134098
0.0134098
0.0134098
0.0134098
0.0134098
0.0134098
0.0134098
0.0134098
0.0134098
0.0134098
0.0134098
0.0134098
0.0134098
0.0134098
0.0134098
0.0134098
0.0134098
0.0134098
0.0134098
0.0134098
0.0134098
0.0134098
0.0134098
0.0134098
0.0134098
0.0134098
0.0134098
0.0134098
0.0134098
0.0134098
0.0134098
0.0134098
0.0134098
0.0134098
0.0134098
0.0134098
0.0134098
0.0134098
0.0134098
0.0134098
0.0134098
0.0134098
0.0134098
0.0134098
0.0134098
0.0134098
0.0134098
0.0134098
0.0134098
0.0134098
0.0134098
0.0134098
0.0134098
0.0133615
0.0119868
0.0126626
0.0126626
0.0133842
0.0126909
0.0126847
0.0133842
0.0133842
0.0126909
0.0126847
0.0133842
0.0133842
0.0126962
0.0126962
0.0133842
0.0133842
0.0126962
0.0126962
0.0133842
0.0134098
0.0134098
0.0134098
0.0134098
0.0133842
0.0126962
0.0126962
0.0133842
0.0133842
0.0126962
0.0133842
0.0126962
0.0134098
0.0134098
0.0134098
0.0134098
0.0133842
0.0126962
0.0126962
0.0133842
0.0133842
0.0126962
0.0126962
0.0133842
0.0134098
0.0134098
0.0134098
0.0134098
0.0133842
0.0126962
0.0126962
0.0133842
0.0133842
0.0126962
0.0133842
0.0126962
0.0134098
0.0134098
0.0134098
0.0134098
0.0134098
0.0134098
0.0134098
0.0134098
0.0134098
0.0134098
0.0134098
0.0134098
0.0134098
0.0134098
0.0134098
0.0134098
0.0134098
0.0134098
0.0134098
0.0134098
0.0134098
0.0134098
0.0134098
0.0134098
0.0134098
0.0134098
0.0134098
0.0134098
0.0134098
0.0134098
0.0134098
0.0134098
0.0134098
0.0134098
0.0134098
0.0134098
0.0134098
0.0134098
0.0134098
0.0134098
0.0133842
0.0126962
0.0126962
0.0133842
0.0133842
0.0126962
0.0126962
0.0133842
0.0134098
0.0134098
0.0134098
0.0134098
0.0133842
0.0126962
0.0126962
0.0133842
0.0133842
0.0126962
0.0126962
0.0133842
0.0134098
0.0134098
0.0134098
0.0134098
0.0133842
0.0126962
0.0126962
0.0133842
0.0133842
0.0126962
0.0126962
0.0133842
0.0134098
0.0134098
0.0134098
0.0134098
0.0133842
0.0126962
0.0126962
0.0133842
0.0133842
0.0126962
0.0133842
0.0126962
0.0134098
0.0134098
0.0134098
0.0134098
0.0134098
0.0134098
0.0134098
0.0134098
0.0134098
0.0134098
0.0134098
0.0134098
0.0134098
0.0134098
0.0134098
0.0134098
0.0134098
0.0134098
0.0134098
0.0134098
0.0134098
0.0134098
0.0134098
0.0134098
0.0134098
0.0134098
0.0134098
0.0134098
0.0134098
0.0134098
0.0134098
0.0134098
0.0134098
0.0134098
0.0134098
0.0134098
0.0134098
0.0134098
0.0134098
0.0134098
0.0134098
0.0134098
0.0134098
0.0134098
0.0134098
0.0134098
0.0134098
0.0134098
0.0134098
0.0134098
0.0134098
0.0134098
0.0134098
0.0134098
0.0134098
0.0134098
0.0134098
0.0134098
0.0134098
0.0134098
0.0134098
0.0134098
0.0134098
0.0134098
0.0134098
0.0134098
0.0134098
0.0134098
0.0134098
0.0134098
0.0134098
0.0134098
0.0134098
0.0134098
0.0134098
0.0134098
0.0133842
0.0126962
0.0126962
0.0133842
0.0133842
0.0126962
0.0126962
0.0133842
0.0134098
0.0134098
0.0134098
0.0134098
0.0133842
0.0126962
0.0126962
0.0133842
0.0133842
0.0126962
0.0126962
0.0133842
0.0134098
0.0134098
0.0134098
0.0134098
0.0133615
0.0119868
0.0126626
0.0126626
0.0133842
0.0126909
0.0133842
0.0126847
0.0133842
0.0126909
0.0126847
0.0133842
0.0134098
0.0134098
0.0134098
0.0134098
0.0134098
0.0134098
0.0134098
0.0134098
0.0134098
0.0134098
0.0134098
0.0134098
0.0134098
0.0134098
0.0134098
0.0134098
0.0134098
0.0134098
0.0134098
0.0134098
0.0134098
0.0134098
0.0134098
0.0134098
0.0134098
0.0134098
0.0134098
0.0134098
0.0134098
0.0134098
0.0134098
0.0134098
0.0134098
0.0134098
0.0134098
0.0134098
0.0133842
0.0126962
0.0126962
0.0133842
0.0133842
0.0126962
0.0126962
0.0133842
0.0134098
0.0134098
0.0134098
0.0134098
0.0133842
0.0126962
0.0126962
0.0133842
0.0133842
0.0126962
0.0133842
0.0126962
0.0134098
0.0134098
0.0134098
0.0134098
0.0133842
0.0126962
0.0126962
0.0133842
0.0133842
0.0126962
0.0126962
0.0133842
0.0134098
0.0134098
0.0134098
0.0134098
0.0133842
0.0126962
0.0133842
0.0126962
0.0134098
0.0134098
0.0134098
0.0134098
0.0133842
0.0126962
0.0126962
0.0133842
0.0134098
0.0134098
0.0134098
0.0134098
0.0134098
0.0134098
0.0134098
0.0134098
0.0134098
0.0134098
0.0134098
0.0134098
0.0134098
0.0134098
0.0134098
0.0134098
0.0134098
0.0134098
0.0134098
0.0134098
0.0134098
0.0134098
0.0134098
0.0134098
0.0134098
0.0134098
0.0134098
0.0134098
0.0134098
0.0134098
0.0134098
0.0134098
0.0134098
0.0134098
0.0134098
0.0134098
0.0133842
0.0126962
0.0126962
0.0133842
0.0133842
0.0126962
0.0126962
0.0133842
0.0134098
0.0134098
0.0134098
0.0134098
0.0133842
0.0126962
0.0126962
0.0133842
0.0133842
0.0126962
0.0133842
0.0126962
0.0134098
0.0134098
0.0134098
0.0134098
0.0134098
0.0134098
0.0134098
0.0134098
0.0134098
0.0134098
0.0134098
0.0134098
0.0134098
0.0134098
0.0134098
0.0134098
0.0134098
0.0134098
0.0134098
0.0134098
0.0134098
0.0134098
0.0134098
0.0134098
0.0134098
0.0134098
0.0134098
0.0134098
0.0134098
0.0134098
0.0134098
0.0134098
0.0134098
0.0134098
0.0134098
0.0134098
0.0134098
0.0134098
0.0134098
0.0134098
0.0134098
0.0134098
0.0134098
0.0134098
0.0134098
0.0134098
0.0134098
0.0134098
0.0134098
0.0134098
0.0134098
0.0134098
0.0134098
0.0134098
0.0134098
0.0134098
0.0134098
0.0134098
0.0134098
0.0134098
0.0134098
0.0134098
0.0134098
0.0134098
0.0134098
0.0134098
0.0134098
0.0134098
0.0134098
0.0134098
0.0134098
0.0134098
0.0134098
0.0134098
0.0134098
0.0134098
0.0134098
0.0134098
0.0134098
0.0134098
0.0134098
0.0134098
0.0134098
0.0134098
0.0134098
0.0134098
0.0134098
0.0134098
0.0134098
0.0134098
0.0134098
0.0134098
0.0134098
0.0134098
0.0134098
0.0134098
0.0134098
0.0134098
0.0134098
0.0134098
0.0134098
0.0134098
0.0134098
0.0134098
0.0134098
0.0134098
0.0134098
0.0134098
0.0134098
0.0134098
0.0134098
0.0134098
0.0134098
0.0134098
0.0134098
0.0134098
0.0134098
0.0134098
0.0134098
0.0134098
0.0134098
0.0134098
0.0134098
0.0134098
0.0134098
0.0134098
0.0134098
0.0134098
0.0134098
0.0134098
0.0134098
0.0134098
0.0134098
0.0134098
0.0134098
0.0134098
0.0134098
0.0134098
0.0134098
0.0134098
0.0134098
0.0134098
0.0134098
0.0134098
0.0134098
0.0134098
0.0134098
0.0134098
0.0134098
0.0134098
0.0134098
0.0134098
0.0134098
0.0134098
0.0134098
0.0134098
0.0134098
0.0134098
0.0134098
0.0134098
0.0134098
0.0134098
0.0134098
0.0134098
0.0134098
0.0134098
0.0134098
0.0134098
0.0134098
0.0134098
0.0134098
0.0134098
0.0134098
0.0134098
0.0134098
0.0134098
0.0134098
0.0134098
0.0134098
0.0134098
0.0134098
0.0134098
0.0134098
0.0134098
0.0134098
0.0134098
0.0134098
0.0134098
0.0134098
0.0134098
0.0134098
0.0134098
0.0134098
0.0134098
0.0134098
0.0134098
0.0134098
0.0134098
0.0134098
0.0134098
0.0134098
0.0134098
0.0134098
0.0134098
0.0134098
0.0134098
0.0134098
0.0134098
0.0134098
0.0134098
0.0134098
0.0134098
0.0134098
0.0134098
0.0134098
0.0134098
0.0134098
0.0134098
0.0134098
0.0134098
0.0133842
0.0126962
0.0126962
0.0133842
0.0133842
0.0126962
0.0126962
0.0133842
0.0134098
0.0134098
0.0134098
0.0134098
0.0133842
0.0126962
0.0133842
0.0126962
0.0134098
0.0134098
0.0134098
0.0134098
0.0133842
0.0126962
0.0126962
0.0133842
0.0134098
0.0134098
0.0134098
0.0134098
0.0134098
0.0134098
0.0134098
0.0134098
0.0134098
0.0134098
0.0134098
0.0134098
0.0134098
0.0134098
0.0134098
0.0134098
0.0134098
0.0134098
0.0134098
0.0134098
0.0134098
0.0134098
0.0134098
0.0134098
0.0134098
0.0134098
0.0134098
0.0134098
0.0134098
0.0134098
0.0134098
0.0134098
0.0134098
0.0134098
0.0134098
0.0134098
0.0133842
0.0126962
0.0126962
0.0133842
0.0133842
0.0126962
0.0126962
0.0133842
0.0134098
0.0134098
0.0134098
0.0134098
0.0133842
0.0126962
0.0126962
0.0133842
0.0133842
0.0126962
0.0133842
0.0126962
0.0134098
0.0134098
0.0134098
0.0134098
0.0133842
0.0126962
0.0126962
0.0133842
0.0133842
0.0126962
0.0126962
0.0133842
0.0134098
0.0134098
0.0134098
0.0134098
0.0133842
0.0126962
0.0133842
0.0126962
0.0134098
0.0134098
0.0134098
0.0134098
0.0133842
0.0126962
0.0126962
0.0133842
0.0134098
0.0134098
0.0134098
0.0134098
0.0134098
0.0134098
0.0134098
0.0134098
0.0134098
0.0134098
0.0134098
0.0134098
0.0134098
0.0134098
0.0134098
0.0134098
0.0134098
0.0134098
0.0134098
0.0134098
0.0134098
0.0134098
0.0134098
0.0134098
0.0134098
0.0134098
0.0134098
0.0134098
0.0134098
0.0134098
0.0134098
0.0134098
0.0134098
0.0134098
0.0134098
0.0134098
0.0133615
0.0119868
0.0126626
0.0126626
0.0133842
0.0126909
0.0133842
0.0126847
0.0133842
0.0126909
0.0126847
0.0133842
0.0133842
0.0126962
0.0126962
0.0133842
0.0133842
0.0126962
0.0126962
0.0133842
0.0134098
0.0134098
0.0134098
0.0134098
0.0133842
0.0126962
0.0133842
0.0126962
0.0134098
0.0134098
0.0134098
0.0134098
0.0133842
0.0126962
0.0133842
0.0126962
0.0134098
0.0134098
0.0134098
0.0134098
0.0134098
0.0134098
0.0134098
0.0134098
0.0134098
0.0134098
0.0134098
0.0134098
0.0134098
0.0134098
0.0134098
0.0134098
0.0134098
0.0134098
0.0134098
0.0134098
0.0134098
0.0134098
0.0134098
0.0134098
0.0134098
0.0134098
0.0134098
0.0134098
0.0134098
0.0134098
0.0134098
0.0134098
0.0134098
0.0134098
0.0134098
0.0134098
0.0134098
0.0134098
0.0134098
0.0134098
0.0134098
0.0134098
0.0134098
0.0134098
0.0134098
0.0134098
0.0134098
0.0134098
0.0134098
0.0134098
0.0134098
0.0134098
0.0134098
0.0134098
0.0134098
0.0134098
0.0134098
0.0134098
0.0134098
0.0134098
0.0134098
0.0134098
0.0134098
0.0134098
0.0134098
0.0134098
0.0134098
0.0134098
0.0134098
0.0134098
0.0134098
0.0134098
0.0133842
0.0126962
0.0126962
0.0133842
0.0133842
0.0126962
0.0126962
0.0133842
0.0134098
0.0134098
0.0134098
0.0134098
0.0133842
0.0126962
0.0133842
0.0126962
0.0134098
0.0134098
0.0134098
0.0134098
0.0133842
0.0126962
0.0126962
0.0133842
0.0133842
0.0126962
0.0126962
0.0133842
0.0133842
0.0126962
0.0126962
0.0133842
0.0134098
0.0134098
0.0134098
0.0134098
0.0133842
0.0126962
0.0133842
0.0126962
0.0134098
0.0134098
0.0134098
0.0134098
0.0133842
0.0126962
0.0133842
0.0126962
0.0134098
0.0134098
0.0134098
0.0134098
0.0134098
0.0134098
0.0134098
0.0134098
0.0134098
0.0134098
0.0134098
0.0134098
0.0134098
0.0134098
0.0134098
0.0134098
0.0134098
0.0134098
0.0134098
0.0134098
0.0134098
0.0134098
0.0134098
0.0134098
0.0134098
0.0134098
0.0134098
0.0134098
0.0134098
0.0134098
0.0134098
0.0134098
0.0134098
0.0134098
0.0134098
0.0134098
0.0133842
0.0126962
0.0126962
0.0133842
0.0133842
0.0126962
0.0126962
0.0133842
0.0134098
0.0134098
0.0134098
0.0134098
0.0133842
0.0126962
0.0133842
0.0126962
0.0134098
0.0134098
0.0134098
0.0134098
0.0133842
0.0126962
0.0126962
0.0133842
0.0133842
0.0126962
0.0126962
0.0133842
0.0133842
0.0126962
0.0126962
0.0133842
0.0134098
0.0134098
0.0134098
0.0134098
0.0133842
0.0126962
0.0133842
0.0126962
0.0134098
0.0134098
0.0134098
0.0134098
0.0133842
0.0126962
0.0126962
0.0133842
0.0133615
0.0119868
0.0126626
0.0126626
0.0133842
0.0126909
0.0133842
0.0126847
0.0133842
0.0126909
0.0133842
0.0126847
)
;
        source          uniform 0;
        logInterval     -1;
        thicknessLayers List<scalar> 1(0.0001);
        kappaLayers     List<scalar> 1(33.33);
        writePrecision  6;
        updateHeader    1;
        writeToFile     0;
        useUserTime     1;
        kappaMethod     solidThermo;
        value           nonuniform List<scalar> 
1600
(
305.468
305.553
305.51
305.51
305.576
305.589
305.545
305.62
305.576
305.589
305.545
305.62
305.468
305.553
305.51
305.51
305.576
305.589
305.545
305.62
305.576
305.589
305.62
305.545
305.689
305.625
305.657
305.657
305.689
305.625
305.657
305.657
305.689
305.625
305.657
305.657
305.689
305.625
305.657
305.657
305.576
305.589
305.545
305.62
305.576
305.589
305.62
305.545
305.468
305.553
305.51
305.51
305.576
305.589
305.62
305.545
305.576
305.589
305.62
305.545
305.468
305.553
305.51
305.51
304.409
304.574
304.489
304.489
304.892
305.02
304.984
304.926
304.631
304.648
304.562
304.719
304.892
305.02
304.984
304.926
304.631
304.648
304.562
304.719
305.153
305.108
305.071
305.191
305.153
305.108
305.071
305.191
304.872
304.726
304.798
304.798
304.98
305.05
304.955
305.075
305.046
305.147
305.049
305.144
304.98
305.05
305.075
304.955
305.046
305.147
305.049
305.144
305.25
305.139
305.223
305.165
305.658
305.708
305.662
305.704
305.323
305.239
305.235
305.326
305.25
305.139
305.165
305.223
305.658
305.708
305.662
305.704
305.323
305.239
305.235
305.326
304.892
305.02
304.926
304.984
304.631
304.648
304.562
304.719
304.409
304.574
304.489
304.489
305.153
305.108
305.191
305.071
305.153
305.108
305.071
305.191
304.872
304.726
304.798
304.798
304.892
305.02
304.984
304.926
304.631
304.648
304.562
304.719
304.98
305.05
304.955
305.075
305.046
305.147
305.144
305.049
305.25
305.139
305.223
305.165
305.658
305.708
305.662
305.704
305.323
305.239
305.236
305.326
304.98
305.05
305.075
304.955
305.046
305.147
305.049
305.144
305.658
305.708
305.662
305.704
305.25
305.139
305.165
305.223
305.323
305.239
305.326
305.236
305.775
305.746
305.742
305.779
305.775
305.746
305.742
305.779
305.863
305.872
305.868
305.868
305.775
305.746
305.742
305.779
305.775
305.746
305.779
305.742
305.863
305.872
305.868
305.868
305.775
305.746
305.742
305.779
305.775
305.746
305.779
305.742
305.863
305.872
305.868
305.868
305.775
305.746
305.779
305.742
305.775
305.746
305.779
305.742
305.863
305.872
305.868
305.868
305.25
305.139
305.223
305.165
305.658
305.708
305.704
305.662
305.323
305.239
305.236
305.326
304.98
305.05
304.955
305.075
305.046
305.147
305.144
305.049
305.658
305.708
305.704
305.662
305.25
305.139
305.165
305.223
305.323
305.239
305.326
305.236
304.98
305.05
305.075
304.955
305.046
305.147
305.049
305.144
304.892
305.02
304.926
304.984
304.631
304.648
304.719
304.562
305.153
305.108
305.191
305.071
305.153
305.108
305.071
305.191
304.872
304.726
304.798
304.798
304.409
304.574
304.489
304.489
304.892
305.02
304.984
304.926
304.631
304.648
304.719
304.562
305.658
305.708
305.704
305.662
305.25
305.139
305.223
305.165
305.323
305.239
305.326
305.236
305.658
305.708
305.704
305.662
305.25
305.139
305.165
305.223
305.323
305.239
305.326
305.236
304.98
305.05
304.955
305.075
305.046
305.147
305.144
305.049
304.98
305.05
305.075
304.955
305.046
305.147
305.144
305.049
305.153
305.108
305.191
305.071
305.153
305.108
305.191
305.071
304.872
304.726
304.798
304.798
304.892
305.02
304.926
304.984
304.631
304.648
304.719
304.562
304.892
305.02
304.926
304.984
304.631
304.648
304.719
304.562
304.409
304.574
304.489
304.489
305.37
305.261
305.315
305.315
305.418
305.403
305.46
305.362
305.418
305.403
305.46
305.362
305.55
305.511
305.491
305.57
305.525
305.437
305.495
305.466
305.602
305.667
305.646
305.623
305.55
305.511
305.491
305.57
305.525
305.437
305.495
305.466
305.602
305.667
305.646
305.623
305.37
305.261
305.315
305.315
305.418
305.403
305.46
305.362
305.418
305.403
305.46
305.362
305.55
305.511
305.491
305.57
305.525
305.437
305.495
305.466
305.602
305.667
305.646
305.623
305.55
305.511
305.57
305.491
305.602
305.667
305.646
305.623
305.525
305.437
305.495
305.466
305.743
305.787
305.765
305.765
305.716
305.705
305.683
305.737
305.716
305.705
305.683
305.737
305.743
305.787
305.765
305.765
305.716
305.705
305.683
305.737
305.716
305.705
305.683
305.737
305.743
305.787
305.765
305.765
305.716
305.705
305.683
305.737
305.716
305.705
305.683
305.737
305.743
305.787
305.765
305.765
305.716
305.705
305.683
305.737
305.716
305.705
305.683
305.737
305.55
305.511
305.491
305.57
305.525
305.437
305.495
305.466
305.602
305.667
305.646
305.623
305.55
305.511
305.57
305.491
305.602
305.667
305.646
305.623
305.525
305.437
305.495
305.466
305.37
305.261
305.315
305.315
305.418
305.403
305.46
305.362
305.418
305.403
305.46
305.362
305.55
305.511
305.57
305.491
305.602
305.667
305.646
305.623
305.525
305.437
305.495
305.466
305.55
305.511
305.57
305.491
305.602
305.667
305.646
305.623
305.525
305.437
305.495
305.466
305.37
305.261
305.315
305.315
305.418
305.403
305.46
305.362
305.418
305.403
305.46
305.362
304.253
304.034
304.173
304.173
304.322
304.33
304.256
304.395
304.322
304.33
304.256
304.395
304.757
304.644
304.688
304.712
304.795
304.759
304.726
304.829
304.852
304.896
304.806
304.943
304.603
304.594
304.536
304.661
304.536
304.401
304.467
304.47
304.696
304.843
304.754
304.783
304.757
304.645
304.688
304.712
304.796
304.76
304.727
304.829
304.852
304.896
304.806
304.944
304.603
304.595
304.537
304.662
304.537
304.402
304.468
304.47
304.696
304.843
304.754
304.784
305.184
305.2
305.253
305.133
305.23
305.339
305.3
305.268
305.11
304.98
305.029
305.06
305.184
305.2
305.253
305.133
305.23
305.339
305.3
305.268
305.11
304.981
305.029
305.06
305.011
305.142
305.075
305.075
304.94
304.925
304.864
305.003
304.94
304.925
304.864
305.003
304.901
304.847
304.831
304.918
304.881
304.787
304.811
304.857
305
305.114
305.017
305.096
304.94
304.859
304.868
304.93
304.946
304.878
304.875
304.949
305.04
305.127
305.03
305.137
304.901
304.847
304.831
304.918
304.881
304.787
304.811
304.857
305
305.114
305.017
305.096
304.94
304.859
304.868
304.93
304.946
304.878
304.949
304.875
305.04
305.127
305.03
305.137
305.352
305.444
305.425
305.371
305.328
305.372
305.401
305.3
305.272
305.205
305.187
305.291
305.597
305.526
305.586
305.537
305.65
305.683
305.638
305.695
305.605
305.549
305.545
305.609
305.396
305.459
305.385
305.47
305.316
305.218
305.229
305.305
305.403
305.481
305.478
305.407
305.352
305.444
305.425
305.371
305.328
305.372
305.401
305.3
305.272
305.205
305.187
305.291
305.597
305.526
305.586
305.537
305.65
305.683
305.638
305.695
305.605
305.549
305.609
305.545
305.396
305.459
305.385
305.47
305.316
305.218
305.229
305.305
305.403
305.481
305.407
305.478
304.757
304.644
304.688
304.712
304.795
304.759
304.726
304.829
304.852
304.896
304.806
304.943
304.603
304.594
304.536
304.661
304.536
304.401
304.47
304.467
304.696
304.843
304.754
304.783
304.253
304.034
304.173
304.173
304.322
304.33
304.395
304.256
304.322
304.33
304.256
304.395
305.184
305.2
305.253
305.133
305.23
305.339
305.3
305.268
305.11
304.98
305.029
305.06
305.184
305.2
305.253
305.133
305.23
305.339
305.3
305.268
305.11
304.981
305.06
305.029
305.011
305.142
305.075
305.075
304.94
304.925
304.864
305.003
304.94
304.925
305.003
304.864
304.757
304.645
304.688
304.712
304.796
304.76
304.727
304.829
304.852
304.896
304.944
304.806
304.603
304.595
304.537
304.662
304.537
304.402
304.468
304.47
304.696
304.843
304.784
304.754
304.901
304.847
304.831
304.918
304.881
304.787
304.811
304.857
305
305.114
305.017
305.096
304.94
304.859
304.93
304.869
305.04
305.127
305.03
305.137
304.946
304.878
304.875
304.949
305.352
305.444
305.425
305.371
305.328
305.372
305.401
305.301
305.272
305.205
305.187
305.291
305.597
305.526
305.586
305.537
305.65
305.683
305.638
305.695
305.605
305.549
305.545
305.609
305.396
305.459
305.385
305.47
305.316
305.218
305.229
305.305
305.403
305.481
305.478
305.407
304.901
304.847
304.831
304.918
304.881
304.787
304.811
304.857
305
305.114
305.017
305.096
304.94
304.859
304.868
304.93
304.946
304.878
304.949
304.875
305.04
305.127
305.03
305.137
305.597
305.526
305.586
305.537
305.65
305.683
305.638
305.695
305.605
305.549
305.609
305.545
305.352
305.444
305.425
305.371
305.328
305.372
305.401
305.3
305.272
305.205
305.187
305.291
305.396
305.459
305.47
305.385
305.403
305.481
305.407
305.478
305.316
305.218
305.229
305.305
305.794
305.804
305.781
305.816
305.766
305.721
305.754
305.733
305.802
305.829
305.825
305.807
305.794
305.804
305.781
305.816
305.766
305.721
305.754
305.733
305.802
305.829
305.825
305.807
305.846
305.821
305.833
305.833
305.855
305.846
305.842
305.859
305.855
305.846
305.842
305.859
305.794
305.804
305.781
305.816
305.766
305.721
305.754
305.733
305.802
305.829
305.807
305.825
305.794
305.804
305.781
305.816
305.766
305.721
305.754
305.733
305.802
305.829
305.825
305.807
305.846
305.821
305.833
305.833
305.855
305.846
305.859
305.842
305.855
305.846
305.842
305.859
305.794
305.804
305.781
305.816
305.766
305.721
305.754
305.733
305.802
305.829
305.807
305.825
305.794
305.804
305.781
305.816
305.766
305.721
305.754
305.733
305.802
305.829
305.825
305.807
305.846
305.821
305.833
305.833
305.855
305.846
305.859
305.842
305.855
305.846
305.842
305.859
305.794
305.804
305.781
305.816
305.766
305.721
305.754
305.733
305.802
305.829
305.807
305.825
305.794
305.804
305.781
305.816
305.766
305.721
305.754
305.733
305.802
305.829
305.807
305.825
305.846
305.821
305.833
305.833
305.855
305.846
305.859
305.842
305.855
305.846
305.859
305.842
305.352
305.444
305.425
305.371
305.328
305.372
305.401
305.301
305.272
305.205
305.291
305.187
305.597
305.526
305.586
305.537
305.65
305.683
305.638
305.695
305.605
305.549
305.545
305.609
305.396
305.459
305.385
305.47
305.316
305.218
305.305
305.229
305.403
305.481
305.478
305.407
304.901
304.847
304.831
304.918
304.881
304.787
304.811
304.857
305
305.114
305.096
305.017
304.94
304.859
304.93
304.869
305.04
305.127
305.137
305.03
304.946
304.878
304.875
304.949
305.597
305.526
305.586
305.537
305.65
305.683
305.638
305.695
305.605
305.549
305.609
305.545
305.352
305.444
305.425
305.371
305.328
305.372
305.401
305.301
305.272
305.205
305.291
305.187
305.396
305.459
305.47
305.385
305.403
305.481
305.407
305.478
305.316
305.218
305.305
305.229
304.901
304.847
304.831
304.918
304.881
304.787
304.811
304.857
305
305.114
305.096
305.017
304.94
304.859
304.869
304.93
304.946
304.878
304.949
304.875
305.04
305.127
305.137
305.03
304.757
304.644
304.688
304.712
304.795
304.759
304.727
304.829
304.852
304.896
304.806
304.944
304.603
304.594
304.661
304.537
304.696
304.843
304.754
304.783
304.537
304.401
304.47
304.467
305.184
305.2
305.253
305.133
305.23
305.339
305.3
305.268
305.11
304.98
305.029
305.06
305.184
305.2
305.253
305.133
305.23
305.339
305.3
305.268
305.11
304.98
305.06
305.029
305.011
305.142
305.075
305.075
304.94
304.925
304.864
305.003
304.94
304.925
305.003
304.864
304.253
304.034
304.173
304.173
304.322
304.33
304.395
304.256
304.322
304.33
304.256
304.395
304.757
304.644
304.688
304.712
304.795
304.759
304.727
304.829
304.852
304.896
304.944
304.806
304.603
304.594
304.661
304.537
304.696
304.843
304.784
304.754
304.537
304.401
304.467
304.47
305.597
305.526
305.586
305.537
305.65
305.683
305.638
305.695
305.605
305.549
305.545
305.609
305.352
305.444
305.425
305.371
305.328
305.372
305.401
305.3
305.272
305.205
305.291
305.187
305.396
305.459
305.47
305.385
305.403
305.481
305.478
305.407
305.316
305.218
305.305
305.229
305.597
305.526
305.586
305.537
305.65
305.683
305.638
305.695
305.605
305.549
305.609
305.545
305.352
305.444
305.425
305.371
305.328
305.372
305.401
305.3
305.272
305.205
305.291
305.187
305.396
305.459
305.47
305.385
305.403
305.481
305.407
305.478
305.316
305.218
305.305
305.229
304.901
304.847
304.831
304.918
304.881
304.787
304.811
304.857
305
305.114
305.096
305.017
304.94
304.859
304.93
304.868
305.04
305.127
305.137
305.03
304.946
304.878
304.875
304.949
304.901
304.847
304.831
304.918
304.881
304.787
304.811
304.857
305
305.114
305.096
305.017
304.94
304.859
304.93
304.868
305.04
305.127
305.137
305.03
304.946
304.878
304.949
304.875
305.184
305.2
305.253
305.133
305.23
305.339
305.3
305.268
305.11
304.981
305.06
305.029
305.184
305.2
305.253
305.133
305.23
305.339
305.3
305.268
305.11
304.98
305.06
305.029
305.011
305.142
305.075
305.075
304.94
304.925
305.003
304.864
304.94
304.925
305.003
304.864
304.757
304.645
304.688
304.712
304.796
304.759
304.727
304.829
304.852
304.896
304.944
304.806
304.603
304.595
304.662
304.537
304.696
304.843
304.784
304.754
304.537
304.401
304.47
304.468
304.757
304.644
304.688
304.712
304.795
304.759
304.727
304.829
304.852
304.896
304.944
304.806
304.603
304.594
304.661
304.536
304.696
304.843
304.783
304.754
304.536
304.401
304.47
304.467
304.253
304.034
304.173
304.173
304.322
304.33
304.395
304.256
304.322
304.33
304.395
304.256
)
;
    }
}


// ************************************************************************* //
