/*--------------------------------*- C++ -*----------------------------------*\
| =========                 |                                                 |
| \\      /  F ield         | OpenFOAM: The Open Source CFD Toolbox           |
|  \\    /   O peration     | Version:  2412                                  |
|   \\  /    A nd           | Website:  www.openfoam.com                      |
|    \\/     M anipulation  |                                                 |
\*---------------------------------------------------------------------------*/
FoamFile
{
    version     2.0;
    format      ascii;
    arch        "LSB;label=32;scalar=64";
    class       volScalarField;
    location    "2.6";
    object      gradTx;
}
// * * * * * * * * * * * * * * * * * * * * * * * * * * * * * * * * * * * * * //

dimensions      [0 -1 0 1 0 0 0];

internalField   nonuniform List<scalar> 
5712
(
-7757.07
-9474.09
-17743.3
-27692.2
-26781.4
-52254.4
-18539.6
-55771.8
-19131
-44731.1
-23516.4
-38647.4
-17999.6
-23778.6
-9679.82
-9816.46
-12548.6
-14161.2
-17256.1
-15625.6
-12020.2
-18100.6
-17939.1
-17971.8
-5062.48
-3652.83
-6867.72
-4898.31
-11471.5
-7397.99
-21251.4
-14775.6
-17706.2
-17914.6
-17926.6
-18034.6
-4072.62
-3675.84
-41294.4
-51080.9
-21953.7
-29317.7
-53321.4
-65619
-24705.8
-30399.7
-30884.3
-40395
-24587.8
-34088.6
-14105.8
-17889.4
-2865.2
-904.982
-3732.71
-1290.62
-6406.5
-2630.8
-11148.7
-4084.57
-7277.1
-2416.04
-7399.74
-2092.34
-14579.1
-4240.76
-19128.3
-5989.32
-24742.9
-14109
-20951.8
-14470.8
-25459.9
-16392.8
-20213.5
-16380.8
-16168.4
-11646.5
-17698.2
-11160.2
-20369.9
-15051.3
-21056.6
-15466.8
-19819.6
-16801.6
-20594.6
-17159.1
-16721.4
-12389.5
-18043.5
-12875.5
-17788.1
-7272.8
-10101.9
-11488.8
-19100.8
-8360.72
-9965
-11955
-17868.1
-6805.04
-10622
-11368.5
-18488.2
-6858.7
-11194.4
-11496.1
-2767.78
-3103.45
-970.789
-1903.92
-7986.55
-9357.51
-3260.85
-6155.21
-12974.7
-15398.8
-5785.41
-10331.9
-17354.2
-9182.83
-17422.3
-20750.7
-10356
-6771.36
-10828.4
-12187.4
-21072.4
-13208.2
-9822.37
-12806.2
-14104.4
-13555.9
-16827.9
-3075.67
-3162.26
-1892.51
-2023.65
-9123.67
-8757.68
-5818.46
-5926.88
-13687.3
-12626.4
-8591.87
-8665.03
-9648.28
-10809.9
-15254.2
-16183.7
-16797.8
-15823.8
-19831.6
-18262.8
-13509
-13484.5
-12926.5
-14166.4
-16641.5
-15401.4
-15589.2
-13222.5
-13869.6
-11266.4
-15260.8
-12240.3
-14136.6
-7787.47
-11078.6
-10878.7
-15608
-18295.4
-15938.7
-20860
-9312.94
-9274.7
-12773.7
-6025.09
-10666.7
-16914.7
-10997.1
-18005.3
-16157
-25527.3
-16667.7
-26057.7
-8981.26
-14788.6
-9254.78
-15977.1
-11035.5
-8322.25
-14037.5
-6430.53
-12000.9
-4734.4
-13296.7
-3474.5
-11415.1
-11815.9
-14674.5
-7620.53
-10264.1
-13581
-13455.8
-9663.76
-2980.58
-2792.86
-2441.37
-1921.58
-1890.82
-1669.08
-8110.44
-7073.08
-6245.32
-5253.52
-4446.71
-3796.61
-10665.9
-9157.92
-8448.35
-7555.61
-6171.43
-5643.8
-9787.97
-8071.39
-7733.14
-15174.2
-11493
-9449.88
-13536.8
-10086.6
-7933.21
-14992.6
-11919.7
-10156.2
-11428.3
-7884.16
-5964.73
-18300.1
-15081
-13529.3
-13331.7
-10713.4
-8997.38
-11658.7
-8898.46
-7103.11
-10315
-7827.72
-6309.92
-10976.2
-6667.96
-4231.25
-11323.8
-18510.8
-9574.37
-13762.3
-9139.8
-18878.1
-7633.81
-15457.8
-207.218
-1735.09
225.037
-1014.94
-3569.57
-6705.36
-2237.17
-4032.5
-1869.15
-3971.93
-10937
-16357.2
-8688.57
-6401.17
-11503.6
-10053.8
-15361.5
-16431.6
526.208
5388.59
-8328.39
-5867.62
-6440.85
-3716.37
-1597.65
-1024.7
-1271.18
-772.898
-3919.11
-1293.52
-1933.75
-236.624
-9961.96
-3054.08
-7432.14
-2324.07
-8415.14
-2544.44
-9527.67
-3164.38
-12192.4
-12130.2
-9511.47
-12066.6
-18308.2
-16570.1
-15014.6
-15801.4
-7150.5
-9470.73
-8338.63
-8726.77
-8917.44
-12033.6
-9381.35
-12171
-14346.3
-15539.4
-14873.8
-15676.5
-6335.97
-9637.03
-6150.25
-9782.23
-1006.53
-1666.67
-7772.89
-4582.44
-993.669
-1449.82
-6805.98
-3895.17
-984.144
-1499.15
-8226.44
-5040.02
-1290.39
-1619.5
-8330.42
-5320.03
146.087
280.985
-501.869
-370.19
762.785
1275.52
-854.15
-631.484
-1339.76
-321.412
-2752.21
-2486.99
7666.74
3907.16
4427.86
2798.6
-248.98
7066.72
10385.9
4892.9
4817.39
-229.921
-9271.95
-6883.82
-5805.95
-6104.75
-3801.94
504.389
397.689
-230.431
-367.635
1404.19
1603.46
-664.847
-925.433
1128.86
1793.16
-1667.21
-2083.72
3151.81
1717.6
8102.55
5827.37
4262.37
3099.6
3753.5
3148.76
-589.829
-1475.94
-4881.4
-3360.44
477.992
2276.93
560.104
1927.58
-635.599
498.963
-1200.64
-1685.44
-4110.55
-4562.41
-9796.55
-6239.52
-8594.24
-8428.52
-12960.6
-10171.5
-7668.04
-4781.3
-2679.62
-3389.03
-11597.3
-4912.38
-12430.8
-4518.31
-14892.5
-9782.58
-15836.8
-9370.46
-9216.87
-3521.07
-10007.9
-3053.86
-6033.06
-5045.29
-4876.49
-8468.33
-3103.63
-4100.73
-3320.18
-7165.61
-6623.98
-4764.09
-5856.52
-9698.36
-7916.3
-4552.79
-6804.8
-9649.15
575.701
794.117
944.114
-237.234
146.173
210.103
2123.35
2658.24
2899
-371.677
626.66
779.362
2554.1
3788.26
4322.83
-1139.51
1103.04
1575.43
1007.34
1568.42
1426.23
4635.6
5035.16
4702.1
3618.59
4335.96
4226.8
3801.46
4938.1
5161.09
-739.623
1607.64
1565.28
-3932.03
-1879.45
-1046.26
1521.69
2814.55
3231.1
1717.61
3164.83
3537.31
976.935
2774.95
3161.25
-2081.6
1088.52
1326.16
-80.8809
7.82175
41.6149
88.8915
110.994
110.499
129.691
134.95
-221.334
8.51451
111.395
234.744
254.397
253.988
283.258
308.041
-449.489
-54.534
121.716
360.617
35.7534
211.184
258.145
354.659
43.8721
138.37
107.569
119.746
-173.129
-9.91758
54.8513
126.87
-1127.12
-334.315
-108.396
214.455
-1697.37
-533.249
-292.5
299.337
-955.151
-253.774
-28.5412
351.524
-1386.28
-426.206
-250.334
301.115
-1040.32
-322.065
-107.374
180.894
-1870.04
-591.186
-311.294
369.614
-1103.85
-377.431
-107.653
238.006
-1959.72
-625.474
-328.569
405.077
-82.1786
-4.85434
17.3579
80.5362
-73.729
-2.69549
4.19275
84.3362
-226.007
-19.2619
48.9023
212.969
-133.091
16.8992
25.9657
229.993
-776.49
-194.678
-25.4652
329.096
-613.263
-125.296
-22.1368
366.374
-414.518
-40.8777
68.0595
358.012
-280.895
-11.239
14.9206
355.004
-1184.82
-331.473
-175.294
409.346
32.8956
31.1272
24.5233
65.9628
132.815
59.558
36.3845
40.1113
8.87822
59.4618
48.6327
174.381
320.297
153.375
91.3802
106.602
-119.181
40.728
53.4164
273.08
420.627
218.948
137.006
163.827
-166.153
51.8606
67.7277
362.39
412.312
254.949
156.97
194.884
-407.493
2.9487
-2.58052
356.942
189.089
226.336
125.414
182.477
-1232.59
-150.09
-102.415
343.094
-384.93
72.7856
47.468
136.074
-832.614
-50.3813
-59.6374
346.594
-168.267
151.062
85.2992
161.371
-1569.64
-288.586
-165.718
369.554
-531.115
-11.8827
6.6317
122.234
-1806.62
-439.403
-241.722
365.905
-671.93
-120.559
-45.9429
103.678
36.1209
17.4189
9.40501
5.70572
4.22161
49.0908
26.3279
14.918
9.26166
6.9039
77.4988
37.0532
19.9147
12.1188
9.03576
129.536
71.6206
41.2483
25.9109
19.4339
110.035
53.2857
29.1685
17.9758
13.4912
185.874
101.75
59.1688
37.4878
28.2393
63.1211
33.4627
19.4902
12.4054
9.36202
36.0794
18.2665
10.3517
6.53566
4.9103
97.1501
44.3117
24.3669
15.1441
11.326
22.9147
6.68253
2.88445
1.59433
1.14139
142.046
72.8287
41.6608
26.2826
19.7844
39.9698
16.305
8.5936
5.23162
3.86259
35.3153
9.67543
3.87937
2.08487
1.48476
23.8644
7.47604
3.44322
2.00325
1.46942
34.1234
8.88055
3.38028
1.77922
1.22466
17.5643
2.68775
0.42796
0.0409842
-0.0430169
29.4365
13.1578
6.80238
4.01471
2.9353
27.1863
12.3469
6.42899
3.80038
2.77963
67.5736
29.801
15.4584
9.1676
6.744
63.0918
28.0248
14.6468
8.69385
6.3688
88.0859
36.4486
18.7552
11.0958
8.1707
75.8268
34.4302
18.4307
11.0542
8.18742
102.022
51.4936
29.2393
18.3123
13.7918
50.2243
25.1419
14.0072
8.5628
6.43732
58.7411
30.9997
17.9606
11.4035
8.6035
-508.882
-609.122
-1400.27
-1727.39
-2140.39
-2758.99
-2605.41
-3654
-2616.98
-3664.84
-2359.43
-3092.06
-2220.05
-2663.71
-2641.95
-3561.81
-2716.82
-3701.75
-477.942
-104.385
-22.6659
-4.79828
-1.16203
-209.565
-74.3113
-8.33837
-2.33215
-0.920324
-1543.14
-339.529
-74.1557
-15.8191
-3.85888
-544.901
-116.016
-23.5072
-4.58203
-0.981352
-2721.38
-602.275
-132.307
-28.4791
-7.00804
-949.686
-224.532
-49.3924
-10.7172
-2.57941
-3912.38
-870.73
-193.148
-42.0518
-10.4766
-1330.74
-342.828
-80.5947
-18.3933
-4.64384
-5470.34
-1252.25
-283.708
-62.8996
-15.9426
-1768.53
-514.857
-128.358
-30.2716
-7.85088
-7411.31
-1851.67
-442.789
-102.164
-26.6972
-2045.52
-632.974
-163.149
-39.2016
-10.3404
-6736.87
-1631.11
-380.666
-86.1318
-22.1617
-1984.21
-618.929
-159.218
-38.16
-9.9796
-7735.5
-1959.09
-474.333
-110.653
-29.1682
-2085.19
-627.892
-159.413
-37.8822
-9.96414
-7975.7
-2014.35
-489.889
-114.922
-30.4509
-2081.9
-628.999
-159.612
-35.2125
-9.82068
-261.439
-6430.85
-6323.78
-3593.39
3633.93
5001.93
10087.8
13259.9
5700.35
11544.6
2233.32
7001.34
5666.23
9399
10301.4
14204
12431.3
14135.1
7099.43
8029.9
-18829.7
-14113.9
-4545.66
-3574.01
-2793.31
-4499.93
-3130.84
-12383.1
-12265.6
-10496.1
-11169.7
-9247.95
-6412.03
-8760.51
-5424.78
-4169.24
-5176.94
-3317.64
-20416.9
-10242.4
-3109.95
-5182.67
-7763.19
-5304.81
-6320.51
-4786.49
-2350.7
-3986.38
-3458.54
-4027.42
-18928
-11836
-11907.3
-7608.14
-8119.83
-8122.46
-4137.49
-5293.55
-5408.14
-12886
-12445.2
-10858.5
-11029.5
-10329.3
-10146.4
-7636.75
-6454.91
-5484.41
-2573.56
-4031.04
-3355.54
-2525.72
-1578.15
-537.772
-3199.15
-2685.24
-2026.56
-1262.32
-428.96
-2483.38
-2067.79
-1548.04
-958.273
-324.666
-4028.63
-3379.85
-2546.44
-1582.31
-536.841
-2785.25
-2322.43
-1743.23
-1082.52
-367.515
-8302.52
-7150.1
-5836.42
-5599.29
-6250.28
-6764.12
-5416.57
-3907.95
-3254.97
-2787.28
-7303.2
-5023.42
-3856.2
-2948.09
-1335.27
-6062.13
-4579.03
-3210.04
-2554.87
-1824.6
-4699.91
-3295.84
-2206.88
-1836.8
-1111.2
-5118.83
-3864.07
-2761.14
-1729.18
-616.114
-6289.77
-4368.48
-3127.64
-2086.3
-845.338
-3807.67
-2507.25
-1703.93
-1083.37
-415.51
-3452.63
-2684.68
-1929.2
-1186.7
-408.575
-4180.72
-3162.93
-2228.79
-1357.13
-466.939
-2778.19
-2178.9
-1566.88
-956.66
-325.715
-14020.3
-11734.2
-9935.63
-9469.28
-9122.29
-7917.95
-5954.89
-4601.57
-3355.86
-1453.02
-2595.46
-2039.01
-1484.45
-926.214
-322.135
-4408.59
-3537.54
-2628.57
-1667.59
-584.537
-6434.96
-5075.78
-3825.52
-2533.88
-931.997
-4549.96
-3682.15
-2762.08
-1763.87
-615.048
-5516.78
-4525.68
-3397.29
-2141.18
-732.42
-4184.17
-3434.72
-2562.75
-1599.29
-547.076
-2031.54
-1643.2
-1204.27
-738.533
-250.096
-3512.76
-2900.03
-2159.99
-1336.19
-453.381
-2949.19
-2359.38
-1725.52
-1066
-364.713
-3494.38
-2846.97
-2112.4
-1315.38
-450.632
-12856.3
-11667.1
-10175.8
-10048.9
-9173.82
-8839.6
-6684.17
-5498.68
-4422.54
-2042.96
-9645.46
-7933.19
-6416.99
-5129.99
-2341.28
-6258.19
-4777.54
-3701.29
-2578.57
-834.764
-6874.75
-5476.21
-4150.92
-2721.52
-928.966
-6653.1
-5044.14
-3891.72
-2704.77
-851.883
-3582.56
-2916.52
-2174.79
-1366.84
-470.299
-4671.67
-3867.6
-2895.07
-1801.56
-613.402
-4676.44
-3806.99
-2846.56
-1797.18
-620.557
-6150.75
-13483.1
-10829.7
-35147.3
-10234.2
-45957.4
-6841.67
-18066.6
-8940.26
-7518.03
-17505
-13673.4
-9127.13
-10997.3
-19186
-15967
-3856.18
-2624.61
-8861.25
-6214.53
-6770.98
-3533.91
-24430.7
-17190.4
-14839.2
-10341.6
-15370.9
-10007.5
1653.09
-1466.03
-42245
-51437.3
-21318.8
-29217.7
-53939.4
-65858.5
-23933.1
-30213.4
-31542.4
-40770.8
-23974.6
-34069.2
-15153.6
-18307.8
-2067.66
-394.289
-4504.54
-1449.13
-3914.9
-1839.95
-12620.7
-4502.86
-1976.43
-930.431
-5551.84
-1534.29
-14645.6
-4210.96
-19307.3
-6032.54
-18154.5
-11109.7
-18721.3
-12956.6
-17717.9
-12620.8
-17639.5
-14555
-14677.4
-10530.6
-13465.2
-9042.7
-19476.7
-14345.1
-20835.1
-15263.7
-18766.4
-15984.1
-20303.4
-16922
-16176
-11855.9
-17920.7
-12720.6
-16953.8
-7087.67
-9325.59
-11210.1
-16516.3
-7727.67
-8429.24
-11432.5
-17628.1
-6749.79
-10255.8
-11225.9
-18459.6
-6853.68
-11087
-11453.7
-638.926
-475.759
106.702
-639.858
-2365.38
-2911.29
-1655.28
-4288.58
-3506.62
-4673.91
-3633.64
-7879.64
-16512
-15884.9
-13097
-15332.3
-9201.28
-10717.9
-8541.12
-7268.23
-15165
-12320.5
-12354.1
-11655.1
-11027.2
-10345.3
-15730.5
-675.052
-859.013
-426.998
-642.682
-2908.82
-2604.04
-3281.58
-3258.48
-2773.99
-1431.84
-5447.2
-5208.14
-11687
-12589.1
-10916.1
-10889.4
-9764.18
-8137.57
-13111.8
-11301.7
-11581.5
-10980.9
-15038.3
-15571.9
-14112.7
-12773.6
-11515.4
-9574.89
-10300
-8151.7
-13731.8
-10256.8
-13037.1
-7870.29
-10684.7
-10863.6
-16067.3
-19077.6
-16039.7
-21111.4
-8674.25
-9050.91
-11123.6
-5683.99
-10527.1
-16830.9
-10955.6
-17970.3
-16242.9
-25740.4
-16677.2
-26063.9
-8727.29
-14605.3
-9184.32
-15921.3
-10449.9
-8090.09
-13721.2
-6304.35
-10605.1
-4423.37
-12674.5
-3389.37
-11169.5
-11658.3
-14527.7
-7552.24
-10196
-13530.5
-13419.2
-9635.95
-1049.74
-798.108
-585.821
-723.561
-1978.28
-925.395
-2735.39
-2724.78
-365.494
-212.954
-4866.01
-4737.63
-13605.3
-11741.2
-10683.8
-8291.36
-6848.58
-4678.4
-9060.09
-6919.93
-9545.81
-6423.57
-19851.5
-16970.6
-10352.7
-8435.8
-7969.79
-5920.79
-6881.42
-4808.6
-7684.74
-3959.07
-5862.02
-11145.9
-5409.01
-10850.8
-7270.05
-11874.5
-8532
-13253.3
-1653.34
-1574.19
-1486.26
-1506.09
-4627.66
-4866.73
-4344.04
-4525.86
-2030.38
-2372.88
-9152.72
-10072.3
-5588.58
-6305.99
-10451.7
-9827.24
-14360.6
-16159
515.416
5220.33
-7794.66
-5825.91
-6234.93
-3751.56
-1413.27
-1348.58
-1537.72
-1319.18
-3178.37
-2182.79
-2529.77
-1593.66
-8349.73
-4217.85
-7804.18
-3837.11
-8561.83
-3407.26
-9617.33
-3518.06
-6748.14
-9719.61
-7586.7
-10748.9
-11314.2
-12834
-12566.2
-13959.9
-6085.24
-8872.83
-5332.04
-7896.98
-8134.75
-11473.4
-9148.8
-12010
-13310.8
-14745
-14568.7
-15446.9
-5924.56
-9393.19
-6031.58
-9714.71
-1193.21
-2179.78
-7817.97
-4882.6
-1370.91
-2317.19
-7057.78
-4341.67
-1205.81
-1907.77
-8272.13
-5254.71
-1385.51
-1789.13
-8330.7
-5415.29
-1300.56
-1487.55
-1369.02
-1574.77
-3189.16
-3570.39
-2454.82
-2860.77
-7719.29
-8400.62
-4601.26
-5108.57
-4277.01
-9423.77
-2973.9
-804.083
-1861.38
-4185.84
-1255.74
-2046.17
1545.48
-1322.2
-13642.1
-10118.9
-7997.4
-7954.94
-4728.08
-1799.41
-1993.14
-1853.45
-2308.47
-4246.46
-4591.47
-3410.96
-4323.4
-8951.63
-10146.5
-5176.54
-6655.93
-6184.06
-7504.41
-2255.9
-4275.31
-3619.81
-4937.31
-1309.67
-2185.58
-2421.91
-3737.12
-11287.9
-8826.4
-6345.76
-4373.77
-4917.13
-3382.49
-4876.95
-3422.53
-3086.44
-3843.15
-7613.51
-8124.8
-11430.2
-7814.76
-11227.5
-11237.3
-13984.4
-11414.2
-9621.99
-6411.24
-6117.01
-6824.51
-12397.6
-5815.51
-12651.8
-4731.85
-15364.2
-10519.5
-15950.3
-9523.88
-10226.2
-4454.56
-10301.9
-3296.78
-7957.86
-6601.43
-6610.6
-10303.6
-6126.64
-7141.31
-5529.98
-10056.8
-7667.08
-5699.63
-6911.93
-10809.4
-8240.59
-4838.82
-7145.13
-9943.45
-1688.46
-1753.63
-1659.15
-1311.73
-4994.21
-5625.35
-2691.62
-1513.23
-10994.2
-9095.18
-4049.24
-508.397
-9370.59
-8112.43
-6089.22
-5041.27
-5209.13
-4101.7
-2091.86
-937.683
-2656.92
616.123
-8439.33
-6987.74
-4189.33
-2879.48
-2886.59
-1357.25
-2428.29
-643.415
-4407.71
433.248
-324.41
-138.163
-46.0903
39.2232
-345.316
-176.694
-52.4551
19.5069
-837.13
-360.139
-100.389
130.968
-790.062
-413.022
-159.42
-6.35623
-1266.07
-546.857
-186.699
185.288
-1237.77
-624.043
-352.561
-131.467
-738.741
-392.234
-252.551
-92.7817
-513.526
-247.601
-107.509
26.2872
-1584.8
-631.281
-336.978
34.246
-1849.48
-598.573
-353.044
305.492
-1602.45
-633.512
-326.084
67.261
-1581.86
-511.951
-328.456
307.689
-1392.42
-557.247
-256.31
125.567
-1986.48
-643.989
-368.448
341.45
-1255.41
-481.352
-176.752
203.623
-2010.76
-650.909
-351.316
398.204
-305.6
-117.326
-43.9738
57.5061
-307.074
-102.602
-54.9676
64.5406
-793.954
-309.207
-110.69
154.057
-781.038
-271.568
-139.32
181.647
-1412.01
-532.616
-227.117
275.696
-1366.07
-478.546
-243.957
306.022
-1417.31
-575.584
-283.267
123.153
-1039.11
-385.497
-200.477
307.253
-1604.88
-534.934
-344.719
359.076
-223.213
-74.6623
-29.8868
39.9559
-128.27
-52.8053
-18.832
4.279
-620.531
-208.482
-96.983
105.033
-362.864
-151.236
-64.016
6.68348
-880.9
-305.988
-149.749
168.682
-527.51
-239.089
-101.96
11.0838
-1059.38
-390.891
-200.772
216.024
-711.979
-327.098
-145.792
8.01914
-1277.48
-441.01
-285.995
189.357
-968.86
-383.253
-205.256
-27.7021
-2195.59
-716.944
-461.965
135.083
-1174.71
-412.243
-237.783
-42.1883
-1896.74
-622.458
-422.295
134.856
-1224.04
-430.296
-245.943
-50.8405
-2198.24
-684.434
-417.785
228.213
-1014.69
-336.022
-186.583
7.90217
-2017.82
-577.908
-330.053
317.559
-827.819
-230.832
-112.244
65.1693
-7.19436
-11.7607
-8.74433
-6.06054
-4.71578
-28.2787
-21.8208
-14.4558
-9.68755
-7.47347
-15.483
-24.7267
-18.3228
-12.6279
-9.75128
-89.7057
-62.4789
-40.0635
-26.4518
-20.2791
-38.7065
-39.7791
-27.4657
-18.5078
-14.1752
-138.099
-91.637
-57.2564
-37.3445
-28.4915
-45.599
-30.2232
-18.7775
-12.1953
-9.2939
-20.3997
-15.0522
-9.75304
-6.42388
-4.94203
-36.2176
-34.2254
-22.7667
-15.1255
-11.6177
8.86845
-2.01758
-2.40119
-1.80845
-1.43936
-93.9568
-64.0398
-39.9847
-26.0522
-19.8609
-6.81534
-11.5395
-8.06766
-5.45048
-4.22859
14.6715
-1.40839
-2.73629
-2.1727
-1.75161
4.88183
-3.09256
-2.85337
-2.04041
-1.60131
17.219
-0.550499
-2.30548
-1.92286
-1.63691
16.04
2.12414
0.0970603
-0.194179
-0.253399
0.0490628
-7.78913
-6.36959
-4.5448
-3.56914
-3.12894
-7.94952
-6.14549
-4.33793
-3.39814
-3.78783
-18.9982
-14.8314
-10.437
-8.13726
-9.6515
-19.3324
-14.4068
-10.0516
-7.84881
-3.19585
-24.4489
-18.6062
-12.9997
-10.1029
-26.0196
-27.9968
-19.1685
-13.0841
-10.0989
-68.4153
-46.3349
-28.8042
-18.8266
-14.3259
-34.342
-23.6724
-14.9269
-9.93822
-7.56564
-49.3466
-28.9032
-17.3351
-11.1478
-8.46569
-182.016
-300.352
-611.573
-963.926
-1195.35
-1811.46
-1766.08
-2761.76
-2011.37
-3026.57
-2247.09
-3006.62
-1936.63
-2454.71
-2605.63
-3527.96
-2710.9
-3694.39
-477.931
-106.588
-23.3025
-4.94256
-1.19739
-145.978
-67.5633
-6.57988
-2.0989
-0.912929
-1561.35
-348.864
-76.5607
-16.3499
-3.98728
-383.788
-88.7808
-18.9201
-3.80641
-0.829891
-2754.74
-617.016
-136.118
-29.3368
-7.21891
-754.097
-191.537
-43.8715
-9.81225
-2.40967
-3938.13
-884.793
-197.068
-42.9786
-10.7137
-1153.93
-312.491
-75.4606
-17.5515
-4.48858
-5480.51
-1263.14
-287.148
-63.7753
-16.1798
-1651.72
-493.676
-124.718
-29.6869
-7.74953
-7401.36
-1853.01
-443.825
-102.532
-26.82
-2024.58
-627.881
-162.105
-39.0152
-10.3056
-6734.69
-1637.07
-383.02
-86.8075
-22.3608
-1928.82
-607.174
-157.064
-37.8082
-9.9201
-7725.94
-1958.7
-474.666
-110.817
-29.2306
-2078.84
-626.24
-159.041
-37.8108
-9.94926
-7972.38
-2014.12
-489.971
-114.971
-30.4706
-2081.11
-628.774
-159.554
-35.1997
-9.81784
-173.097
-6307.93
-5874.37
-2886.92
-1480.11
-878.406
-3173.89
-2499.3
-5396.78
-5872.08
-3068.7
-2886.78
-425.941
-644.839
-1080.09
-1663.7
-2339.52
-2999.24
-293.074
-607.959
-1229.77
-2076.7
-3040.05
-3993.25
-332.392
-144.662
-584.092
-363.009
-1077.3
-805.139
-1712.71
-1477.97
-2333.93
-2313.74
-2846.84
-3123.02
-3672.81
-4374.31
-5220.47
-7247.3
-7555.2
-9075.58
-4824.16
-5374.16
-5467.03
-5193.01
-4256.6
-3782.73
-385.016
-326.41
-248.105
-154.993
-52.7009
-582.58
-493.607
-374.979
-234.156
-79.6013
-975.226
-825.74
-626.927
-391.338
-133.014
-1500.9
-1269.7
-963.3
-601.069
-204.272
-2107.82
-1780.81
-1349.82
-841.934
-286.115
-2696.3
-2273.26
-1720.98
-1073.25
-364.813
-264.813
-224.425
-170.529
-106.502
-36.206
-549.041
-464.997
-353.115
-220.447
-74.931
-1109.98
-939.517
-713.127
-445.091
-151.278
-1872.83
-1583.85
-1201.47
-749.694
-254.8
-2737.95
-2312.55
-1752.86
-1093.58
-371.721
-3588.92
-3025.63
-2291.29
-1429.79
-486.258
-300.538
-254.836
-193.731
-121.042
-41.1634
-130.803
-110.914
-84.3183
-52.6805
-17.9156
-527.846
-447.343
-339.904
-212.284
-72.1741
-328.086
-278.081
-211.314
-131.98
-44.8727
-973.009
-824.103
-625.819
-390.689
-132.801
-727.3
-616.094
-467.915
-292.129
-99.2996
-1545.51
-1307.72
-992.241
-619.101
-210.387
-1333.75
-1128.56
-856.245
-534.189
-181.515
-2103.1
-1776.88
-1346.63
-839.685
-285.28
-2084.49
-1760.59
-1333.65
-831.175
-282.297
-2558.53
-2156.03
-1631.11
-1016.49
-345.351
-2805.14
-2361.65
-1784.29
-1110.41
-376.933
-3289.25
-2763.82
-2089.31
-1303.83
-443.682
-3890.03
-3249.77
-2453.72
-1536.5
-524.716
-4579.96
-3786.52
-2860.95
-1811.8
-624.877
-6203.27
-5037.83
-3838.61
-2508.85
-885.524
-6155.71
-4887.51
-3825.45
-2695.62
-1052.89
-7104.4
-5554.15
-4462.28
-3344.96
-1378.85
-4321.73
-3633.73
-2749.58
-1717.7
-585.006
-4790.73
-4013
-3035.65
-1902.24
-649.962
-4835.44
-4028.23
-3049.87
-1924.49
-662.068
-4528.84
-3737.91
-2841.09
-1821.83
-636.24
-3612.13
-2938.88
-2261.55
-1506.57
-550.182
-3105.12
-2485.28
-1946.41
-1360.44
-520.528
-450.61
-719.557
-1206.2
-1839.46
-2562.19
-3249.67
-325.401
-705.722
-1393.12
-2300.04
-3305.53
-4264
-358.445
-165.023
-663.435
-425.922
-1213.43
-916.396
-1907.97
-1649.7
-2594.64
-2606.61
-3150
-3628.19
-3936.01
-4640.72
-5483.59
-7425.96
-7675.94
-9121.51
-5051.46
-5511.52
-5493.66
-5121.77
-4164.63
-3742.64
-407.421
-345.516
-262.717
-164.167
-55.8292
-650.485
-551.561
-419.341
-262.029
-89.1098
-1089.98
-923.843
-702.158
-438.678
-149.177
-1661.2
-1407.12
-1069
-667.751
-227.07
-2311.61
-1956.25
-1485.37
-927.767
-315.524
-2926.9
-2473.28
-1876.73
-1172.53
-398.955
-294.174
-249.456
-189.666
-118.515
-40.3023
-637.867
-540.782
-411.106
-256.875
-87.3555
-1258.6
-1066.54
-810.516
-506.364
-172.196
-2076.51
-1758.45
-1335.74
-834.392
-283.757
-2980.95
-2521.79
-1914.55
-1195.98
-406.812
-3838.3
-3242.04
-2459.89
-1537.29
-523.239
-324.175
-274.974
-209.118
-130.695
-44.4534
-149.269
-126.635
-96.3212
-60.2064
-20.4802
-599.907
-508.794
-386.902
-241.793
-82.2371
-385.191
-326.743
-248.502
-155.315
-52.827
-1096.83
-929.9
-706.906
-441.692
-150.209
-828.469
-702.503
-534.113
-333.751
-113.504
-1723.61
-1460.41
-1109.68
-693.192
-235.719
-1490.51
-1263.09
-959.837
-599.599
-203.891
-2341.69
-1982.29
-1505.33
-940.174
-319.712
-2352.86
-1991.97
-1512.72
-944.727
-321.238
-2837.7
-2398.21
-1819.72
-1136.72
-386.7
-3269.62
-2763.87
-2097.07
-1309.58
-445.404
-3534.36
-2979.25
-2259.38
-1413.47
-481.633
-4143.14
-3477.23
-2637.35
-1657.15
-566.918
-4838.95
-4027.59
-3062.45
-1948.28
-673.375
-6400.1
-5238.29
-4020.92
-2642.17
-934.37
-6302.26
-5043.4
-3974.97
-2814.18
-1101.35
-7165.52
-5621.95
-4530.69
-3403.23
-1403.09
-4533.75
-3820.47
-2897.32
-1813.13
-618.076
-4923.25
-4134.15
-3135.12
-1968.49
-673.315
-4869.15
-4066.75
-3087.65
-1953.05
-672.799
-4475.01
-3702.64
-2823.5
-1816.75
-635.751
-3537.86
-2883.87
-2227.42
-1491.18
-546.703
-3072.95
-2461.53
-1932.01
-1354.6
-519.444
-18747
-14170
-4940.85
-3980.66
-3341.52
-5183.4
-3635.07
-13110.7
-14239.2
-11886.1
-13663.5
-7399.36
-11514.3
-5412.94
-5677.98
-4010.12
-21120.8
-11086.6
-3617.59
-5793.64
-8389.46
-5682.01
-6975.17
-5327.22
-2604.67
-4683.83
-4072.86
-4526.54
-18806
-12055.9
-12422.3
-7992.62
-8478.65
-8567.68
-4791.15
-5973.1
-5845.8
-12866.7
-12489.2
-10957.8
-11207.2
-10511.1
-10241.1
-7745.35
-6572.06
-5598.13
-2624.1
-4408.85
-3697.12
-2803.02
-1761.12
-601.913
-3577.09
-3016.67
-2287.57
-1430.26
-487.023
-2998.2
-2524.7
-1912.48
-1195.4
-407.248
-4663.87
-3936.97
-2985.3
-1864.74
-634.518
-3259.08
-2743.05
-2078.56
-1300.5
-443.364
-9817.67
-9000.14
-7792.29
-7459.87
-7834.42
-10169.9
-9482.35
-7951.94
-6832.53
-5313.77
-9253.81
-7059.97
-5764.94
-4472.73
-2011.26
-10093.9
-8835.99
-7169.14
-5927.39
-3766.08
-6315.02
-5105.76
-3882.4
-2543.15
-928.001
-9375.18
-7253.52
-5621.07
-3925.68
-1605.43
-4713.71
-3874.08
-2931.63
-1874.58
-658.985
-4926.65
-4037.21
-3056.02
-1960.94
-692.71
-3514.91
-2903.63
-2194.96
-1393.72
-485.191
-15361.6
-13352.3
-11652.9
-11112
-10440.7
-8977.93
-7078.75
-5659.43
-4180.37
-1800.9
-3145.65
-2584.79
-1961.89
-1261.84
-445.926
-5051.41
-4167.45
-3177.23
-2052.46
-725.876
-7142.69
-5801.29
-4486.18
-3021.07
-1119.61
-4951.52
-4080.23
-3113.36
-2013.16
-706.84
-6157.75
-5118.17
-3888.94
-2472.02
-849.534
-4723.73
-3942.75
-2990.02
-1889.13
-650.556
-2310.53
-1927.3
-1457.12
-916.382
-314.833
-4183.36
-3509.84
-2657.47
-1665.75
-569.394
-3583.54
-2971.11
-2249.25
-1426.82
-495.281
-4003.34
-3334.8
-2528.49
-1600.72
-553.309
-12949.7
-11928.5
-10563.8
-10569.1
-9743.84
-9145.07
-7012.07
-5825.49
-4706.49
-2174.24
-10398.6
-8776.8
-7272.53
-5867.68
-2690.38
-6695.15
-5221.39
-4107.65
-2883.05
-936.875
-7284.4
-5897.35
-4538
-3007.41
-1033.53
-7185.1
-5588.21
-4399.29
-3090.22
-988.199
-4224.31
-3511.14
-2668.65
-1699.43
-588.645
-5326.02
-4463.52
-3381.82
-2124.22
-726.953
-5131.91
-4251.35
-3232.52
-2066.5
-718.457
-479.232
-1303.67
-1977.12
-2594.49
-3218.67
-3787.41
-2319.24
-5993.15
-5649.41
-2334.77
-6843.11
-6134.05
-7372.27
-9843.52
-1308.99
-175.321
-2479.76
1176.94
-9695.14
-8027.95
1860.19
-1698.02
-4757.84
-4588.13
-1803.5
-5233.5
-2914.36
-5894.52
-6069.8
-582.829
868.35
-1077.85
3252.44
-6865.08
-4379.17
3641.39
-1059.31
-3268.68
-3382.19
-1251.49
-3303.02
-526.938
-4434.03
-4469.08
-173.842
1059.02
55.8692
3430.98
-4266.53
-470.361
4163.84
-717.978
-2360.53
-2756.6
-972.79
-1818.7
763.522
-3773.99
-4244.98
22.1052
774.016
382.285
2898.5
-3275.69
1471.68
3993.03
-625.332
-2229.6
-2650.43
-898.988
-1709.36
489.399
-4020.27
-5476.32
97.2851
600.02
490.52
2547.91
-3123.49
1503.06
2803.95
-605.41
-2202.49
-2592.56
-875.27
-2092.1
-238.825
-3955.13
-5386.98
143.845
942.772
404.373
2660.94
-3595.57
664.444
2120.68
-1317.75
-3142.77
-4143.43
-1684.39
-6441.86
-11496
-6914.47
-12220.6
-1623.62
-1449.32
-5221.31
-4401.03
-2434.97
-9555.87
-4754.09
-1294
-3069.68
-3714.75
-1465.18
-6112.05
-9842.72
-6232.95
-8985.83
-1698.99
-1343.24
-5114.32
-4213.55
-1793.34
-8855.42
-4650.18
-1205.08
-2878.95
-3120.96
-1196.08
-5559.56
-8624.83
-5287.86
-8014.08
-1473.17
-1732.55
-4531.76
-5030.77
-2062.58
-7861.93
-5238.51
-1219.13
-3153.82
-2905.88
-1068.65
-5927.26
-8494.62
-5244.61
-7894.19
-1552.17
-2163.23
-4713.81
-6243.69
-2602.2
-8659.67
-6398.08
-1235.43
-3145.63
-2869.21
-1036.65
-5864.91
-9176.34
-5270.37
-8688.41
-1692.34
-2784.58
-5097.91
-8011.15
-3693.84
-10306.2
-8394.69
-1254.18
-3149.95
-2842.41
-1027.3
-5967.38
-9431.66
-5165.83
-8598.83
-1906.88
-3475.86
-5637.16
-9188.36
-4916.22
-11395.7
-9439.2
7115.56
8612.63
17739.4
27645.3
26784.2
52238.5
18542.3
55767.3
19134.5
44726.1
23528.4
38642.3
18029.8
23766.5
8345.84
8440
12550.5
14161.5
17251.5
15624.1
12022.7
18102
17939.1
17972.3
4665.38
3381.89
6297.55
4496.27
11478.1
7394.31
21217.9
14748.2
17692.4
17912.9
17921.1
18031.7
4068.94
3661.32
41295.2
51081.8
21953.5
29317.9
53321.3
65619
24706.1
30399.8
30885.1
40396.3
24586.7
34089.1
14108.3
17891
2687.45
856.491
3445.24
1198.01
6391.68
2632.17
11125
4079.51
7269.54
2413.83
7389.21
2089.15
14579.2
4240.66
19129.5
5989.68
24742.1
14108.6
20950.8
14470.4
25460.3
16393
20213.6
16380.8
16166.7
11645.8
17696.6
11159.3
20369.5
15051
21056.5
15466.6
19819.6
16801.6
20594.6
17159.1
16720.9
12389.1
18043.4
12875.3
17785.3
7272.05
10101
11488.5
19097.1
8359.79
9963.6
11954.5
17867.4
6804.89
10621.6
11368.4
18488.3
6858.79
11194.2
11496
2593.54
2895.45
916.355
1776.69
7960.45
9316.69
3260.29
6138.04
12963.3
15384.5
5782.1
10326.1
17353.3
9182.51
17420.6
20745.5
10354.8
6771.03
10827.7
12186.2
21066.6
13206.8
9822.35
12805.7
14103.1
13553.3
16826.9
2837.99
2914.62
1726.32
1873.48
9113.5
8734.12
5836.43
5930.77
13680.8
12619
8594.32
8666.6
9648
10809.7
15253.5
16183.1
16796.5
15822.9
19828.2
18260
13509.9
13485.7
12926.3
14166.2
16640.8
15400.9
15588
13221.9
13868
11265.7
15261
12240.8
14136.2
7787.3
11078.3
10878.5
15607.9
18295.3
15938.6
20859.9
9312.5
9274.54
12773.1
6024.87
10666.6
16914.5
10996.9
18005.2
16157
25527.2
16667.7
26057.6
8980.99
14788.4
9254.58
15977
11035.2
8322.16
14037.5
6430.59
12000.2
4734.25
13296.7
3474.68
11414.9
11815.9
14674.5
7620.57
10263.9
13581
13455.8
9663.8
2716.25
2542.28
2233.13
1783.36
1755.74
1553.13
8099.87
7063.01
6240.27
5257.37
4450
3802.2
10661.8
9155.28
8447.47
7556.99
6172.92
5646.32
9787.81
8071.32
7733.13
15173.8
11492.8
9449.83
13536.2
10086.4
7933.18
14990.9
11918.8
10156
11429.2
7884.95
5965.84
18299.9
15081
13529.3
13331.5
10713.2
8997.34
11658.4
8898.33
7103.11
10314.6
7827.56
6309.96
10976.5
6668.23
4231.64
11332.8
18514.3
9586.19
13765.4
9144.52
18880.8
7638.93
15459.8
221.244
1606.46
-179.785
933.301
3531.97
6690.26
2197.56
4022.59
1861.36
3964.85
10935.2
16354.6
8681.72
6395.11
11504.6
10054.3
15362.4
16432
-526.926
-5388.71
8328
5867.8
6440.33
3716.33
1454.03
949.196
1150.07
706.732
3924.42
1286.61
1937.3
234.788
9960.58
3051.12
7431.12
2322.37
8414.66
2543.91
9527.72
3164.26
12193.6
12130.7
9512.31
12067
18309.7
16570.7
15015.4
15801.8
7150.29
9470.78
8338.19
8726.73
8917.93
12033.9
9381.75
12171.3
14346.8
15539.6
14874.2
15676.7
6336.01
9637.17
6150.46
9782.48
1005.72
1665.86
7772.75
4582.15
992.564
1448.37
6805.71
3894.63
983.746
1498.76
8226.46
5039.91
1290.37
1619.37
8330.59
5320.06
-139.386
-260.594
470.835
346.98
-759.725
-1273.97
846.685
621.847
1339.64
321.57
2748.45
2483.65
-7666.52
-3907.01
-4427.82
-2798.83
247.522
-7066.62
-10385.7
-4892.76
-4817.14
228.655
9272.11
6883.99
5805.86
6104.45
3801.04
-479.294
-371.658
196.586
323.547
-1396.17
-1601.57
669.99
929.154
-1126.24
-1790.19
1668.31
2086.37
-3151.65
-1717.43
-8102.16
-5826.88
-4261.9
-3098.91
-3752.12
-3146.72
590.01
1477.22
4881.54
3360.59
-477.668
-2276.52
-559.725
-1926.99
636.122
-498.096
1200.71
1686.17
4110.9
4562.69
9796.8
6239.69
8594.48
8428.65
12960.8
10171.6
7668.23
4781.49
2679.9
3389.39
11597.5
4912.53
12430.9
4518.45
14892.6
9782.65
15836.9
9370.51
9217.03
3521.22
10008.1
3054.01
6033.17
5045.45
4876.48
8468.5
3103.87
4101.15
3320.23
7166.04
6624.07
4764.22
5856.55
9698.49
7916.46
4552.94
6804.9
9649.32
-551.826
-744.725
-882.872
191.815
-155.246
-210.891
-2108.54
-2646.42
-2890.71
386.622
-617.572
-773.569
-2547.97
-3783.02
-4319.04
1144.41
-1099.24
-1572.75
-1007.16
-1568.22
-1426.03
-4635.04
-5034.62
-4701.63
-3617.6
-4335.03
-4226.05
-3798.43
-4935.26
-5158.84
741.541
-1605.87
-1563.85
3932.17
1879.63
1046.47
-1521.23
-2814.08
-3230.65
-1716.88
-3164.1
-3536.65
-975.811
-2773.8
-3160.2
2082.62
-1087.58
-1325.41
76.8801
-6.26438
-37.3733
-81.2796
-104.081
-102.941
-120.086
-124.352
219.762
-9.11015
-112.022
-235.054
-253.027
-253.482
-283.068
-307.737
448.502
54.0951
-122.138
-360.841
-35.8201
-211.26
-258.333
-354.74
-44.0421
-138.455
-107.65
-119.78
173.05
9.87661
-54.8875
-126.889
1126.93
334.229
108.304
-214.501
1697.24
533.192
292.462
-299.355
954.63
253.56
28.3584
-351.617
1386.03
426.106
250.272
-301.136
1040.19
322.005
107.322
-180.917
1869.98
591.154
311.268
-369.636
1103.8
377.402
107.621
-238.029
1959.71
625.461
328.553
-405.098
77.9328
5.33188
-15.0142
-73.612
69.5139
3.11902
-2.92344
-77.1856
224.467
18.7751
-49.3967
-213.104
130.448
-17.6266
-26.5109
-229.636
775.096
194.115
25.0231
-329.237
612.11
124.842
21.763
-366.462
414.011
40.667
-68.2522
-358.105
280.537
11.0931
-15.0656
-355.058
1184.44
331.32
175.191
-409.387
-37.205
-30.8914
-23.2585
-60.0049
-127.527
-56.5184
-33.9108
-36.7419
-4.9923
-58.2273
-48.009
-174.552
-318.695
-153.009
-91.2584
-106.688
119.914
-40.5368
-53.4337
-273.291
-419.53
-218.669
-137.035
-164.046
166.32
-51.821
-67.7848
-362.503
-411.714
-254.771
-156.995
-195.011
407.518
-2.95727
2.53064
-357.017
-188.789
-226.252
-125.441
-182.555
1232.55
150.046
102.368
-343.139
384.95
-72.8003
-47.4961
-136.105
832.597
50.348
59.5867
-346.653
168.385
-151.043
-85.3289
-161.421
1569.61
288.548
165.686
-369.585
531.105
11.8605
-6.65247
-122.252
1806.62
439.39
241.709
-365.925
671.931
120.551
45.9347
-103.687
-33.0355
-16.0087
-8.72453
-5.35942
-4.01098
-44.9443
-24.2036
-13.7742
-8.59644
-6.43079
-77.6626
-37.1735
-20.0194
-12.2185
-9.12998
-129.579
-71.6364
-41.2974
-25.9836
-19.5113
-110.178
-53.3858
-29.2531
-18.0549
-13.5643
-185.99
-101.823
-59.2349
-37.555
-28.3155
-63.141
-33.4719
-19.4962
-12.4109
-9.37052
-36.0887
-18.2708
-10.3541
-6.53749
-4.91299
-97.1826
-44.3244
-24.3742
-15.1509
-11.3388
-22.9189
-6.68299
-2.88402
-1.59395
-1.14221
-142.083
-72.829
-41.6466
-26.2639
-19.7654
-39.9758
-16.3023
-8.58774
-5.22501
-3.85638
-35.3244
-9.67878
-3.88143
-2.08707
-1.48921
-23.8692
-7.4775
-3.44366
-2.00356
-1.47051
-34.1321
-8.88397
-3.382
-1.78069
-1.22716
-17.5679
-2.68895
-0.428457
-0.0413967
0.0422017
-26.7849
-12.0085
-6.27333
-3.76155
-2.78685
-24.6378
-11.1788
-5.85581
-3.49779
-2.55803
-67.7738
-29.9352
-15.5591
-9.25302
-6.80741
-63.2572
-28.1357
-14.7273
-8.76072
-6.42501
-88.1802
-36.5055
-18.795
-11.1288
-8.19827
-75.974
-34.5482
-18.527
-11.1396
-8.27765
-102.073
-51.5159
-29.2467
-18.3137
-13.7954
-50.284
-25.1865
-14.041
-8.59155
-6.4711
-58.7692
-31.0125
-17.9657
-11.4055
-8.60692
449.241
548.568
1408.44
1737.57
2145.3
2763.49
2607.78
3656.12
2618.02
3665.81
2359.6
3092.2
2220.49
2664.12
2642.02
3561.87
2716.86
3701.78
418.085
90.0198
19.3852
4.07421
0.980533
182.601
64.8989
6.62699
1.8898
0.779385
1554.46
342.217
74.7234
15.935
3.88522
550.639
117.521
23.8272
4.64905
0.997029
2723.78
602.863
132.418
28.4973
7.01085
952.978
225.621
49.668
10.7802
2.59531
3912.8
870.792
193.143
42.0453
10.4734
1332.28
343.41
80.7586
18.4333
4.65439
5470.34
1252.2
283.678
62.888
15.9382
1769.19
515.124
128.438
30.292
7.85636
7411.34
1851.66
442.776
102.158
26.6947
2045.62
633.014
163.161
39.2049
10.3413
6736.86
1631.07
380.641
86.122
22.1578
1984.47
619.042
159.253
38.1691
9.98205
7735.56
1959.09
474.327
110.649
29.1666
2085.23
627.906
159.417
37.883
9.96424
7975.77
2014.36
489.887
114.92
30.4496
2081.92
629.004
159.612
35.2122
9.82044
261.791
6431.2
6324.64
3594.61
-3398.51
-4657.8
-10054.7
-13203.4
-5681.45
-11515.2
-2224.48
-6989.93
-5656.11
-9387.35
-10280.5
-14182
-12401.9
-14110.9
-6239.87
-7037.49
18829.6
14113.9
4545.68
3574.03
2793.33
4499.96
3130.86
12383
12265.6
10496.1
11169.7
9248
6412.09
8760.56
5424.85
4169.29
5177.02
3317.69
20416.9
10242.5
3109.98
5182.7
7763.2
5304.83
6320.53
4786.52
2350.73
3986.42
3458.57
4027.45
18927.9
11835.9
11907.3
7608.14
8119.83
8122.47
4137.52
5293.59
5408.16
12886
12445.3
10858.6
11029.6
10329.5
10146.5
7636.79
6454.98
5484.47
2573.6
4031.07
3355.56
2525.74
1578.16
537.777
3199.16
2685.26
2026.57
1262.33
428.964
2483.4
2067.82
1548.07
958.289
324.671
4028.66
3379.88
2546.47
1582.33
536.848
2785.27
2322.45
1743.25
1082.53
367.52
8302.57
7150.21
5836.6
5599.51
6250.48
6764.22
5416.81
3908.36
3255.52
2787.83
7303.28
5023.57
3856.39
2948.29
1335.38
6062.24
4579.27
3210.4
2555.37
1825.07
4700.03
3296.08
2207.22
1837.26
1111.57
5118.92
3864.18
2761.27
1729.29
616.163
6289.88
4368.64
3127.83
2086.5
845.447
3807.77
2507.39
1704.09
1083.52
415.587
3452.69
2684.75
1929.27
1186.76
408.6
4180.81
3163.04
2228.91
1357.22
466.979
2778.24
2178.96
1566.94
956.708
325.734
14020.3
11734.4
9935.8
9469.46
9122.44
7918
5954.98
4601.67
3355.96
1453.07
2595.5
2039.05
1484.5
926.253
322.15
4408.63
3537.59
2628.62
1667.63
584.553
6435
5075.83
3825.58
2533.93
932.019
4549.99
3682.18
2762.11
1763.9
615.059
5516.81
4525.71
3397.33
2141.2
732.43
4184.21
3434.76
2562.79
1599.31
547.087
2031.57
1643.23
1204.3
738.558
250.106
3512.8
2900.07
2160.03
1336.22
453.391
2949.23
2359.43
1725.57
1066.04
364.728
3494.41
2847.01
2112.44
1315.41
450.643
12856.3
11667.1
10175.9
10049
9173.93
8839.62
6684.21
5498.73
4422.59
2042.99
9645.49
7933.25
6417.07
5130.07
2341.32
6258.21
4777.58
3701.33
2578.6
834.778
6874.77
5476.24
4150.96
2721.55
928.98
6653.12
5044.18
3891.77
2704.82
851.901
3582.6
2916.56
2174.82
1366.87
470.31
4671.71
3867.64
2895.1
1801.59
613.412
4676.47
3807.03
2846.59
1797.21
620.568
5690.22
12405.6
10824.5
35067.2
10248.6
45869.2
6291.49
16501.1
8936.47
7515.19
17477.3
13665.3
9129.06
10997
19165
15962.3
3560.97
2433.79
8153.82
5709.74
6772.1
3529.06
24391.8
17162.5
14820.5
10337.6
15361.8
10002.2
-1658.16
1449.41
42247.2
51438.8
21316.9
29217.7
53940.1
65859
23932
30213.3
31544.1
40772.7
23972.6
34069.6
15157
18309.9
1952.32
381.037
4155.25
1342.61
3897.15
1844.88
12595
4497.9
1967.66
928.969
5539.58
1530.97
14645.7
4210.85
19308.5
6032.93
18152
11108.4
18718.2
12955.4
17717
12620.3
17637.9
14554.4
14674.6
10529.3
13462.6
9041.33
19475.4
14344.4
20834.7
15263.4
18765.6
15983.7
20303.2
16921.9
16174.9
11855.3
17920.5
12720.3
16950.7
7086.94
9324.46
11209.8
16512.5
7727.07
8427.72
11432.1
17627.5
6749.66
10255.2
11225.8
18459.7
6853.78
11086.7
11453.7
628.687
477.08
-89.4155
602.633
2340.48
2873.22
1665.12
4283.48
3496.85
4662.59
3633.15
7877.31
16510.7
15884.7
13095
15328.1
9200.99
10718
8540.89
7267.03
15160.5
12320.2
12353.8
11653.9
11025.5
10343
15730
637.542
828.542
377.271
608.216
2899.79
2574.63
3302.08
3254.96
2769.76
1426.3
5450.65
5207.69
11687.3
12589.6
10916.2
10890.1
9763.43
8137.61
13109.2
11299.2
11582.5
10981
15038.3
15572
14112.2
12773.7
11514.5
9574.67
10298.8
8151.06
13731.9
10256.7
13036.6
7870.21
10684.1
10863.4
16067.1
19077.5
16039.4
21111.2
8673.66
9050.7
11122.9
5683.81
10526.7
16830.7
10955.3
17970.1
16242.7
25740.2
16677.1
26063.7
8726.89
14605.1
9184.08
15921.2
10449.4
8089.94
13721.1
6304.33
10604.4
4423.13
12674.5
3389.25
11169.3
11658.2
14527.8
7552.25
10195.9
13530.5
13419.2
9635.99
1001.8
784.533
558.768
701.304
1948.87
896.69
2730.42
2714.32
363.581
213.011
4863.47
4733.18
13605.8
11741.8
10684.9
8292.76
6849.47
4679.8
9058.83
6919.37
9544.64
6421.63
19851.6
16970.8
10352.8
8436.14
7969.76
5920.92
6881.06
4808.27
7684.31
3958.21
5870.94
11150.2
5426.18
10855.9
7278.23
11877.5
8540.46
13255.2
1517.57
1433.73
1353.8
1362.99
4625.98
4875.02
4344.09
4535.09
2035.9
2375.69
9156.97
10075.9
5592.38
6312.02
10453.8
9828.1
14361.4
16159.4
-513.687
-5219.72
7797.02
5827.01
6236.18
3751.97
1280.22
1245.4
1391.02
1212.97
3188.68
2178.36
2536.91
1591.83
8354.23
4216.51
7808.86
3836.82
8563.63
3407.6
9618.1
3518.28
6750.51
9720.7
7588.75
10749.8
11315.7
12834.6
12567
13960.2
6086.87
8873.64
5333.74
7897.87
8135.9
11474
9149.39
12010.4
13311.2
14745.2
14569
15447
5925.54
9393.77
6032.08
9715.09
1194.72
2179.65
7818.68
4882.75
1372.7
2316.6
7058.57
4341.68
1206.7
1907.84
8272.64
5254.89
1385.92
1789.17
8331.02
5415.43
1184.39
1352.98
1268.96
1451.73
3196.12
3576.31
2445.44
2846.11
7721.67
8402.05
4597.45
5104.34
4278.3
9424.9
2974.86
805.527
1860.56
4186.56
1256.11
2046.37
-1544.14
1321.21
13642.8
10119.9
7998.25
7955.74
4727.76
1626.17
1769.7
1682.3
2092.9
4254.77
4612.48
3414.76
4339.17
8953.13
10150
5178.25
6663.72
6184.4
7504.25
2255.86
4274.65
3620.05
4937.1
1311.79
2188.78
2423.33
3741.32
11288.3
8826.5
6346.32
4373.82
4917.81
3382.98
4878.12
3423.96
3087.46
3845.42
7614.16
8125.13
11430.7
7815.08
11227.9
11237.5
13984.6
11414.4
9622.63
6411.67
6117.78
6825.06
12397.9
5815.79
12652
4732.04
15364.4
10519.6
15950.4
9523.95
10226.7
4454.9
10302.2
3297.01
7958.53
6601.93
6611.17
10304.2
6127.56
7142.17
5530.8
10058
7667.52
5699.99
6912.32
10809.8
8240.87
4839.05
7145.36
9943.71
1419.45
1483.57
1469.61
1154.43
5053.54
5679.74
2735.62
1555.78
11000.6
9100.93
4062.43
523.081
9370.15
8111.91
6088.18
5040.06
5208.54
4100.89
2095.42
941.125
2662.3
-610.504
8439.28
6987.6
4189.23
2879.25
2886.98
1357.56
2429.66
644.933
4410.16
-430.714
296.899
125.685
42.2245
-35.8124
317.344
162.35
48.2771
-17.6153
837.021
360.41
100.178
-131.213
791.266
413.473
159.31
5.98361
1265.78
546.802
186.438
-185.505
1238.11
624.182
352.385
131.197
738.879
392.313
252.536
92.7398
513.584
247.633
107.507
-26.3001
1584.87
631.306
336.913
-34.3391
1849.5
598.565
353.022
-305.531
1602.35
633.505
325.997
-67.3252
1581.81
511.921
328.425
-307.724
1392.49
557.273
256.283
-125.608
1986.53
643.991
368.437
-341.481
1255.44
481.359
176.734
-203.649
2010.79
650.909
351.306
-398.229
279.621
106.583
40.289
-52.9852
278.84
92.4873
50.3627
-59.5889
792.844
309.002
110.375
-153.919
778.153
270.807
138.678
-181.065
1410.97
532.292
226.794
-275.757
1364.99
478.139
243.585
-306.052
1417.23
575.569
283.157
-123.201
1038.97
385.427
200.351
-307.296
1604.75
534.88
344.665
-359.112
195.886
65.8227
26.5477
-35.9967
111.362
46.9749
17.1082
-3.53
623.429
209.037
97.3368
-105.465
364.753
151.339
63.98
-6.90044
881.729
306.071
149.648
-168.99
529.285
239.33
101.845
-11.3948
1059.89
391.009
200.72
-216.167
713.199
327.385
145.758
-8.18583
1277.85
441.127
285.991
-189.435
969.637
383.493
205.267
27.621
2195.88
717.067
462.001
-135.101
1174.95
412.36
237.817
42.1845
1897.1
622.597
422.323
-134.897
1224.5
430.473
245.976
50.8117
2198.41
684.512
417.813
-228.225
1014.82
336.088
186.607
-7.90051
2017.9
577.936
330.061
-317.572
827.864
230.853
112.252
-65.1712
6.68049
10.6852
7.8567
5.38251
4.14557
26.3603
20.0967
13.2271
8.81422
6.77659
15.2879
24.6093
18.2234
12.5306
9.65792
89.1153
62.1758
39.8491
26.2729
20.1207
38.5424
39.6804
27.3866
18.4328
14.105
137.825
91.4915
57.1546
37.2563
28.3995
45.566
30.21
18.7712
12.1906
9.28614
20.3917
15.0496
9.75254
6.4237
4.94079
36.1483
34.199
22.7547
15.1167
11.6035
-8.88149
2.01319
2.39988
1.80783
1.43776
93.9554
64.0745
40.026
26.0901
19.8948
6.81168
11.5471
8.07791
5.4603
4.23729
-14.6964
1.39707
2.73023
2.16809
1.74528
-4.89045
3.08955
2.85248
2.03997
1.60014
-17.2314
0.545284
2.30303
1.92106
1.6342
-16.0456
-2.12642
-0.0981288
0.19341
0.252299
-0.123798
6.97116
5.64553
3.97686
3.09105
2.79159
7.15196
5.4835
3.83407
3.0052
3.7582
18.982
14.8035
10.3968
8.10717
9.62844
19.3288
14.393
10.0261
7.8229
3.15004
24.4335
18.5948
12.9851
10.0889
25.9472
27.9387
19.1117
13.0241
10.0274
68.422
46.3598
28.8297
18.8476
14.3396
34.3217
23.66
14.915
9.92406
7.54287
49.348
28.9141
17.3469
11.1575
8.47136
153.103
267.716
618.912
971.932
1199.56
1814.67
1767.95
2763.21
2012.09
3027.15
2247.16
3006.68
1936.87
2454.9
2605.65
3527.98
2710.92
3694.41
417.028
91.665
19.8758
4.1856
1.00776
123.851
58.5381
4.93755
1.65782
0.768539
1574.08
351.863
77.1876
16.4766
4.01578
389.779
90.4228
19.2706
3.8793
0.846859
2757.49
617.698
136.247
29.3583
7.22227
757.378
192.693
44.1688
9.88042
2.42682
3938.69
884.895
197.07
42.9733
10.7106
1155.39
313.092
75.6347
17.5944
4.49992
5480.61
1263.11
287.123
63.7645
16.1755
1652.31
493.945
124.802
29.7087
7.75544
7401.43
1853.01
443.816
102.527
26.8176
2024.66
627.919
162.118
39.0187
10.3066
6734.75
1637.04
383
86.7987
22.3571
1929.05
607.285
157.101
37.8179
9.92276
7726.02
1958.71
474.662
110.815
29.2291
2078.87
626.253
159.045
37.8116
9.94939
7972.46
2014.13
489.969
114.969
30.4694
2081.13
628.779
159.555
35.1994
9.8176
173.814
6308.34
5875.26
2889.19
1338.23
748.47
3197.52
2546.31
5421.6
5904.79
2803.01
2584.88
425.942
644.841
1080.1
1663.71
2339.53
2999.25
293.075
607.96
1229.77
2076.7
3040.05
3993.26
332.393
144.663
584.094
363.01
1077.31
805.142
1712.72
1477.98
2333.94
2313.75
2846.85
3123.04
3672.83
4374.33
5220.49
7247.31
7555.2
9075.56
4824.18
5374.17
5467.04
5193.01
4256.6
3782.73
385.017
326.411
248.105
154.993
52.7011
582.581
493.608
374.981
234.157
79.6016
975.229
825.743
626.929
391.339
133.014
1500.9
1269.7
963.304
601.072
204.273
2107.83
1780.82
1349.83
841.938
286.117
2696.31
2273.27
1720.99
1073.26
364.815
264.814
224.425
170.529
106.503
36.2061
549.043
464.998
353.116
220.448
74.9312
1109.99
939.52
713.13
445.092
151.279
1872.83
1583.86
1201.47
749.697
254.801
2737.96
2312.56
1752.86
1093.58
371.722
3588.93
3025.64
2291.3
1429.79
486.26
300.539
254.837
193.732
121.042
41.1636
130.803
110.914
84.3185
52.6807
17.9156
527.847
447.344
339.905
212.284
72.1744
328.087
278.082
211.314
131.981
44.8728
973.012
824.105
625.822
390.691
132.801
727.302
616.096
467.917
292.13
99.2999
1545.52
1307.73
992.245
619.104
210.388
1333.76
1128.56
856.249
534.192
181.516
2103.1
1776.89
1346.64
839.689
285.281
2084.5
1760.6
1333.66
831.18
282.299
2558.54
2156.04
1631.12
1016.49
345.353
2805.16
2361.66
1784.31
1110.42
376.937
3289.26
2763.83
2089.32
1303.84
443.685
3890.05
3249.79
2453.73
1536.51
524.72
4579.97
3786.54
2860.97
1811.82
624.883
6203.28
5037.86
3838.64
2508.87
885.533
6155.72
4887.53
3825.48
2695.64
1052.91
7104.41
5554.18
4462.32
3345
1378.87
4321.75
3633.75
2749.6
1717.7
585.009
4790.74
4013.02
3035.66
1902.26
649.966
4835.45
4028.25
3049.89
1924.5
662.073
4528.85
3737.92
2841.11
1821.84
636.245
3612.14
2938.9
2261.57
1506.58
550.188
3105.12
2485.29
1946.43
1360.45
520.535
450.612
719.56
1206.2
1839.47
2562.2
3249.68
325.403
705.726
1393.13
2300.05
3305.54
4264.01
358.446
165.024
663.438
425.925
1213.43
916.4
1907.98
1649.71
2594.65
2606.63
3150.01
3628.21
3936.02
4640.73
5483.6
7425.96
7675.93
9121.49
5051.47
5511.54
5493.67
5121.77
4164.63
3742.64
407.423
345.517
262.718
164.168
55.8294
650.488
551.563
419.343
262.03
89.1103
1089.99
923.848
702.161
438.681
149.177
1661.21
1407.13
1069.01
667.755
227.072
2311.62
1956.26
1485.38
927.772
315.526
2926.91
2473.29
1876.75
1172.53
398.957
294.175
249.457
189.667
118.516
40.3025
637.87
540.784
411.109
256.876
87.356
1258.61
1066.55
810.52
506.367
172.197
2076.52
1758.45
1335.75
834.396
283.758
2980.96
2521.8
1914.56
1195.99
406.814
3838.32
3242.05
2459.9
1537.3
523.242
324.176
274.975
209.119
130.695
44.4537
149.27
126.636
96.3217
60.2067
20.4803
599.91
508.796
386.904
241.794
82.2375
385.193
326.744
248.503
155.316
52.8273
1096.83
929.905
706.91
441.694
150.21
828.473
702.507
534.116
333.753
113.504
1723.62
1460.42
1109.69
693.196
235.72
1490.52
1263.1
959.843
599.603
203.892
2341.7
1982.3
1505.33
940.18
319.714
2352.87
1991.99
1512.73
944.733
321.24
2837.72
2398.22
1819.74
1136.73
386.703
3269.64
2763.89
2097.09
1309.59
445.408
3534.38
2979.26
2259.39
1413.48
481.637
4143.16
3477.25
2637.37
1657.17
566.923
4838.97
4027.61
3062.47
1948.3
673.383
6400.12
5238.33
4020.96
2642.21
934.385
6302.28
5043.44
3975.02
2814.22
1101.37
7165.53
5621.98
4530.73
3403.28
1403.11
4533.77
3820.48
2897.34
1813.14
618.081
4923.27
4134.17
3135.14
1968.51
673.321
4869.16
4066.77
3087.67
1953.06
672.805
4475.02
3702.65
2823.52
1816.77
635.758
3537.87
2883.88
2227.44
1491.2
546.71
3072.96
2461.54
1932.02
1354.62
519.452
18746.9
14170
4940.87
3980.68
3341.54
5183.43
3635.09
13110.7
14239.3
11886.1
13663.6
7399.41
11514.3
5412.98
5678.02
4010.14
21120.7
11086.6
3617.61
5793.67
8389.48
5682.03
6975.2
5327.25
2604.69
4683.86
4072.88
4526.57
18805.9
12055.9
12422.3
7992.62
8478.66
8567.68
4791.17
5973.13
5845.83
12866.7
12489.3
10957.9
11207.4
10511.3
10241.1
7745.4
6572.14
5598.22
2624.15
4408.88
3697.15
2803.05
1761.14
601.92
3577.11
3016.69
2287.59
1430.28
487.028
2998.23
2524.73
1912.5
1195.41
407.254
4663.9
3937
2985.32
1864.76
634.525
3259.1
2743.07
2078.58
1300.51
443.369
9817.72
9000.27
7792.53
7460.25
7834.89
10169.9
9482.4
7952.2
6833.14
5314.72
9253.87
7060.09
5765.14
4473
2011.46
10093.9
8836.02
7169.37
5927.94
3766.89
6315.08
5105.84
3882.5
2543.26
928.057
9375.25
7253.63
5621.25
3925.91
1605.61
4713.75
3874.14
2931.69
1874.63
659.012
4926.69
4037.27
3056.09
1961
692.74
3514.95
2903.67
2195
1393.76
485.208
15361.7
13352.5
11653.2
11112.4
10441
8977.98
7078.85
5659.57
4180.51
1800.99
3145.68
2584.82
1961.93
1261.88
445.943
5051.44
4167.5
3177.29
2052.5
725.897
7142.74
5801.36
4486.26
3021.14
1119.64
4951.54
4080.27
3113.41
2013.2
706.856
6157.79
5118.22
3888.98
2472.06
849.549
4723.76
3942.79
2990.06
1889.16
650.569
2310.55
1927.32
1457.14
916.402
314.841
4183.4
3509.87
2657.51
1665.78
569.404
3583.57
2971.14
2249.29
1426.85
495.296
4003.37
3334.84
2528.53
1600.76
553.321
12949.7
11928.6
10563.9
10569.3
9744.06
9145.09
7012.14
5825.57
4706.58
2174.3
10398.6
8776.89
7272.66
5867.84
2690.48
6695.18
5221.44
4107.72
2883.11
936.903
7284.44
5897.41
4538.06
3007.47
1033.55
7185.13
5588.27
4399.37
3090.29
988.233
4224.34
3511.18
2668.69
1699.47
588.658
5326.06
4463.56
3381.86
2124.24
726.964
5131.94
4251.39
3232.57
2066.54
718.472
479.262
1303.72
1977.17
2594.53
3218.7
3787.43
2138.43
5995.27
5652.38
2147.47
6843.01
6133.16
7374.07
9843.99
1196.41
165.337
2488.02
-1181.59
9693.39
8024.59
-1864.95
1560.02
4763.42
4592.3
1656.1
5235
2914.58
5896.45
6070.57
526.343
-788.258
1088.16
-3265.01
6865.28
4377.61
-3645.91
967.543
3274.92
3385.08
1148.12
3306.2
528.403
4435.83
4470.05
135.446
-971.39
-34.409
-3427.71
4271.07
471.928
-4163.12
652.615
2365.32
2757.56
893.434
1822.17
-761.59
3775.14
4245.75
-45.2149
-707.812
-362.31
-2894.97
3281.75
-1468.37
-3989.59
567.549
2232.72
2650.07
826.909
1712.91
-487.018
4020.96
5476.97
-119.256
-587.556
-471.308
-2508.2
3132.3
-1497.31
-2790.84
549.853
2204.39
2591.78
805.51
2095.39
241.23
3955.61
5387.59
-160.286
-919.013
-391.8
-2605.46
3604.52
-657.84
-2102.48
1208.32
3143.37
4148.39
1541.74
6444.36
11497.9
6918.26
12222.5
1500.79
1330.07
5207.99
4399.82
2433.59
9556.82
4754.52
1192.11
3067.57
3718.58
1342.65
6112.21
9843.34
6235.31
8986.96
1579.93
1224.77
5088.87
4216.98
1788.74
8854.28
4649.56
1114.86
2875.8
3123.11
1098.56
5557.37
8623.92
5288.68
8014.45
1373.15
1582.78
4506.35
5026.75
2055.88
7858.96
5234.8
1132.03
3149.36
2906.4
984.688
5923.47
8492.61
5244.27
7893.88
1449.92
1992.76
4688.05
6211.77
2593.23
8654.8
6386.87
1147.72
3142.03
2869.21
956.696
5860.67
9173.68
5269.54
8687.74
1579.28
2580.32
5074.07
7953.03
3683.29
10299.6
8376.66
1163.93
3147.63
2842.52
948.216
5963.52
9429.02
5164.96
8598.07
1771.25
3235.39
5621.5
9119.94
4906.62
11389
9418.5
)
;

boundaryField
{
    patch1
    {
        type            calculated;
        value           nonuniform List<scalar> 
2440
(
-4072.62
-8688.57
-8122.46
-4137.49
-5293.55
-5408.14
-8567.68
-4791.15
-5973.1
-5845.8
4068.94
8681.72
8122.47
4137.52
5293.59
5408.16
8567.68
4791.17
5973.13
5845.83
-7757.07
-17743.3
-26781.4
-18539.6
-19131
-23516.4
-17999.6
-9679.82
-79.429
3633.93
10087.8
5700.35
2233.32
5666.23
10301.4
12431.3
7099.43
-18829.7
-14113.9
-4545.66
-3574.01
-2793.31
-4499.93
-3130.84
-12383.1
-12265.6
-10496.1
-11169.7
-9247.95
-6412.03
-8760.51
-5424.78
-4169.24
-5176.94
-3317.64
-20416.9
-10242.4
-3109.95
-5182.67
-7763.19
-5304.81
-6320.51
-4786.49
-2350.7
-3986.38
-3458.54
-4027.42
-18928
-11836
-11907.3
-7608.14
-8119.83
85.9416
-332.392
-144.662
-584.092
-363.009
-1077.3
-805.139
-1712.71
-1477.97
-2333.93
-2313.74
-2846.84
-3123.02
-358.445
-165.023
-663.435
-425.922
-1213.43
-916.396
-1907.97
-1649.7
-2594.64
-2606.61
-3150
-3628.19
-18747
-14170
-4940.85
-3980.66
-3341.52
-5183.4
-3635.07
-13110.7
-14239.2
-11886.1
-13663.5
-7399.36
-11514.3
-5412.94
-5677.98
-4010.12
-21120.8
-11086.6
-3617.59
-5793.64
-8389.46
-5682.01
-6975.17
-5327.22
-2604.67
-4683.83
-4072.86
-4526.54
-18806
-12055.9
-12422.3
-7992.62
-8478.65
7115.56
17739.4
26784.2
18542.3
19134.5
23528.4
18029.8
8345.84
79.5667
-3398.51
-10054.7
-5681.45
-2224.48
-5656.11
-10280.5
-12401.9
-6239.87
18829.6
14113.9
4545.68
3574.03
2793.33
4499.96
3130.86
12383
12265.6
10496.1
11169.7
9248
6412.09
8760.56
5424.85
4169.29
5177.02
3317.69
20416.9
10242.5
3109.98
5182.7
7763.2
5304.83
6320.53
4786.52
2350.73
3986.42
3458.57
4027.45
18927.9
11835.9
11907.3
7608.14
8119.83
-85.8387
332.393
144.663
584.094
363.01
1077.31
805.142
1712.72
1477.98
2333.94
2313.75
2846.85
3123.04
358.446
165.024
663.438
425.925
1213.43
916.4
1907.98
1649.71
2594.65
2606.63
3150.01
3628.21
18746.9
14170
4940.87
3980.68
3341.54
5183.43
3635.09
13110.7
14239.3
11886.1
13663.6
7399.41
11514.3
5412.98
5678.02
4010.14
21120.7
11086.6
3617.61
5793.67
8389.48
5682.03
6975.2
5327.25
2604.69
4683.86
4072.88
4526.57
18805.9
12055.9
12422.3
7992.62
8478.66
-18034.6
-16357.2
6.43732
8.6035
-7.56564
-8.46569
-3787.41
664.444
2120.68
-11395.7
-9439.2
18031.7
16354.6
-6.4711
-8.60692
7.54287
8.47136
3787.43
-657.84
-2102.48
11389
9418.5
-17914.6
-773.228
41.9127
291.671
66.2748
-589.953
-623.273
-456.383
-497.309
-70.8327
-65.8275
807.652
1690.99
-477.91
-403.722
-296.508
-241.962
-2441.37
-1669.08
-6245.32
-3796.61
-8448.35
-5643.8
-7733.14
-9449.88
-7933.21
-10156.2
-5964.73
-13529.3
-8997.38
-7103.11
-6309.92
-4231.25
-3971.93
944.114
210.103
2899
779.362
4322.83
1575.43
1426.23
4702.1
4226.8
5161.09
1565.28
-1046.26
3231.1
3537.31
3161.25
1326.16
65.9628
40.1113
174.381
106.602
273.08
163.827
362.39
194.884
356.942
182.477
343.094
136.074
346.594
161.371
369.554
122.234
365.905
103.678
4.22161
6.9039
9.03576
19.4339
13.4912
28.2393
9.36202
4.9103
11.326
1.14139
19.7844
3.86259
1.48476
1.46942
1.22466
-0.0430169
2.9353
2.77963
6.744
6.3688
8.1707
8.18742
13.7918
-1.18256
-0.854471
-3.91883
-0.790937
-7.10493
-2.27432
-10.607
-4.2268
-16.1106
-7.31546
-26.7896
-9.91356
-22.3015
-9.32206
-29.2105
-9.78231
-30.4607
-9.78732
-209.149
-194.218
-2877
5175.06
11446.8
8955.94
6404.96
8921.37
12549.2
12942.1
8074.49
-1282.52
-321.482
132.033
-86.869
-770.965
-676.859
-547.589
-528.623
-117.669
-73.4362
754.099
1600.98
-514.416
-415.993
-312.679
-249.204
-798.163
-723.608
-925.395
-2724.78
-212.954
-4737.63
-11741.2
-8291.36
-4678.4
-6919.93
-6423.57
-16970.6
-8435.8
-5920.79
-4808.6
-3959.07
-1753.65
-1311.76
-5625.35
-1513.23
-9095.18
-508.397
-8112.43
-5041.27
-4101.7
-937.683
616.123
-6987.74
-2879.48
-1357.25
-643.415
433.248
39.9559
4.279
105.033
6.68348
168.682
11.0838
216.024
8.01914
189.357
-27.7021
135.083
-42.1883
134.856
-50.8405
228.213
7.90217
317.559
65.1693
-4.71578
-7.47347
-9.75128
-20.2791
-14.1752
-28.4915
-9.2939
-4.94203
-11.6177
-1.43936
-19.8609
-4.22859
-1.75161
-1.60131
-1.63691
-0.253399
-3.56914
-3.39814
-8.13726
-7.84881
-10.1029
-10.0989
-14.3259
-1.21958
-0.841761
-4.05165
-0.625609
-7.32155
-2.08687
-10.8495
-4.05443
-16.352
-7.20077
-26.913
-9.87634
-22.5024
-9.2541
-29.273
-9.76705
-30.4805
-9.78446
-117.348
495.414
-1860.69
-212.229
-491.091
-1602.72
-1390.84
-605.373
-2202.47
-2592.49
-875.187
-2092.1
-238.825
-3955.13
-5386.98
143.845
942.772
404.373
2660.94
-3595.57
-1254.17
-3149.94
-2842.35
-1027.24
-5967.38
-9431.66
-5165.83
-8598.83
-1906.88
-3475.86
-5637.16
-9188.36
-4916.22
17912.9
773.181
-41.934
-291.711
-66.3507
589.943
623.269
456.37
497.308
70.8062
65.8475
-807.71
-1690.9
477.902
403.729
296.509
241.967
2233.13
1553.13
6240.27
3802.2
8447.47
5646.32
7733.13
9449.83
7933.18
10156
5965.84
13529.3
8997.34
7103.11
6309.96
4231.64
3964.85
-882.872
-210.891
-2890.71
-773.569
-4319.04
-1572.75
-1426.03
-4701.63
-4226.05
-5158.84
-1563.85
1046.47
-3230.65
-3536.65
-3160.2
-1325.41
-60.0049
-36.7419
-174.552
-106.688
-273.291
-164.046
-362.503
-195.011
-357.017
-182.555
-343.139
-136.105
-346.653
-161.421
-369.585
-122.252
-365.925
-103.687
-4.01098
-6.43079
-9.12998
-19.5113
-13.5643
-28.3155
-9.37052
-4.91299
-11.3388
-1.14221
-19.7654
-3.85638
-1.48921
-1.47051
-1.22716
0.0422017
-2.78685
-2.55803
-6.80741
-6.42501
-8.19827
-8.27765
-13.7954
0.999305
0.718099
3.94497
0.807061
7.10756
2.29068
10.6036
4.23771
16.1061
7.32117
26.7871
9.91445
22.2977
9.32464
29.2089
9.78242
30.4594
9.78708
209.206
195.383
2878.93
-4846.08
-11405
-8935.55
-6396.89
-8911.5
-12530.4
-12920.6
-7105.77
1282.58
321.472
-132.073
86.8569
770.946
676.85
547.563
528.616
117.616
73.4005
-754.203
-1601.1
514.391
415.979
312.674
249.202
784.582
701.348
896.69
2714.32
213.011
4733.18
11741.8
8292.76
4679.8
6919.37
6421.63
16970.8
8436.14
5920.92
4808.27
3958.21
1483.59
1154.45
5679.74
1555.78
9100.93
523.081
8111.91
5040.06
4100.89
941.125
-610.504
6987.6
2879.25
1357.56
644.933
-430.714
-35.9967
-3.53
-105.465
-6.90044
-168.99
-11.3948
-216.167
-8.18583
-189.435
27.621
-135.101
42.1845
-134.897
50.8117
-228.225
-7.90051
-317.572
-65.1712
4.14557
6.77659
9.65792
20.1207
14.105
28.3995
9.28614
4.94079
11.6035
1.43776
19.8948
4.23729
1.74528
1.60014
1.6342
0.252299
3.09105
3.0052
8.10717
7.8229
10.0889
10.0274
14.3396
1.02805
0.702286
4.07993
0.643047
7.32473
2.1045
10.8463
4.06614
16.3476
7.20691
26.9106
9.87731
22.4987
9.25687
29.2714
9.76718
30.4793
9.78422
117.8
-494.386
1863.87
142.735
522.724
1627.36
1236.51
549.82
2204.36
2591.7
805.433
2095.39
241.23
3955.61
5387.59
-160.286
-919.013
-391.8
-2605.46
3604.52
1163.92
3147.62
2842.46
948.156
5963.52
9429.02
5164.96
8598.07
1771.25
3235.39
5621.5
9119.94
4906.62
-14441.1
5798.27
-3787.41
14439.7
-5798.12
3787.43
-12548.6
-14161.2
-12020.2
-18100.6
-5062.48
-3652.83
-11471.5
-7397.99
-3262.28
-3742.73
-8649.86
-9977.59
-11166.5
-12846.2
-11114.4
-3587.91
-16383.3
-3228.37
-3378.8
-8652.5
-8728.53
-10431.5
-9694.31
-3123.89
-2908.29
-2528.61
-8050.68
-6895.37
-6016.18
-8289.6
-7280.97
-6910.98
-11323.8
-18510.8
-9139.8
-18878.1
-207.218
-1735.09
-3569.57
-6705.36
474.467
462.815
1609.12
1714.58
580.396
885.142
5837.89
2886.57
5820.16
630.242
494.87
1648.27
1714.77
1592.46
1941.99
813.379
982.193
1102.22
2623.78
3056.87
3164.06
3033.14
3922.5
4270.53
-339.803
-854.131
-1115.91
-961.402
-277.368
83.3864
117.726
38.4932
7.22419
16.3417
-7.86743
-168.271
-219.913
105.26
116.161
237.883
41.4587
5.43308
12550.5
14161.5
12022.7
18102
4665.38
3381.89
11478.1
7394.31
3049.02
3486.22
8630.6
9945.89
11161.1
12838.9
11113.8
3587.79
16381.9
2983.11
3115.87
8646.78
8709.49
10428.8
9690.66
2846.5
2647.86
2314.49
8042
6886.98
6012.5
8287.58
7279.77
6910.93
11332.8
18514.3
9144.52
18880.8
221.244
1606.46
3531.97
6690.26
-441.156
-426.692
-1607.39
-1714.05
-580.892
-885.398
-5837.81
-2886.49
-5820.21
-593.718
-457.98
-1641.69
-1713.32
-1591.04
-1940.25
-763.078
-912.178
-1025.37
-2610.3
-3046.29
-3156.94
-3029.38
-3919.3
-4268.24
296.91
862.16
1120.44
963.38
278.066
-83.3314
-117.527
-38.479
-7.22131
-26.5623
14.8875
172.008
221.383
-104.826
-116.154
-237.797
-41.465
-5.43588
3005.8
6724.85
55.62
31.291
18.187
11.4954
8.7299
93.6243
50.6626
29.7293
19.051
14.396
-2655.31
-412.043
3618.98
10021.5
2159.28
89.1706
54.8054
30.0595
17.9365
11.5648
8.70585
84.7158
47.4859
28.0634
17.8753
13.5532
479.262
1303.72
1977.17
2594.53
3218.7
-3593.34
-3671.99
-10148.4
-10046.9
-15260.6
-13941.7
-3599.41
-3234.19
-2986.58
-9965.48
-9038.84
-8393.59
-12164.9
-10710
-9833.12
0
0
0
0
0
0
0
0
-2465.69
-1267.81
-541.461
-369.157
-563.335
-375.835
-335.668
-290.152
-221.412
-156.224
-123.33
-87.0164
-117.729
-67.5082
-39.89
-25.4455
-19.2775
-42.6797
-25.1026
-15.0617
-9.66964
-7.33335
-32.6127
-248.917
-676.201
-1370.44
-2280.54
-3164.87
-29.5074
-25.0452
-19.0597
-11.9179
-4.05433
-225.128
-190.991
-145.274
-90.8043
-30.8849
-611.363
-518.458
-394.216
-246.346
-83.7789
-1238.29
-1049.44
-797.535
-498.228
-169.42
-2058.63
-1742.97
-1323.66
-826.664
-281.091
-2852.38
-2411.39
-1829.69
-1142.59
-388.596
-2890.59
-2569.18
-2146.01
-1621.9
-1017.97
-349.018
0
0
0
0
0
0
0
0
0
0
0
0
1400.64
-138.096
93.792
-170.972
-2996.97
-2919.9
-6452.34
-5717.95
-6117.44
-5577.58
-2673.03
-2456.18
-2288.18
-5344.29
-5165.11
-4950.62
-5985.33
-6118.42
-6010.55
-540.254
-374.63
-199.927
-93.0224
-221.503
-156.733
-96.0215
-57.9582
-106.766
-65.4614
-40.0693
-25.9511
-19.6955
-40.7554
-24.782
-15.0981
-9.76477
-7.41464
2371.94
2051.9
1659.74
1213.99
741.814
250.438
17.166
200.222
586.641
1223.63
1982.79
2658.12
15.506
13.134
9.97319
6.22496
2.11557
180.952
153.371
116.545
72.7873
24.7453
529.962
448.973
341.017
212.914
72.373
1104.33
934.521
709.086
442.4
150.327
1786.38
1508.82
1142.92
712.285
241.91
2387.69
2010.23
1518.7
945.022
320.764
-3619.1
-10022
-2160.45
-89.4975
-54.827
-30.0735
-17.9504
-11.5811
-8.73213
-84.7094
-47.4657
-28.0422
-17.8575
-13.5411
-479.232
-1303.67
-1977.12
-2594.49
-3218.67
-3005.72
-6724.7
-55.6882
-31.3421
-18.226
-11.5287
-8.76906
-93.6661
-50.6806
-29.7352
-19.052
-14.3986
2657.21
412.505
-9832.45
-13892.4
-18895
-22681
-19610.6
-21452.9
-11269
-10553.3
-1921.58
-1890.82
-1669.08
-5253.52
-4446.71
-3796.61
-7555.61
-6171.43
-5643.8
-11428.3
-7884.16
-5964.73
-10976.2
-6667.96
-4231.25
339.15
-767.546
-1251
-2180.53
-1704.46
151.959
-654.23
-400.922
79.1097
762.636
255.712
166.615
155.336
134.982
588.179
360.421
312.345
265.245
192.48
75.4823
43.4845
35.2114
482.937
195.531
110.559
90.84
632.838
268.457
160.684
132.617
609.882
280.576
175.505
146.63
418.83
238.941
150.147
129.599
151.505
139.729
88.067
73.1341
208.503
178.183
115.783
102.835
117.012
96.1877
61.1693
48.7184
45.4554
34.9902
24.3204
19.6023
48.768
26.5211
15.1518
9.44827
7.05764
106.98
60.8477
35.4891
22.4173
16.8437
44.7832
27.9459
17.2538
11.2336
8.50714
59.642
32.5397
19.2762
12.4018
9.34165
42.3715
27.2955
16.9772
11.0754
8.40904
19.4818
12.1544
7.45158
4.82713
3.65937
26.8553
12.5891
6.63554
3.94756
2.89616
58.6591
27.2826
14.5216
8.70312
6.40903
67.1202
32.7791
18.0196
10.97
8.19108
-324.553
-853.57
-1266.08
-1364.88
-404.109
-235.22
-40.0978
-305.554
-305.803
-84.1131
-40.8923
0.711683
-0.290235
-0.448987
-144.886
-0.428562
4.81184
1.98227
0.707618
-267.066
-31.3238
-2.82675
-0.0724921
0.127032
-373.182
-74.4493
-16.1201
-3.64763
-0.873318
-401.467
-128.692
-35.1594
-8.88571
-2.35558
-323.291
-114.824
-32.7524
-8.40602
-2.10285
-456.621
-164.047
-45.5529
-11.3852
-2.91458
-229.61
-73.1865
-20.2481
-5.14919
-1.15664
-197.929
-59.0069
-15.4879
-3.63471
-0.714774
9125.89
12899
14153.8
16711
17477
18458.9
9381.75
10336.5
-2679.89
-7412.07
-4828.79
-2822.87
-2384.39
-1986.6
-1487.4
-920.355
-311.689
-3721.22
-2606.64
-1710.12
-1422.21
-864.857
-3363.51
-2183.55
-1460.38
-915.619
-349.156
-2374.78
-1869.58
-1345.41
-819.563
-278.129
-585.821
-723.561
-2735.39
-2724.78
-4866.01
-4737.63
-9545.81
-6423.57
-7684.74
-3959.07
-996.999
-1097.52
-2186.3
-2393.91
-1724.53
-15.0607
-1254.73
-1169.93
-1198.78
-879.676
-285.241
-158.282
-46.4034
7.51616
-492.587
-297.326
-114.738
-35.2913
-75.3219
-43.2798
-14.6836
-5.30267
-203.952
-120.329
-49.8799
-20.3824
-273.033
-181.987
-73.6986
-30.1764
-340.163
-222.732
-91.3219
-38.7959
-463.523
-235.34
-119.798
-69.1418
-335.503
-179.258
-126.164
-99.4183
-496.52
-227.834
-137.241
-94.946
-165.429
-109.911
-84.8167
-70.3893
-45.8024
-35.8814
-26.9814
-22.5775
-31.9843
-22.7865
-14.7624
-9.81936
-7.55546
-88.2207
-55.9115
-34.8655
-22.8115
-17.4443
-59.9041
-30.2554
-17.2368
-10.8636
-8.24055
-55.949
-31.1368
-18.3151
-11.642
-8.86745
-55.1484
-29.5145
-17.0782
-10.8138
-8.20094
-21.4914
-12.5207
-7.47168
-4.78502
-3.62901
-5.81601
-8.5654
-6.37787
-4.45988
-3.48316
-17.115
-20.1653
-14.3484
-9.8863
-7.68357
-37.017
-28.6409
-18.6646
-12.534
-9.6067
-10.7628
-98.9599
-398.471
-638.224
-46.6367
-218.55
37.5759
-307.961
-308.844
-8.33654
-30.9481
3.27809
0.107358
-0.408065
48.7498
36.4438
11.6167
3.23368
0.971321
-36.9099
12.8758
5.37968
1.41958
0.43714
-177.431
-36.0755
-8.86751
-2.31047
-0.592898
-288.94
-104.795
-30.446
-7.99999
-2.16908
-310.741
-110.905
-31.7734
-8.19191
-2.04948
-413.95
-153.283
-43.2519
-10.9288
-2.81464
-227.861
-72.2842
-19.943
-5.07084
-1.13376
-198.293
-58.952
-15.4424
-3.61859
-0.709177
-31.2773
-367.314
-1032.37
-1943.55
-2974.05
-3977.32
-4839.39
-5387.65
-5251.54
-3924.54
-1869.18
-275.123
-28.2108
-23.8541
-18.0834
-11.2733
-3.82885
-331.671
-280.848
-213.231
-133.098
-45.2373
-931.898
-788.846
-598.798
-373.743
-127.031
-1753
-1482.72
-1124.85
-701.914
-238.562
-2678.86
-2262.9
-1715.33
-1070.16
-363.751
-3574.81
-3013.88
-2282.42
-1424.21
-484.347
-4335.07
-3644.8
-2758.02
-1723.1
-586.888
-4802.07
-4022.58
-3043.74
-1908.21
-652.262
-4647.75
-3875.83
-2937.76
-1855.59
-638.959
-3444.05
-2860.52
-2177.94
-1392.78
-485.998
-1627.71
-1348.97
-1034.1
-671.148
-237.722
-240.451
-200.551
-155.058
-101.53
-36.1631
-62.279
-462.004
-1193.55
-2169.25
-3246.75
-4254.59
-5054.63
-5468.18
-5151.57
-3687.5
-1629.43
-174.31
-56.336
-47.8066
-36.3767
-22.7455
-7.73792
-417.646
-354.136
-269.26
-168.266
-57.2278
-1078.46
-914.015
-694.683
-434.03
-147.603
-1958.72
-1658.94
-1260.29
-787.294
-267.743
-2928.35
-2477.62
-1881.16
-1175.14
-399.715
-3830.13
-3235.35
-2454.89
-1534.15
-522.157
-4536.08
-3822.07
-2898.46
-1813.92
-618.38
-4882.2
-4098.23
-3107.76
-1951.84
-667.838
-4562.9
-3809.54
-2892.33
-1830.23
-630.984
-3229.85
-2678.77
-2039.94
-1307.05
-457.052
-1406.33
-1156.34
-883.59
-574.935
-204.592
-146.371
-117.73
-89.4617
-58.9773
-21.3457
-3305.42
-13663.5
-3685.58
-2967.99
-2500.78
-1894.64
-1183.88
-403.183
-10093.9
-8835.99
-7169.14
-5927.39
-3766.08
-3238.72
-2680.69
-2025.7
-1282.9
-445.179
9831.56
13888.9
18901.3
22674.8
19634.2
21435
9668.82
9079.13
1783.36
1755.74
1553.13
5257.37
4450
3802.2
7556.99
6172.92
5646.32
11429.2
7884.95
5965.84
10976.5
6668.23
4231.64
-284.533
714.873
1222.48
2172.8
1703.63
-152.222
594.007
371.672
-76.5105
-764.771
-236.308
-154.422
-143.904
-124.919
-587.656
-360.254
-312.358
-265.128
-183.601
-71.5168
-40.5964
-32.1685
-481.323
-195.169
-110.45
-90.9286
-631.703
-268.162
-160.706
-132.828
-609.295
-280.397
-175.519
-146.745
-418.566
-238.863
-150.165
-129.665
-151.489
-139.737
-88.0859
-73.1587
-208.409
-178.164
-115.802
-102.875
-117.024
-96.2028
-61.1838
-48.7325
-45.4647
-34.9982
-24.3261
-19.6068
-44.8655
-24.4815
-14.0342
-8.78742
-6.58166
-107.045
-60.8824
-35.5375
-22.4769
-16.8999
-44.7961
-27.9502
-17.254
-11.232
-8.5051
-59.6599
-32.544
-19.2742
-12.3974
-9.33718
-42.3815
-27.2997
-16.9786
-11.0754
-8.40878
-19.4853
-12.1563
-7.45271
-4.82787
-3.65996
-24.3575
-11.4108
-6.0502
-3.63579
-2.669
-58.831
-27.4055
-14.6146
-8.7822
-6.48172
-67.2591
-32.8927
-18.1132
-11.0533
-8.28088
282.723
863.479
1270.28
1366.76
404.867
235.285
40.3464
305.571
305.809
64.3534
33.3939
-1.89902
-0.0339283
0.335146
150.724
2.01577
-4.45916
-1.90485
-0.688557
270.581
32.5348
3.14723
0.149341
-0.106716
374.853
75.1067
16.3132
3.69706
0.887047
402.13
128.978
35.2503
8.91034
2.36273
323.357
114.857
32.7644
8.40964
2.10402
456.845
164.149
45.5873
11.395
2.91754
229.628
73.1957
20.2515
5.15027
1.15701
197.933
59.0084
15.4883
3.63482
0.714808
-9122.75
-12894.4
-14140.5
-16696.4
-17452
-18435.6
-8070.65
-8894.44
2679.91
7412.12
4828.86
2822.91
2384.42
1986.62
1487.42
920.37
311.695
3721.34
2606.84
1710.41
1422.6
865.159
3363.62
2183.69
1460.53
915.764
349.229
2374.82
1869.63
1345.47
819.604
278.145
558.768
701.304
2730.42
2714.32
4863.47
4733.18
9544.64
6421.63
7684.31
3958.21
916.163
999.73
2185.6
2400.4
1726.65
15.5299
1141.76
1083.9
1204.11
877.809
264.314
146.378
43.0067
-6.76425
493.269
297.623
114.628
35.0444
61.8354
38.0606
13.2211
5.45119
206.005
120.457
49.8361
20.1682
274.884
182.256
73.5941
29.8795
341.298
223.004
91.2973
38.6485
464.139
235.536
119.811
69.0784
335.645
179.333
126.191
99.4228
496.823
227.96
137.268
94.9291
165.489
109.95
84.8353
70.3982
45.8163
35.8918
26.9876
22.5815
29.8629
21.0911
13.5924
8.99938
6.90587
87.8541
55.7258
34.7321
22.6976
17.3467
59.9132
30.2661
17.2472
10.8728
8.24876
55.9564
31.1521
18.3313
11.6564
8.87984
55.1553
29.5215
17.0848
10.8196
8.20605
21.4941
12.5228
7.47342
4.78646
3.63023
5.24485
7.71744
5.69855
3.94745
3.08252
17.0811
20.1467
14.3203
9.84759
7.64044
36.9485
28.5833
18.6079
12.4746
9.53466
-3.44724
106.308
401.18
639.343
47.0109
218.561
-37.4876
307.959
308.845
-6.03953
23.9931
-4.35497
-0.421665
0.29254
-42.7329
-34.7279
-11.2335
-3.15005
-0.950808
40.3568
-11.6053
-5.03753
-1.33726
-0.415393
178.98
36.7435
9.06967
2.36281
0.607491
289.514
105.075
30.5393
8.02575
2.17662
310.788
110.934
31.7848
8.19551
2.05067
414.129
153.379
43.2864
10.9388
2.81772
227.871
72.2911
19.946
5.07185
1.13411
198.295
58.9529
15.4427
3.61867
0.709205
31.2771
367.314
1032.37
1943.56
2974.06
3977.33
4839.4
5387.66
5251.55
3924.55
1869.18
275.123
28.2106
23.8539
18.0833
11.2732
3.82883
331.672
280.848
213.231
133.098
45.2374
931.9
788.849
598.799
373.744
127.031
1753.01
1482.72
1124.86
701.917
238.563
2678.87
2262.91
1715.33
1070.16
363.753
3574.82
3013.9
2282.43
1424.22
484.349
4335.08
3644.82
2758.04
1723.11
586.891
4802.08
4022.6
3043.76
1908.22
652.266
4647.76
3875.84
2937.77
1855.6
638.963
3444.06
2860.53
2177.95
1392.79
486.001
1627.71
1348.97
1034.1
671.154
237.724
240.452
200.553
155.06
101.531
36.1636
62.2795
462.006
1193.56
2169.26
3246.76
4254.61
5054.64
5468.2
5151.58
3687.5
1629.43
174.309
56.3364
47.8071
36.3771
22.7457
7.73799
417.648
354.138
269.262
168.268
57.2282
1078.46
914.02
694.687
434.032
147.604
1958.73
1658.95
1260.29
787.298
267.744
2928.37
2477.63
1881.17
1175.14
399.717
3830.15
3235.36
2454.9
1534.16
522.161
4536.09
3822.09
2898.48
1813.93
618.384
4882.21
4098.25
3107.78
1951.86
667.843
4562.9
3809.55
2892.34
1830.24
630.989
3229.85
2678.77
2039.95
1307.05
457.055
1406.33
1156.34
883.592
574.938
204.593
146.37
117.729
89.4612
58.977
21.3456
3305.44
13663.6
3685.61
2968.02
2500.8
1894.66
1183.89
403.188
10093.9
8836.02
7169.37
5927.94
3766.89
3238.75
2680.73
2025.74
1282.93
445.194
0
0
0
0
0
0
0
0
0
0
0
0
-1401.32
137.419
-94.0583
170.787
2997.05
2919.99
6452.59
5718.27
6117.9
5578.27
2673.12
2456.25
2288.24
5344.66
5165.46
4950.91
5986.24
6119.24
6011.2
540.049
374.522
199.83
92.9741
221.418
156.686
95.9922
57.9452
106.736
65.4477
40.0614
25.9451
19.6868
40.749
24.7785
15.0959
9.76313
7.41288
-2371.91
-2051.87
-1659.7
-1213.95
-741.787
-250.427
-17.1661
-200.222
-586.639
-1223.63
-1982.78
-2658.1
-15.5061
-13.1341
-9.97325
-6.22499
-2.11559
-180.951
-153.371
-116.544
-72.7871
-24.7452
-529.96
-448.971
-341.016
-212.913
-72.3727
-1104.32
-934.517
-709.083
-442.398
-150.326
-1786.37
-1508.81
-1142.92
-712.281
-241.909
-2387.67
-2010.22
-1518.69
-945.013
-320.761
3593.24
3671.9
10148
10046.6
15259.6
13940.9
3599.34
3234.14
2986.55
9965.28
9038.74
8393.56
12164.5
10709.8
9833.13
0
0
0
0
0
0
0
0
2467.19
1268
541.831
369.294
563.533
375.953
335.676
290.124
221.495
156.272
123.349
87.0207
117.702
67.5021
39.8904
25.4467
19.2749
42.6804
25.1043
15.0637
9.67135
7.33445
32.613
248.918
676.204
1370.45
2280.55
3164.89
29.5076
25.0454
19.0599
11.918
4.05437
225.129
190.992
145.275
90.8048
30.885
611.367
518.46
394.219
246.348
83.7794
1238.3
1049.45
797.54
498.231
169.421
2058.64
1742.98
1323.67
826.669
281.093
2852.4
2411.41
1829.71
1142.6
388.599
2890.61
2569.2
2146.04
1621.93
1017.99
349.027
)
;
    }
    patch2
    {
        type            calculated;
        value           nonuniform List<scalar> 
348
(
-479.232
479.262
-851.883
-470.299
-613.402
-620.557
-988.199
-588.645
-726.953
-718.457
851.901
470.31
613.412
620.568
988.233
588.658
726.964
718.472
-10329.3
-2573.56
-537.772
-428.96
-324.666
-536.841
-367.515
-6250.28
-2787.28
-1335.27
-1824.6
-1111.2
-616.114
-845.338
-415.51
-408.575
-466.939
-325.715
-9122.29
-1453.02
-322.135
-584.537
-931.997
-615.048
-732.42
-547.076
-250.096
-453.381
-364.713
-450.632
-9173.82
-2042.96
-2341.28
-834.764
-928.966
-52.7009
-79.6013
-133.014
-204.272
-286.115
-364.813
-36.206
-74.931
-151.278
-254.8
-371.721
-486.258
-41.1634
-17.9156
-72.1741
-44.8727
-132.801
-99.2996
-210.387
-181.515
-285.28
-282.297
-345.351
-376.933
-443.682
-524.716
-624.877
-885.524
-1052.89
-1378.85
-585.006
-649.962
-662.068
-636.24
-550.182
-520.528
-55.8292
-89.1098
-149.177
-227.07
-315.524
-398.955
-40.3023
-87.3555
-172.196
-283.757
-406.812
-523.239
-44.4534
-20.4802
-82.2371
-52.827
-150.209
-113.504
-235.719
-203.891
-319.712
-321.238
-386.7
-445.404
-481.633
-566.918
-673.375
-934.37
-1101.35
-1403.09
-618.076
-673.315
-672.799
-635.751
-546.703
-519.444
-10511.1
-2624.1
-601.913
-487.023
-407.248
-634.518
-443.364
-7834.42
-5313.77
-2011.26
-3766.08
-928.001
-1605.43
-658.985
-692.71
-485.191
-10440.7
-1800.9
-445.926
-725.876
-1119.61
-706.84
-849.534
-650.556
-314.833
-569.394
-495.281
-553.309
-9743.84
-2174.24
-2690.38
-936.875
-1033.53
10329.5
2573.6
537.777
428.964
324.671
536.848
367.52
6250.48
2787.83
1335.38
1825.07
1111.57
616.163
845.447
415.587
408.6
466.979
325.734
9122.44
1453.07
322.15
584.553
932.019
615.059
732.43
547.087
250.106
453.391
364.728
450.643
9173.93
2042.99
2341.32
834.778
928.98
52.7011
79.6016
133.014
204.273
286.117
364.815
36.2061
74.9312
151.279
254.801
371.722
486.26
41.1636
17.9156
72.1744
44.8728
132.801
99.2999
210.388
181.516
285.281
282.299
345.353
376.937
443.685
524.72
624.883
885.533
1052.91
1378.87
585.009
649.966
662.073
636.245
550.188
520.535
55.8294
89.1103
149.177
227.072
315.526
398.957
40.3025
87.356
172.197
283.758
406.814
523.242
44.4537
20.4803
82.2375
52.8273
150.21
113.504
235.72
203.892
319.714
321.24
386.703
445.408
481.637
566.923
673.383
934.385
1101.37
1403.11
618.081
673.321
672.805
635.758
546.71
519.452
10511.3
2624.15
601.92
487.028
407.254
634.525
443.369
7834.89
5314.72
2011.46
3766.89
928.057
1605.61
659.012
692.74
485.208
10441
1800.99
445.943
725.897
1119.64
706.856
849.549
650.569
314.841
569.404
495.296
553.321
9744.06
2174.3
2690.48
936.903
1033.55
-237.234
146.173
210.103
-371.677
626.66
779.362
-1139.51
1103.04
1575.43
-739.623
1607.64
1565.28
-2081.6
1088.52
1326.16
-1659.15
-1311.73
-2691.62
-1513.23
-4049.24
-508.397
-2656.92
616.123
-4407.71
433.248
191.815
-155.246
-210.891
386.622
-617.572
-773.569
1144.41
-1099.24
-1572.75
741.541
-1605.87
-1563.85
2082.62
-1087.58
-1325.41
1469.61
1154.43
2735.62
1555.78
4062.43
523.081
2662.3
-610.504
4410.16
-430.714
)
;
    }
    patch3
    {
        type            calculated;
        value           nonuniform List<scalar> 
96
(
-425.941
-644.839
-1080.09
-1663.7
-2339.52
-2999.24
-293.074
-607.959
-1229.77
-2076.7
-3040.05
-3993.25
-3672.81
-4374.31
-5220.47
-7247.3
-7555.2
-9075.58
-4824.16
-5374.16
-5467.03
-5193.01
-4256.6
-3782.73
-450.61
-719.557
-1206.2
-1839.46
-2562.19
-3249.67
-325.401
-705.722
-1393.12
-2300.04
-3305.53
-4264
-3936.01
-4640.72
-5483.59
-7425.96
-7675.94
-9121.51
-5051.46
-5511.52
-5493.66
-5121.77
-4164.63
-3742.64
425.942
644.841
1080.1
1663.71
2339.53
2999.25
293.075
607.96
1229.77
2076.7
3040.05
3993.26
3672.83
4374.33
5220.49
7247.31
7555.2
9075.56
4824.18
5374.17
5467.04
5193.01
4256.6
3782.73
450.612
719.56
1206.2
1839.47
2562.2
3249.68
325.403
705.726
1393.13
2300.05
3305.54
4264.01
3936.02
4640.73
5483.6
7425.96
7675.93
9121.49
5051.47
5511.54
5493.67
5121.77
4164.63
3742.64
)
;
    }
    patch4
    {
        type            calculated;
        value           nonuniform List<scalar> 
384
(
-10778.9
-32198.2
-59429.5
-78214.6
-61946.8
-44464.9
-27512
-10940.1
-15244.2
-42851.3
-62060.2
-22890.7
9769.56
32182
59427.2
78212.1
61943.4
44466
27510
9379.55
13988.9
42839.6
62033.4
20846.3
-49934.5
-60748.6
-76262.8
-93389.6
-51343.7
-61280.5
-77315.3
-93821
49936.1
60750.1
76262.6
93389.5
51348
61283.2
77317
93821.8
-18294.7
-21191.9
19437.8
21691.5
-17284.1
-6597.89
-21016.2
-8712.14
17929.9
6872.1
21403.9
8875.17
-19434.1
-21688.9
18297.2
21194
-7836.29
-5570.36
-24845.1
-17505.8
-31499.2
-39924.9
-4139.6
-1408.07
-13015.5
-4568.81
-9859.58
-6910.13
-29104.1
-20642.2
-32572.4
-40474.3
-4963.39
-1578.19
-14988.1
-5125.51
7166.16
5097.23
24844.1
17505.1
31501.2
39927.1
3806.44
1301.02
13012.1
4569.17
9043.25
6326.02
29108.1
20644.3
32576
40477.3
4559.71
1454.43
14985
5126.48
-17927.7
-6871.18
-21401.5
-8874.14
17285.8
6598.68
21018.3
8713.09
-13208.2
-16827.9
-12320.5
-15730.5
13206.8
16826.9
12320.2
15730
-904.982
-1290.62
-2630.8
-4084.57
-2416.04
-2092.34
-4240.76
-5989.32
-7272.8
-11488.8
-8360.72
-11955
-6805.04
-11368.5
-6858.7
-11496.1
-394.289
-1449.13
-1839.95
-4502.86
-930.431
-1534.29
-4210.96
-6032.54
-7087.67
-11210.1
-7727.67
-11432.5
-6749.79
-11225.9
-6853.68
-11453.7
856.491
1198.01
2632.17
4079.51
2413.83
2089.15
4240.66
5989.68
7272.05
11488.5
8359.79
11954.5
6804.89
11368.4
6858.79
11496
381.037
1342.61
1844.88
4497.9
928.969
1530.97
4210.85
6032.93
7086.94
11209.8
7727.07
11432.1
6749.66
11225.8
6853.78
11453.7
-970.789
-1903.92
-3260.85
-6155.21
-5785.41
-10331.9
-10356
106.702
-639.858
-1655.28
-4288.58
-3633.64
-7879.64
-9201.28
916.355
1776.69
3260.29
6138.04
5782.1
10326.1
10354.8
-89.4155
602.633
1665.12
4283.48
3633.15
7877.31
9200.99
-711.118
-2237.81
-3883.57
-5506.44
-7442.3
-11053
-9634.24
-11873.4
-12055.2
-743.393
-2339.87
-4024.08
-5632.86
-7525.61
-11061.7
-9678.6
-11867.3
-12051.3
628.523
2247.11
3884.9
5506.32
7442.04
11053
9634.08
11873.5
12055.3
656.799
2350.44
4025.76
5632.92
7525.5
11061.8
9678.57
11867.4
12051.4
-145.448
-457.428
-790.473
-1114.22
-1533.5
-2508.89
-2097.63
-2760.31
-2812.45
-151.943
-477.847
-819.599
-1142.25
-1555.39
-2515.01
-2112.38
-2761.61
-2812.41
126.988
459.519
790.711
1114.08
1533.34
2508.84
2097.52
2760.3
2812.45
132.515
480.202
819.916
1142.15
1555.26
2514.98
2112.29
2761.61
2812.42
-31.5631
-99.3743
-171.82
-243.107
-340.027
-588.157
-478.665
-658.285
-675.408
-32.9692
-103.774
-178.267
-249.662
-345.68
-590.52
-483.044
-659.231
-675.614
27.393
99.7936
171.834
243.041
339.959
588.128
478.612
658.272
675.403
28.5785
104.242
178.294
249.602
345.618
590.496
482.997
659.221
675.61
-6.80309
-21.5065
-37.3527
-53.2189
-75.469
-135.746
-108.275
-154.067
-159.226
-7.10007
-22.4379
-38.7479
-54.6944
-76.8247
-136.461
-109.424
-154.415
-159.319
5.87908
21.5877
37.3464
53.1956
75.4461
135.735
108.257
154.06
159.222
6.1283
22.5273
38.7434
54.6717
76.8025
136.45
109.407
154.409
159.316
-1.67869
-5.32585
-9.29788
-13.361
-19.2025
-35.7092
-27.9784
-41.0505
-42.7329
-1.74924
-5.54735
-9.63558
-13.7297
-19.5584
-35.9309
-28.3016
-41.1712
-42.7683
1.44581
5.34313
9.29379
13.3527
19.1944
35.7045
27.9715
41.0476
42.7309
1.5048
5.5662
9.63165
13.7213
19.5504
35.9264
28.2948
41.1684
42.7664
)
;
    }
}


// ************************************************************************* //
