/*--------------------------------*- C++ -*----------------------------------*\
| =========                 |                                                 |
| \\      /  F ield         | OpenFOAM: The Open Source CFD Toolbox           |
|  \\    /   O peration     | Version:  2412                                  |
|   \\  /    A nd           | Website:  www.openfoam.com                      |
|    \\/     M anipulation  |                                                 |
\*---------------------------------------------------------------------------*/
FoamFile
{
    version     2.0;
    format      ascii;
    arch        "LSB;label=32;scalar=64";
    class       surfaceScalarField;
    location    "90/bottomWater";
    object      phi;
}
// * * * * * * * * * * * * * * * * * * * * * * * * * * * * * * * * * * * * * //

dimensions      [1 0 -1 0 0 0 0];

oriented        oriented;

internalField   nonuniform List<scalar> 
3858
(
7.3285111e-05
4.1427381e-06
2.572151e-06
6.5957278e-05
4.2673774e-06
3.060456e-06
5.9176862e-05
3.810324e-06
2.9700916e-06
5.3433594e-05
3.1720092e-06
2.5712587e-06
4.8920406e-05
2.5110274e-06
2.0021607e-06
4.5637231e-05
1.9378493e-06
1.3453251e-06
4.3526898e-05
1.4879085e-06
6.2242465e-07
4.2551201e-05
1.1566349e-06
-1.8093735e-07
4.2647245e-05
9.4269734e-07
-1.0387417e-06
4.3786666e-05
8.2814744e-07
-1.9675682e-06
4.5936209e-05
7.3966182e-07
-2.8892051e-06
4.8935596e-05
6.1857532e-07
-3.6179618e-06
5.2245328e-05
4.3671384e-07
-3.7464461e-06
5.4158917e-05
2.1818528e-07
-2.1317749e-06
5.4653192e-05
1.4284352e-08
-5.0855866e-07
5.3944286e-05
-1.6324892e-07
8.7215439e-07
5.2175116e-05
-2.4695263e-07
2.016123e-06
4.9472061e-05
-2.587835e-07
2.9618387e-06
4.6277749e-05
-2.458531e-07
3.4401644e-06
4.3036165e-05
-2.3328143e-07
3.4748662e-06
4.0042298e-05
-2.2268026e-07
3.2165465e-06
3.7437346e-05
-2.0779561e-07
2.8127479e-06
3.5258057e-05
-1.8474237e-07
2.3640311e-06
3.3480613e-05
-1.5246855e-07
1.9299129e-06
3.2052532e-05
-1.1163988e-07
1.5397205e-06
3.091195e-05
-6.4532673e-08
1.205115e-06
2.9996972e-05
-1.4116973e-08
9.2909482e-07
2.9236799e-05
4.7852135e-08
7.1232076e-07
2.8562609e-05
1.2357834e-07
5.5061207e-07
2.8133188e-07
4.4461479e-07
7.9634431e-05
1.6756188e-06
2.8326886e-06
7.8422395e-05
1.8613347e-06
3.618078e-06
7.6827985e-05
1.7499696e-06
3.6547643e-06
7.5070579e-05
1.51547e-06
3.4139457e-06
7.3362923e-05
1.2381866e-06
2.9804967e-06
7.1915501e-05
9.7905666e-07
2.4062144e-06
7.0924915e-05
7.6342758e-07
1.7150668e-06
7.05965e-05
5.9568964e-07
8.8936018e-07
7.1177685e-05
4.8024045e-07
-1.187278e-07
7.2841621e-05
4.1660367e-07
-1.2523922e-06
7.5715563e-05
3.7519794e-07
-2.5094782e-06
7.9731154e-05
3.2469253e-07
-3.7217077e-06
8.4376287e-05
2.5119366e-07
-4.4596128e-06
8.7927863e-05
1.5591362e-07
-3.4893049e-06
8.9987085e-05
5.9349684e-08
-2.104287e-06
9.0607916e-05
-3.1602744e-08
-7.5247779e-07
8.9908865e-05
-9.3389411e-08
5.4548779e-07
8.8010679e-05
-1.1436279e-07
1.7537658e-06
8.5227926e-05
-1.1876418e-07
2.6556643e-06
8.1936014e-05
-1.2136538e-07
3.1799955e-06
7.8436709e-05
-1.2454493e-07
3.40117e-06
7.4940052e-05
-1.2551493e-07
3.4143765e-06
7.1589033e-05
-1.2175523e-07
3.2880317e-06
6.8471755e-05
-1.1171979e-07
3.0765287e-06
6.5634226e-05
-9.4586606e-08
2.8204763e-06
6.3093429e-05
-7.0279282e-08
2.5465435e-06
6.0844453e-05
-3.8979468e-08
2.2738388e-06
5.8871914e-05
1.7400982e-09
2.0186503e-06
5.7151181e-05
5.194033e-08
1.7923712e-06
1.4127806e-07
1.6297472e-06
8.0499015e-05
-1.6756188e-06
2.8522231e-06
8.0544215e-05
-1.8613347e-06
3.6774687e-06
8.0287494e-05
-1.7499696e-06
3.7566608e-06
7.9755235e-05
-1.51547e-06
3.5631992e-06
7.9058547e-05
-1.2381865e-06
3.173061e-06
7.8380831e-05
-9.7905656e-07
2.6358285e-06
7.7929363e-05
-7.6342744e-07
1.9783234e-06
7.7930386e-05
-5.9568944e-07
1.1903561e-06
7.8675079e-05
-4.802402e-07
2.1578776e-07
8.040915e-05
-4.1660339e-07
-9.0086403e-07
8.329712e-05
-3.7519766e-07
-2.1375745e-06
8.7293732e-05
-3.2469228e-07
-3.3472276e-06
9.1935902e-05
-2.5119346e-07
-4.1397821e-06
9.5631767e-05
-1.5591349e-07
-3.384038e-06
9.7967794e-05
-5.9349632e-08
-2.217328e-06
9.8941689e-05
3.1602725e-08
-1.0371002e-06
9.8627029e-05
9.3389325e-08
1.2788101e-07
9.7135505e-05
1.1436265e-07
1.2627988e-06
9.4770447e-05
1.1876397e-07
2.1275295e-06
9.1856685e-05
1.2136511e-07
2.671032e-06
8.8649484e-05
1.2454458e-07
2.9581113e-06
8.5330403e-05
1.2551448e-07
3.0680517e-06
8.2033041e-05
1.2175466e-07
3.0538516e-06
7.8850899e-05
1.1171907e-07
2.9587038e-06
7.5847104e-05
9.4585736e-08
2.8146222e-06
7.3064219e-05
7.0278293e-08
2.6423274e-06
7.052894e-05
3.897842e-08
2.4573212e-06
6.8258285e-05
-1.740877e-09
2.2741366e-06
6.6259685e-05
-5.1941102e-08
2.1024814e-06
-1.412786e-07
1.9798077e-06
7.9634431e-05
-4.1427381e-06
2.8326886e-06
7.8422395e-05
-4.2673774e-06
3.618078e-06
7.6827985e-05
-3.810324e-06
3.6547643e-06
7.5070579e-05
-3.1720092e-06
3.4139457e-06
7.3362923e-05
-2.5110274e-06
2.9804967e-06
7.1915501e-05
-1.9378493e-06
2.4062144e-06
7.0924915e-05
-1.4879084e-06
1.7150668e-06
7.0596501e-05
-1.1566348e-06
8.8936019e-07
7.1177685e-05
-9.4269723e-07
-1.1872779e-07
7.2841622e-05
-8.2814732e-07
-1.2523922e-06
7.5715564e-05
-7.3966169e-07
-2.5094782e-06
7.9731154e-05
-6.1857521e-07
-3.7217076e-06
8.4376287e-05
-4.3671375e-07
-4.4596128e-06
8.7927864e-05
-2.1818523e-07
-3.4893049e-06
8.9987086e-05
-1.4284337e-08
-2.1042869e-06
9.0607917e-05
1.632489e-07
-7.5247774e-07
8.9908866e-05
2.4695258e-07
5.4548783e-07
8.801068e-05
2.5878342e-07
1.7537659e-06
8.5227926e-05
2.4585301e-07
2.6556643e-06
8.1936014e-05
2.3328132e-07
3.1799955e-06
7.8436709e-05
2.2268011e-07
3.40117e-06
7.4940051e-05
2.0779542e-07
3.4143765e-06
7.1589032e-05
1.8474213e-07
3.2880316e-06
6.8471755e-05
1.5246825e-07
3.0765285e-06
6.5634225e-05
1.1163953e-07
2.820476e-06
6.3093428e-05
6.4532301e-08
2.5465432e-06
6.0844451e-05
1.4116626e-08
2.2738384e-06
5.8871913e-05
-4.7852465e-08
2.0186499e-06
5.7151179e-05
-1.2357859e-07
1.7923709e-06
-2.8133204e-07
1.629747e-06
7.3285111e-05
2.572151e-06
6.5957278e-05
3.060456e-06
5.9176862e-05
2.9700916e-06
5.3433594e-05
2.5712587e-06
4.8920406e-05
2.0021607e-06
4.5637231e-05
1.3453251e-06
4.3526898e-05
6.2242465e-07
4.2551201e-05
-1.8093735e-07
4.2647245e-05
-1.0387417e-06
4.3786666e-05
-1.9675682e-06
4.593621e-05
-2.889205e-06
4.8935596e-05
-3.6179617e-06
5.2245328e-05
-3.746446e-06
5.4158918e-05
-2.1317748e-06
5.4653192e-05
-5.0855861e-07
5.3944287e-05
8.7215443e-07
5.2175116e-05
2.0161231e-06
4.9472061e-05
2.9618388e-06
4.627775e-05
3.4401644e-06
4.3036165e-05
3.4748662e-06
4.0042298e-05
3.2165465e-06
3.7437346e-05
2.8127478e-06
3.5258057e-05
2.364031e-06
3.3480613e-05
1.9299127e-06
3.2052532e-05
1.5397203e-06
3.0911949e-05
1.2051148e-06
2.9996971e-05
9.2909459e-07
2.9236798e-05
7.1232059e-07
2.8562608e-05
5.5061202e-07
4.4461488e-07
7.6666202e-05
4.3738902e-06
1.5320592e-06
7.2870628e-05
4.7196287e-06
2.1364004e-06
6.9362057e-05
4.2349642e-06
2.2436986e-06
6.6287915e-05
3.6582372e-06
1.9871638e-06
6.3771295e-05
3.0665652e-06
1.4522152e-06
6.1891905e-05
2.5272249e-06
6.9749005e-07
6.069772e-05
2.0859822e-06
-2.6937161e-07
6.0282461e-05
1.7475244e-06
-1.513203e-06
6.0799888e-05
1.4584965e-06
-3.0146658e-06
6.2482076e-05
1.1722411e-06
-4.821997e-06
6.5652424e-05
8.7884288e-07
-6.938396e-06
7.0551073e-05
5.7733978e-07
-9.0939507e-06
7.6540031e-05
3.4794981e-07
-1.0083354e-05
7.8849025e-05
3.9711862e-07
-4.8378874e-06
7.9403645e-05
4.9369092e-07
-1.5568689e-06
7.8751847e-05
5.2647358e-07
9.9747859e-07
7.7014161e-05
5.1635394e-07
3.2374548e-06
7.3892013e-05
4.8573052e-07
5.5982567e-06
7.0159981e-05
4.4194506e-07
6.7302511e-06
6.6410347e-05
3.8077698e-07
6.8437228e-06
6.2960748e-05
3.0785964e-07
6.3582861e-06
5.9962956e-05
2.3631701e-07
5.5742227e-06
5.7451596e-05
1.7479644e-07
4.7005946e-06
5.5389928e-05
1.2660098e-07
3.8649799e-06
5.371725e-05
9.3435207e-08
3.1189636e-06
5.2364649e-05
7.5257016e-08
2.482459e-06
5.1263681e-05
7.2981176e-08
1.9570812e-06
5.0348418e-05
9.3466731e-08
1.5341174e-06
4.9544865e-05
1.5352106e-07
1.2006445e-06
3.3058569e-07
9.2678207e-07
8.3686743e-05
1.7908788e-06
1.7289571e-06
8.7397254e-05
2.0663944e-06
2.5608014e-06
9.0529347e-05
1.9396963e-06
2.8179393e-06
9.3139238e-05
1.7342117e-06
2.7280798e-06
9.5337129e-05
1.4986784e-06
2.3504925e-06
9.7290597e-05
1.2701129e-06
1.7098584e-06
9.920947e-05
1.0747129e-06
8.0746385e-07
0.00010133023
9.2119591e-07
-4.0507534e-07
0.00010392
7.8865491e-07
-2.0386498e-06
0.00010729923
6.5723601e-07
-4.1166185e-06
0.0001118744
5.2032651e-07
-6.7261325e-06
0.00011809035
3.7395326e-07
-9.7342679e-06
0.00012574083
2.537434e-07
-1.2015886e-05
0.00013045181
2.3066517e-07
-8.0338315e-06
0.0001337187
2.5401845e-07
-5.1315122e-06
0.00013584234
2.6137529e-07
-2.611017e-06
0.00013661925
2.5076089e-07
3.4175196e-08
0.00013579216
2.2876676e-07
2.8378121e-06
0.00013382773
2.0353102e-07
4.8585097e-06
0.00013121493
1.741331e-07
5.9994411e-06
0.00012824866
1.4052763e-07
6.5347752e-06
0.00012513811
1.0671288e-07
6.654531e-06
0.00012202365
7.6289993e-08
6.5009965e-06
0.00011899126
5.125161e-08
6.1842644e-06
0.00011609132
3.3044688e-08
5.780809e-06
0.00011335677
2.2540758e-08
5.3338152e-06
0.00011081109
2.1060295e-08
4.8714352e-06
0.00010847956
3.2881579e-08
4.4107626e-06
0.00010639545
7.0404819e-08
3.9595979e-06
1.6287868e-07
3.5091183e-06
8.4680306e-05
-1.7908788e-06
1.7536749e-06
8.9871207e-05
-2.0663944e-06
2.6193565e-06
9.4594479e-05
-1.9396963e-06
2.9127816e-06
9.875724e-05
-1.7342116e-06
2.8688608e-06
0.0001023838
-1.4986783e-06
2.5438552e-06
0.00010559977
-1.2701128e-06
1.9600906e-06
0.00010861001
-1.0747127e-06
1.1175026e-06
0.00011163283
-9.2119565e-07
9.9347307e-09
0.00011498963
-7.8865455e-07
-1.5637038e-06
0.00011895284
-6.5723557e-07
-3.5496091e-06
0.00012390447
-5.2032603e-07
-6.0485457e-06
0.00013027679
-3.7395279e-07
-8.9716415e-06
0.00013796173
-2.5374299e-07
-1.1317238e-05
0.00014290299
-2.3066485e-07
-7.8639648e-06
0.00014661544
-2.5401824e-07
-5.4217434e-06
0.00014940591
-2.6137523e-07
-3.3048248e-06
0.00015099846
-2.5076099e-07
-9.6314294e-07
0.00015105666
-2.2876704e-07
1.6621322e-06
0.00015002265
-2.035315e-07
3.5685968e-06
0.00014828414
-1.7413377e-07
4.7578172e-06
0.00014607754
-1.4052852e-07
5.4457599e-06
0.00014357384
-1.0671399e-07
5.7851825e-06
0.00014089474
-7.6291332e-08
5.8855375e-06
0.00013812452
-5.1253216e-08
5.8314271e-06
0.00013532371
-3.3046597e-08
5.6815202e-06
0.0001325447
-2.2543009e-08
5.4664189e-06
0.00012983676
-2.1062923e-08
5.2073892e-06
0.00012726021
-3.2884578e-08
4.9164501e-06
0.00012490745
-7.0408071e-08
4.5960544e-06
-1.6288194e-07
4.2301395e-06
8.3686743e-05
-4.3738902e-06
1.7289571e-06
8.7397254e-05
-4.7196287e-06
2.5608014e-06
9.0529347e-05
-4.2349641e-06
2.8179393e-06
9.3139238e-05
-3.6582372e-06
2.7280798e-06
9.5337129e-05
-3.0665652e-06
2.3504925e-06
9.7290597e-05
-2.5272249e-06
1.7098584e-06
9.920947e-05
-2.0859821e-06
8.0746386e-07
0.00010133023
-1.7475243e-06
-4.0507534e-07
0.00010392
-1.4584964e-06
-2.0386498e-06
0.00010729923
-1.1722409e-06
-4.1166185e-06
0.0001118744
-8.7884266e-07
-6.7261325e-06
0.00011809035
-5.7733957e-07
-9.7342678e-06
0.00012574083
-3.4794963e-07
-1.2015886e-05
0.00013045181
-3.9711849e-07
-8.0338314e-06
0.00013371871
-4.9369083e-07
-5.131512e-06
0.00013584234
-5.2647356e-07
-2.6110169e-06
0.00013661925
-5.16354e-07
3.4175308e-08
0.00013579217
-4.8573066e-07
2.8378122e-06
0.00013382773
-4.4194528e-07
4.8585098e-06
0.00013121493
-3.8077729e-07
5.9994411e-06
0.00012824866
-3.0786004e-07
6.5347751e-06
0.00012513811
-2.3631748e-07
6.6545308e-06
0.00012202365
-1.7479701e-07
6.5009962e-06
0.00011899126
-1.2660166e-07
6.184264e-06
0.00011609132
-9.3436023e-08
5.7808084e-06
0.00011335676
-7.5257993e-08
5.3338144e-06
0.00011081109
-7.298233e-08
4.8714343e-06
0.00010847956
-9.3468049e-08
4.4107616e-06
0.00010639545
-1.5352249e-07
3.9595968e-06
-3.3058716e-07
3.5091171e-06
7.6666202e-05
1.5320592e-06
7.2870628e-05
2.1364004e-06
6.9362057e-05
2.2436986e-06
6.6287915e-05
1.9871638e-06
6.3771295e-05
1.4522152e-06
6.1891906e-05
6.9749005e-07
6.069772e-05
-2.6937161e-07
6.0282461e-05
-1.513203e-06
6.0799889e-05
-3.0146658e-06
6.2482077e-05
-4.821997e-06
6.5652425e-05
-6.9383959e-06
7.0551074e-05
-9.0939506e-06
7.6540032e-05
-1.0083354e-05
7.8849026e-05
-4.8378873e-06
7.9403646e-05
-1.5568688e-06
7.8751848e-05
9.9747869e-07
7.7014162e-05
3.2374549e-06
7.3892013e-05
5.5982567e-06
7.0159981e-05
6.7302511e-06
6.6410348e-05
6.8437228e-06
6.2960748e-05
6.3582859e-06
5.9962956e-05
5.5742224e-06
5.7451596e-05
4.7005942e-06
5.5389928e-05
3.8649793e-06
5.3717249e-05
3.118963e-06
5.2364647e-05
2.4824582e-06
5.1263679e-05
1.9570804e-06
5.0348415e-05
1.5341166e-06
4.9544861e-05
1.2006438e-06
9.2678141e-07
7.6492816e-05
4.3904899e-06
6.4875296e-07
7.2804833e-05
4.7745054e-06
1.0498785e-06
6.9582716e-05
4.303749e-06
1.1620671e-06
6.682397e-05
3.7387662e-06
1.0071433e-06
6.4530425e-05
3.1522179e-06
5.9354183e-07
6.2717199e-05
2.6007585e-06
-9.0042368e-08
6.1365081e-05
2.1105926e-06
-1.0278466e-06
6.0519624e-05
1.6767226e-06
-2.3444677e-06
6.0396386e-05
1.2727668e-06
-4.1641946e-06
6.1442249e-05
8.2724108e-07
-6.6951013e-06
6.4534363e-05
2.4327699e-07
-1.0273788e-05
7.0957645e-05
-4.9715816e-07
-1.5020074e-05
8.1092001e-05
-1.0366454e-06
-1.9181065e-05
8.4835348e-05
-4.5918736e-07
-8.1220466e-06
8.5883354e-05
1.1667223e-07
-2.7215477e-06
8.5470424e-05
6.3595886e-07
7.744502e-07
8.3478203e-05
1.0859196e-06
4.143756e-06
7.8253451e-05
1.4739957e-06
9.3490125e-06
7.2901153e-05
1.6250616e-06
1.0457488e-05
6.8140467e-05
1.545682e-06
1.0058727e-05
6.4316231e-05
1.3442582e-06
8.8382639e-06
6.1413464e-05
1.1010036e-06
7.3759862e-06
5.926839e-05
8.5895515e-07
5.9867132e-06
5.7715024e-05
6.4071281e-07
4.777633e-06
5.6607544e-05
4.5564613e-07
3.7707976e-06
5.5829507e-05
3.0608773e-07
2.9544083e-06
5.5287804e-05
1.9363633e-07
2.3051482e-06
5.4909023e-05
1.1786056e-07
1.7950379e-06
5.4628621e-05
9.1701359e-08
1.3893447e-06
1.5257999e-07
1.0278526e-06
8.3575984e-05
1.7990509e-06
7.4441207e-07
8.7535789e-05
2.0936468e-06
1.2818552e-06
9.1164567e-05
1.9739078e-06
1.5190026e-06
9.4371131e-05
1.7739661e-06
1.4863155e-06
9.7143674e-05
1.5408012e-06
1.1893667e-06
9.9544058e-05
1.3063034e-06
6.0392875e-07
0.00010169268
1.0873948e-06
-3.1796467e-07
0.00010372223
8.8607298e-07
-1.6439712e-06
0.00010584043
6.953574e-07
-3.5794403e-06
0.00010847695
4.844951e-07
-6.4103918e-06
0.00011237577
2.107568e-07
-1.0592434e-05
0.00011888362
-1.7904658e-07
-1.6560233e-05
0.00012972269
-5.2171827e-07
-2.3369875e-05
0.00013540091
-3.422385e-07
-1.3829e-05
0.0001388985
-5.6648619e-08
-8.455781e-06
0.00014139177
1.8593678e-07
-4.6542719e-06
0.0001426007
4.265691e-07
-5.1539695e-07
0.00014036214
6.3694461e-07
5.913414e-06
0.00013735773
7.5659494e-07
8.7313908e-06
0.00013419385
7.7010048e-07
9.9389008e-06
0.00013121055
7.1695445e-07
1.0145381e-05
0.00012856498
6.2802571e-07
9.7730826e-06
0.0001262603
5.2465538e-07
9.1399728e-06
0.00012425715
4.2071589e-07
8.4074106e-06
0.00012251031
3.2421443e-07
7.6590846e-06
0.00012097501
2.3986132e-07
6.9353374e-06
0.00011962008
1.7042379e-07
6.2495819e-06
0.00011843005
1.1896839e-07
5.5996764e-06
0.00011741907
9.3844836e-08
4.9684408e-06
1.1262978e-07
4.3165868e-06
8.4590599e-05
-1.7990509e-06
7.6117719e-07
9.0075133e-05
-2.0936468e-06
1.3221164e-06
9.5349824e-05
-1.9739078e-06
1.5859066e-06
0.00010017855
-1.773966e-06
1.5880692e-06
0.00010446822
-1.5408011e-06
1.3357853e-06
0.00010823366
-1.3063033e-06
8.0725769e-07
0.00011159022
-1.0873946e-06
-6.4269641e-08
0.00011467346
-8.8607271e-07
-1.3011569e-06
0.00011763128
-6.9535705e-07
-3.1308083e-06
0.00012086849
-4.8449469e-07
-5.8178351e-06
0.00012506813
-2.107564e-07
-9.8266654e-06
0.00013143736
1.7904692e-07
-1.5698969e-05
0.00014195159
5.2171843e-07
-2.2874902e-05
0.00014760725
3.4223853e-07
-1.4204104e-05
0.0001514691
5.6648506e-08
-9.3968945e-06
0.00015458642
-1.8593703e-07
-6.0502725e-06
0.00015663479
-4.2656953e-07
-2.1583716e-06
0.00015567755
-6.3694526e-07
3.893264e-06
0.00015398805
-7.5659585e-07
6.7712842e-06
0.00015202305
-7.7010171e-07
8.2630185e-06
0.00015001807
-7.1695602e-07
8.8846581e-06
0.00014812711
-6.2802767e-07
8.9321889e-06
0.00014636053
-5.2465774e-07
8.7014331e-06
0.00014470005
-4.2071868e-07
8.3333473e-06
0.00014312968
-3.2421767e-07
7.9003213e-06
0.00014163548
-2.3986503e-07
7.4403462e-06
0.00014021389
-1.7042795e-07
6.9698295e-06
0.00013888049
-1.1897294e-07
6.4877923e-06
0.00013769374
-9.3849701e-08
5.9704978e-06
-1.1263472e-07
5.3695257e-06
8.3575984e-05
-4.3904899e-06
7.4441207e-07
8.7535789e-05
-4.7745054e-06
1.2818552e-06
9.1164567e-05
-4.303749e-06
1.5190026e-06
9.4371131e-05
-3.7387662e-06
1.4863155e-06
9.7143674e-05
-3.1522179e-06
1.1893667e-06
9.9544058e-05
-2.6007584e-06
6.0392874e-07
0.00010169268
-2.1105926e-06
-3.1796467e-07
0.00010372223
-1.6767225e-06
-1.6439712e-06
0.00010584043
-1.2727666e-06
-3.5794403e-06
0.00010847695
-8.2724089e-07
-6.4103918e-06
0.00011237577
-2.4327679e-07
-1.0592434e-05
0.00011888363
4.971583e-07
-1.6560233e-05
0.00012972269
1.0366454e-06
-2.3369875e-05
0.00013540091
4.5918735e-07
-1.3829e-05
0.0001388985
-1.1667229e-07
-8.4557809e-06
0.00014139177
-6.3595899e-07
-4.6542719e-06
0.0001426007
-1.0859198e-06
-5.1539689e-07
0.00014036215
-1.473996e-06
5.9134141e-06
0.00013735773
-1.625062e-06
8.7313908e-06
0.00013419385
-1.5456825e-06
9.9389007e-06
0.00013121055
-1.3442589e-06
1.0145381e-05
0.00012856497
-1.1010044e-06
9.7730822e-06
0.0001262603
-8.5895611e-07
9.1399721e-06
0.00012425715
-6.4071392e-07
8.4074095e-06
0.0001225103
-4.5564742e-07
7.6590832e-06
0.000120975
-3.0608924e-07
6.9353356e-06
0.00011962007
-1.9363811e-07
6.2495799e-06
0.00011843005
-1.1786258e-07
5.5996741e-06
0.00011741906
-9.1703552e-08
4.968438e-06
-1.5258232e-07
4.3165838e-06
7.6492816e-05
6.4875296e-07
7.2804833e-05
1.0498785e-06
6.9582716e-05
1.1620671e-06
6.682397e-05
1.0071433e-06
6.4530425e-05
5.9354182e-07
6.2717199e-05
-9.0042371e-08
6.1365082e-05
-1.0278466e-06
6.0519624e-05
-2.3444677e-06
6.0396386e-05
-4.1641946e-06
6.1442249e-05
-6.6951012e-06
6.4534364e-05
-1.0273788e-05
7.0957646e-05
-1.5020074e-05
8.1092002e-05
-1.9181065e-05
8.4835349e-05
-8.1220465e-06
8.5883355e-05
-2.7215476e-06
8.5470425e-05
7.7445025e-07
8.3478204e-05
4.143756e-06
7.8253452e-05
9.3490125e-06
7.2901153e-05
1.0457487e-05
6.8140467e-05
1.0058727e-05
6.4316231e-05
8.8382634e-06
6.1413463e-05
7.3759855e-06
5.9268389e-05
5.9867122e-06
5.7715023e-05
4.7776318e-06
5.6607542e-05
3.7707962e-06
5.5829504e-05
2.9544066e-06
5.52878e-05
2.3051462e-06
5.4909019e-05
1.7950358e-06
5.4628616e-05
1.3893426e-06
1.0278505e-06
7.6009136e-05
4.3953007e-06
2.4431655e-07
7.1858512e-05
4.7929213e-06
4.0758132e-07
6.8276057e-05
4.3139114e-06
4.306098e-07
6.5240165e-05
3.7340067e-06
3.0902944e-07
6.2665504e-05
3.1340555e-06
3.4146808e-08
6.046418e-05
2.5734267e-06
-4.6214504e-07
5.8580936e-05
2.0804662e-06
-1.2250686e-06
5.7008242e-05
1.626493e-06
-2.3982669e-06
5.5937674e-05
1.1363054e-06
-4.2299325e-06
5.5974574e-05
4.554187e-07
-7.1874196e-06
5.848239e-05
-5.798608e-07
-1.2201743e-05
6.5968413e-05
-2.0987968e-06
-2.04073e-05
7.7819552e-05
-2.4387229e-06
-2.8593481e-05
6.7455345e-05
2.2421612e-06
6.1323414e-05
3.4103825e-06
5.8952407e-05
3.1454576e-06
5.9902912e-05
3.1932507e-06
5.4847711e-05
3.5144218e-06
1.0889792e-05
5.1144568e-05
3.3460091e-06
1.0814622e-05
4.8644831e-05
2.8393215e-06
9.7191425e-06
4.7590533e-05
2.2405402e-06
7.6520214e-06
4.7410315e-05
1.6883846e-06
5.8678194e-06
4.7727696e-05
1.2115039e-06
4.4578281e-06
4.8326025e-05
8.0711825e-07
3.3721865e-06
4.9066737e-05
4.874699e-07
2.5426157e-06
4.9874194e-05
2.3436991e-07
1.9125812e-06
5.0707173e-05
3.4295459e-08
1.4378738e-06
5.1540204e-05
-1.2775905e-07
1.0897656e-06
5.2326385e-05
-2.3689376e-07
8.4005752e-07
-3.1807232e-07
5.9742736e-07
8.305593e-05
1.8004168e-06
2.8336622e-07
8.6522689e-05
2.1034155e-06
5.046021e-07
8.9788505e-05
1.9815313e-06
5.8556653e-07
9.2713944e-05
1.775614e-06
5.1926869e-07
9.5209772e-05
1.5364882e-06
2.911064e-07
9.7229434e-05
1.2975834e-06
-1.3989047e-07
9.8794551e-05
1.0765038e-06
-8.7911912e-07
9.9968758e-05
8.6512674e-07
-2.0568119e-06
0.0001008659
6.3585288e-07
-3.9761323e-06
0.00010179453
3.2578237e-07
-7.2093826e-06
0.00010366423
-1.7000306e-07
-1.2871988e-05
0.00010881979
-9.8279061e-07
-2.2831802e-05
0.00012052747
-1.4702153e-06
-3.6046062e-05
0.00010816895
7.7168064e-07
0.00010154437
1.5791753e-06
9.8491999e-05
1.5435608e-06
9.9608167e-05
1.5616856e-06
9.6763752e-05
1.7070402e-06
1.056521e-05
9.5686692e-05
1.7202843e-06
1.1434176e-05
9.5465711e-05
1.5418181e-06
1.1457385e-05
9.6257883e-05
1.2925991e-06
1.030115e-05
9.7592604e-05
1.0396909e-06
9.0870551e-06
9.9176514e-05
8.065905e-07
7.960976e-06
0.00010083216
5.9960121e-07
6.9592846e-06
0.00010246105
4.2038461e-07
6.0972808e-06
0.00010399866
2.6979965e-07
5.3622928e-06
0.00010540676
1.419949e-07
4.7337843e-06
0.00010666207
3.0902655e-08
4.1857029e-06
0.00010776227
-5.6130717e-08
3.6874805e-06
-1.2108918e-07
3.1572065e-06
8.4070643e-05
-1.8004168e-06
2.9136758e-07
8.9075862e-05
-2.1034155e-06
5.2372904e-07
9.4006956e-05
-1.9815313e-06
6.1787462e-07
9.8576969e-05
-1.7756139e-06
5.6928384e-07
0.00010262152
-1.5364882e-06
3.6421148e-07
0.00010604923
-1.2975833e-06
-2.5281514e-08
0.00010886417
-1.0765036e-06
-7.2620829e-07
0.00011113592
-8.6512648e-07
-1.8426492e-06
0.00011294911
-6.3585255e-07
-3.6722946e-06
0.00011455282
-3.2578201e-07
-6.7699851e-06
0.00011666734
1.7000336e-07
-1.2281185e-05
0.00012124421
9.8279068e-07
-2.224142e-05
0.00013202238
1.470215e-06
-3.6593506e-05
0.00011936164
-7.7168088e-07
0.00011312309
-1.5791756e-06
0.00011015994
-1.5435613e-06
0.00011112494
-1.5616864e-06
0.00010888643
-1.7070413e-06
9.545864e-06
0.00010861205
-1.720286e-06
1.0486231e-05
0.00010920723
-1.5418203e-06
1.0751479e-05
0.00011073046
-1.292602e-06
9.9466242e-06
0.00011270076
-1.0396944e-06
9.0412724e-06
0.00011481475
-8.0659466e-07
8.2006311e-06
0.0001169029
-5.9960594e-07
7.4444067e-06
0.00011887295
-4.2038984e-07
6.7710397e-06
0.00012067805
-2.6980531e-07
6.1748514e-06
0.00012228981
-1.4200085e-07
5.6420674e-06
0.00012368505
-3.0908891e-08
5.1543681e-06
0.00012485875
5.6125024e-08
4.6845442e-06
1.2108369e-07
4.1467905e-06
8.305593e-05
-4.3953007e-06
2.8336622e-07
8.6522689e-05
-4.7929213e-06
5.046021e-07
8.9788505e-05
-4.3139114e-06
5.8556653e-07
9.2713944e-05
-3.7340067e-06
5.1926869e-07
9.5209772e-05
-3.1340555e-06
2.911064e-07
9.7229435e-05
-2.5734267e-06
-1.3989047e-07
9.8794552e-05
-2.0804661e-06
-8.7911913e-07
9.9968759e-05
-1.6264929e-06
-2.0568119e-06
0.0001008659
-1.1363052e-06
-3.9761323e-06
0.00010179453
-4.5541853e-07
-7.2093826e-06
0.00010366423
5.7986094e-07
-1.2871987e-05
0.00010881979
2.0987968e-06
-2.2831801e-05
0.00012052747
2.4387228e-06
-3.6046062e-05
0.00010816895
-2.2421613e-06
0.00010154438
-3.4103827e-06
9.8492e-05
-3.1454579e-06
9.9608168e-05
-3.193251e-06
9.6763752e-05
-3.5144222e-06
1.056521e-05
9.5686691e-05
-3.3460098e-06
1.1434176e-05
9.5465709e-05
-2.8393224e-06
1.1457385e-05
9.625788e-05
-2.2405413e-06
1.0301149e-05
9.75926e-05
-1.6883859e-06
9.0870537e-06
9.9176509e-05
-1.2115054e-06
7.9609739e-06
0.00010083215
-8.0711997e-07
6.9592818e-06
0.00010246104
-4.8747188e-07
6.0972773e-06
0.00010399865
-2.3437218e-07
5.3622886e-06
0.00010540675
-3.4297928e-08
4.7337795e-06
0.00010666206
1.2775633e-07
4.1856977e-06
0.00010776226
2.3689129e-07
3.6874749e-06
3.1807004e-07
3.1572007e-06
7.6009136e-05
2.4431655e-07
7.1858512e-05
4.0758132e-07
6.8276057e-05
4.306098e-07
6.5240165e-05
3.0902944e-07
6.2665504e-05
3.4146805e-08
6.046418e-05
-4.6214505e-07
5.8580936e-05
-1.2250686e-06
5.7008242e-05
-2.3982669e-06
5.5937675e-05
-4.2299325e-06
5.5974575e-05
-7.1874195e-06
5.8482391e-05
-1.2201743e-05
6.5968414e-05
-2.04073e-05
7.7819553e-05
-2.8593481e-05
6.7455346e-05
6.1323415e-05
5.8952408e-05
5.9902913e-05
5.4847711e-05
1.0889792e-05
5.1144567e-05
1.0814621e-05
4.8644829e-05
9.719142e-06
4.7590531e-05
7.6520204e-06
4.7410313e-05
5.8678179e-06
4.7727693e-05
4.4578261e-06
4.8326021e-05
3.372184e-06
4.9066733e-05
2.5426128e-06
4.9874189e-05
1.912578e-06
5.0707167e-05
1.4378704e-06
5.1540197e-05
1.089762e-06
5.2326377e-05
8.4005374e-07
5.9742358e-07
7.5841856e-05
4.4024602e-06
8.3257683e-15
7.1440513e-05
4.8089247e-06
1.4925772e-14
6.7534909e-05
4.3362133e-06
2.1414879e-14
6.4085721e-05
3.7582179e-06
3.6204605e-14
6.0963653e-05
3.1562143e-06
7.4553014e-14
5.792324e-05
2.578268e-06
1.5347787e-13
5.4652094e-05
2.0460771e-06
2.8468107e-13
5.0761448e-05
1.4923788e-06
4.6133756e-13
4.5816308e-05
7.1520737e-07
6.5422439e-13
3.9240071e-05
-6.1118372e-07
8.2404466e-13
3.0147878e-05
-3.1095508e-06
9.3562079e-13
1.7024366e-05
-7.2837892e-06
1.0061058e-12
-1.1569116e-05
8.8795956e-13
5.1306327e-06
5.759159e-06
4.967465e-13
1.1696522e-05
4.2487311e-06
1.3183454e-12
1.8499684e-05
2.9159787e-06
1.7312472e-12
2.4460371e-05
1.691332e-06
1.9084353e-12
2.9606939e-05
7.2124967e-07
1.9232194e-12
3.3983787e-05
8.0978995e-08
1.8220372e-12
3.7728221e-05
-3.7224942e-07
1.7235735e-12
4.0927466e-05
-6.5663151e-07
1.547629e-12
4.3660998e-05
-8.20952e-07
1.2773645e-12
4.6008173e-05
-9.0930153e-07
9.4969311e-13
4.8055802e-05
-9.5786398e-07
6.323263e-13
4.988799e-05
-9.921312e-07
2.7918544e-13
-1.1135393e-06
-2.4258816e-14
8.2882361e-05
1.8034656e-06
9.290165e-15
8.6084199e-05
2.1116881e-06
1.697415e-14
8.9012268e-05
1.9937109e-06
2.4971999e-14
9.1500644e-05
1.789111e-06
4.2337899e-14
9.33999e-05
1.5480649e-06
8.5345874e-14
9.4539205e-05
1.2990724e-06
1.7467262e-13
9.4649098e-05
1.0570646e-06
3.3155875e-13
9.3288747e-05
7.9591686e-07
5.71896e-13
8.9591687e-05
4.3613416e-07
8.9223701e-13
8.1980583e-05
-2.0946341e-07
1.2578063e-12
6.7466742e-05
-1.4676992e-06
1.5793442e-12
4.1109342e-05
-3.7581922e-06
1.7329481e-12
-6.5058379e-06
1.4505103e-12
1.324474e-05
3.0796291e-06
7.0374765e-13
2.6507172e-05
2.420473e-06
1.9441203e-12
3.9152767e-05
1.727766e-06
2.6550572e-12
5.0016775e-05
1.1284712e-06
3.0196356e-12
5.9206919e-05
6.1815764e-07
3.09277e-12
6.6994993e-05
2.5387797e-07
2.9066868e-12
7.3605384e-05
-2.3358728e-08
2.4861572e-12
7.925674e-05
-2.107081e-07
1.9452024e-12
8.4139492e-05
-3.4141316e-07
1.3068843e-12
8.8393718e-05
-4.2974313e-07
5.8705903e-13
9.2113345e-05
-4.9178845e-07
-2.4314455e-13
9.5356494e-05
-5.4779791e-07
-1.1341665e-12
-6.2633872e-07
-1.891045e-12
8.3898299e-05
-1.8034656e-06
9.3033371e-15
8.8645404e-05
-2.1116881e-06
1.6944912e-14
9.32507e-05
-1.9937109e-06
2.4829121e-14
9.7398206e-05
-1.789111e-06
4.1626358e-14
0.00010085855
-1.5480648e-06
8.2653018e-14
0.00010343141
-1.2990723e-06
1.6781994e-13
0.00010481933
-1.0570644e-06
3.1819978e-13
0.00010456851
-7.9591663e-07
5.5687522e-13
0.00010176849
-4.3613388e-07
8.9422677e-13
9.4579573e-05
2.0946366e-07
1.3033016e-12
7.9362989e-05
1.4676993e-06
1.7043868e-12
4.9605183e-05
3.7581918e-06
1.9549121e-12
6.5058369e-06
1.6824176e-12
1.5705123e-05
-3.0796306e-06
7.2796816e-13
3.10323e-05
-2.4204753e-06
1.9107401e-12
4.5239311e-05
-1.7277686e-06
2.4206896e-12
5.7442878e-05
-1.128474e-06
2.5011593e-12
6.7720467e-05
-6.1816042e-07
2.2232069e-12
7.6428855e-05
-2.5388063e-07
1.6357238e-12
8.3826545e-05
2.3356535e-08
8.1720573e-13
9.0176171e-05
2.1070619e-07
-1.7883609e-13
9.5668199e-05
3.4141169e-07
-1.262504e-12
0.00010045078
4.2974211e-07
-2.4348623e-12
0.00010462158
4.9178789e-07
-3.6418491e-12
0.00010821053
5.4779776e-07
-4.8332127e-12
6.2633889e-07
-5.8234229e-12
8.2882361e-05
-4.4024602e-06
9.1897614e-15
8.60842e-05
-4.8089247e-06
1.6620402e-14
8.9012268e-05
-4.3362133e-06
2.396615e-14
9.1500644e-05
-3.7582179e-06
4.0053827e-14
9.33999e-05
-3.1562142e-06
8.0935853e-14
9.4539205e-05
-2.578268e-06
1.6751801e-13
9.4649098e-05
-2.0460771e-06
3.2177618e-13
9.3288747e-05
-1.4923787e-06
5.6169772e-13
8.9591688e-05
-7.1520724e-07
8.8608239e-13
8.1980584e-05
6.1118383e-07
1.2639478e-12
6.7466743e-05
3.1095508e-06
1.6076025e-12
4.1109342e-05
7.283789e-06
1.7841749e-12
1.1569116e-05
1.5056827e-12
1.3244739e-05
-5.7591596e-06
7.7558013e-13
2.650717e-05
-4.248732e-06
1.6537673e-12
3.9152764e-05
-2.9159797e-06
1.7596489e-12
5.001677e-05
-1.691333e-06
1.4155468e-12
5.9206914e-05
-7.2125055e-07
7.19889e-13
6.6994987e-05
-8.0979727e-08
-2.3125416e-13
7.3605378e-05
3.7224879e-07
-1.3119552e-12
7.9256733e-05
6.5663104e-07
-2.502684e-12
8.4139485e-05
8.2095167e-07
-3.7338382e-12
8.839371e-05
9.0930134e-07
-4.9448205e-12
9.2113338e-05
9.5786394e-07
-6.0863399e-12
9.5356486e-05
9.921313e-07
-7.1146868e-12
1.1135396e-06
-7.8495915e-12
7.5841856e-05
8.2759334e-15
7.1440513e-05
1.4680622e-14
6.7534909e-05
2.0569742e-14
6.4085721e-05
3.405435e-14
6.0963653e-05
7.023904e-14
5.792324e-05
1.4648303e-13
5.4652094e-05
2.7604717e-13
5.0761448e-05
4.5465097e-13
4.5816308e-05
6.5714739e-13
3.9240071e-05
8.4551496e-13
3.0147878e-05
9.8265978e-13
1.7024366e-05
1.0730736e-12
9.4627365e-13
5.130632e-06
5.7412446e-13
1.169652e-05
1.0403112e-12
1.8499682e-05
8.516503e-13
2.4460369e-05
4.1250768e-13
2.9606936e-05
-1.6663431e-13
3.3983783e-05
-7.5562242e-13
3.7728217e-05
-1.3335994e-12
4.0927463e-05
-1.8744503e-12
4.3660995e-05
-2.361437e-12
4.600817e-05
-2.7903754e-12
4.8055799e-05
-3.1667934e-12
4.9887987e-05
-3.4753008e-12
-3.5901832e-12
7.5841856e-05
4.4024602e-06
-2.4431654e-07
7.1440513e-05
4.8089247e-06
-4.075813e-07
6.7534909e-05
4.3362133e-06
-4.3060977e-07
6.4085721e-05
3.7582179e-06
-3.0902938e-07
6.0963653e-05
3.1562143e-06
-3.4146686e-08
5.792324e-05
2.578268e-06
4.6214533e-07
5.4652094e-05
2.0460771e-06
1.2250691e-06
5.0761448e-05
1.4923788e-06
2.3982677e-06
4.5816308e-05
7.1520738e-07
4.2299337e-06
3.9240071e-05
-6.1118369e-07
7.1874211e-06
3.0147878e-05
-3.1095507e-06
1.2201745e-05
1.7024366e-05
-7.2837891e-06
2.0407302e-05
-1.1569116e-05
2.8593483e-05
5.1306326e-06
5.759159e-06
-1.0889791e-05
1.1696522e-05
4.2487317e-06
-1.0814619e-05
1.8499684e-05
2.9159796e-06
-9.71914e-06
2.4460372e-05
1.6913332e-06
-7.6520189e-06
2.9606939e-05
7.2125114e-07
-5.867817e-06
3.3983786e-05
8.0980725e-08
-4.457826e-06
3.772822e-05
-3.7224733e-07
-3.3721847e-06
4.0927465e-05
-6.5662937e-07
-2.5426143e-06
4.3660997e-05
-8.2094985e-07
-1.9125804e-06
4.6008171e-05
-9.0929944e-07
-1.4378735e-06
4.8055799e-05
-9.57862e-07
-1.0897658e-06
4.9887987e-05
-9.9212936e-07
-8.4005814e-07
-1.1135376e-06
-5.9742837e-07
8.2882361e-05
1.8034656e-06
-2.833662e-07
8.60842e-05
2.1116881e-06
-5.0460207e-07
8.9012268e-05
1.9937109e-06
-5.8556649e-07
9.1500644e-05
1.789111e-06
-5.1926862e-07
9.33999e-05
1.5480649e-06
-2.9110626e-07
9.4539205e-05
1.2990724e-06
1.3989081e-07
9.4649098e-05
1.0570646e-06
8.7911975e-07
9.3288747e-05
7.9591684e-07
2.056813e-06
8.9591687e-05
4.3613414e-07
3.976134e-06
8.1980583e-05
-2.0946341e-07
7.209385e-06
6.7466743e-05
-1.4676992e-06
1.2871991e-05
4.1109342e-05
-3.7581921e-06
2.2831805e-05
-6.5058378e-06
3.6046066e-05
1.3244738e-05
3.07963e-06
-1.0565209e-05
2.650717e-05
2.4204747e-06
-1.1434173e-05
3.9152766e-05
1.7277682e-06
-1.1457382e-05
5.0016774e-05
1.1284738e-06
-1.0301146e-05
5.9206919e-05
6.181606e-07
-9.0870513e-06
6.6994994e-05
2.5388129e-07
-7.9609726e-06
7.3605386e-05
-2.3355423e-08
-6.9592818e-06
7.9256742e-05
-2.1070454e-07
-6.0972789e-06
8.4139495e-05
-3.4140961e-07
-5.362292e-06
8.8393721e-05
-4.2973966e-07
-4.7337847e-06
9.2113348e-05
-4.9178515e-07
-4.1857046e-06
9.5356496e-05
-5.4779482e-07
-3.6874836e-06
-6.2633581e-07
-3.1572107e-06
8.3898299e-05
-1.8034656e-06
-2.9136756e-07
8.8645404e-05
-2.1116881e-06
-5.2372901e-07
9.32507e-05
-1.9937109e-06
-6.1787458e-07
9.7398206e-05
-1.789111e-06
-5.6928377e-07
0.00010085855
-1.5480648e-06
-3.6421134e-07
0.00010343141
-1.2990723e-06
2.5281862e-08
0.00010481933
-1.0570645e-06
7.2620889e-07
0.00010456851
-7.9591664e-07
1.8426502e-06
0.00010176849
-4.3613391e-07
3.6722963e-06
9.4579574e-05
2.0946363e-07
6.7699876e-06
7.9362989e-05
1.4676992e-06
1.2281188e-05
4.9605183e-05
3.7581917e-06
2.2241424e-05
6.5058369e-06
3.659351e-05
1.5705122e-05
-3.0796293e-06
-9.545862e-06
3.1032299e-05
-2.4204735e-06
-1.0486227e-05
4.5239312e-05
-1.7277665e-06
-1.0751476e-05
5.7442881e-05
-1.1284717e-06
-9.9466206e-06
6.7720471e-05
-6.1815796e-07
-9.0412694e-06
7.6428861e-05
-2.5387807e-07
-8.2006291e-06
8.3826554e-05
2.3358905e-08
-7.4444059e-06
9.0176181e-05
2.1070861e-07
-6.7710405e-06
9.566821e-05
3.4141401e-07
-6.174854e-06
0.0001004508
4.2974428e-07
-5.6420718e-06
0.00010462159
4.9178988e-07
-5.1543743e-06
0.00010821054
5.4779957e-07
-4.6845523e-06
6.2634054e-07
-4.1468002e-06
8.2882361e-05
-4.4024602e-06
-2.833662e-07
8.60842e-05
-4.8089247e-06
-5.0460207e-07
8.9012268e-05
-4.3362133e-06
-5.8556649e-07
9.1500644e-05
-3.7582179e-06
-5.1926862e-07
9.33999e-05
-3.1562142e-06
-2.9110626e-07
9.4539205e-05
-2.578268e-06
1.398908e-07
9.4649098e-05
-2.0460771e-06
8.7911974e-07
9.3288748e-05
-1.4923787e-06
2.056813e-06
8.9591688e-05
-7.1520726e-07
3.976134e-06
8.1980584e-05
6.1118379e-07
7.209385e-06
6.7466744e-05
3.1095507e-06
1.2871991e-05
4.1109343e-05
7.2837889e-06
2.2831805e-05
1.1569116e-05
3.6046066e-05
1.3244739e-05
-5.7591587e-06
-1.0565209e-05
2.6507171e-05
-4.2487312e-06
-1.1434173e-05
3.9152768e-05
-2.9159789e-06
-1.1457382e-05
5.0016777e-05
-1.6913323e-06
-1.0301147e-05
5.9206922e-05
-7.2124994e-07
-9.0870527e-06
6.6994997e-05
-8.0979265e-08
-7.9609744e-06
7.360539e-05
3.7224914e-07
-6.959284e-06
7.9256746e-05
6.5663127e-07
-6.0972814e-06
8.4139499e-05
8.2095181e-07
-5.3622947e-06
8.8393725e-05
9.0930141e-07
-4.7337876e-06
9.2113352e-05
9.5786396e-07
-4.1857076e-06
9.53565e-05
9.9213128e-07
-3.6874865e-06
1.1135395e-06
-3.1572136e-06
7.5841856e-05
-2.4431654e-07
7.1440513e-05
-4.075813e-07
6.7534909e-05
-4.3060977e-07
6.4085721e-05
-3.0902938e-07
6.0963654e-05
-3.4146689e-08
5.792324e-05
4.6214532e-07
5.4652094e-05
1.2250691e-06
5.0761448e-05
2.3982677e-06
4.5816308e-05
4.2299337e-06
3.9240072e-05
7.1874211e-06
3.0147878e-05
1.2201745e-05
1.7024367e-05
2.0407302e-05
2.8593483e-05
5.1306329e-06
-1.0889791e-05
1.1696522e-05
-1.081462e-05
1.8499685e-05
-9.7191406e-06
2.4460373e-05
-7.6520198e-06
2.9606941e-05
-5.8678183e-06
3.3983789e-05
-4.4578276e-06
3.7728223e-05
-3.3721865e-06
4.0927469e-05
-2.5426162e-06
4.3661e-05
-1.9125823e-06
4.6008174e-05
-1.4378754e-06
4.8055803e-05
-1.0897676e-06
4.9887991e-05
-8.400599e-07
-5.9742998e-07
7.6009136e-05
4.3953007e-06
-6.4875295e-07
7.1858512e-05
4.7929213e-06
-1.0498785e-06
6.8276057e-05
4.3139114e-06
-1.162067e-06
6.5240165e-05
3.7340067e-06
-1.0071433e-06
6.2665504e-05
3.1340555e-06
-5.9354167e-07
6.046418e-05
2.5734267e-06
9.0042638e-08
5.8580936e-05
2.0804661e-06
1.0278471e-06
5.7008242e-05
1.6264929e-06
2.3444685e-06
5.5937675e-05
1.1363052e-06
4.1641956e-06
5.5974575e-05
4.5541855e-07
6.6951025e-06
5.8482392e-05
-5.7986094e-07
1.0273789e-05
6.5968415e-05
-2.0987968e-06
1.5020075e-05
7.7819555e-05
-2.4387226e-06
1.9181066e-05
6.7455346e-05
2.2421623e-06
8.1220467e-06
6.1323415e-05
3.4103838e-06
2.7215474e-06
5.8952407e-05
3.1454588e-06
-7.7445085e-07
5.9902912e-05
3.1932518e-06
-4.1437566e-06
5.4847711e-05
3.5144226e-06
-9.3490126e-06
5.1144568e-05
3.3460098e-06
-1.0457487e-05
4.8644832e-05
2.8393223e-06
-1.0058726e-05
4.7590535e-05
2.2405411e-06
-8.8382631e-06
4.7410318e-05
1.6883857e-06
-7.3759855e-06
4.7727699e-05
1.2115054e-06
-5.9867127e-06
4.8326027e-05
8.0712007e-07
-4.7776328e-06
4.9066739e-05
4.8747214e-07
-3.7707978e-06
4.9874195e-05
2.3437259e-07
-2.9544089e-06
5.0707172e-05
3.4298453e-08
-2.3051491e-06
5.1540201e-05
-1.2775567e-07
-1.7950392e-06
5.232638e-05
-2.3689061e-07
-1.3893465e-06
-3.1806929e-07
-1.0278547e-06
8.305593e-05
1.8004168e-06
-7.4441206e-07
8.6522688e-05
2.1034155e-06
-1.2818551e-06
8.9788505e-05
1.9815313e-06
-1.5190025e-06
9.2713944e-05
1.775614e-06
-1.4863154e-06
9.5209772e-05
1.5364882e-06
-1.1893665e-06
9.7229434e-05
1.2975834e-06
-6.039284e-07
9.8794551e-05
1.0765037e-06
3.1796526e-07
9.9968758e-05
8.6512667e-07
1.6439722e-06
0.0001008659
6.3585278e-07
3.5794418e-06
0.00010179453
3.2578225e-07
6.4103939e-06
0.00010366423
-1.7000317e-07
1.0592437e-05
0.00010881979
-9.8279064e-07
1.6560236e-05
0.00012052747
-1.4702151e-06
2.3369878e-05
0.00010816895
7.7168127e-07
1.3829002e-05
0.00010154437
1.5791761e-06
8.4557824e-06
9.8491998e-05
1.5435616e-06
4.6542729e-06
9.9608166e-05
1.5616865e-06
5.1539749e-07
9.6763751e-05
1.7070412e-06
-5.9134132e-06
9.5686692e-05
1.7202856e-06
-8.7313897e-06
9.5465713e-05
1.5418197e-06
-9.9388996e-06
9.6257887e-05
1.2926012e-06
-1.014538e-05
9.7592609e-05
1.0396935e-06
-9.7730816e-06
9.9176521e-05
8.0659364e-07
-9.139972e-06
0.00010083216
5.9960486e-07
-8.4074102e-06
0.00010246105
4.2038875e-07
-7.6590848e-06
0.00010399867
2.6980419e-07
-6.9353382e-06
0.00010540677
1.4199981e-07
-6.2495836e-06
0.00010666208
3.0907914e-08
-5.599679e-06
0.00010776227
-5.6125828e-08
-4.9684441e-06
-1.2108435e-07
-4.3165909e-06
8.4070643e-05
-1.8004168e-06
-7.6117717e-07
8.9075862e-05
-2.1034155e-06
-1.3221164e-06
9.4006956e-05
-1.9815313e-06
-1.5859065e-06
9.8576969e-05
-1.7756139e-06
-1.5880691e-06
0.00010262152
-1.5364882e-06
-1.3357851e-06
0.00010604923
-1.2975833e-06
-8.0725735e-07
0.00010886417
-1.0765036e-06
6.4270191e-08
0.00011113592
-8.6512649e-07
1.3011579e-06
0.00011294911
-6.3585255e-07
3.1308098e-06
0.00011455282
-3.2578198e-07
5.8178372e-06
0.00011666734
1.700034e-07
9.8266683e-06
0.00012124421
9.8279071e-07
1.5698972e-05
0.00013202238
1.4702149e-06
2.2874905e-05
0.00011936164
-7.7168133e-07
1.4204107e-05
0.00011312309
-1.5791761e-06
9.3968967e-06
0.00011015994
-1.5435616e-06
6.0502742e-06
0.00011112494
-1.5616865e-06
2.1583729e-06
0.00010888642
-1.7070411e-06
-3.8932624e-06
0.00010861205
-1.7202853e-06
-6.7712825e-06
0.00010920723
-1.5418191e-06
-8.2630169e-06
0.00011073047
-1.2926002e-06
-8.8846568e-06
0.00011270077
-1.0396922e-06
-8.9321882e-06
0.00011481476
-8.0659205e-07
-8.7014328e-06
0.00011690291
-5.99603e-07
-8.3333478e-06
0.00011887297
-4.2038664e-07
-7.9003226e-06
0.00012067807
-2.6980188e-07
-7.4403484e-06
0.00012228983
-1.4199737e-07
-6.9698327e-06
0.00012368506
-3.0905319e-08
-6.4877966e-06
0.00012485876
5.6128253e-08
-5.9705032e-06
1.2108679e-07
-5.3695321e-06
8.305593e-05
-4.3953007e-06
-7.4441206e-07
8.6522688e-05
-4.7929213e-06
-1.2818551e-06
8.9788505e-05
-4.3139114e-06
-1.5190025e-06
9.2713944e-05
-3.7340067e-06
-1.4863154e-06
9.5209772e-05
-3.1340555e-06
-1.1893665e-06
9.7229435e-05
-2.5734267e-06
-6.0392841e-07
9.8794552e-05
-2.0804661e-06
3.1796524e-07
9.9968759e-05
-1.6264929e-06
1.6439722e-06
0.0001008659
-1.1363051e-06
3.5794417e-06
0.00010179453
-4.5541843e-07
6.4103939e-06
0.00010366423
5.7986104e-07
1.0592437e-05
0.00010881979
2.0987968e-06
1.6560236e-05
0.00012052747
2.4387225e-06
2.3369878e-05
0.00010816895
-2.2421623e-06
1.3829002e-05
0.00010154437
-3.4103838e-06
8.4557824e-06
9.8491999e-05
-3.1454588e-06
4.6542728e-06
9.9608167e-05
-3.1932518e-06
5.1539743e-07
9.6763753e-05
-3.5144226e-06
-5.9134133e-06
9.5686694e-05
-3.3460098e-06
-8.7313899e-06
9.5465715e-05
-2.8393222e-06
-9.9388999e-06
9.6257889e-05
-2.2405409e-06
-1.014538e-05
9.7592611e-05
-1.6883854e-06
-9.7730823e-06
9.9176523e-05
-1.2115048e-06
-9.1399729e-06
0.00010083217
-8.0711939e-07
-8.4074113e-06
0.00010246106
-4.8747129e-07
-7.659086e-06
0.00010399867
-2.3437159e-07
-6.9353395e-06
0.00010540677
-3.4297364e-08
-6.2495849e-06
0.00010666208
1.2775685e-07
-5.5996803e-06
0.00010776227
2.3689167e-07
-4.9684455e-06
3.1807026e-07
-4.3165921e-06
7.6009136e-05
-6.4875295e-07
7.1858512e-05
-1.0498785e-06
6.8276057e-05
-1.162067e-06
6.5240165e-05
-1.0071433e-06
6.2665504e-05
-5.9354168e-07
6.046418e-05
9.0042631e-08
5.8580936e-05
1.0278471e-06
5.7008242e-05
2.3444685e-06
5.5937675e-05
4.1641956e-06
5.5974576e-05
6.6951025e-06
5.8482392e-05
1.0273789e-05
6.5968416e-05
1.5020075e-05
7.7819556e-05
1.9181066e-05
6.7455347e-05
8.1220467e-06
6.1323416e-05
2.7215473e-06
5.8952408e-05
-7.7445092e-07
5.9902913e-05
-4.1437567e-06
5.4847712e-05
-9.3490127e-06
5.114457e-05
-1.0457487e-05
4.8644833e-05
-1.0058727e-05
4.7590536e-05
-8.8382637e-06
4.7410319e-05
-7.3759863e-06
4.77277e-05
-5.9867135e-06
4.8326028e-05
-4.7776338e-06
4.9066739e-05
-3.7707988e-06
4.9874195e-05
-2.9544099e-06
5.0707173e-05
-2.30515e-06
5.1540202e-05
-1.79504e-06
5.2326381e-05
-1.3893471e-06
-1.0278553e-06
7.6492816e-05
4.3904899e-06
-1.5320592e-06
7.2804833e-05
4.7745054e-06
-2.1364004e-06
6.9582716e-05
4.303749e-06
-2.2436985e-06
6.682397e-05
3.7387662e-06
-1.9871637e-06
6.4530425e-05
3.1522179e-06
-1.4522151e-06
6.2717199e-05
2.6007584e-06
-6.9748983e-07
6.1365082e-05
2.1105926e-06
2.6937201e-07
6.0519624e-05
1.6767226e-06
1.5132036e-06
6.0396386e-05
1.2727667e-06
3.0146666e-06
6.144225e-05
8.2724092e-07
4.8219979e-06
6.4534366e-05
2.432768e-07
6.938397e-06
7.0957647e-05
-4.9715832e-07
9.0939515e-06
8.1092004e-05
-1.0366454e-06
1.0083354e-05
8.4835351e-05
-4.5918721e-07
4.8378873e-06
8.5883358e-05
1.1667252e-07
1.5568684e-06
8.5470427e-05
6.3595927e-07
-9.9747934e-07
8.3478206e-05
1.0859201e-06
-3.2374556e-06
7.8253454e-05
1.4739963e-06
-5.5982573e-06
7.2901156e-05
1.6250622e-06
-6.7302515e-06
6.8140471e-05
1.5456825e-06
-6.843723e-06
6.4316235e-05
1.3442588e-06
-6.3582862e-06
6.1413468e-05
1.1010042e-06
-5.5742228e-06
5.9268394e-05
8.5895585e-07
-4.7005947e-06
5.7715028e-05
6.407136e-07
-3.8649801e-06
5.6607547e-05
4.5564704e-07
-3.118964e-06
5.5829509e-05
3.0608876e-07
-2.4824596e-06
5.5287804e-05
1.9363749e-07
-1.9570821e-06
5.4909022e-05
1.1786184e-07
-1.5341186e-06
5.4628619e-05
9.1702738e-08
-1.2006461e-06
1.5258161e-07
-9.2678385e-07
8.3575984e-05
1.7990509e-06
-1.7289571e-06
8.7535789e-05
2.0936468e-06
-2.5608014e-06
9.1164567e-05
1.9739078e-06
-2.8179392e-06
9.4371131e-05
1.7739661e-06
-2.7280797e-06
9.7143674e-05
1.5408012e-06
-2.3504924e-06
9.9544058e-05
1.3063034e-06
-1.7098581e-06
0.00010169268
1.0873947e-06
-8.074634e-07
0.00010372223
8.8607287e-07
4.0507613e-07
0.00010584043
6.9535727e-07
2.038651e-06
0.00010847695
4.8449494e-07
4.1166201e-06
0.00011237577
2.1075664e-07
6.7261345e-06
0.00011888363
-1.7904674e-07
9.7342702e-06
0.00012972269
-5.2171834e-07
1.2015889e-05
0.00013540091
-3.4223843e-07
8.0338334e-06
0.0001388985
-5.6648407e-08
5.1315135e-06
0.00014139178
1.8593708e-07
2.6110179e-06
0.0001426007
4.2656954e-07
-3.4174814e-08
0.00014036215
6.3694515e-07
-2.8378119e-06
0.00013735774
7.5659558e-07
-4.8585097e-06
0.00013419386
7.7010125e-07
-5.9994411e-06
0.00013121056
7.1695536e-07
-6.5347753e-06
0.00012856498
6.280268e-07
-6.6545312e-06
0.00012626031
5.2465666e-07
-6.5009969e-06
0.00012425716
4.207174e-07
-6.1842649e-06
0.00012251032
3.2421618e-07
-5.7808097e-06
0.00012097502
2.3986331e-07
-5.3338162e-06
0.00011962008
1.7042601e-07
-4.8714366e-06
0.00011843006
1.189708e-07
-4.4107644e-06
0.00011741907
9.3847438e-08
-3.9596003e-06
1.1263251e-07
-3.5091211e-06
8.45906e-05
-1.7990509e-06
-1.7536749e-06
9.0075133e-05
-2.0936468e-06
-2.6193565e-06
9.5349824e-05
-1.9739078e-06
-2.9127815e-06
0.00010017855
-1.7739661e-06
-2.8688607e-06
0.00010446822
-1.5408012e-06
-2.5438551e-06
0.00010823366
-1.3063033e-06
-1.9600903e-06
0.00011159022
-1.0873946e-06
-1.1175021e-06
0.00011467346
-8.8607273e-07
-9.9341183e-09
0.00011763128
-6.9535708e-07
1.563705e-06
0.00012086849
-4.8449471e-07
3.5496108e-06
0.00012506813
-2.1075638e-07
6.0485478e-06
0.00013143736
1.7904696e-07
8.9716442e-06
0.00014195159
5.2171847e-07
1.1317241e-05
0.00014760725
3.4223851e-07
7.8639673e-06
0.00015146911
5.6648455e-08
5.4217455e-06
0.00015458643
-1.8593707e-07
3.3048265e-06
0.0001566348
-4.2656955e-07
9.6314419e-07
0.00015567756
-6.3694519e-07
-1.6621314e-06
0.00015398806
-7.5659563e-07
-3.5685962e-06
0.00015202306
-7.701013e-07
-4.7578169e-06
0.00015001808
-7.1695542e-07
-5.4457599e-06
0.00014812713
-6.2802686e-07
-5.7851829e-06
0.00014636054
-5.2465672e-07
-5.8855382e-06
0.00014470006
-4.2071746e-07
-5.8314282e-06
0.00014312969
-3.2421624e-07
-5.6815217e-06
0.00014163549
-2.3986337e-07
-5.4664206e-06
0.0001402139
-1.7042608e-07
-5.2073914e-06
0.0001388805
-1.1897087e-07
-4.9164529e-06
0.00013769375
-9.3847493e-08
-4.5960577e-06
-1.1263254e-07
-4.2301433e-06
8.3575984e-05
-4.3904899e-06
-1.7289571e-06
8.7535789e-05
-4.7745054e-06
-2.5608014e-06
9.1164567e-05
-4.303749e-06
-2.8179392e-06
9.4371131e-05
-3.7387662e-06
-2.7280797e-06
9.7143674e-05
-3.1522179e-06
-2.3504924e-06
9.9544058e-05
-2.6007584e-06
-1.7098581e-06
0.00010169269
-2.1105925e-06
-8.0746341e-07
0.00010372223
-1.6767225e-06
4.0507612e-07
0.00010584043
-1.2727666e-06
2.038651e-06
0.00010847695
-8.2724081e-07
4.11662e-06
0.00011237577
-2.4327668e-07
6.7261345e-06
0.00011888363
4.9715842e-07
9.7342702e-06
0.00012972269
1.0366454e-06
1.2015889e-05
0.00013540091
4.5918724e-07
8.0338333e-06
0.0001388985
-1.1667251e-07
5.1315134e-06
0.00014139178
-6.3595926e-07
2.6110178e-06
0.0001426007
-1.0859201e-06
-3.4174924e-08
0.00014036215
-1.4739963e-06
-2.837812e-06
0.00013735774
-1.6250622e-06
-4.8585098e-06
0.00013419386
-1.5456825e-06
-5.9994414e-06
0.00013121056
-1.3442588e-06
-6.5347757e-06
0.00012856499
-1.1010043e-06
-6.6545317e-06
0.00012626031
-8.5895588e-07
-6.5009974e-06
0.00012425716
-6.4071364e-07
-6.1842656e-06
0.00012251031
-4.5564708e-07
-5.7808104e-06
0.00012097502
-3.060888e-07
-5.3338169e-06
0.00011962008
-1.9363753e-07
-4.8714374e-06
0.00011843006
-1.178619e-07
-4.4107652e-06
0.00011741907
-9.1702837e-08
-3.9596011e-06
-1.5258175e-07
-3.5091218e-06
7.6492816e-05
-1.5320592e-06
7.2804833e-05
-2.1364004e-06
6.9582716e-05
-2.2436985e-06
6.682397e-05
-1.9871637e-06
6.4530425e-05
-1.4522151e-06
6.2717199e-05
-6.9748984e-07
6.1365082e-05
2.69372e-07
6.0519624e-05
1.5132036e-06
6.0396387e-05
3.0146666e-06
6.144225e-05
4.8219979e-06
6.4534366e-05
6.9383969e-06
7.0957648e-05
9.0939515e-06
8.1092005e-05
1.0083354e-05
8.4835352e-05
4.8378872e-06
8.5883358e-05
1.5568683e-06
8.5470428e-05
-9.9747944e-07
8.3478207e-05
-3.2374557e-06
7.8253455e-05
-5.5982575e-06
7.2901157e-05
-6.7302517e-06
6.8140471e-05
-6.8437234e-06
6.4316236e-05
-6.3582866e-06
6.1413468e-05
-5.5742233e-06
5.9268394e-05
-4.7005952e-06
5.7715027e-05
-3.8649807e-06
5.6607546e-05
-3.1189647e-06
5.5829508e-05
-2.4824602e-06
5.5287803e-05
-1.9570827e-06
5.490902e-05
-1.5341191e-06
5.4628617e-05
-1.2006465e-06
-9.2678425e-07
7.6666202e-05
4.3738902e-06
-2.572151e-06
7.2870628e-05
4.7196287e-06
-3.060456e-06
6.9362057e-05
4.2349642e-06
-2.9700916e-06
6.6287915e-05
3.6582372e-06
-2.5712587e-06
6.3771296e-05
3.0665652e-06
-2.0021607e-06
6.1891906e-05
2.5272249e-06
-1.345325e-06
6.069772e-05
2.0859822e-06
-6.2242445e-07
6.0282462e-05
1.7475243e-06
1.8093764e-07
6.079989e-05
1.4584964e-06
1.0387421e-06
6.2482078e-05
1.172241e-06
1.9675687e-06
6.5652427e-05
8.7884266e-07
2.8892055e-06
7.0551077e-05
5.773395e-07
3.6179621e-06
7.6540035e-05
3.4794952e-07
3.7464462e-06
7.8849029e-05
3.9711838e-07
2.1317747e-06
7.9403649e-05
4.9369074e-07
5.085583e-07
7.8751851e-05
5.2647348e-07
-8.7215492e-07
7.7014165e-05
5.1635391e-07
-2.0161236e-06
7.3892016e-05
4.8573055e-07
-2.9618392e-06
7.0159985e-05
4.4194514e-07
-3.4401648e-06
6.6410351e-05
3.8077713e-07
-3.4748665e-06
6.2960752e-05
3.0785986e-07
-3.2165467e-06
5.9962959e-05
2.3631728e-07
-2.812748e-06
5.7451599e-05
1.7479678e-07
-2.3640312e-06
5.5389931e-05
1.2660137e-07
-1.929913e-06
5.3717252e-05
9.3435643e-08
-1.5397206e-06
5.236465e-05
7.5257492e-08
-1.2051152e-06
5.1263681e-05
7.2981688e-08
-9.2909515e-07
5.0348417e-05
9.3467276e-08
-7.1232124e-07
4.9544862e-05
1.5352165e-07
-5.5061274e-07
3.3058648e-07
-4.4461566e-07
8.3686743e-05
1.7908788e-06
-2.8326886e-06
8.7397254e-05
2.0663944e-06
-3.618078e-06
9.0529347e-05
1.9396963e-06
-3.6547643e-06
9.3139238e-05
1.7342116e-06
-3.4139457e-06
9.5337129e-05
1.4986783e-06
-2.9804967e-06
9.7290598e-05
1.2701129e-06
-2.4062143e-06
9.920947e-05
1.0747129e-06
-1.7150666e-06
0.00010133023
9.2119586e-07
-8.8935978e-07
0.00010392
7.8865481e-07
1.1872838e-07
0.00010729923
6.5723585e-07
1.252393e-06
0.0001118744
5.2032631e-07
2.5094792e-06
0.00011809035
3.7395304e-07
3.7217088e-06
0.00012574083
2.5374319e-07
4.4596139e-06
0.00013045181
2.30665e-07
3.4893058e-06
0.00013371871
2.5401835e-07
2.1042875e-06
0.00013584235
2.6137528e-07
7.5247798e-07
0.00013661926
2.5076096e-07
-5.4548785e-07
0.00013579217
2.2876692e-07
-1.7537661e-06
0.00013382774
2.0353127e-07
-2.6556646e-06
0.00013121494
1.7413345e-07
-3.1799959e-06
0.00012824867
1.4052809e-07
-3.4011704e-06
0.00012513812
1.0671344e-07
-3.4143769e-06
0.00012202366
7.629066e-08
-3.2880321e-06
0.00011899127
5.1252392e-08
-3.0765291e-06
0.00011609133
3.3045589e-08
-2.8204767e-06
0.00011335677
2.254179e-08
-2.546544e-06
0.00011081109
2.1061469e-08
-2.2738394e-06
0.00010847957
3.2882898e-08
-2.018651e-06
0.00010639545
7.0406261e-08
-1.7923722e-06
1.6288023e-07
-1.6297484e-06
8.4680306e-05
-1.7908788e-06
-2.8522231e-06
8.9871207e-05
-2.0663944e-06
-3.6774687e-06
9.4594479e-05
-1.9396963e-06
-3.7566608e-06
9.8757241e-05
-1.7342116e-06
-3.5631992e-06
0.0001023838
-1.4986783e-06
-3.1730609e-06
0.00010559977
-1.2701128e-06
-2.6358284e-06
0.00010861001
-1.0747128e-06
-1.9783232e-06
0.00011163283
-9.2119574e-07
-1.1903558e-06
0.00011498963
-7.8865463e-07
-2.1578713e-07
0.00011895285
-6.5723563e-07
9.008649e-07
0.00012390447
-5.2032605e-07
2.1375756e-06
0.00013027679
-3.7395275e-07
3.3472289e-06
0.00013796174
-2.537429e-07
4.1397835e-06
0.00014290299
-2.3066473e-07
3.3840392e-06
0.00014661545
-2.5401808e-07
2.217329e-06
0.00014940592
-2.6137504e-07
1.0371009e-06
0.00015099847
-2.5076076e-07
-1.2788068e-07
0.00015105667
-2.2876676e-07
-1.2627987e-06
0.00015002267
-2.0353115e-07
-2.1275296e-06
0.00014828415
-1.7413336e-07
-2.6710323e-06
0.00014607756
-1.4052805e-07
-2.9581118e-06
0.00014357385
-1.0671347e-07
-3.0680522e-06
0.00014089475
-7.629074e-08
-3.0538522e-06
0.00013812453
-5.1252532e-08
-2.9587045e-06
0.00013532372
-3.3045785e-08
-2.8146229e-06
0.00013254471
-2.2542034e-08
-2.6423282e-06
0.00012983677
-2.1061751e-08
-2.4573222e-06
0.00012726022
-3.2883203e-08
-2.2741377e-06
0.00012490745
-7.0406565e-08
-2.1024827e-06
-1.6288047e-07
-1.9798093e-06
8.3686743e-05
-4.3738902e-06
-2.8326886e-06
8.7397254e-05
-4.7196287e-06
-3.618078e-06
9.0529347e-05
-4.2349641e-06
-3.6547643e-06
9.3139238e-05
-3.6582372e-06
-3.4139457e-06
9.5337129e-05
-3.0665652e-06
-2.9804967e-06
9.7290598e-05
-2.5272249e-06
-2.4062143e-06
9.920947e-05
-2.0859821e-06
-1.7150666e-06
0.00010133023
-1.7475243e-06
-8.8935979e-07
0.00010392
-1.4584964e-06
1.1872836e-07
0.00010729923
-1.1722409e-06
1.252393e-06
0.0001118744
-8.7884254e-07
2.5094792e-06
0.00011809035
-5.7733937e-07
3.7217088e-06
0.00012574083
-3.4794939e-07
4.4596139e-06
0.00013045181
-3.9711825e-07
3.4893057e-06
0.00013371871
-4.9369062e-07
2.1042874e-06
0.00013584235
-5.2647337e-07
7.5247793e-07
0.00013661926
-5.1635382e-07
-5.4548791e-07
0.00013579217
-4.8573047e-07
-1.7537661e-06
0.00013382774
-4.4194508e-07
-2.6556647e-06
0.00013121494
-3.8077709e-07
-3.179996e-06
0.00012824867
-3.0785983e-07
-3.4011706e-06
0.00012513812
-2.3631728e-07
-3.4143771e-06
0.00012202366
-1.7479679e-07
-3.2880323e-06
0.00011899127
-1.266014e-07
-3.0765293e-06
0.00011609133
-9.3435696e-08
-2.820477e-06
0.00011335677
-7.5257562e-08
-2.5465443e-06
0.00011081109
-7.2981776e-08
-2.2738397e-06
0.00010847956
-9.3467387e-08
-2.0186514e-06
0.00010639545
-1.5352178e-07
-1.7923726e-06
-3.3058664e-07
-1.6297489e-06
7.6666202e-05
-2.572151e-06
7.2870628e-05
-3.060456e-06
6.9362057e-05
-2.9700916e-06
6.6287915e-05
-2.5712587e-06
6.3771296e-05
-2.0021607e-06
6.1891906e-05
-1.345325e-06
6.069772e-05
-6.2242446e-07
6.0282462e-05
1.8093763e-07
6.079989e-05
1.0387421e-06
6.2482078e-05
1.9675687e-06
6.5652427e-05
2.8892055e-06
7.0551077e-05
3.6179621e-06
7.6540036e-05
3.7464462e-06
7.884903e-05
2.1317747e-06
7.940365e-05
5.0855826e-07
7.8751852e-05
-8.7215497e-07
7.7014166e-05
-2.0161237e-06
7.3892017e-05
-2.9618393e-06
7.0159985e-05
-3.4401649e-06
6.6410351e-05
-3.4748666e-06
6.2960752e-05
-3.2165469e-06
5.996296e-05
-2.8127482e-06
5.7451599e-05
-2.3640314e-06
5.538993e-05
-1.9299133e-06
5.3717251e-05
-1.5397209e-06
5.2364649e-05
-1.2051156e-06
5.126368e-05
-9.290955e-07
5.0348415e-05
-7.1232158e-07
4.9544859e-05
-5.5061307e-07
-4.4461599e-07
7.3285111e-05
4.1427381e-06
6.5957278e-05
4.2673774e-06
5.9176862e-05
3.810324e-06
5.3433594e-05
3.1720092e-06
4.8920406e-05
2.5110274e-06
4.5637232e-05
1.9378493e-06
4.3526899e-05
1.4879085e-06
4.2551201e-05
1.1566349e-06
4.2647246e-05
9.4269736e-07
4.3786667e-05
8.2814746e-07
4.5936211e-05
7.3966178e-07
4.8935598e-05
6.1857519e-07
5.2245331e-05
4.367136e-07
5.4158921e-05
2.1818497e-07
5.4653195e-05
1.4284018e-08
5.3944289e-05
-1.6324925e-07
5.2175118e-05
-2.4695286e-07
4.9472063e-05
-2.5878361e-07
4.6277751e-05
-2.4585311e-07
4.3036166e-05
-2.3328137e-07
4.0042299e-05
-2.2268014e-07
3.7437347e-05
-2.0779545e-07
3.5258058e-05
-1.8474219e-07
3.3480613e-05
-1.5246835e-07
3.2052532e-05
-1.1163968e-07
3.091195e-05
-6.4532491e-08
2.9996971e-05
-1.4116824e-08
2.9236798e-05
4.7852268e-08
2.8562607e-05
1.2357847e-07
2.8133213e-07
7.9634431e-05
1.6756188e-06
7.8422395e-05
1.8613347e-06
7.6827985e-05
1.7499696e-06
7.5070579e-05
1.51547e-06
7.3362923e-05
1.2381865e-06
7.1915502e-05
9.7905663e-07
7.0924916e-05
7.6342754e-07
7.0596501e-05
5.9568959e-07
7.1177687e-05
4.8024041e-07
7.2841624e-05
4.1660364e-07
7.5715567e-05
3.7519789e-07
7.9731158e-05
3.2469246e-07
8.4376292e-05
2.5119355e-07
8.7927869e-05
1.5591349e-07
8.9987091e-05
5.9349552e-08
9.0607923e-05
-3.1602861e-08
8.9908872e-05
-9.3389461e-08
8.8010685e-05
-1.1436276e-07
8.5227931e-05
-1.1876405e-07
8.1936019e-05
-1.2136517e-07
7.8436713e-05
-1.2454465e-07
7.4940055e-05
-1.2551458e-07
7.1589036e-05
-1.2175481e-07
6.8471758e-05
-1.1171929e-07
6.5634227e-05
-9.4586036e-08
6.309343e-05
-7.0278658e-08
6.0844452e-05
-3.8978817e-08
5.8871913e-05
1.7405937e-09
5.7151178e-05
5.1940876e-08
1.412786e-07
8.0499015e-05
-1.6756188e-06
8.0544215e-05
-1.8613347e-06
8.0287494e-05
-1.7499696e-06
7.9755235e-05
-1.51547e-06
7.9058547e-05
-1.2381865e-06
7.8380832e-05
-9.7905659e-07
7.7929363e-05
-7.6342748e-07
7.7930387e-05
-5.956895e-07
7.867508e-05
-4.8024028e-07
8.0409152e-05
-4.1660348e-07
8.3297124e-05
-3.7519771e-07
8.7293737e-05
-3.2469226e-07
9.1935908e-05
-2.5119334e-07
9.5631774e-05
-1.5591328e-07
9.7967801e-05
-5.9349355e-08
9.8941696e-05
3.1603079e-08
9.8627037e-05
9.3389676e-08
9.7135512e-05
1.1436298e-07
9.4770454e-05
1.1876428e-07
9.1856691e-05
1.2136541e-07
8.864949e-05
1.245449e-07
8.5330408e-05
1.2551484e-07
8.2033046e-05
1.2175509e-07
7.8850903e-05
1.117196e-07
7.5847108e-05
9.4586371e-08
7.3064222e-05
7.0279028e-08
7.0528942e-05
3.8979226e-08
6.8258285e-05
-1.7402469e-09
6.6259683e-05
-5.1940435e-08
-1.412781e-07
7.9634431e-05
-4.1427381e-06
7.8422395e-05
-4.2673774e-06
7.6827985e-05
-3.810324e-06
7.5070579e-05
-3.1720092e-06
7.3362923e-05
-2.5110274e-06
7.1915502e-05
-1.9378493e-06
7.0924916e-05
-1.4879085e-06
7.0596501e-05
-1.1566349e-06
7.1177687e-05
-9.4269731e-07
7.2841624e-05
-8.2814739e-07
7.5715567e-05
-7.396617e-07
7.9731159e-05
-6.185751e-07
8.4376293e-05
-4.367135e-07
8.792787e-05
-2.1818487e-07
8.9987092e-05
-1.4283914e-08
9.0607924e-05
1.6324937e-07
8.9908872e-05
2.4695297e-07
8.8010686e-05
2.5878372e-07
8.5227932e-05
2.4585324e-07
8.193602e-05
2.332815e-07
7.8436714e-05
2.2268028e-07
7.4940056e-05
2.077956e-07
7.1589036e-05
1.8474236e-07
6.8471758e-05
1.5246852e-07
6.5634228e-05
1.1163987e-07
6.309343e-05
6.4532678e-08
6.0844452e-05
1.4116998e-08
5.8871913e-05
-4.7852082e-08
5.7151178e-05
-1.2357827e-07
-2.8133192e-07
7.3285111e-05
6.5957278e-05
5.9176862e-05
5.3433594e-05
4.8920406e-05
4.5637232e-05
4.3526899e-05
4.2551202e-05
4.2647246e-05
4.3786668e-05
4.5936211e-05
4.8935598e-05
5.2245331e-05
5.4158921e-05
5.4653195e-05
5.394429e-05
5.2175119e-05
4.9472063e-05
4.6277752e-05
4.3036167e-05
4.00423e-05
3.7437347e-05
3.5258058e-05
3.3480614e-05
3.2052533e-05
3.091195e-05
2.9996971e-05
2.9236797e-05
2.8562606e-05
)
;

boundaryField
{
    minX
    {
        type            calculated;
        value           uniform -8e-05;
    }
    maxX
    {
        type            calculated;
        value           nonuniform List<scalar> 
50
(
2.7836662e-05
5.5661488e-05
6.4562434e-05
5.5661486e-05
2.7836661e-05
4.8732112e-05
0.00010468379
0.00012298288
0.00010468378
4.8732107e-05
5.4374971e-05
0.00011665155
0.00013677962
0.00011665154
5.4374965e-05
5.3074883e-05
0.00010872467
0.00012583931
0.00010872465
5.3074874e-05
5.1598957e-05
9.8026501e-05
0.00011110465
9.8026494e-05
5.1598954e-05
5.1598953e-05
9.8026503e-05
0.00011110466
9.8026507e-05
5.1598956e-05
5.3074876e-05
0.00010872467
0.00012583932
0.00010872467
5.3074876e-05
5.4374966e-05
0.00011665155
0.00013677962
0.00011665155
5.4374964e-05
4.8732107e-05
0.00010468379
0.00012298288
0.00010468378
4.8732104e-05
2.7836659e-05
5.5661484e-05
6.4562431e-05
5.5661483e-05
2.7836658e-05
)
;
    }
    minY
    {
        type            calculated;
        value           uniform 0;
    }
    minZ
    {
        type            calculated;
        value           uniform 0;
    }
    maxZ
    {
        type            calculated;
        value           uniform 0;
    }
    bottomWater_to_rightSolid
    {
        type            calculated;
        value           uniform 0;
    }
    bottomWater_to_leftSolid
    {
        type            calculated;
        value           uniform 0;
    }
    bottomWater_to_heater
    {
        type            calculated;
        value           uniform 0;
    }
}


// ************************************************************************* //
