/*--------------------------------*- C++ -*----------------------------------*\
| =========                 |                                                 |
| \\      /  F ield         | OpenFOAM: The Open Source CFD Toolbox           |
|  \\    /   O peration     | Version:  2412                                  |
|   \\  /    A nd           | Website:  www.openfoam.com                      |
|    \\/     M anipulation  |                                                 |
\*---------------------------------------------------------------------------*/
FoamFile
{
    version     2.0;
    format      ascii;
    arch        "LSB;label=32;scalar=64";
    class       volVectorField;
    location    "70/bottomWater";
    object      U;
}
// * * * * * * * * * * * * * * * * * * * * * * * * * * * * * * * * * * * * * //

dimensions      [0 1 -1 0 0 0 0];

internalField   nonuniform List<vector> 
1460
(
(0.0009113218 5.8875297e-05 4.1835987e-05)
(0.00088241765 6.2098312e-05 4.8942617e-05)
(0.00078426531 5.3649241e-05 4.5386078e-05)
(0.00070004386 4.3226287e-05 3.8323827e-05)
(0.000635814 3.3185187e-05 2.9989417e-05)
(0.00058787686 2.4899478e-05 2.1609605e-05)
(0.00055464433 1.8744972e-05 1.3522887e-05)
(0.00053576304 1.4533728e-05 5.4335978e-06)
(0.00053118579 1.2036783e-05 -2.7885096e-06)
(0.00053982976 1.0665925e-05 -1.0383208e-05)
(0.00056143341 9.2966948e-06 -1.5980355e-05)
(0.00059525199 7.2252827e-06 -1.7158798e-05)
(0.00063848968 4.0656423e-06 -1.0286764e-05)
(0.00067368723 5.4133841e-07 1.1326634e-05)
(0.00068988994 -2.7591185e-06 2.8746042e-05)
(0.00068955055 -5.1190887e-06 3.786118e-05)
(0.00067458749 -5.9075906e-06 4.1948981e-05)
(0.00064643486 -5.4838955e-06 4.3769944e-05)
(0.00060851614 -4.7690374e-06 4.2368396e-05)
(0.00056674761 -4.1503251e-06 3.8030098e-05)
(0.00052649166 -3.6081042e-06 3.2181296e-05)
(0.00049076343 -3.0132396e-06 2.6014457e-05)
(0.00046064959 -2.2942053e-06 2.0240599e-05)
(0.00043616497 -1.4575345e-06 1.5191829e-05)
(0.00041679049 -5.6556017e-07 1.0964066e-05)
(0.00040176058 2.8148509e-07 7.5479303e-06)
(0.00039030052 1.0100542e-06 4.9145168e-06)
(0.00038158045 1.6298711e-06 3.0545844e-06)
(0.00037487048 2.1313523e-06 1.8604538e-06)
(0.0003642509 3.4874392e-06 1.6817237e-06)
(0.00097337442 5.5453742e-05 4.6102323e-05)
(0.00099261547 5.9904553e-05 5.9178716e-05)
(0.00097491908 5.5865103e-05 5.8399451e-05)
(0.00094984753 4.8199689e-05 5.344889e-05)
(0.00092698921 3.9287699e-05 4.6372082e-05)
(0.00090719923 3.0972562e-05 3.8167578e-05)
(0.00089185356 2.4014205e-05 2.9412272e-05)
(0.00088338224 1.856032e-05 2.0054045e-05)
(0.00088461337 1.4787619e-05 9.6986173e-06)
(0.00089965782 1.2583384e-05 -1.4478643e-06)
(0.00092941648 1.0887034e-05 -1.168346e-05)
(0.00097459111 8.8000866e-06 -1.833924e-05)
(0.0010330405 6.0431222e-06 -1.6965138e-05)
(0.0010878382 2.8033601e-06 7.387141e-07)
(0.0011252858 -3.1080189e-07 1.9715861e-05)
(0.0011425652 -3.0158293e-06 3.3752615e-05)
(0.0011418023 -4.5450967e-06 4.2965074e-05)
(0.0011257497 -4.7640865e-06 4.8688971e-05)
(0.0010955572 -4.4873388e-06 5.092101e-05)
(0.001055665 -4.2245901e-06 4.9797037e-05)
(0.0010109649 -4.0620845e-06 4.6275761e-05)
(0.00096504988 -3.8977577e-06 4.1352401e-05)
(0.0009202622 -3.6156075e-06 3.5760506e-05)
(0.00087818202 -3.1358676e-06 3.0017731e-05)
(0.00083986286 -2.421794e-06 2.4464387e-05)
(0.00080592948 -1.4935957e-06 1.933827e-05)
(0.00077659279 -4.0116844e-07 1.4852241e-05)
(0.00075193613 8.4240271e-07 1.1231543e-05)
(0.00073204197 2.3128692e-06 8.5663908e-06)
(0.00070735522 4.4700534e-06 7.9414037e-06)
(0.00097803823 8.5603898e-14 4.6050174e-05)
(0.0010096653 2.9381644e-13 5.980651e-05)
(0.0010096916 7.5185495e-13 5.9841798e-05)
(0.0010013108 1.5898375e-12 5.5684765e-05)
(0.00099246629 2.8514075e-12 4.9215326e-05)
(0.00098366221 4.3783188e-12 4.1386678e-05)
(0.00097626239 5.7811456e-12 3.2838004e-05)
(0.00097297377 6.5591485e-12 2.3624556e-05)
(0.00097664986 6.400621e-12 1.3262812e-05)
(0.00099275688 5.3716173e-12 1.8773928e-06)
(0.0010228803 3.8055524e-12 -8.7823925e-06)
(0.0010678344 2.1421203e-12 -1.5966305e-05)
(0.0011257702 7.4918587e-13 -1.5403811e-05)
(0.001181155 -2.0589136e-13 5.4851542e-07)
(0.0012212393 -6.1879991e-13 1.8044583e-05)
(0.0012426868 -5.669914e-13 3.1328449e-05)
(0.0012456018 -3.331769e-13 4.0661092e-05)
(0.0012342348 -3.9670164e-13 4.6599033e-05)
(0.0012089515 -9.8808265e-13 4.9265367e-05)
(0.0011737482 -2.2908512e-12 4.890011e-05)
(0.001132919 -4.3900106e-12 4.632162e-05)
(0.0010895034 -7.158464e-12 4.2356134e-05)
(0.0010455389 -1.0059575e-11 3.7613963e-05)
(0.0010025772 -1.2298118e-11 3.2536993e-05)
(0.00096187319 -1.2777832e-11 2.7431698e-05)
(0.0009244079 -1.0609507e-11 2.2539769e-05)
(0.00089090308 -6.5392055e-12 1.8091619e-05)
(0.00086183881 -1.3619859e-12 1.4343667e-05)
(0.00083773892 3.3172178e-12 1.1457406e-05)
(0.00080828372 6.3128556e-12 1.0772488e-05)
(0.00097337442 -5.5453741e-05 4.6102323e-05)
(0.00099261547 -5.9904553e-05 5.9178716e-05)
(0.00097491909 -5.5865102e-05 5.8399451e-05)
(0.00094984753 -4.8199688e-05 5.344889e-05)
(0.00092698921 -3.9287696e-05 4.6372081e-05)
(0.00090719923 -3.0972557e-05 3.8167578e-05)
(0.00089185357 -2.4014198e-05 2.9412272e-05)
(0.00088338226 -1.8560312e-05 2.0054045e-05)
(0.00088461339 -1.4787611e-05 9.6986176e-06)
(0.00089965784 -1.2583377e-05 -1.4478641e-06)
(0.0009294165 -1.0887029e-05 -1.168346e-05)
(0.00097459114 -8.8000839e-06 -1.8339239e-05)
(0.0010330405 -6.0431213e-06 -1.6965136e-05)
(0.0010878383 -2.8033605e-06 7.3871601e-07)
(0.0011252859 3.1080125e-07 1.9715863e-05)
(0.0011425652 3.0158291e-06 3.3752617e-05)
(0.0011418023 4.545097e-06 4.2965076e-05)
(0.0011257497 4.764087e-06 4.8688972e-05)
(0.0010955573 4.4873386e-06 5.0921012e-05)
(0.001055665 4.2245882e-06 4.9797037e-05)
(0.0010109649 4.0620798e-06 4.627576e-05)
(0.00096504987 3.8977494e-06 4.1352398e-05)
(0.0009202622 3.6155955e-06 3.5760501e-05)
(0.00087818201 3.135853e-06 3.0017724e-05)
(0.00083986285 2.421779e-06 2.4464381e-05)
(0.00080592946 1.4935834e-06 1.9338269e-05)
(0.00077659277 4.0116157e-07 1.4852244e-05)
(0.0007519361 -8.4240268e-07 1.1231552e-05)
(0.00073204194 -2.3128626e-06 8.5664021e-06)
(0.00070735519 -4.4700424e-06 7.9414153e-06)
(0.0009113218 -5.8875297e-05 4.1835987e-05)
(0.00088241765 -6.2098312e-05 4.8942617e-05)
(0.00078426531 -5.3649241e-05 4.5386078e-05)
(0.00070004386 -4.3226287e-05 3.8323827e-05)
(0.000635814 -3.3185186e-05 2.9989417e-05)
(0.00058787686 -2.4899477e-05 2.1609605e-05)
(0.00055464434 -1.8744971e-05 1.3522888e-05)
(0.00053576305 -1.4533726e-05 5.4335983e-06)
(0.00053118581 -1.2036781e-05 -2.788509e-06)
(0.00053982977 -1.0665924e-05 -1.0383207e-05)
(0.00056143343 -9.2966942e-06 -1.5980354e-05)
(0.00059525201 -7.2252825e-06 -1.7158797e-05)
(0.0006384897 -4.0656424e-06 -1.0286762e-05)
(0.00067368724 -5.4133838e-07 1.1326636e-05)
(0.00068988995 2.7591189e-06 2.8746044e-05)
(0.00068955055 5.1190895e-06 3.7861182e-05)
(0.00067458749 5.9075913e-06 4.1948983e-05)
(0.00064643487 5.4838962e-06 4.3769946e-05)
(0.00060851614 4.7690376e-06 4.2368398e-05)
(0.00056674761 4.1503246e-06 3.8030099e-05)
(0.00052649167 3.6081028e-06 3.2181297e-05)
(0.00049076343 3.0132375e-06 2.6014457e-05)
(0.00046064959 2.2942027e-06 2.0240597e-05)
(0.00043616496 1.457532e-06 1.5191827e-05)
(0.00041679048 5.6555816e-07 1.0964066e-05)
(0.00040176057 -2.8148616e-07 7.5479337e-06)
(0.0003903005 -1.0100535e-06 4.9145242e-06)
(0.00038158043 -1.6298685e-06 3.0545949e-06)
(0.00037487045 -2.1313483e-06 1.8604654e-06)
(0.00036425087 -3.4874344e-06 1.6817349e-06)
(0.00094633291 6.2144121e-05 4.7754219e-05)
(0.00094101713 6.9463114e-05 6.108261e-05)
(0.00089230479 6.1458759e-05 6.2037252e-05)
(0.00084628365 5.1771232e-05 5.4901373e-05)
(0.00081060803 4.2263082e-05 4.2472771e-05)
(0.00078346043 3.3853438e-05 2.6553025e-05)
(0.00076443582 2.7128836e-05 7.7739331e-06)
(0.00075450901 2.2001136e-05 -1.4121296e-05)
(0.0007548789 1.7618911e-05 -3.9222825e-05)
(0.00076838938 1.33135e-05 -6.7175843e-05)
(0.00079850507 8.920011e-06 -9.6625836e-05)
(0.00084895034 4.6437673e-06 -0.00012309595)
(0.00092421599 1.5301859e-06 -0.00013471949)
(0.00098255672 3.4408481e-06 -9.4609956e-05)
(0.00100063 5.3518363e-06 -4.8409135e-05)
(0.00099760868 6.1950026e-06 -5.3087393e-06)
(0.00098223246 6.3807817e-06 3.4061071e-05)
(0.00095206505 6.2975328e-06 6.9475242e-05)
(0.0009080269 5.8606626e-06 8.9115863e-05)
(0.0008590208 5.080245e-06 9.4283925e-05)
(0.00081222243 4.0808388e-06 8.9759529e-05)
(0.00077081348 3.09298e-06 7.9859631e-05)
(0.0007357614 2.2623685e-06 6.7652443e-05)
(0.00070696476 1.6695307e-06 5.5068587e-05)
(0.00068382249 1.3232356e-06 4.3237976e-05)
(0.00066551893 1.1835075e-06 3.2770552e-05)
(0.00065118967 1.2362926e-06 2.3972753e-05)
(0.0006400286 1.540337e-06 1.7001964e-05)
(0.0006311975 2.1988584e-06 1.200008e-05)
(0.00061846514 4.4045102e-06 8.8821205e-06)
(0.0010168624 5.8991315e-05 5.3047948e-05)
(0.0010676654 6.6131503e-05 7.1674415e-05)
(0.0011132669 6.146182e-05 7.5198663e-05)
(0.0011493251 5.4736576e-05 7.169815e-05)
(0.0011789321 4.7194673e-05 6.2860163e-05)
(0.001204513 3.9905369e-05 4.9573484e-05)
(0.0012282886 3.3639042e-05 3.2145912e-05)
(0.0012530865 2.8599427e-05 1.0095298e-05)
(0.0012824118 2.4100534e-05 -1.7622905e-05)
(0.0013186653 1.9501128e-05 -5.1337021e-05)
(0.0013672352 1.470509e-05 -9.0411094e-05)
(0.0014335173 9.6715509e-06 -0.00013139708)
(0.0015237781 5.6261539e-06 -0.00016201654)
(0.0016070922 4.8883113e-06 -0.00014269271)
(0.0016586263 5.7197099e-06 -0.00010709969)
(0.0016904927 6.1561578e-06 -6.6882611e-05)
(0.0017078658 6.0479637e-06 -2.4903067e-05)
(0.0017069926 5.5279474e-06 1.8107949e-05)
(0.0016878115 4.9226776e-06 5.1461372e-05)
(0.0016559861 4.168063e-06 7.3301485e-05)
(0.0016174627 3.2518612e-06 8.5778487e-05)
(0.0015758345 2.296354e-06 9.1293141e-05)
(0.0015332346 1.4090184e-06 9.1771375e-05)
(0.0014911039 6.814001e-07 8.8646014e-05)
(0.0014504609 1.8219689e-07 8.2973987e-05)
(0.0014120971 -3.6275806e-08 7.5563754e-05)
(0.001376655 8.1918174e-08 6.7095176e-05)
(0.0013447656 6.4395526e-07 5.8270556e-05)
(0.0013170859 1.9336679e-06 4.9885254e-05)
(0.0012843256 4.6989392e-06 4.2866667e-05)
(0.0010224812 1.0144364e-13 5.3753442e-05)
(0.0010877185 3.657458e-13 7.3175601e-05)
(0.0011536496 9.3482038e-13 7.7477697e-05)
(0.0012101544 1.9667869e-12 7.4947562e-05)
(0.0012585312 3.5522274e-12 6.7145273e-05)
(0.001300845 5.6097237e-12 5.4885841e-05)
(0.0013392041 7.8337847e-12 3.8474216e-05)
(0.0013761737 9.7196289e-12 1.7541195e-05)
(0.0014158323 1.0703854e-11 -9.094193e-06)
(0.0014601036 1.0320758e-11 -4.193631e-05)
(0.0015139381 8.4994517e-12 -8.0361259e-05)
(0.0015826585 5.5038565e-12 -0.00012133979)
(0.0016722366 1.8867592e-12 -0.00015399935)
(0.0017557979 -1.6027567e-12 -0.0001415833)
(0.0018108308 -4.7688309e-12 -0.00011309849)
(0.0018485991 -7.6812034e-12 -7.8614445e-05)
(0.0018750492 -1.031358e-11 -4.0512674e-05)
(0.0018840419 -1.2483648e-11 -4.7909824e-07)
(0.0018756502 -1.4679588e-11 3.1641388e-05)
(0.0018545405 -1.7293083e-11 5.4113779e-05)
(0.0018255424 -2.0717791e-11 6.884852e-05)
(0.0017915414 -2.5365571e-11 7.7793867e-05)
(0.001754279 -3.1563713e-11 8.2409629e-05)
(0.0017150473 -3.9175227e-11 8.371064e-05)
(0.0016749172 -4.6578444e-11 8.2399859e-05)
(0.0016348804 -4.8380922e-11 7.8995673e-05)
(0.0015959596 -4.9339517e-11 7.3943498e-05)
(0.0015592862 -4.4481215e-11 6.7735599e-05)
(0.0015262677 -3.7226272e-11 6.105394e-05)
(0.0014870604 -3.0710592e-11 5.4866064e-05)
(0.0010168624 -5.8991315e-05 5.3047948e-05)
(0.0010676654 -6.6131503e-05 7.1674415e-05)
(0.0011132669 -6.1461819e-05 7.5198663e-05)
(0.0011493251 -5.4736574e-05 7.1698149e-05)
(0.0011789321 -4.7194669e-05 6.2860163e-05)
(0.001204513 -3.9905362e-05 4.9573484e-05)
(0.0012282887 -3.3639033e-05 3.2145913e-05)
(0.0012530865 -2.8599416e-05 1.0095299e-05)
(0.0012824119 -2.410052e-05 -1.7622904e-05)
(0.0013186654 -1.9501115e-05 -5.133702e-05)
(0.0013672352 -1.4705079e-05 -9.041109e-05)
(0.0014335174 -9.6715443e-06 -0.00013139708)
(0.0015237781 -5.6261523e-06 -0.00016201654)
(0.0016070923 -4.8883142e-06 -0.0001426927)
(0.0016586263 -5.7197167e-06 -0.00010709968)
(0.0016904928 -6.1561681e-06 -6.6882605e-05)
(0.0017078658 -6.0479768e-06 -2.4903061e-05)
(0.0017069926 -5.5279628e-06 1.8107954e-05)
(0.0016878115 -4.9226951e-06 5.1461377e-05)
(0.001655986 -4.168083e-06 7.3301487e-05)
(0.0016174627 -3.2518847e-06 8.5778487e-05)
(0.0015758344 -2.2963824e-06 9.1293137e-05)
(0.0015332346 -1.4090537e-06 9.1771368e-05)
(0.0014911038 -6.8144377e-07 8.8646003e-05)
(0.0014504608 -1.8224913e-07 8.2973973e-05)
(0.001412097 3.6217363e-08 7.556374e-05)
(0.0013766549 -8.197857e-08 6.7095165e-05)
(0.0013447655 -6.4401208e-07 5.8270549e-05)
(0.0013170858 -1.9337167e-06 4.9885253e-05)
(0.0012843255 -4.6989787e-06 4.2866669e-05)
(0.00094633291 -6.2144121e-05 4.7754219e-05)
(0.00094101713 -6.9463114e-05 6.108261e-05)
(0.00089230479 -6.1458758e-05 6.2037252e-05)
(0.00084628365 -5.1771232e-05 5.4901372e-05)
(0.00081060803 -4.2263081e-05 4.2472771e-05)
(0.00078346043 -3.3853436e-05 2.6553025e-05)
(0.00076443583 -2.7128834e-05 7.7739333e-06)
(0.00075450902 -2.2001133e-05 -1.4121296e-05)
(0.00075487892 -1.7618908e-05 -3.9222823e-05)
(0.0007683894 -1.3313498e-05 -6.7175841e-05)
(0.00079850511 -8.9200099e-06 -9.6625833e-05)
(0.00084895037 -4.6437674e-06 -0.00012309595)
(0.00092421603 -1.5301869e-06 -0.00013471948)
(0.00098255675 -3.4408494e-06 -9.4609951e-05)
(0.00100063 -5.3518377e-06 -4.8409129e-05)
(0.0009976087 -6.1950041e-06 -5.3087337e-06)
(0.00098223247 -6.3807831e-06 3.4061076e-05)
(0.00095206506 -6.2975343e-06 6.9475245e-05)
(0.00090802691 -5.8606641e-06 8.9115865e-05)
(0.0008590208 -5.0802466e-06 9.4283925e-05)
(0.00081222243 -4.0808405e-06 8.9759526e-05)
(0.00077081347 -3.092982e-06 7.9859626e-05)
(0.00073576138 -2.2623711e-06 6.7652436e-05)
(0.00070696474 -1.6695341e-06 5.5068578e-05)
(0.00068382246 -1.3232407e-06 4.3237967e-05)
(0.00066551889 -1.1835181e-06 3.2770543e-05)
(0.00065118961 -1.2363024e-06 2.3972748e-05)
(0.00064002853 -1.5403459e-06 1.7001968e-05)
(0.00063119742 -2.1988647e-06 1.2000093e-05)
(0.00061846505 -4.4045137e-06 8.8821381e-06)
(0.00094506258 6.2305737e-05 1.3632313e-05)
(0.00093847902 7.0110404e-05 2.2373592e-05)
(0.00089285428 6.2330714e-05 2.5083025e-05)
(0.00085107456 5.2821561e-05 2.2130917e-05)
(0.00081903469 4.338844e-05 1.3891028e-05)
(0.00079389023 3.4793577e-05 5.8857126e-07)
(0.00077428487 2.7349315e-05 -1.7828235e-05)
(0.00076041755 2.0911954e-05 -4.1635623e-05)
(0.00075393999 1.4956345e-05 -7.1957302e-05)
(0.00075867219 8.3969758e-06 -0.00011023719)
(0.00078229537 -3.1588737e-08 -0.00015755559)
(0.00083712878 -9.7915279e-06 -0.00020781041)
(0.00095443733 -1.5457659e-05 -0.00022682581)
(0.0010533241 -4.7419059e-06 -7.1028183e-05)
(0.0010775182 4.533857e-06 -1.671286e-06)
(0.0010784821 1.1842715e-05 4.9236453e-05)
(0.0010633346 1.7570928e-05 9.4629553e-05)
(0.0010191917 2.2509192e-05 0.00014881086)
(0.00094869167 2.3358102e-05 0.0001683322)
(0.00088111224 2.0923797e-05 0.00016747881)
(0.0008258375 1.6872545e-05 0.00015387428)
(0.00078355684 1.2501292e-05 0.00013405394)
(0.00075234173 8.4796876e-06 0.00011244438)
(0.00072991139 5.0974678e-06 9.1562012e-05)
(0.00071426193 2.436071e-06 7.2720993e-05)
(0.00070371438 4.8281763e-07 5.6461274e-05)
(0.000696871 -7.7275005e-07 4.2774189e-05)
(0.00069266122 -1.2328758e-06 3.1559895e-05)
(0.00068974212 -7.949798e-07 2.2736141e-05)
(0.00068591609 8.9138776e-07 1.6071093e-05)
(0.0010161989 5.9272689e-05 1.5878948e-05)
(0.0010668373 6.7018669e-05 2.7794474e-05)
(0.0011173015 6.2555578e-05 3.3335625e-05)
(0.0011607557 5.5997383e-05 3.3130605e-05)
(0.0011980476 4.852518e-05 2.7400959e-05)
(0.0012302223 4.1039311e-05 1.6016836e-05)
(0.0012584173 3.4018231e-05 -1.5879195e-06)
(0.0012840154 2.7493263e-05 -2.6326755e-05)
(0.0013089673 2.1192976e-05 -5.9490197e-05)
(0.0013369851 1.4202712e-05 -0.00010364784)
(0.0013752609 5.2646832e-06 -0.00016173996)
(0.0014343499 -6.5853698e-06 -0.00023106418)
(0.0015451889 -1.6093393e-05 -0.00027948042)
(0.0016620174 -1.0204516e-05 -0.00014604753)
(0.0017156682 -1.7154459e-06 -8.0777891e-05)
(0.0017471817 6.1373486e-06 -3.0257522e-05)
(0.0017718891 1.3774247e-05 2.5369624e-05)
(0.0017660533 2.0389051e-05 9.1812131e-05)
(0.0017294887 2.413142e-05 0.0001341897)
(0.0016852452 2.4399693e-05 0.00015837703)
(0.0016435179 2.2430811e-05 0.00016924761)
(0.0016064455 1.9257078e-05 0.00017091173)
(0.0015739301 1.5563801e-05 0.00016638562)
(0.0015453826 1.1795662e-05 0.00015776145)
(0.001520179 8.2486097e-06 0.00014645774)
(0.0014977505 5.1305499e-06 0.0001334435)
(0.0014776567 2.6087673e-06 0.00011946682)
(0.0014596397 9.0205086e-07 0.00010510187)
(0.0014439064 3.4274391e-07 9.0698788e-05)
(0.0014265535 1.455379e-06 7.6714287e-05)
(0.0010219299 9.7800967e-14 1.6164474e-05)
(0.0010874236 3.6742803e-13 2.8575388e-05)
(0.0011587936 9.5581769e-13 3.4701867e-05)
(0.0012234597 2.0216112e-12 3.525646e-05)
(0.0012805024 3.6482819e-12 3.0470038e-05)
(0.001330591 5.7414787e-12 2.0215378e-05)
(0.0013747208 7.9624753e-12 3.9209852e-06)
(0.0014142359 9.731752e-12 -1.9457414e-05)
(0.0014507129 1.0382956e-11 -5.0916672e-05)
(0.0014873437 9.358011e-12 -9.2759531e-05)
(0.001530424 6.4380888e-12 -0.00014788013)
(0.0015904867 1.7356103e-12 -0.00021491873)
(0.0016951539 -3.8485763e-12 -0.00026463762)
(0.0018077498 -8.0177558e-12 -0.00014452753)
(0.0018630814 -1.1373096e-11 -8.9545278e-05)
(0.0018996518 -1.4763752e-11 -4.8544918e-05)
(0.0019313346 -1.8086218e-11 1.9645476e-07)
(0.0019398662 -2.1749467e-11 6.114548e-05)
(0.0019191129 -2.6025219e-11 0.00010278879)
(0.0018899972 -3.1054339e-11 0.00012944607)
(0.0018612025 -3.6970697e-11 0.00014517901)
(0.0018341432 -4.3909292e-11 0.00015322294)
(0.0018086192 -5.1728348e-11 0.00015578071)
(0.0017842123 -5.9759867e-11 0.00015429156)
(0.0017605993 -6.662131e-11 0.00014972616)
(0.0017375831 -7.0162425e-11 0.00014272974)
(0.0017151476 -6.9459177e-11 0.00013374999)
(0.0016936072 -6.5583144e-11 0.00012308732)
(0.0016736881 -6.0233552e-11 0.00011097171)
(0.0016508931 -5.5023864e-11 9.7763806e-05)
(0.0010161989 -5.9272688e-05 1.5878948e-05)
(0.0010668373 -6.7018669e-05 2.7794474e-05)
(0.0011173015 -6.2555577e-05 3.3335625e-05)
(0.0011607557 -5.599738e-05 3.3130605e-05)
(0.0011980476 -4.8525176e-05 2.7400959e-05)
(0.0012302223 -4.1039304e-05 1.6016835e-05)
(0.0012584173 -3.4018222e-05 -1.5879194e-06)
(0.0012840154 -2.7493251e-05 -2.6326754e-05)
(0.0013089673 -2.1192963e-05 -5.9490195e-05)
(0.0013369851 -1.4202701e-05 -0.00010364784)
(0.0013752609 -5.2646756e-06 -0.00016173995)
(0.00143435 6.5853705e-06 -0.00023106417)
(0.0015451889 1.6093386e-05 -0.00027948041)
(0.0016620175 1.0204504e-05 -0.00014604752)
(0.0017156683 1.7154312e-06 -8.0777883e-05)
(0.0017471818 -6.1373668e-06 -3.0257515e-05)
(0.0017718891 -1.3774269e-05 2.5369629e-05)
(0.0017660533 -2.0389077e-05 9.1812132e-05)
(0.0017294887 -2.413145e-05 0.0001341897)
(0.0016852452 -2.4399728e-05 0.00015837702)
(0.0016435179 -2.2430852e-05 0.00016924759)
(0.0016064455 -1.9257126e-05 0.00017091171)
(0.00157393 -1.5563858e-05 0.00016638559)
(0.0015453825 -1.1795729e-05 0.00015776142)
(0.0015201789 -8.2486883e-06 0.0001464577)
(0.0014977503 -5.1306384e-06 0.00013344345)
(0.0014776565 -2.6088621e-06 0.00011946677)
(0.0014596395 -9.0214358e-07 0.00010510181)
(0.0014439063 -3.4282638e-07 9.0698732e-05)
(0.0014265533 -1.4554503e-06 7.6714233e-05)
(0.00094506258 -6.2305737e-05 1.3632313e-05)
(0.00093847902 -7.0110404e-05 2.2373592e-05)
(0.00089285428 -6.2330714e-05 2.5083025e-05)
(0.00085107456 -5.2821561e-05 2.2130917e-05)
(0.00081903469 -4.338844e-05 1.3891027e-05)
(0.00079389023 -3.4793576e-05 5.8857113e-07)
(0.00077428488 -2.7349314e-05 -1.7828235e-05)
(0.00076041756 -2.0911951e-05 -4.1635622e-05)
(0.00075394001 -1.4956343e-05 -7.19573e-05)
(0.00075867222 -8.3969744e-06 -0.00011023719)
(0.0007822954 3.1588436e-08 -0.00015755559)
(0.00083712882 9.7915256e-06 -0.0002078104)
(0.00095443736 1.5457656e-05 -0.0002268258)
(0.0010533241 4.7419031e-06 -7.1028175e-05)
(0.0010775183 -4.5338595e-06 -1.6712799e-06)
(0.0010784821 -1.1842717e-05 4.9236457e-05)
(0.0010633347 -1.757093e-05 9.4629555e-05)
(0.0010191917 -2.2509195e-05 0.00014881086)
(0.00094869166 -2.3358105e-05 0.00016833219)
(0.00088111222 -2.0923801e-05 0.0001674788)
(0.00082583748 -1.6872549e-05 0.00015387426)
(0.00078355681 -1.2501297e-05 0.00013405391)
(0.0007523417 -8.4796938e-06 0.00011244434)
(0.00072991136 -5.0974774e-06 9.1561974e-05)
(0.00071426188 -2.4360862e-06 7.2720951e-05)
(0.00070371431 -4.8283933e-07 5.646123e-05)
(0.00069687091 7.7272452e-07 4.2774148e-05)
(0.0006926611 1.2328544e-06 3.1559858e-05)
(0.00068974199 7.9496752e-07 2.273611e-05)
(0.00068591596 -8.9139373e-07 1.607107e-05)
(0.00094249797 6.245586e-05 9.3319413e-06)
(0.00092943188 7.0397548e-05 1.5379711e-05)
(0.00087845026 6.2477192e-05 1.6910442e-05)
(0.00083281831 5.2733485e-05 1.4177022e-05)
(0.00079752999 4.3085976e-05 7.1089704e-06)
(0.00076839313 3.434622e-05 -4.7945408e-06)
(0.00074328109 2.6859914e-05 -2.2886989e-05)
(0.00072183699 2.0123307e-05 -4.9612975e-05)
(0.00070527615 1.2883918e-05 -8.8931985e-05)
(0.00069730191 2.9912074e-06 -0.00014766317)
(0.00071223777 -1.1872383e-05 -0.00023804807)
(0.000766261 -3.0533796e-05 -0.00037216285)
(0.00091403086 -3.0738083e-05 -0.00052053299)
(0.00096634834 3.5382135e-05 -0.000252676)
(0.00077981217 4.6567372e-05 -0.00010545127)
(0.00073908607 4.233083e-05 -2.0635397e-05)
(0.00074488911 4.3274045e-05 5.7922046e-05)
(0.00073746479 4.8252505e-05 0.00020939337)
(0.00066146372 4.3907004e-05 0.00022754903)
(0.00062224284 3.5496182e-05 0.00021538937)
(0.00060203337 2.5980946e-05 0.00018166554)
(0.00059629529 1.7423075e-05 0.00014607512)
(0.00059937348 1.0243161e-05 0.00011430522)
(0.00060745572 4.4884985e-06 8.7743576e-05)
(0.00061829227 7.5380917e-09 6.6293151e-05)
(0.00063050931 -3.2898888e-06 4.9419279e-05)
(0.00064360529 -5.2135063e-06 3.6482906e-05)
(0.00065588799 -5.7994712e-06 2.6695873e-05)
(0.00066663448 -5.3978581e-06 1.9421243e-05)
(0.00068028229 -5.0586896e-06 1.3300733e-05)
(0.0010135968 5.9290258e-05 1.0620296e-05)
(0.001057331 6.7294185e-05 1.8547805e-05)
(0.0011020643 6.2759777e-05 2.1906747e-05)
(0.001141559 5.6011415e-05 2.0942202e-05)
(0.0011756178 4.8349585e-05 1.5541144e-05)
(0.0012039351 4.0712088e-05 4.9838784e-06)
(0.0012262363 3.3583038e-05 -1.2304782e-05)
(0.0012430425 2.6671237e-05 -3.9272609e-05)
(0.0012554468 1.9070212e-05 -8.1151607e-05)
(0.0012663043 8.8321989e-06 -0.00014686898)
(0.0012829451 -6.9547408e-06 -0.00025148144)
(0.0013217995 -3.1300343e-05 -0.00041621003)
(0.001421201 -4.4024919e-05 -0.00064265892)
(0.0014872969 2.5753375e-05 -0.00040904133)
(0.0012830767 5.0041783e-05 -0.0002546833)
(0.0012212954 4.8936449e-05 -0.00015302472)
(0.0012164018 4.9839851e-05 -4.4821524e-05)
(0.0012347498 5.5162281e-05 0.00014100391)
(0.0011971091 5.5354893e-05 0.00020073156)
(0.0011862159 4.9399518e-05 0.00022610333)
(0.0011920824 4.1065122e-05 0.00022396741)
(0.0012078991 3.2339235e-05 0.00020985266)
(0.0012283209 2.4002666e-05 0.0001916246)
(0.0012502001 1.6393557e-05 0.00017270034)
(0.0012717351 9.6761945e-06 0.00015445352)
(0.0012918717 3.9575176e-06 0.00013726005)
(0.0013095539 -5.2727759e-07 0.00012104452)
(0.0013250355 -3.6605386e-06 0.00010570966)
(0.001338383 -5.5376322e-06 9.0895279e-05)
(0.0013546463 -6.3691481e-06 7.5854383e-05)
(0.0010193338 9.3875591e-14 1.0915125e-05)
(0.0010779856 3.5490806e-13 1.9207702e-05)
(0.0011438207 9.299163e-13 2.296679e-05)
(0.0012047983 1.9743684e-12 2.2525528e-05)
(0.0012589208 3.5626432e-12 1.7810103e-05)
(0.0013056037 5.5801688e-12 8.1437754e-06)
(0.0013443424 7.6597946e-12 -7.9838095e-06)
(0.0013755702 9.176866e-12 -3.3426753e-05)
(0.0014001927 9.3804955e-12 -7.3293822e-05)
(0.0014203576 7.5695714e-12 -0.00013629438)
(0.0014425441 3.2959023e-12 -0.00023821423)
(0.0014822508 -4.0151631e-12 -0.00040292707)
(0.0015611901 -1.2165377e-11 -0.00064394213)
(0.0016205546 -1.3774358e-11 -0.00042874499)
(0.0014212676 -1.5750993e-11 -0.00028540882)
(0.0013585974 -1.9111253e-11 -0.0001906761)
(0.0013517899 -2.3715411e-11 -8.5520384e-05)
(0.0013715817 -3.3219019e-11 9.5575165e-05)
(0.0013456769 -4.5209676e-11 0.00016088225)
(0.0013449952 -5.7726918e-11 0.00019547061)
(0.0013607726 -6.9942593e-11 0.00020427209)
(0.0013852802 -8.0813118e-11 0.00020060267)
(0.0014127318 -8.9269619e-11 0.00019169844)
(0.0014398783 -9.4211118e-11 0.00018060844)
(0.001465071 -9.4361011e-11 0.00016863054)
(0.0014874526 -8.9884872e-11 0.00015624218)
(0.0015065054 -8.3825459e-11 0.00014350049)
(0.0015221399 -7.3390577e-11 0.00013026112)
(0.0015348977 -6.1460818e-11 0.00011618899)
(0.0015495583 -5.1529674e-11 0.00010053701)
(0.0010135968 -5.9290258e-05 1.0620296e-05)
(0.001057331 -6.7294184e-05 1.8547805e-05)
(0.0011020643 -6.2759776e-05 2.1906746e-05)
(0.001141559 -5.6011413e-05 2.0942202e-05)
(0.0011756178 -4.8349581e-05 1.5541144e-05)
(0.0012039351 -4.0712082e-05 4.9838781e-06)
(0.0012262363 -3.3583029e-05 -1.2304782e-05)
(0.0012430425 -2.6671226e-05 -3.9272609e-05)
(0.0012554468 -1.90702e-05 -8.1151606e-05)
(0.0012663043 -8.8321894e-06 -0.00014686898)
(0.0012829452 6.9547438e-06 -0.00025148144)
(0.0013217996 3.1300336e-05 -0.00041621002)
(0.001421201 4.4024903e-05 -0.00064265891)
(0.0014872969 -2.5753391e-05 -0.00040904133)
(0.0012830767 -5.0041801e-05 -0.0002546833)
(0.0012212954 -4.893647e-05 -0.00015302472)
(0.0012164018 -4.9839877e-05 -4.4821527e-05)
(0.0012347498 -5.5162316e-05 0.00014100391)
(0.0011971091 -5.535494e-05 0.00020073156)
(0.0011862158 -4.9399577e-05 0.00022610332)
(0.0011920823 -4.1065192e-05 0.00022396738)
(0.001207899 -3.2339315e-05 0.00020985262)
(0.0012283208 -2.4002755e-05 0.00019162455)
(0.0012502 -1.6393654e-05 0.00017270027)
(0.0012717349 -9.6762972e-06 0.00015445343)
(0.0012918716 -3.9576219e-06 0.00013725994)
(0.0013095538 5.2718061e-07 0.0001210444)
(0.0013250354 3.660455e-06 0.00010570953)
(0.0013383828 5.5375636e-06 9.0895157e-05)
(0.0013546462 6.3690921e-06 7.5854266e-05)
(0.00094249797 -6.245586e-05 9.3319413e-06)
(0.00092943188 -7.0397548e-05 1.5379711e-05)
(0.00087845026 -6.2477192e-05 1.6910442e-05)
(0.00083281831 -5.2733484e-05 1.4177022e-05)
(0.00079752999 -4.3085975e-05 7.1089701e-06)
(0.00076839313 -3.4346219e-05 -4.7945411e-06)
(0.0007432811 -2.6859912e-05 -2.2886989e-05)
(0.00072183701 -2.0123305e-05 -4.9612974e-05)
(0.00070527618 -1.2883916e-05 -8.8931983e-05)
(0.00069730194 -2.9912068e-06 -0.00014766317)
(0.0007122378 1.1872381e-05 -0.00023804807)
(0.00076626103 3.0533792e-05 -0.00037216284)
(0.00091403088 3.0738078e-05 -0.00052053299)
(0.00096634836 -3.5382138e-05 -0.000252676)
(0.00077981218 -4.6567375e-05 -0.00010545127)
(0.00073908608 -4.2330832e-05 -2.0635399e-05)
(0.00074488911 -4.3274048e-05 5.7922042e-05)
(0.00073746477 -4.8252509e-05 0.00020939336)
(0.00066146368 -4.3907008e-05 0.00022754901)
(0.00062224279 -3.5496186e-05 0.00021538935)
(0.00060203331 -2.5980949e-05 0.0001816655)
(0.00059629523 -1.7423078e-05 0.00014607506)
(0.00059937342 -1.0243166e-05 0.00011430516)
(0.00060745566 -4.4885074e-06 8.7743505e-05)
(0.00061829221 -7.5533691e-09 6.6293074e-05)
(0.00063050923 3.2898701e-06 4.9419195e-05)
(0.00064360519 5.2134931e-06 3.648282e-05)
(0.00065588788 5.7994631e-06 2.6695788e-05)
(0.00066663437 5.3978533e-06 1.9421163e-05)
(0.00068028217 5.0586868e-06 1.3300662e-05)
(0.00094168355 6.2551303e-05 4.8399281e-07)
(0.00092606979 7.0573787e-05 7.0594284e-07)
(0.00087142638 6.2700572e-05 4.8235467e-08)
(0.00082125969 5.2961572e-05 -1.8758301e-06)
(0.00078016813 4.3288275e-05 -5.5551951e-06)
(0.00074284226 3.4326421e-05 -1.1598953e-05)
(0.00070455544 2.630493e-05 -2.1339474e-05)
(0.00066113783 1.8176078e-05 -3.7333753e-05)
(0.00060728717 7.1154572e-06 -6.4376571e-05)
(0.00053710477 -1.1851585e-05 -0.00011233783)
(0.00044674469 -4.5261547e-05 -0.00020174506)
(0.00030642444 -9.6354327e-05 -0.00035945624)
(0.00013560152 -0.0001356863 -0.00049439287)
(5.6580407e-05 6.8120685e-05 0.00018749119)
(8.3668745e-05 4.8170843e-05 0.0001739658)
(0.00020453771 3.0873586e-05 0.00014724465)
(0.00027493272 1.3738952e-05 0.00010937513)
(0.00034941861 6.4189081e-07 7.9764164e-05)
(0.00041345956 -7.9835406e-06 5.7922202e-05)
(0.00046885229 -1.2840184e-05 4.1961165e-05)
(0.00051615099 -1.5007207e-05 3.0137363e-05)
(0.00055627906 -1.537251e-05 2.1376199e-05)
(0.000590067 -1.4574956e-05 1.5062967e-05)
(0.00061825607 -1.3221585e-05 1.0716019e-05)
(0.00064081464 -1.1680695e-05 7.8320993e-06)
(0.00067233291 -1.2209726e-05 5.261813e-06)
(0.0010127474 5.9390186e-05 6.9401384e-07)
(0.0010537955 6.7559169e-05 1.2407506e-06)
(0.0010947028 6.3146462e-05 9.4469009e-07)
(0.0011294229 5.643823e-05 -6.2247756e-07)
(0.0011572544 4.8721899e-05 -3.9654032e-06)
(0.0011767748 4.0782894e-05 -9.8170785e-06)
(0.00118532 3.3021774e-05 -1.9463909e-05)
(0.0011785924 2.4598074e-05 -3.5625665e-05)
(0.0011495111 1.3016905e-05 -6.3792202e-05)
(0.0010839387 -6.9413232e-06 -0.00011535655)
(0.00095934403 -4.4128483e-05 -0.00021481118)
(0.00070790977 -0.00010984683 -0.00040667387)
(0.00034335047 -0.0001863504 -0.00064003423)
(0.00013129566 9.6342475e-05 0.00024583645)
(0.00022427999 7.3812287e-05 0.00023076715)
(0.00043269422 5.1262649e-05 0.00021014982)
(0.00057145676 3.169167e-05 0.00017832847)
(0.00069920296 1.4691998e-05 0.00014950046)
(0.00080911284 2.0868555e-06 0.00012564107)
(0.00090193772 -6.8454603e-06 0.00010616988)
(0.00098116445 -1.2862845e-05 9.0347662e-05)
(0.0010493535 -1.6594709e-05 7.7345119e-05)
(0.0011083335 -1.8554242e-05 6.6367207e-05)
(0.0011592431 -1.9270885e-05 5.6771349e-05)
(0.0012020434 -1.9462281e-05 4.8073104e-05)
(0.0012540946 -2.0265305e-05 3.9451346e-05)
(0.0010184798 8.3779607e-14 7.1613971e-07)
(0.0010744824 3.1859185e-13 1.3230296e-06)
(0.001136613 8.3953531e-13 1.1233234e-06)
(0.0011929853 1.7938894e-12 -2.9623158e-07)
(0.0012410537 3.2501925e-12 -3.4290858e-06)
(0.0012791399 5.0913595e-12 -9.0083689e-06)
(0.0013044651 6.9168638e-12 -1.8213712e-05)
(0.0013125048 8.0200667e-12 -3.3640103e-05)
(0.001295535 7.439316e-12 -6.0534018e-05)
(0.0012381874 4.0875874e-12 -0.00010990737)
(0.0011140078 -3.1851744e-12 -0.00020665917)
(0.00084222655 -1.5954269e-11 -0.00039859843)
(0.00042235064 -2.7856925e-11 -0.00065635677)
(0.00014962565 -4.5624825e-11 0.00025445764)
(0.00026958666 -5.3910705e-11 0.00023711251)
(0.0004991449 -4.9529559e-11 0.00021718184)
(0.00065680041 -4.2880207e-11 0.00018809922)
(0.00079825044 -3.3870685e-11 0.0001618505)
(0.0009198802 -2.4100969e-11 0.00014051769)
(0.0010223846 -1.4273407e-11 0.0001231165)
(0.0011095343 -4.48128e-12 0.00010862226)
(0.0011843758 4.5442169e-12 9.621879e-05)
(0.0012490086 1.2228317e-11 8.5234186e-05)
(0.0013047677 1.8198992e-11 7.5167189e-05)
(0.0013517076 2.1677342e-11 6.5513713e-05)
(0.0014076566 2.1899222e-11 5.5480511e-05)
(0.0010127474 -5.9390186e-05 6.9401383e-07)
(0.0010537955 -6.7559168e-05 1.2407505e-06)
(0.0010947028 -6.3146461e-05 9.4468998e-07)
(0.0011294229 -5.6438228e-05 -6.224778e-07)
(0.0011572544 -4.8721895e-05 -3.9654036e-06)
(0.0011767748 -4.0782888e-05 -9.8170791e-06)
(0.00118532 -3.3021766e-05 -1.946391e-05)
(0.0011785925 -2.4598064e-05 -3.5625665e-05)
(0.0011495112 -1.3016896e-05 -6.3792202e-05)
(0.0010839387 6.9413278e-06 -0.00011535655)
(0.00095934407 4.4128477e-05 -0.00021481118)
(0.0007079098 0.00010984681 -0.00040667387)
(0.00034335049 0.00018635037 -0.00064003423)
(0.00013129564 -9.6342517e-05 0.00024583645)
(0.00022427993 -7.3812336e-05 0.00023076711)
(0.00043269413 -5.1262691e-05 0.00021014974)
(0.00057145664 -3.1691701e-05 0.00017832836)
(0.00069920283 -1.4692016e-05 0.0001495003)
(0.0008091127 -2.0868613e-06 0.00012564087)
(0.00090193757 6.8454647e-06 0.00010616965)
(0.00098116431 1.2862857e-05 9.0347415e-05)
(0.0010493533 1.6594728e-05 7.7344863e-05)
(0.0011083333 1.8554267e-05 6.6366955e-05)
(0.001159243 1.9270913e-05 5.6771109e-05)
(0.0012020433 1.9462311e-05 4.8072886e-05)
(0.0012540945 2.0265334e-05 3.9451154e-05)
(0.00094168355 -6.2551303e-05 4.839928e-07)
(0.00092606979 -7.0573787e-05 7.059428e-07)
(0.00087142638 -6.2700572e-05 4.8235357e-08)
(0.00082125969 -5.2961572e-05 -1.8758303e-06)
(0.00078016813 -4.3288274e-05 -5.5551955e-06)
(0.00074284226 -3.4326419e-05 -1.1598954e-05)
(0.00070455545 -2.6304928e-05 -2.1339475e-05)
(0.00066113784 -1.8176076e-05 -3.7333753e-05)
(0.00060728719 -7.115456e-06 -6.437657e-05)
(0.0005371048 1.1851584e-05 -0.00011233783)
(0.00044674471 4.5261543e-05 -0.00020174505)
(0.00030642445 9.635432e-05 -0.00035945624)
(0.00013560153 0.00013568629 -0.00049439287)
(5.6580392e-05 -6.8120691e-05 0.00018749118)
(8.3668704e-05 -4.8170848e-05 0.00017396577)
(0.00020453765 -3.0873586e-05 0.00014724458)
(0.00027493265 -1.3738949e-05 0.00010937503)
(0.00034941854 -6.4188545e-07 7.9764034e-05)
(0.0004134595 7.9835452e-06 5.7922055e-05)
(0.00046885224 1.2840186e-05 4.1961008e-05)
(0.00051615095 1.5007207e-05 3.0137204e-05)
(0.00055627902 1.5372508e-05 2.1376045e-05)
(0.00059006696 1.4574954e-05 1.5062819e-05)
(0.00061825604 1.3221583e-05 1.0715884e-05)
(0.00064081461 1.1680693e-05 7.831985e-06)
(0.00067233288 1.2209726e-05 5.2617226e-06)
(0.00094168355 6.2551303e-05 -4.8399321e-07)
(0.00092606979 7.0573787e-05 -7.0594366e-07)
(0.00087142638 6.2700572e-05 -4.8235429e-08)
(0.00082125969 5.2961572e-05 1.8758342e-06)
(0.00078016813 4.3288274e-05 5.5552081e-06)
(0.00074284226 3.4326421e-05 1.159898e-05)
(0.00070455545 2.630493e-05 2.1339516e-05)
(0.00066113783 1.8176078e-05 3.7333807e-05)
(0.00060728718 7.1154581e-06 6.4376628e-05)
(0.00053710478 -1.1851583e-05 0.00011233788)
(0.00044674469 -4.5261544e-05 0.0002017451)
(0.00030642444 -9.6354324e-05 0.00035945627)
(0.00013560152 -0.0001356863 0.00049439289)
(5.6580402e-05 6.812069e-05 -0.00018749113)
(8.3668741e-05 4.8170853e-05 -0.00017396571)
(0.00020453771 3.08736e-05 -0.00014724455)
(0.00027493272 1.3738972e-05 -0.00010937503)
(0.00034941861 6.4191549e-07 -7.9764073e-05)
(0.00041345955 -7.9835151e-06 -5.792212e-05)
(0.00046885227 -1.2840161e-05 -4.1961097e-05)
(0.00051615096 -1.5007187e-05 -3.0137312e-05)
(0.00055627902 -1.5372494e-05 -2.1376167e-05)
(0.00059006696 -1.4574944e-05 -1.5062952e-05)
(0.00061825602 -1.3221576e-05 -1.0716025e-05)
(0.00064081459 -1.1680687e-05 -7.8321334e-06)
(0.00067233284 -1.2209717e-05 -5.2618724e-06)
(0.0010127474 5.9390186e-05 -6.9401428e-07)
(0.0010537955 6.7559169e-05 -1.2407513e-06)
(0.0010947028 6.3146462e-05 -9.4468936e-07)
(0.0011294229 5.643823e-05 6.2248383e-07)
(0.0011572544 4.8721898e-05 3.9654214e-06)
(0.0011767748 4.0782894e-05 9.8171159e-06)
(0.00118532 3.3021774e-05 1.9463972e-05)
(0.0011785924 2.4598074e-05 3.5625756e-05)
(0.0011495112 1.3016906e-05 6.3792318e-05)
(0.0010839387 -6.9413212e-06 0.00011535668)
(0.00095934405 -4.4128479e-05 0.0002148113)
(0.00070790979 -0.00010984682 0.00040667396)
(0.00034335048 -0.00018635039 0.00064003428)
(0.00013129565 9.6342508e-05 -0.00024583637)
(0.00022427999 7.3812339e-05 -0.00023076702)
(0.00043269422 5.1262712e-05 -0.00021014967)
(0.00057145678 3.1691742e-05 -0.00017832834)
(0.00069920299 1.469208e-05 -0.00014950036)
(0.00080911288 2.0869412e-06 -0.000125641)
(0.00090193776 -6.845376e-06 -0.00010616985)
(0.0009811645 -1.2862766e-05 -9.034767e-05)
(0.0010493535 -1.6594638e-05 -7.7345166e-05)
(0.0011083335 -1.8554182e-05 -6.6367298e-05)
(0.0011592431 -1.9270835e-05 -5.6771481e-05)
(0.0012020434 -1.946224e-05 -4.8073276e-05)
(0.0012540946 -2.0265268e-05 -3.9451549e-05)
(0.0010184798 7.3156773e-14 -7.1614017e-07)
(0.0010744824 2.7532179e-13 -1.3230303e-06)
(0.001136613 7.2327482e-13 -1.1233225e-06)
(0.0011929853 1.540793e-12 2.9623821e-07)
(0.0012410537 2.7922728e-12 3.4291046e-06)
(0.0012791399 4.3845659e-12 9.0084075e-06)
(0.0013044651 5.9946964e-12 1.8213778e-05)
(0.0013125048 7.0171828e-12 3.3640201e-05)
(0.001295535 6.5849663e-12 6.0534146e-05)
(0.0012381874 3.7164707e-12 0.00010990752)
(0.0011140078 -2.6737218e-12 0.00020665932)
(0.00084222657 -1.4040349e-11 0.00039859855)
(0.00042235065 -2.4746959e-11 0.00065635685)
(0.00014962565 1.8993945e-11 -0.00025445755)
(0.0002695867 3.8643017e-11 -0.0002371124)
(0.00049914499 5.1259304e-11 -0.00021718175)
(0.00065680053 6.2711215e-11 -0.00018809918)
(0.0007982506 7.1099786e-11 -0.00016185052)
(0.00091988039 7.7950548e-11 -0.00014051778)
(0.0010223848 8.3801738e-11 -0.00012311666)
(0.0011095345 8.581207e-11 -0.00010862248)
(0.001184376 8.4495926e-11 -9.6219073e-05)
(0.0012490088 8.0345642e-11 -8.5234522e-05)
(0.0013047679 7.3675665e-11 -7.5167567e-05)
(0.0013517077 6.5227392e-11 -6.5514122e-05)
(0.0014076567 5.7137838e-11 -5.5480936e-05)
(0.0010127474 -5.9390186e-05 -6.9401429e-07)
(0.0010537955 -6.7559168e-05 -1.2407514e-06)
(0.0010947028 -6.3146461e-05 -9.4468948e-07)
(0.0011294229 -5.6438228e-05 6.2248355e-07)
(0.0011572544 -4.8721895e-05 3.9654209e-06)
(0.0011767748 -4.0782888e-05 9.8171152e-06)
(0.00118532 -3.3021767e-05 1.9463971e-05)
(0.0011785925 -2.4598065e-05 3.5625755e-05)
(0.0011495112 -1.3016897e-05 6.3792317e-05)
(0.0010839387 6.9413256e-06 0.00011535668)
(0.00095934408 4.4128474e-05 0.0002148113)
(0.00070790981 0.00010984681 0.00040667396)
(0.0003433505 0.00018635037 0.00064003428)
(0.00013129566 -9.634249e-05 -0.00024583637)
(0.00022428001 -7.3812298e-05 -0.00023076704)
(0.00043269426 -5.1262653e-05 -0.00021014973)
(0.00057145683 -3.1691666e-05 -0.00017832842)
(0.00069920305 -1.4691987e-05 -0.00014950044)
(0.00080911295 -2.0868369e-06 -0.0001256411)
(0.00090193783 6.8454841e-06 -0.00010616995)
(0.00098116457 1.2862872e-05 -9.0347784e-05)
(0.0010493536 1.6594739e-05 -7.7345284e-05)
(0.0011083336 1.8554274e-05 -6.6367414e-05)
(0.0011592431 1.9270915e-05 -5.6771591e-05)
(0.0012020434 1.9462309e-05 -4.8073374e-05)
(0.0012540946 2.0265327e-05 -3.9451633e-05)
(0.00094168355 -6.2551303e-05 -4.8399321e-07)
(0.00092606979 -7.0573787e-05 -7.059437e-07)
(0.00087142638 -6.2700572e-05 -4.8235545e-08)
(0.00082125969 -5.2961572e-05 1.8758339e-06)
(0.00078016813 -4.3288274e-05 5.5552076e-06)
(0.00074284226 -3.432642e-05 1.1598979e-05)
(0.00070455545 -2.6304929e-05 2.1339515e-05)
(0.00066113785 -1.8176077e-05 3.7333806e-05)
(0.0006072872 -7.1154569e-06 6.4376628e-05)
(0.0005371048 1.1851582e-05 0.00011233788)
(0.00044674472 4.5261541e-05 0.0002017451)
(0.00030642446 9.6354318e-05 0.00035945627)
(0.00013560153 0.00013568629 0.00049439289)
(5.6580405e-05 -6.8120688e-05 -0.00018749112)
(8.3668756e-05 -4.8170847e-05 -0.00017396572)
(0.00020453773 -3.087359e-05 -0.00014724459)
(0.00027493275 -1.3738958e-05 -0.00010937509)
(0.00034941864 -6.418985e-07 -7.9764142e-05)
(0.0004134596 7.9835302e-06 -5.79222e-05)
(0.00046885232 1.2840171e-05 -4.1961179e-05)
(0.00051615102 1.5007194e-05 -3.0137393e-05)
(0.00055627908 1.5372497e-05 -2.1376244e-05)
(0.00059006701 1.4574945e-05 -1.5063022e-05)
(0.00061825607 1.3221575e-05 -1.0716085e-05)
(0.00064081462 1.1680685e-05 -7.83218e-06)
(0.00067233287 1.2209716e-05 -5.2619052e-06)
(0.00094249797 6.245586e-05 -9.3319417e-06)
(0.00092943188 7.0397548e-05 -1.5379712e-05)
(0.00087845026 6.2477192e-05 -1.6910442e-05)
(0.0008328183 5.2733484e-05 -1.4177019e-05)
(0.00079752999 4.3085975e-05 -7.1089585e-06)
(0.00076839313 3.4346219e-05 4.7945649e-06)
(0.00074328109 2.6859912e-05 2.2887027e-05)
(0.00072183701 2.0123305e-05 4.9613024e-05)
(0.00070527618 1.2883915e-05 8.8932037e-05)
(0.00069730194 2.9912053e-06 0.00014766322)
(0.00071223781 -1.1872382e-05 0.00023804811)
(0.00076626104 -3.0533791e-05 0.00037216287)
(0.0009140309 -3.0738072e-05 0.000520533)
(0.00096634839 3.5382152e-05 0.000252676)
(0.0007798122 4.6567386e-05 0.00010545126)
(0.0007390861 4.2330838e-05 2.063539e-05)
(0.00074488914 4.327405e-05 -5.7922046e-05)
(0.00073746481 4.8252505e-05 -0.00020939336)
(0.00066146376 4.3907004e-05 -0.00022754901)
(0.0006222429 3.5496184e-05 -0.00021538936)
(0.00060203343 2.5980952e-05 -0.00018166554)
(0.00059629535 1.7423088e-05 -0.00014607512)
(0.00059937353 1.024318e-05 -0.00011430524)
(0.00060745575 4.4885243e-06 -8.7743609e-05)
(0.00061829229 7.5707327e-09 -6.6293196e-05)
(0.00063050928 -3.2898544e-06 -4.941933e-05)
(0.00064360523 -5.2134807e-06 -3.6482965e-05)
(0.00065588791 -5.7994531e-06 -2.6695941e-05)
(0.00066663438 -5.3978437e-06 -1.942132e-05)
(0.00068028214 -5.0586735e-06 -1.3300819e-05)
(0.0010135968 5.9290258e-05 -1.0620296e-05)
(0.001057331 6.7294184e-05 -1.8547806e-05)
(0.0011020643 6.2759776e-05 -2.1906746e-05)
(0.001141559 5.6011414e-05 -2.0942197e-05)
(0.0011756178 4.8349583e-05 -1.5541127e-05)
(0.0012039351 4.0712084e-05 -4.9838445e-06)
(0.0012262363 3.3583033e-05 1.2304839e-05)
(0.0012430425 2.6671231e-05 3.9272692e-05)
(0.0012554468 1.9070205e-05 8.1151712e-05)
(0.0012663043 8.832193e-06 0.0001468691)
(0.0012829452 -6.9547432e-06 0.00025148156)
(0.0013217996 -3.1300338e-05 0.00041621013)
(0.0014212011 -4.4024904e-05 0.00064265899)
(0.0014872969 2.5753406e-05 0.00040904137)
(0.0012830767 5.0041813e-05 0.00025468331)
(0.0012212954 4.8936474e-05 0.00015302472)
(0.0012164019 4.9839872e-05 4.4821525e-05)
(0.0012347499 5.51623e-05 -0.00014100389)
(0.0011971092 5.5354917e-05 -0.00020073154)
(0.001186216 4.9399553e-05 -0.00022610332)
(0.0011920825 4.106517e-05 -0.0002239674)
(0.0012078993 3.2339299e-05 -0.00020985267)
(0.0012283211 2.4002745e-05 -0.00019162463)
(0.0012502002 1.639365e-05 -0.0001727004)
(0.0012717351 9.6762982e-06 -0.00015445359)
(0.0012918718 3.957626e-06 -0.00013726015)
(0.001309554 -5.271748e-07 -0.00012104464)
(0.0013250355 -3.6604481e-06 -0.00010570981)
(0.0013383829 -5.5375546e-06 -9.0895448e-05)
(0.0013546462 -6.369079e-06 -7.5854568e-05)
(0.0010193338 6.2565122e-14 -1.0915125e-05)
(0.0010779856 2.2690235e-13 -1.9207703e-05)
(0.0011438207 5.8580036e-13 -2.2966789e-05)
(0.0012047983 1.2455403e-12 -2.2525522e-05)
(0.0012589208 2.2787568e-12 -1.7810086e-05)
(0.0013056037 3.6545626e-12 -8.1437406e-06)
(0.0013443424 5.1720492e-12 7.9838695e-06)
(0.0013755702 6.4278845e-12 3.3426842e-05)
(0.0014001927 6.8929045e-12 7.3293939e-05)
(0.0014203576 5.9832477e-12 0.00013629452)
(0.0014425441 3.1685842e-12 0.00023821438)
(0.0014822509 -2.2541051e-12 0.0004029272)
(0.0015611902 -8.4474079e-12 0.00064394223)
(0.0016205547 -7.2728699e-12 0.00042874505)
(0.0014212676 -6.7047672e-12 0.00028540885)
(0.0013585975 -6.615088e-12 0.0001906761)
(0.00135179 -5.5929882e-12 8.5520385e-05)
(0.0013715818 -3.1436726e-12 -9.5575151e-05)
(0.001345677 2.9438691e-12 -0.00016088223)
(0.0013449954 1.0061039e-11 -0.0001954706)
(0.0013607728 1.6722739e-11 -0.0002042721)
(0.0013852805 2.2390756e-11 -0.00020060271)
(0.001412732 2.6874816e-11 -0.00019169851)
(0.0014398786 3.0084736e-11 -0.00018060855)
(0.0014650712 3.1725564e-11 -0.00016863068)
(0.0014874528 3.2047406e-11 -0.00015624236)
(0.0015065056 3.1862305e-11 -0.00014350071)
(0.0015221401 2.9271513e-11 -0.00013026137)
(0.0015348978 2.4810813e-11 -0.00011618926)
(0.0015495584 2.0052735e-11 -0.00010053729)
(0.0010135968 -5.9290258e-05 -1.0620296e-05)
(0.001057331 -6.7294184e-05 -1.8547806e-05)
(0.0011020643 -6.2759776e-05 -2.1906746e-05)
(0.001141559 -5.6011413e-05 -2.0942197e-05)
(0.0011756178 -4.834958e-05 -1.5541128e-05)
(0.0012039351 -4.071208e-05 -4.9838454e-06)
(0.0012262363 -3.3583027e-05 1.2304838e-05)
(0.0012430425 -2.6671223e-05 3.927269e-05)
(0.0012554468 -1.9070196e-05 8.1151711e-05)
(0.0012663043 -8.8321854e-06 0.0001468691)
(0.0012829452 6.9547465e-06 0.00025148156)
(0.0013217996 3.1300334e-05 0.00041621012)
(0.0014212011 4.4024894e-05 0.00064265899)
(0.0014872969 -2.5753414e-05 0.00040904137)
(0.0012830767 -5.004182e-05 0.00025468331)
(0.0012212954 -4.8936481e-05 0.00015302472)
(0.0012164019 -4.9839878e-05 4.4821524e-05)
(0.0012347499 -5.5162304e-05 -0.0001410039)
(0.0011971092 -5.5354914e-05 -0.00020073155)
(0.001186216 -4.9399543e-05 -0.00022610333)
(0.0011920825 -4.1065153e-05 -0.00022396742)
(0.0012078993 -3.2339274e-05 -0.00020985269)
(0.0012283211 -2.4002713e-05 -0.00019162466)
(0.0012502003 -1.6393612e-05 -0.00017270043)
(0.0012717352 -9.6762562e-06 -0.00015445363)
(0.0012918718 -3.9575828e-06 -0.00013726019)
(0.001309554 5.272148e-07 -0.00012104468)
(0.0013250355 3.6604815e-06 -0.00010570984)
(0.0013383829 5.53758e-06 -9.0895476e-05)
(0.0013546462 6.369097e-06 -7.5854592e-05)
(0.00094249797 -6.245586e-05 -9.3319418e-06)
(0.00092943188 -7.0397548e-05 -1.5379712e-05)
(0.00087845026 -6.2477192e-05 -1.6910442e-05)
(0.0008328183 -5.2733484e-05 -1.4177019e-05)
(0.00079752999 -4.3085975e-05 -7.108959e-06)
(0.00076839313 -3.4346218e-05 4.794564e-06)
(0.0007432811 -2.6859911e-05 2.2887026e-05)
(0.00072183702 -2.0123303e-05 4.9613023e-05)
(0.00070527619 -1.2883914e-05 8.8932036e-05)
(0.00069730196 -2.9912047e-06 0.00014766322)
(0.00071223784 1.1872381e-05 0.00023804811)
(0.00076626107 3.0533788e-05 0.00037216287)
(0.00091403092 3.0738068e-05 0.000520533)
(0.00096634841 -3.5382154e-05 0.000252676)
(0.00077981222 -4.6567388e-05 0.00010545126)
(0.00073908612 -4.233084e-05 2.063539e-05)
(0.00074488915 -4.3274052e-05 -5.7922047e-05)
(0.00073746483 -4.8252507e-05 -0.00020939336)
(0.00066146378 -4.3907006e-05 -0.00022754902)
(0.00062224291 -3.5496186e-05 -0.00021538937)
(0.00060203344 -2.5980953e-05 -0.00018166556)
(0.00059629536 -1.7423087e-05 -0.00014607515)
(0.00059937354 -1.0243178e-05 -0.00011430526)
(0.00060745575 -4.4885208e-06 -8.7743634e-05)
(0.00061829228 -7.5665729e-09 -6.6293216e-05)
(0.00063050928 3.2898572e-06 -4.9419348e-05)
(0.00064360523 5.2134789e-06 -3.6482978e-05)
(0.0006558879 5.7994483e-06 -2.6695948e-05)
(0.00066663436 5.3978377e-06 -1.9421321e-05)
(0.00068028212 5.0586672e-06 -1.3300816e-05)
(0.00094506258 6.2305737e-05 -1.3632313e-05)
(0.00093847902 7.0110404e-05 -2.2373591e-05)
(0.00089285428 6.2330714e-05 -2.5083023e-05)
(0.00085107456 5.2821561e-05 -2.2130911e-05)
(0.00081903469 4.338844e-05 -1.3891014e-05)
(0.00079389023 3.4793576e-05 -5.885479e-07)
(0.00077428488 2.7349313e-05 1.7828269e-05)
(0.00076041757 2.0911951e-05 4.1635664e-05)
(0.00075394003 1.4956342e-05 7.1957345e-05)
(0.00075867225 8.3969731e-06 0.00011023723)
(0.00078229544 -3.1589882e-08 0.00015755561)
(0.00083712885 -9.7915265e-06 0.00020781041)
(0.00095443741 -1.5457655e-05 0.0002268258)
(0.0010533242 -4.7419008e-06 7.1028156e-05)
(0.0010775183 4.5338624e-06 1.671257e-06)
(0.0010784821 1.184272e-05 -4.9236477e-05)
(0.0010633347 1.7570932e-05 -9.4629569e-05)
(0.0010191917 2.2509193e-05 -0.00014881086)
(0.00094869173 2.3358102e-05 -0.00016833219)
(0.00088111231 2.0923798e-05 -0.0001674788)
(0.00082583757 1.6872547e-05 -0.00015387427)
(0.0007835569 1.2501295e-05 -0.00013405394)
(0.00075234179 8.4796922e-06 -0.00011244438)
(0.00072991143 5.097474e-06 -9.1562032e-05)
(0.00071426194 2.436079e-06 -7.2721024e-05)
(0.00070371436 4.8282665e-07 -5.6461316e-05)
(0.00069687095 -7.727417e-07 -4.2774246e-05)
(0.00069266114 -1.2328703e-06 -3.1559965e-05)
(0.00068974201 -7.9497694e-07 -2.2736221e-05)
(0.00068591594 8.9139545e-07 -1.6071179e-05)
(0.0010161989 5.9272688e-05 -1.5878948e-05)
(0.0010668373 6.7018669e-05 -2.7794473e-05)
(0.0011173015 6.2555577e-05 -3.3335622e-05)
(0.0011607557 5.5997381e-05 -3.3130597e-05)
(0.0011980476 4.8525178e-05 -2.7400941e-05)
(0.0012302223 4.1039308e-05 -1.6016803e-05)
(0.0012584173 3.4018227e-05 1.587971e-06)
(0.0012840154 2.7493258e-05 2.6326826e-05)
(0.0013089673 2.119297e-05 5.9490284e-05)
(0.0013369851 1.4202706e-05 0.00010364794)
(0.001375261 5.264679e-06 0.00016174005)
(0.00143435 -6.5853701e-06 0.00023106425)
(0.001545189 -1.6093388e-05 0.00027948047)
(0.0016620176 -1.0204505e-05 0.00014604754)
(0.0017156684 -1.7154329e-06 8.0777881e-05)
(0.0017471819 6.1373627e-06 3.0257497e-05)
(0.0017718892 1.3774261e-05 -2.5369656e-05)
(0.0017660535 2.0389063e-05 -9.1812155e-05)
(0.0017294889 2.4131431e-05 -0.00013418972)
(0.0016852454 2.4399705e-05 -0.00015837704)
(0.0016435181 2.2430826e-05 -0.00016924761)
(0.0016064457 1.9257098e-05 -0.00017091174)
(0.0015739302 1.5563826e-05 -0.00016638564)
(0.0015453828 1.1795693e-05 -0.00015776148)
(0.0015201791 8.2486475e-06 -0.00014645779)
(0.0014977505 5.1305919e-06 -0.00013344357)
(0.0014776567 2.6088106e-06 -0.00011946691)
(0.0014596397 9.0209158e-07 -0.00010510198)
(0.0014439063 3.4278e-07 -9.0698918e-05)
(0.0014265533 1.455415e-06 -7.671443e-05)
(0.0010219299 4.9340724e-14 -1.6164474e-05)
(0.0010874236 1.7383418e-13 -2.8575387e-05)
(0.0011587936 4.4291506e-13 -3.4701864e-05)
(0.0012234597 9.4106171e-13 -3.5256452e-05)
(0.0012805024 1.7381933e-12 -3.047002e-05)
(0.001330591 2.83736e-12 -2.0215344e-05)
(0.0013747208 4.1280393e-12 -3.9209309e-06)
(0.0014142359 5.365042e-12 1.9457491e-05)
(0.0014507129 6.1812055e-12 5.0916769e-05)
(0.0014873438 6.1659335e-12 9.2759644e-05)
(0.0015304241 4.9736838e-12 0.00014788024)
(0.0015904868 2.3897134e-12 0.00021491884)
(0.001695154 -1.1121808e-12 0.0002646377)
(0.00180775 -3.2616956e-12 0.00014452757)
(0.0018630816 -4.6575584e-12 8.9545286e-05)
(0.0018996519 -5.8153976e-12 4.8544904e-05)
(0.0019313348 -6.7318633e-12 -1.9648595e-07)
(0.0019398664 -7.5899228e-12 -6.1145514e-05)
(0.0019191132 -8.1000743e-12 -0.00010278882)
(0.0018899974 -8.4637616e-12 -0.0001294461)
(0.0018612027 -8.8481827e-12 -0.00014517904)
(0.0018341434 -9.1508264e-12 -0.00015322298)
(0.0018086195 -9.2468561e-12 -0.00015578076)
(0.0017842125 -9.0426718e-12 -0.00015429163)
(0.0017605995 -8.5298905e-12 -0.00014972624)
(0.0017375833 -7.6782227e-12 -0.00014272985)
(0.0017151477 -6.6064256e-12 -0.00013375012)
(0.0016936073 -6.1190876e-12 -0.00012308748)
(0.0016736881 -6.7993271e-12 -0.00011097189)
(0.001650893 -8.1477369e-12 -9.7763992e-05)
(0.0010161989 -5.9272688e-05 -1.5878948e-05)
(0.0010668373 -6.7018669e-05 -2.7794473e-05)
(0.0011173015 -6.2555577e-05 -3.3335622e-05)
(0.0011607557 -5.599738e-05 -3.3130597e-05)
(0.0011980476 -4.8525176e-05 -2.7400942e-05)
(0.0012302223 -4.1039304e-05 -1.6016804e-05)
(0.0012584173 -3.4018222e-05 1.5879698e-06)
(0.0012840154 -2.7493251e-05 2.6326824e-05)
(0.0013089673 -2.1192962e-05 5.9490282e-05)
(0.0013369851 -1.4202698e-05 0.00010364794)
(0.001375261 -5.2646726e-06 0.00016174005)
(0.0014343501 6.5853728e-06 0.00023106425)
(0.001545189 1.6093386e-05 0.00027948046)
(0.0016620176 1.0204501e-05 0.00014604754)
(0.0017156684 1.7154274e-06 8.0777875e-05)
(0.0017471819 -6.1373692e-06 3.025749e-05)
(0.0017718892 -1.3774268e-05 -2.5369664e-05)
(0.0017660535 -2.0389071e-05 -9.1812164e-05)
(0.0017294889 -2.413144e-05 -0.00013418973)
(0.0016852454 -2.4399714e-05 -0.00015837706)
(0.0016435181 -2.2430835e-05 -0.00016924763)
(0.0016064457 -1.9257107e-05 -0.00017091177)
(0.0015739302 -1.5563835e-05 -0.00016638566)
(0.0015453827 -1.1795702e-05 -0.00015776151)
(0.001520179 -8.2486563e-06 -0.00014645782)
(0.0014977505 -5.1306009e-06 -0.0001334436)
(0.0014776567 -2.6088208e-06 -0.00011946693)
(0.0014596396 -9.0210357e-07 -0.000105102)
(0.0014439063 -3.4279389e-07 -9.0698933e-05)
(0.0014265532 -1.4554311e-06 -7.6714442e-05)
(0.00094506258 -6.2305737e-05 -1.3632313e-05)
(0.00093847902 -7.0110404e-05 -2.2373591e-05)
(0.00089285428 -6.2330714e-05 -2.5083023e-05)
(0.00085107456 -5.2821561e-05 -2.2130911e-05)
(0.0008190347 -4.3388439e-05 -1.3891015e-05)
(0.00079389024 -3.4793575e-05 -5.8854875e-07)
(0.00077428489 -2.7349312e-05 1.7828267e-05)
(0.00076041758 -2.091195e-05 4.1635663e-05)
(0.00075394004 -1.4956341e-05 7.1957343e-05)
(0.00075867226 -8.3969721e-06 0.00011023723)
(0.00078229545 3.1590127e-08 0.00015755561)
(0.00083712888 9.7915255e-06 0.00020781041)
(0.00095443743 1.5457653e-05 0.00022682579)
(0.0010533242 4.7418993e-06 7.102815e-05)
(0.0010775183 -4.5338636e-06 1.6712502e-06)
(0.0010784821 -1.1842721e-05 -4.9236484e-05)
(0.0010633347 -1.7570933e-05 -9.4629577e-05)
(0.0010191917 -2.2509195e-05 -0.00014881087)
(0.00094869175 -2.3358104e-05 -0.0001683322)
(0.00088111231 -2.09238e-05 -0.00016747882)
(0.00082583757 -1.6872549e-05 -0.00015387429)
(0.0007835569 -1.2501298e-05 -0.00013405396)
(0.00075234177 -8.479695e-06 -0.00011244441)
(0.00072991141 -5.0974775e-06 -9.1562054e-05)
(0.00071426191 -2.436084e-06 -7.2721044e-05)
(0.00070371432 -4.8283393e-07 -5.6461332e-05)
(0.0006968709 7.727317e-07 -4.2774255e-05)
(0.00069266108 1.2328593e-06 -3.1559969e-05)
(0.00068974195 7.9496716e-07 -2.2736221e-05)
(0.00068591588 -8.9140411e-07 -1.6071179e-05)
(0.00094633291 6.2144121e-05 -4.7754219e-05)
(0.00094101713 6.9463114e-05 -6.1082611e-05)
(0.00089230479 6.1458759e-05 -6.2037251e-05)
(0.00084628365 5.1771232e-05 -5.490137e-05)
(0.00081060803 4.2263082e-05 -4.2472765e-05)
(0.00078346044 3.3853437e-05 -2.6553014e-05)
(0.00076443584 2.7128835e-05 -7.7739157e-06)
(0.00075450904 2.2001134e-05 1.4121319e-05)
(0.00075487895 1.7618907e-05 3.9222849e-05)
(0.00076838944 1.3313496e-05 6.7175864e-05)
(0.00079850516 8.9200062e-06 9.6625848e-05)
(0.00084895043 4.6437632e-06 0.00012309595)
(0.00092421609 1.5301832e-06 0.00013471947)
(0.00098255682 3.440847e-06 9.4609938e-05)
(0.0010006301 5.3518366e-06 4.8409114e-05)
(0.00099760875 6.1950039e-06 5.3087207e-06)
(0.00098223253 6.3807827e-06 -3.4061084e-05)
(0.00095206512 6.2975342e-06 -6.9475249e-05)
(0.00090802696 5.8606638e-06 -8.9115865e-05)
(0.00085902085 5.0802458e-06 -9.4283925e-05)
(0.00081222248 4.0808391e-06 -8.975953e-05)
(0.00077081352 3.0929798e-06 -7.9859636e-05)
(0.00073576143 2.2623678e-06 -6.7652452e-05)
(0.00070696478 1.6695295e-06 -5.50686e-05)
(0.00068382249 1.3232339e-06 -4.3237995e-05)
(0.00066551891 1.1835063e-06 -3.2770576e-05)
(0.00065118962 1.2362897e-06 -2.3972783e-05)
(0.00064002853 1.5403332e-06 -1.7002002e-05)
(0.0006311974 2.1988547e-06 -1.2000127e-05)
(0.00061846499 4.404513e-06 -8.8821723e-06)
(0.0010168624 5.8991315e-05 -5.3047948e-05)
(0.0010676654 6.6131503e-05 -7.1674415e-05)
(0.0011132669 6.1461819e-05 -7.5198662e-05)
(0.0011493251 5.4736575e-05 -7.1698146e-05)
(0.0011789321 4.7194671e-05 -6.2860155e-05)
(0.001204513 3.9905366e-05 -4.9573468e-05)
(0.0012282887 3.3639039e-05 -3.2145886e-05)
(0.0012530866 2.8599422e-05 -1.009526e-05)
(0.0012824119 2.4100526e-05 1.7622955e-05)
(0.0013186654 1.9501119e-05 5.1337077e-05)
(0.0013672353 1.4705081e-05 9.0411147e-05)
(0.0014335175 9.6715434e-06 0.00013139712)
(0.0015237782 5.6261496e-06 0.00016201656)
(0.0016070924 4.8883112e-06 0.00014269271)
(0.0016586265 5.7197138e-06 0.00010709968)
(0.0016904929 6.1561647e-06 6.6882587e-05)
(0.001707866 6.0479722e-06 2.4903037e-05)
(0.0017069927 5.5279578e-06 -1.8107977e-05)
(0.0016878117 4.9226888e-06 -5.1461398e-05)
(0.0016559862 4.1680747e-06 -7.3301506e-05)
(0.0016174629 3.2518735e-06 -8.5778505e-05)
(0.0015758346 2.2963672e-06 -9.1293156e-05)
(0.0015332348 1.4090331e-06 -9.1771391e-05)
(0.001491104 6.8141707e-07 -8.8646033e-05)
(0.0014504609 1.8221586e-07 -8.2974012e-05)
(0.0014120972 -3.6256191e-08 -7.5563787e-05)
(0.001376655 8.193613e-08 -6.7095219e-05)
(0.0013447656 6.4397007e-07 -5.8270609e-05)
(0.0013170858 1.9336798e-06 -4.988532e-05)
(0.0012843254 4.6989532e-06 -4.2866744e-05)
(0.0010224812 3.9752384e-14 -5.3753442e-05)
(0.0010877185 1.3451074e-13 -7.3175602e-05)
(0.0011536496 3.3897423e-13 -7.7477696e-05)
(0.0012101544 7.2551982e-13 -7.4947558e-05)
(0.0012585312 1.3654382e-12 -6.7145265e-05)
(0.001300845 2.2862439e-12 -5.4885825e-05)
(0.0013392041 3.4385277e-12 -3.8474189e-05)
(0.0013761737 4.667708e-12 -1.7541154e-05)
(0.0014158323 5.7162865e-12 9.0942476e-06)
(0.0014601037 6.2767869e-12 4.1936375e-05)
(0.0015139382 6.1505482e-12 8.0361326e-05)
(0.0015826587 5.27159e-12 0.00012133985)
(0.0016722368 3.8153243e-12 0.00015399939)
(0.0017557981 2.3646813e-12 0.00014158332)
(0.001810831 9.8636429e-13 0.00011309848)
(0.0018485993 -4.2025963e-13 7.8614426e-05)
(0.0018750494 -1.8566266e-12 4.0512645e-05)
(0.0018840421 -3.0399955e-12 4.7906384e-07)
(0.0018756504 -4.176406e-12 -3.1641424e-05)
(0.0018545407 -5.3627493e-12 -5.4113815e-05)
(0.0018255426 -6.5951164e-12 -6.8848555e-05)
(0.0017915416 -7.7457119e-12 -7.7793901e-05)
(0.0017542792 -8.6684828e-12 -8.2409664e-05)
(0.0017150475 -9.17529e-12 -8.3710678e-05)
(0.0016749173 -9.1220569e-12 -8.2399903e-05)
(0.0016348804 -8.0148262e-12 -7.8995723e-05)
(0.0015959597 -7.0625167e-12 -7.3943556e-05)
(0.0015592862 -5.9944527e-12 -6.7735667e-05)
(0.0015262676 -5.4141768e-12 -6.1054018e-05)
(0.0014870602 -5.2226363e-12 -5.4866155e-05)
(0.0010168624 -5.8991315e-05 -5.3047948e-05)
(0.0010676654 -6.6131503e-05 -7.1674415e-05)
(0.0011132669 -6.1461819e-05 -7.5198662e-05)
(0.0011493251 -5.4736574e-05 -7.1698146e-05)
(0.0011789321 -4.719467e-05 -6.2860155e-05)
(0.001204513 -3.9905363e-05 -4.9573469e-05)
(0.0012282887 -3.3639035e-05 -3.2145887e-05)
(0.0012530866 -2.8599416e-05 -1.0095261e-05)
(0.0012824119 -2.4100519e-05 1.7622954e-05)
(0.0013186654 -1.9501111e-05 5.1337076e-05)
(0.0013672353 -1.4705073e-05 9.0411145e-05)
(0.0014335175 -9.6715364e-06 0.00013139712)
(0.0015237782 -5.6261445e-06 0.00016201656)
(0.0016070924 -4.8883077e-06 0.00014269271)
(0.0016586265 -5.7197118e-06 0.00010709967)
(0.001690493 -6.1561642e-06 6.6882582e-05)
(0.001707866 -6.0479731e-06 2.4903031e-05)
(0.0017069928 -5.5279599e-06 -1.8107984e-05)
(0.0016878117 -4.9226921e-06 -5.1461406e-05)
(0.0016559862 -4.1680792e-06 -7.3301516e-05)
(0.0016174629 -3.2518793e-06 -8.5778517e-05)
(0.0015758346 -2.2963741e-06 -9.1293172e-05)
(0.0015332347 -1.4090407e-06 -9.1771409e-05)
(0.0014911039 -6.8142481e-07 -8.8646052e-05)
(0.0014504609 -1.8222333e-07 -8.2974033e-05)
(0.0014120971 3.624916e-08 -7.5563808e-05)
(0.0013766549 -8.194307e-08 -6.7095241e-05)
(0.0013447655 -6.4397747e-07 -5.8270631e-05)
(0.0013170857 -1.9336881e-06 -4.9885341e-05)
(0.0012843253 -4.6989623e-06 -4.2866766e-05)
(0.00094633291 -6.2144121e-05 -4.7754219e-05)
(0.00094101713 -6.9463114e-05 -6.1082611e-05)
(0.00089230479 -6.1458758e-05 -6.2037251e-05)
(0.00084628365 -5.1771232e-05 -5.490137e-05)
(0.00081060804 -4.2263081e-05 -4.2472766e-05)
(0.00078346044 -3.3853437e-05 -2.6553015e-05)
(0.00076443585 -2.7128835e-05 -7.7739164e-06)
(0.00075450905 -2.2001133e-05 1.4121318e-05)
(0.00075487896 -1.7618906e-05 3.9222847e-05)
(0.00076838945 -1.3313495e-05 6.7175862e-05)
(0.00079850517 -8.9200052e-06 9.6625846e-05)
(0.00084895045 -4.6437626e-06 0.00012309595)
(0.00092421611 -1.530183e-06 0.00013471947)
(0.00098255684 -3.4408469e-06 9.4609934e-05)
(0.0010006301 -5.3518366e-06 4.840911e-05)
(0.00099760877 -6.1950039e-06 5.3087152e-06)
(0.00098223254 -6.3807827e-06 -3.4061091e-05)
(0.00095206513 -6.2975343e-06 -6.9475257e-05)
(0.00090802697 -5.8606642e-06 -8.9115875e-05)
(0.00085902085 -5.0802465e-06 -9.4283937e-05)
(0.00081222248 -4.08084e-06 -8.9759544e-05)
(0.00077081351 -3.0929809e-06 -7.9859651e-05)
(0.00073576141 -2.262369e-06 -6.7652469e-05)
(0.00070696476 -1.6695309e-06 -5.5068618e-05)
(0.00068382246 -1.3232359e-06 -4.3238013e-05)
(0.00066551887 -1.18351e-06 -3.2770593e-05)
(0.00065118958 -1.2362944e-06 -2.3972799e-05)
(0.00064002848 -1.5403389e-06 -1.7002018e-05)
(0.00063119735 -2.1988605e-06 -1.2000144e-05)
(0.00061846493 -4.4045186e-06 -8.882191e-06)
(0.0009113218 5.8875297e-05 -4.1835987e-05)
(0.00088241765 6.2098312e-05 -4.8942617e-05)
(0.00078426531 5.3649241e-05 -4.5386078e-05)
(0.00070004386 4.3226287e-05 -3.8323826e-05)
(0.000635814 3.3185187e-05 -2.9989415e-05)
(0.00058787687 2.4899478e-05 -2.1609602e-05)
(0.00055464435 1.8744972e-05 -1.3522882e-05)
(0.00053576306 1.4533728e-05 -5.4335908e-06)
(0.00053118583 1.2036783e-05 2.7885167e-06)
(0.0005398298 1.0665924e-05 1.0383213e-05)
(0.00056143347 9.2966915e-06 1.5980356e-05)
(0.00059525205 7.2252781e-06 1.7158795e-05)
(0.00063848974 4.0656378e-06 1.0286756e-05)
(0.00067368728 5.4133539e-07 -1.1326644e-05)
(0.00068988998 -2.7591193e-06 -2.8746051e-05)
(0.00068955058 -5.1190871e-06 -3.7861186e-05)
(0.00067458751 -5.9075871e-06 -4.1948983e-05)
(0.00064643488 -5.4838919e-06 -4.3769943e-05)
(0.00060851615 -4.7690343e-06 -4.2368393e-05)
(0.00056674762 -4.1503228e-06 -3.8030094e-05)
(0.00052649167 -3.6081026e-06 -3.2181292e-05)
(0.00049076344 -3.0132388e-06 -2.6014453e-05)
(0.00046064959 -2.2942051e-06 -2.0240594e-05)
(0.00043616496 -1.4575352e-06 -1.5191825e-05)
(0.00041679048 -5.65562e-07 -1.0964063e-05)
(0.00040176056 2.8148232e-07 -7.5479293e-06)
(0.00039030048 1.0100507e-06 -4.9145182e-06)
(0.00038158041 1.6298673e-06 -3.0545884e-06)
(0.00037487042 2.1313488e-06 -1.8604599e-06)
(0.00036425081 3.4874404e-06 -1.6817335e-06)
(0.00097337442 5.5453741e-05 -4.6102323e-05)
(0.00099261547 5.9904553e-05 -5.9178716e-05)
(0.00097491909 5.5865102e-05 -5.8399451e-05)
(0.00094984753 4.8199689e-05 -5.3448889e-05)
(0.00092698922 3.9287697e-05 -4.6372079e-05)
(0.00090719924 3.097256e-05 -3.8167573e-05)
(0.00089185358 2.4014203e-05 -2.9412265e-05)
(0.00088338228 1.8560318e-05 -2.0054034e-05)
(0.00088461343 1.4787618e-05 -9.6986031e-06)
(0.0008996579 1.2583382e-05 1.4478785e-06)
(0.00092941658 1.0887031e-05 1.1683471e-05)
(0.00097459123 8.8000821e-06 1.8339244e-05)
(0.0010330406 6.0431176e-06 1.6965134e-05)
(0.0010878384 2.8033573e-06 -7.3872612e-07)
(0.001125286 -3.108018e-07 -1.9715878e-05)
(0.0011425653 -3.0158257e-06 -3.3752632e-05)
(0.0011418024 -4.5450892e-06 -4.2965087e-05)
(0.0011257498 -4.7640774e-06 -4.8688979e-05)
(0.0010955573 -4.4873292e-06 -5.0921015e-05)
(0.0010556651 -4.2245805e-06 -4.9797038e-05)
(0.0010109649 -4.0620748e-06 -4.627576e-05)
(0.00096504991 -3.8977476e-06 -4.1352397e-05)
(0.00092026223 -3.6155968e-06 -3.5760501e-05)
(0.00087818203 -3.135857e-06 -3.0017725e-05)
(0.00083986286 -2.4217846e-06 -2.4464382e-05)
(0.00080592946 -1.4935889e-06 -1.9338267e-05)
(0.00077659275 -4.0116513e-07 -1.485224e-05)
(0.00075193606 8.4240296e-07 -1.1231546e-05)
(0.00073204188 2.3128687e-06 -8.5663978e-06)
(0.00070735508 4.4700568e-06 -7.9414185e-06)
(0.00097803823 3.2781622e-14 -4.6050174e-05)
(0.0010096653 1.0327566e-13 -5.980651e-05)
(0.0010096916 2.5880366e-13 -5.9841798e-05)
(0.0010013108 5.5771206e-13 -5.5684764e-05)
(0.0009924663 1.0562688e-12 -4.9215323e-05)
(0.00098366222 1.7559682e-12 -4.1386673e-05)
(0.0009762624 2.5796016e-12 -3.2837997e-05)
(0.0009729738 3.3483067e-12 -2.3624545e-05)
(0.00097664991 3.9055884e-12 -1.3262797e-05)
(0.00099275696 4.1763998e-12 -1.877376e-06)
(0.0010228804 4.1431811e-12 8.7824068e-06)
(0.0010678345 3.8725884e-12 1.5966313e-05)
(0.0011257703 3.4805235e-12 1.540381e-05)
(0.0011811551 3.0893179e-12 -5.485265e-07)
(0.0012212395 2.8676753e-12 -1.8044601e-05)
(0.0012426869 3.0208242e-12 -3.1328469e-05)
(0.0012456019 3.3747795e-12 -4.066111e-05)
(0.0012342348 3.7312922e-12 -4.6599047e-05)
(0.0012089515 4.1303608e-12 -4.9265376e-05)
(0.0011737483 4.6395124e-12 -4.8900116e-05)
(0.0011329191 5.3202482e-12 -4.6321623e-05)
(0.0010895034 6.2184092e-12 -4.2356136e-05)
(0.001045539 7.3291298e-12 -3.7613964e-05)
(0.0010025773 8.4779919e-12 -3.2536994e-05)
(0.0009618732 9.4204111e-12 -2.7431699e-05)
(0.00092440789 1.0056723e-11 -2.2539771e-05)
(0.00089090305 1.0247307e-11 -1.8091621e-05)
(0.00086183875 1.0415802e-11 -1.434367e-05)
(0.00083773883 1.0748897e-11 -1.1457413e-05)
(0.00080828358 1.1441068e-11 -1.0772503e-05)
(0.00097337442 -5.5453741e-05 -4.6102323e-05)
(0.00099261547 -5.9904553e-05 -5.9178716e-05)
(0.00097491909 -5.5865102e-05 -5.8399451e-05)
(0.00094984754 -4.8199688e-05 -5.3448889e-05)
(0.00092698922 -3.9287696e-05 -4.6372079e-05)
(0.00090719924 -3.0972558e-05 -3.8167574e-05)
(0.00089185359 -2.40142e-05 -2.9412265e-05)
(0.00088338228 -1.8560314e-05 -2.0054034e-05)
(0.00088461344 -1.4787613e-05 -9.6986036e-06)
(0.00089965791 -1.2583377e-05 1.447878e-06)
(0.00092941659 -1.0887025e-05 1.168347e-05)
(0.00097459124 -8.8000767e-06 1.8339243e-05)
(0.0010330407 -6.0431123e-06 1.6965133e-05)
(0.0010878384 -2.8033519e-06 -7.3872778e-07)
(0.001125286 3.1080743e-07 -1.971588e-05)
(0.0011425653 3.0158318e-06 -3.3752634e-05)
(0.0011418024 4.5450959e-06 -4.2965089e-05)
(0.0011257498 4.7640846e-06 -4.8688982e-05)
(0.0010955573 4.4873371e-06 -5.0921018e-05)
(0.0010556651 4.2245892e-06 -4.9797042e-05)
(0.0010109649 4.0620846e-06 -4.6275764e-05)
(0.00096504992 3.8977588e-06 -4.1352403e-05)
(0.00092026223 3.6156094e-06 -3.5760508e-05)
(0.00087818203 3.1358707e-06 -3.0017733e-05)
(0.00083986286 2.4217986e-06 -2.446439e-05)
(0.00080592946 1.4936024e-06 -1.9338277e-05)
(0.00077659275 4.0117754e-07 -1.485225e-05)
(0.00075193606 -8.4239106e-07 -1.1231556e-05)
(0.00073204188 -2.3128563e-06 -8.5664075e-06)
(0.00070735507 -4.4700428e-06 -7.9414286e-06)
(0.0009113218 -5.8875297e-05 -4.1835987e-05)
(0.00088241765 -6.2098312e-05 -4.8942617e-05)
(0.00078426531 -5.3649241e-05 -4.5386078e-05)
(0.00070004386 -4.3226287e-05 -3.8323826e-05)
(0.000635814 -3.3185187e-05 -2.9989415e-05)
(0.00058787687 -2.4899477e-05 -2.1609602e-05)
(0.00055464435 -1.8744972e-05 -1.3522882e-05)
(0.00053576307 -1.4533728e-05 -5.4335913e-06)
(0.00053118583 -1.2036782e-05 2.788516e-06)
(0.00053982981 -1.0665923e-05 1.0383212e-05)
(0.00056143348 -9.2966906e-06 1.5980355e-05)
(0.00059525206 -7.2252771e-06 1.7158794e-05)
(0.00063848975 -4.0656367e-06 1.0286754e-05)
(0.0006736873 -5.4133381e-07 -1.1326646e-05)
(0.00068989 2.7591213e-06 -2.8746054e-05)
(0.0006895506 5.1190892e-06 -3.7861189e-05)
(0.00067458753 5.9075892e-06 -4.1948986e-05)
(0.0006464349 5.483894e-06 -4.3769946e-05)
(0.00060851617 4.7690366e-06 -4.2368397e-05)
(0.00056674763 4.1503254e-06 -3.8030099e-05)
(0.00052649168 3.6081056e-06 -3.2181298e-05)
(0.00049076345 3.0132419e-06 -2.601446e-05)
(0.0004606496 2.2942083e-06 -2.0240602e-05)
(0.00043616497 1.4575379e-06 -1.5191834e-05)
(0.00041679048 5.6556367e-07 -1.0964072e-05)
(0.00040176056 -2.8148187e-07 -7.5479387e-06)
(0.00039030048 -1.010051e-06 -4.9145274e-06)
(0.0003815804 -1.6298675e-06 -3.0545972e-06)
(0.00037487041 -2.1313481e-06 -1.8604685e-06)
(0.00036425079 -3.4874383e-06 -1.6817422e-06)
)
;

boundaryField
{
    minX
    {
        type            fixedValue;
        value           uniform (0.001 0 0);
    }
    maxX
    {
        type            inletOutlet;
        inletValue      uniform (0 0 0);
        value           nonuniform List<vector> 
50
(
(0.0003642509 3.4874392e-06 1.6817237e-06)
(0.00070735522 4.4700534e-06 7.9414037e-06)
(0.00080828372 6.3128556e-12 1.0772488e-05)
(0.00070735519 -4.4700424e-06 7.9414153e-06)
(0.00036425087 -3.4874344e-06 1.6817349e-06)
(0.00061846514 4.4045102e-06 8.8821205e-06)
(0.0012843256 4.6989392e-06 4.2866667e-05)
(0.0014870604 -3.0710592e-11 5.4866064e-05)
(0.0012843255 -4.6989787e-06 4.2866669e-05)
(0.00061846505 -4.4045137e-06 8.8821381e-06)
(0.00068591609 8.9138776e-07 1.6071093e-05)
(0.0014265535 1.455379e-06 7.6714287e-05)
(0.0016508931 -5.5023864e-11 9.7763806e-05)
(0.0014265533 -1.4554503e-06 7.6714233e-05)
(0.00068591596 -8.9139373e-07 1.607107e-05)
(0.00068028229 -5.0586896e-06 1.3300733e-05)
(0.0013546463 -6.3691481e-06 7.5854383e-05)
(0.0015495583 -5.1529674e-11 0.00010053701)
(0.0013546462 6.3690921e-06 7.5854266e-05)
(0.00068028217 5.0586868e-06 1.3300662e-05)
(0.00067233291 -1.2209726e-05 5.261813e-06)
(0.0012540946 -2.0265305e-05 3.9451346e-05)
(0.0014076566 2.1899222e-11 5.5480511e-05)
(0.0012540945 2.0265334e-05 3.9451154e-05)
(0.00067233288 1.2209726e-05 5.2617226e-06)
(0.00067233284 -1.2209717e-05 -5.2618724e-06)
(0.0012540946 -2.0265268e-05 -3.9451549e-05)
(0.0014076567 5.7137838e-11 -5.5480936e-05)
(0.0012540946 2.0265327e-05 -3.9451633e-05)
(0.00067233287 1.2209716e-05 -5.2619052e-06)
(0.00068028214 -5.0586735e-06 -1.3300819e-05)
(0.0013546462 -6.369079e-06 -7.5854568e-05)
(0.0015495584 2.0052735e-11 -0.00010053729)
(0.0013546462 6.369097e-06 -7.5854592e-05)
(0.00068028212 5.0586672e-06 -1.3300816e-05)
(0.00068591594 8.9139545e-07 -1.6071179e-05)
(0.0014265533 1.455415e-06 -7.671443e-05)
(0.001650893 -8.1477369e-12 -9.7763992e-05)
(0.0014265532 -1.4554311e-06 -7.6714442e-05)
(0.00068591588 -8.9140411e-07 -1.6071179e-05)
(0.00061846499 4.404513e-06 -8.8821723e-06)
(0.0012843254 4.6989532e-06 -4.2866744e-05)
(0.0014870602 -5.2226363e-12 -5.4866155e-05)
(0.0012843253 -4.6989623e-06 -4.2866766e-05)
(0.00061846493 -4.4045186e-06 -8.882191e-06)
(0.00036425081 3.4874404e-06 -1.6817335e-06)
(0.00070735508 4.4700568e-06 -7.9414185e-06)
(0.00080828358 1.1441068e-11 -1.0772503e-05)
(0.00070735507 -4.4700428e-06 -7.9414286e-06)
(0.00036425079 -3.4874383e-06 -1.6817422e-06)
)
;
    }
    minY
    {
        type            fixedValue;
        value           uniform (0 0 0);
    }
    minZ
    {
        type            fixedValue;
        value           uniform (0 0 0);
    }
    maxZ
    {
        type            fixedValue;
        value           uniform (0 0 0);
    }
    bottomWater_to_rightSolid
    {
        type            fixedValue;
        value           uniform (0 0 0);
    }
    bottomWater_to_leftSolid
    {
        type            fixedValue;
        value           uniform (0 0 0);
    }
    bottomWater_to_heater
    {
        type            fixedValue;
        value           uniform (0 0 0);
    }
}


// ************************************************************************* //
