/*--------------------------------*- C++ -*----------------------------------*\
| =========                 |                                                 |
| \\      /  F ield         | OpenFOAM: The Open Source CFD Toolbox           |
|  \\    /   O peration     | Version:  2412                                  |
|   \\  /    A nd           | Website:  www.openfoam.com                      |
|    \\/     M anipulation  |                                                 |
\*---------------------------------------------------------------------------*/
FoamFile
{
    version     2.0;
    format      ascii;
    arch        "LSB;label=32;scalar=64";
    class       volScalarField;
    location    "2.7";
    object      gradTz;
}
// * * * * * * * * * * * * * * * * * * * * * * * * * * * * * * * * * * * * * //

dimensions      [0 -1 0 1 0 0 0];

internalField   nonuniform List<scalar> 
5712
(
7101.14
21587.2
5382.17
23629.2
2950.32
25052.8
5044.87
39746.7
8252.54
49924.3
8450.64
35380.3
9013.97
31425.8
8879.89
26980.1
4176.53
2252.64
12587.2
5916.42
3896.85
1783.36
13591.1
5460.78
5421.7
3977.3
16015.1
11661.1
3632.95
2841.24
16112.1
12150.9
8153.1
2956.65
6147.58
2215.05
2797.66
7538.75
38827.4
11871.1
11636.4
5386.33
47202.8
14808.3
10885.8
5128.65
25656.6
8556.15
13064.7
5959.65
20839.3
6631.17
4710.02
2557.42
8442.79
3403.94
4163.7
2646.23
8870.11
3333.65
5605.23
3564.95
5551.25
2317.3
9950.74
3584.43
3920.86
1444.93
12118.5
9080.3
7368.51
6586.04
13678.3
11973.5
7423.6
7918.47
6790.43
5794.24
8793.33
7489.83
5502.19
4719.94
3206.69
2748.24
5517.53
5503.13
3168.51
3169.44
5246.72
4090.71
3075.67
2156
5807.76
3264.39
5802.53
6432.77
7668.78
5846
8265.97
10966.1
4263.89
1819.3
3739.6
3877.75
2422.73
843.282
1716.16
1488.6
5319.68
10823.9
3903.23
12263.9
5750.49
10980.4
4657.23
13074.7
7625.04
10939
6478.69
13343.7
8604.45
10485.4
6515.89
6516.5
8037.34
6914.69
7501.66
10268.7
11937.1
17556.9
9331.02
7426.9
7010.45
8891.03
14249.1
13502.3
13076.6
15790.9
15894.9
13199.1
13228.5
15858.4
15778.7
12206.9
12680.4
15237.8
15390.2
8712.53
9248.28
8391.46
8856.7
10160.6
10143.5
11844.6
11505.4
14923.4
15082.1
7957.59
8721.22
8916.07
9468.34
9891.31
10622.8
11354.6
12407.8
14929
16173.6
9285.25
6331.2
7521.94
7616.07
10477.3
11982.6
8521.42
11325.6
6860.86
7008.57
8717.86
6247.74
3149.6
5500.37
1288.6
2045.88
5276.23
8404.4
2071.38
3149.83
2615.49
4796.22
970.748
1742.21
6499.83
5560.51
6624.41
4132.45
9141.75
6507.63
10376.4
6907.59
3011.83
3544.24
3764.17
2127.87
2338.39
2566.14
2613.21
1984.6
11335.7
7445.86
2426.1
12280.2
7708.14
2661.2
11176.1
7285.71
2467.23
12281.8
7690.84
2599.99
10698.3
6866.16
2297.95
12096
7581.29
2603.31
6583.56
3731.56
959.9
7715.78
5261.88
1707.69
8800.59
6201.56
2089.64
9696.48
6295.52
2057.81
11735.9
7351.99
2599.28
7293.8
3977.67
1295.66
6922.81
4460.65
1540.31
7727.59
5078.2
1727.62
9170.02
5873.88
1999.02
11125.2
6459.31
2229.39
-493.162
988.507
442.72
2631.22
1741.84
1771.98
4501.09
3959.23
597.739
975.493
633.51
1023.5
334.735
943.252
622.634
1383.99
1891.05
1131.82
3821.42
2698.79
1753.99
2884.64
2916.82
851.415
5789.25
1852.26
-4037.71
-548.815
715.056
739.756
66.806
234.46
10353.6
4640.55
2753.33
1665.91
10205.3
4713.3
3002.05
1967.19
9904.56
5188.24
4064.31
2941.04
3103.27
2064.34
1768.39
1616.03
13079.3
11448
5745.01
7343.1
14524.8
13572
7071.92
8490.25
5286.56
6381.88
11200
9277.6
3665.84
4797.28
2128.72
2800.2
4735.1
5538.5
2748.98
3183.48
3025.34
4215.65
1717.98
2570.25
4762.37
3466.6
5427.65
3761.97
8158.01
5012.56
7297.53
4956.49
2850.1
2368.22
3768.06
2582.06
1621.5
1498.42
2383.57
1587.5
12170.8
8335.96
6109.78
6514.95
12072.2
8294.01
6056.26
6397.48
12216.9
7936.86
6192.55
5951.86
13185.9
12627.5
12409.3
9649.51
5736.19
7706.32
9393.82
10059.1
9566.72
6924.51
10928.9
9895.78
8302.53
6822.29
4611.34
7344.78
7465.11
7491.42
9271.87
7277.82
7185.49
7304.72
9044.88
6878.49
6710.06
6917.05
8616.09
8669.85
8202.18
8193.64
7086.97
6256.93
6327.72
6168.17
6522.39
6039.07
8089.12
6347.11
7199.89
5387.49
6149.67
4897.23
5635.53
4921.85
5973.02
4626.29
7423.67
4740.95
3805.24
3241.36
1708.92
7193.95
5473.31
5811.84
3652.93
2530.81
1461.94
3748.65
3399.49
4232.23
1827.09
1979.29
1087.9
5451.42
3103.46
2249.43
1548.05
3484.16
1501.51
1777.8
897.008
2220.18
2682.78
2813.42
4782.39
3345.49
4117.91
3423.34
6241.55
2613.96
1949.32
2045.94
3403.03
1200.95
500.189
483.547
889.482
5950.27
2728.47
783.251
6484.49
1726.81
454.845
5750.86
2818.41
877.182
6417.49
1770.27
488.026
5178.34
2551.99
656.398
6078.81
1631.26
367.26
5533.75
3008.95
786.56
4747.32
2535.57
702.429
4755.2
2378.26
674.866
4787.64
2257.52
519.513
5734.25
1429.98
241.748
6151.74
3223.51
992.801
5394.38
2936.93
965.69
4968.4
2599.56
852.065
4885.25
1989.56
534.324
5925.08
1459.68
460.965
1822.55
702.618
329.479
3.97442
737.989
300.836
153.714
28.4156
1887.13
754.345
392.955
70.6152
895.327
405.653
258.123
120.873
2171.45
904.211
515.169
157.361
1547.71
804.505
462.912
218.154
1146.29
723.972
367.037
124.704
1198.74
828.01
498.151
283.066
1826.06
872.949
455.617
46.5124
1748.8
806.61
469.007
-45.4669
2297.92
969.37
558.201
120.509
2070.41
856.752
512.665
-76.4298
1388.16
765.822
406.875
54.153
1361.31
715.346
438.408
71.1873
1034.49
669.392
430.799
254.079
947.991
600.36
417.929
243.632
2346.02
857.769
398.72
-95.9835
2477.91
838.321
431.912
-282.829
2341.54
870.89
432.949
-62.0555
2379.78
809.636
430.777
-262.966
2362.19
897.096
500.106
-8.86052
2133.64
734.017
427.878
-192.86
2194.11
865.42
553.836
138.563
2350.9
831.803
553.355
-191.334
1717.66
674.012
437.426
41.1487
2070.07
617.17
317.376
-264.115
818.756
219.516
96.6802
-64.5546
2038.94
625.844
329.113
-236.874
832.123
231.099
108.163
-50.0541
1907.16
609.77
345.564
-186.228
797.512
233.264
122.441
-28.8923
1603.49
523.533
333.624
-130.404
701.635
206.966
131.877
-1.48288
1405.41
490.213
329.586
-54.4411
628.432
209.757
151.159
38.5303
1109.82
478.935
285.32
16.4722
574.951
293.621
184.595
100.343
1184.98
434.018
280.058
-18.6522
570.035
234.837
162.913
72.3033
984.273
515.712
314.477
78.297
585.143
349.931
219.269
138.914
764.413
499.696
341.117
208.274
542.072
379.181
261.039
197.261
14.9152
12.8656
8.72502
5.84105
4.48698
8.88595
6.68623
4.44701
2.98924
2.31325
38.2575
27.194
17.3649
11.4027
8.69448
41.5356
26.8334
16.5211
10.7132
8.13863
92.996
62.3044
38.8813
25.4378
19.4056
186.546
115.617
70.8958
46.0398
34.9967
192.435
122.086
75.7818
49.4993
37.7601
209.914
128.885
79.0592
51.4458
39.2447
124.277
83.5174
52.611
34.5226
26.2591
98.2088
65.69
41.4308
27.2746
20.7806
128.771
83.3019
51.613
33.7931
25.7499
100.336
58.9556
35.8707
23.4197
17.7752
139.806
97.9182
62.3288
41.0561
31.3576
135.916
90.6039
57.0375
37.494
28.6087
187.16
117.719
72.5515
47.2699
36.0475
179.799
113.531
70.0725
45.6679
34.7805
5.25417
10.1308
7.23417
4.88753
3.7681
-1.01022
3.77561
2.84612
1.96384
1.5393
19.1589
18.0052
11.9634
7.9575
6.12514
2.00694
5.59161
3.94575
2.67711
2.09903
33.4832
27.8774
18.0354
11.9767
9.2518
19.5539
14.6435
9.06076
5.87356
4.53663
107.609
68.7569
42.146
27.6517
21.2082
53.6214
34.176
20.7221
13.5349
10.4064
138.196
75.8426
44.9491
29.0649
22.0739
2308.23
4003.27
2170.06
3880.68
2011.22
3605.37
1952.36
3460.89
2145.17
3977.9
1242.32
1854.19
1748.05
2790.34
811.293
1103.22
305.106
434.156
6831.81
1641.87
375.736
83.0428
20.7414
1817.04
480.972
128.6
28.7424
6.38701
6790.27
1608.98
365.446
80.1688
19.9299
1876.63
545.736
133.913
30.9816
7.7391
6571.03
1530
343.666
74.7947
18.4864
1821.77
528.284
128.652
29.4626
7.28972
6189.87
1412.6
314.315
68.1311
16.8226
1755.09
497.65
118.758
26.7575
6.52634
5454.17
1225.3
272.284
59.2342
14.7215
1640.04
443.712
103.463
23.0162
5.56146
3083.53
739.13
169.989
37.8189
9.55824
833.137
211.426
45.8172
9.42428
2.14071
4292.81
1000.39
226.034
49.6805
12.4576
1165.15
304.637
69.5372
15.2777
3.67161
1935.35
475.759
110.979
24.9262
6.33397
530.784
137.661
29.2705
5.71277
1.23233
709.195
176.332
41.4314
9.36504
2.39149
256.54
60.0662
11.914
3.24066
0.446935
-1192.67
631.78
4097.9
-3493.39
961.146
1025.09
2565.67
3128.5
2110.11
3411.58
2814.44
4254.71
2680.87
3503.76
1281.99
1870.54
1401.72
1632.1
980.598
1016
2850.93
2260.54
-401.551
-964.728
-1046.75
-1398.09
-754.359
11794.6
3003.19
3972.62
3238.37
318.663
-89.0465
3266.69
-1058.33
-492.392
-882.409
-309.021
5826.61
2972.08
1291.52
718.163
3267.66
1472.46
187.984
348.63
-1183.78
-1182.26
823.671
695.219
9239.34
4577.11
4448.14
2568.15
3431.05
3121.48
-77.1428
-1160.08
245.861
2018.72
1811.14
1623.67
1557.21
1230.51
1826.2
1498.4
1238.07
933.41
378.075
-360.127
-299.565
-219.84
-131.5
-43.3701
-862.261
-721.426
-541.545
-335.252
-113.442
-935.474
-782.167
-585.985
-361.781
-122.241
-1250.84
-1047.55
-786.565
-486.742
-164.686
-667.347
-550.292
-405.15
-245.977
-82.3502
8902.73
8362.33
7354.59
7140.8
6930.59
2871.56
2419.96
2277.43
1986.1
938.31
3288.86
2684.33
2322.94
1905.71
917.191
2542.44
2043.25
1737.63
1344.04
524.838
278.63
203.766
228.519
194.114
106.351
-3.38154
69.0625
108.515
100.394
40.908
2739.25
2225.56
1767.85
1254.37
486.829
-676.206
-364.104
-186.035
-84.5836
-27.1478
-395.538
-283.498
-172.536
-82.7534
-22.2989
-644.62
-420.521
-248.865
-127.212
-39.3572
-287.024
-243.384
-177.453
-103.392
-32.8221
4088.85
4112.01
3680.63
3762.43
3934.76
2485.64
1992.56
1708.44
1348.23
550.196
1202.84
1074.07
901.009
637.704
237.006
640.546
551.095
452.829
317.483
117.165
2753.1
2219.05
1718.36
1163.45
429.339
1330.74
1132.35
897.522
592.524
196.79
163.515
140.892
122.109
91.0845
33.8536
321.032
284.188
235.788
162.745
58.0084
-1028.3
-831.932
-603.472
-363.118
-120.961
-1042.03
-855.658
-627.394
-379.45
-126.611
736.471
629.73
501.439
336.659
121.114
620.69
530.069
422.547
283.828
101.634
6177.88
5083.8
4618.99
4617.59
3997.44
3611.92
2900.13
2372.61
1797.43
764.998
3579.62
3089.83
2668.24
2257.26
988.412
2065.92
1727.91
1415.59
1052.75
483.558
2960.29
2433.61
1886.21
1252.56
445.562
2636.43
1922.86
1616.86
1226.76
231.697
-61.6372
-37.6199
-5.82695
13.6309
7.40791
-1030.24
-853.17
-630.419
-383.458
-128.369
238.057
223.314
203.224
152.096
54.2025
-27935.7
-43787.1
-21122.3
-37232.3
-22525
-52434.4
-29648.8
-63737.2
-15778.9
-10547.7
-17568.6
-9414.45
-14756.4
-9676.86
-17732.6
-8393.77
-22926.6
-16079.4
-31834.8
-22913.4
-18033.3
-13169.4
-27425.4
-20507.7
-13868.8
-14044.7
-9682.59
-9287.58
-11728
-12457.6
-41973.6
-12904.8
-13374.2
-6365.98
-49448.7
-15694.8
-12150.4
-5840.09
-29308.7
-9663.82
-14866.4
-6940.84
-24575.5
-7505.67
-10963.4
-4658.25
-15060.1
-5658.29
-9533.86
-4256.1
-13937.8
-4966.68
-9928.34
-4785.76
-8511.58
-3246.15
-12082.1
-4289.06
-4739.9
-1754.21
-9898.75
-7097.61
-8085.88
-6006.84
-8620.22
-7342.47
-7209.36
-6316.15
-8064.48
-5870.62
-9296.94
-7272.25
-6080.11
-4450.92
-3618.78
-2562.23
-5513.46
-4634.77
-3162.94
-2530.64
-6125.12
-4192.32
-3682.81
-2245.55
-7190.26
-3803.91
-6118.9
-6598.56
-9319.68
-6537.89
-8669.89
-11201
-5136.85
-2155.41
-3962.68
-3988.75
-3004.71
-1073.35
-1889.54
-1570.9
-9600.74
-12223.9
-5483.65
-13759.4
-9512.89
-11928.3
-5987.68
-14233.7
-10532.3
-11529.8
-7443.4
-13950.5
-5873.67
-3615.05
-7525.3
-8731.93
-8965.65
-5434.35
-7499.25
-11228.4
-12813.7
-18127.3
-4859.55
-5515.99
-6714.34
-9147.65
-14513.7
-12919.9
-10649
-15993.3
-13266.4
-12551.9
-10939.2
-16011.5
-13374.9
-11481.2
-10170.2
-15140
-13292.8
-8037.51
-7551.84
-7945.33
-7183.7
-9103.66
-8087.82
-10440.5
-9229.59
-14546.8
-13348.5
-6646.75
-7297.1
-7347.11
-7157.13
-8379.34
-8125.45
-10145.2
-10049.4
-14526.7
-14267.3
-7818.92
-5327.1
-6552.6
-6717.01
-8236.26
-10410.6
-6929.26
-9856.1
-6396.69
-6479.66
-7939
-5601.25
-2484.76
-4810.24
-702.117
-1466.43
-4100.07
-7312.66
-1086.94
-2254.22
-2306.8
-4395.89
-678.293
-1397.09
-6341.37
-5303.6
-6608.78
-4043.04
-8799.08
-6110.25
-10301.2
-6658.87
-2907.7
-3354.83
-3740.87
-2060.73
-2216.85
-2384.79
-2567.77
-1903.32
-7767.28
-3002.24
-8253.83
-2872.61
-7955.89
-2979.53
-8662.27
-3191.58
-7609.17
-2804.36
-9385.33
-3710.96
-4237.73
-992.29
-5009.08
-1794.95
-5773.05
-2251.95
-6981.31
-2648.32
-9352.24
-3626.85
-5184.73
-830.681
-4399.43
-1468.89
-5040.01
-1854.55
-6552.11
-2429.7
-8469.35
-2766.06
-6075.73
-5931.02
-3853.72
-3765.46
-9607.08
-7639.36
-7384.07
-5858.13
-5348.64
-5008.25
-2041.18
-1697.51
-5001.15
-4897.71
-1732.95
-1666.59
-2370.39
-5672.61
-3623.44
-6851.13
-4732.94
-1933.36
-2985.89
-612.181
-6398.91
-2147.52
4075.47
1339.16
-134.282
80.0431
1127.11
1330.62
-2699.71
-1550.17
-1060.84
-457.502
-2682.55
-1699.07
-1135.77
-428.44
-2944.89
-2041.5
-1207.85
-258.216
-952.307
368.529
421.08
1083.35
-5017.48
-4958.24
-3664.41
-4211.44
-7140.06
-6906.5
-5795.1
-5827.21
-2520.55
-3257.56
-4128.24
-3986.6
-2455.9
-2818.41
-1137.03
-1200.17
-4095.63
-4005.39
-2259.04
-2014.45
-1259.8
-2023.07
-240.731
-690.558
-1659.79
-1068.45
-2670.27
-1668.87
-2841.73
-2231.84
-3341.55
-2574.91
-654.42
-222.523
-1611.57
-681.979
272.627
561.895
-413.399
247.11
-3113.13
-3262.18
-2731.04
-4408.54
-3202.87
-3411.14
-2880.43
-4518.45
-3777.22
-3530.83
-3269.63
-4425.1
-2164.28
-2539.14
-2842.23
-2875.12
-2793.22
-4285.75
-3497.35
-3438.42
-4368.23
-4887.74
-4373.85
-3404.63
-3001.89
-2913.53
-2414.53
-4417.45
-5657.2
-7655.91
-13237.9
-4209.64
-4799.27
-7201.36
-12319.2
-4233.71
-5187.61
-6613.35
-11035.1
-7430.9
-6435.12
-6072.56
-5372.13
-4415.36
-4918.08
-4814.41
-5896.19
-5696.73
-9891.67
-5037.49
-5870.57
-3750.61
-4862.97
-3227.82
-4518
-3601.37
-5357.94
-3514.64
-7931.43
-2317.38
-2477.33
-1229.28
-260.749
-4623.25
-4094.44
-3837.6
-2200.78
-657.09
-124.145
-1697.97
-2240.33
-2515.88
-597.956
-456.299
19.9473
-3861.06
-1880.95
-914.548
-475.425
-1816.48
-369.737
-209.179
160.626
-687.439
-1698.4
-1700.38
-4340.6
-1795.7
-3377.19
-2495.17
-6272.02
-1152.3
-1019.03
-748.865
-2713.46
289.581
463.99
873.091
-66.8135
-4770.25
-1566.5
-9761.61
-1403.53
-4111.25
-1688.87
-9227.22
-1393.39
-3662.18
-1090.21
-7704.59
-760.891
-3485.16
-753.315
-3126.35
-744.393
-3652.85
-1102.61
-3596.73
-608.825
-6910.34
-647.129
-4278.6
-536.929
-3886.33
-588.799
-4018.56
-802.337
-4256.93
-456.521
-6820.72
-712.435
-720.246
-206.665
-57.0824
193.324
-224.142
-53.0682
-17.1967
56.5305
-693.361
-166.327
-46.1379
191.458
-95.4302
37.0437
16.5976
69.0161
-750.294
-133.359
-10.4719
279.352
190.572
290.999
343.172
456.027
729.425
556.666
562.603
573.67
1061.33
774.31
629.63
466.576
-310.138
100.72
249.778
525.286
-313.106
146.684
199.059
585.039
-869.764
-128.341
32.0275
443.755
-697.131
-12.4248
49.8399
591.775
201.485
330.759
382.28
542.334
86.4844
306.155
309.092
514.225
628.492
520.877
452.13
402.224
506.864
458.557
378.761
382.794
-1187.84
-351.495
-139.092
334.174
-1629.79
-434.287
-269.287
539.075
-1159.35
-318.812
-138.579
330.994
-1579.77
-410.445
-263.341
519.314
-1154.12
-279.464
-159.887
319.044
-1424.5
-355.413
-255.249
454.782
-794.61
-94.8676
-76.8304
353.268
-1345.95
-269.482
-261.296
572.365
-595.873
-22.1444
14.9909
509.086
-1615.57
-338.8
-213.267
466.578
-708.953
-124.83
-52.2209
131.171
-1451.77
-287.25
-194.172
448.303
-658.272
-108.897
-48.4475
126.325
-1178.1
-194.948
-173.592
397.732
-548.067
-74.4938
-40.7585
119.979
-916.032
-124.752
-148.23
341.439
-461.118
-55.2373
-40.4848
106.942
-617.899
-34.5029
-67.3016
327.979
-257.283
6.49089
-6.79045
110.013
-233.785
123.675
158.571
400.633
150.335
200.974
171.668
216.311
-527.707
-14.9982
16.7034
341.068
-32.9528
98.3612
72.497
152.576
112.579
284.72
271.588
418.424
279.436
292.045
248.82
257.771
440.273
412.693
324.927
334.362
397.64
354.154
273.488
245.238
57.7824
20.8004
9.89833
5.87933
4.37573
24.8334
9.6343
4.72083
2.80585
2.07373
81.003
34.6249
18.3827
11.4082
8.61905
59.9022
29.6885
16.946
10.7879
8.20937
147.517
69.8769
39.1303
24.6495
18.6737
219.96
121.061
71.0918
45.5365
34.7068
229.059
129.054
75.9938
48.5993
36.9472
223.428
131.331
79.0356
50.991
38.8294
187.724
94.1165
53.4797
33.8525
25.7869
153.056
74.0895
41.7429
26.3023
20.0064
182.889
88.9909
50.5039
31.8716
24.1969
116.545
59.5265
34.263
21.6729
16.5268
212.942
110.777
63.5841
40.315
30.6263
189.348
99.7934
57.6678
36.6449
27.8993
208.986
121.281
72.7017
46.8328
35.648
202.363
117.551
70.3583
45.2832
34.4856
62.3555
18.7282
8.3903
4.89137
3.6164
28.9762
7.36853
3.10283
1.74809
1.26169
71.8056
25.603
12.7168
7.70083
5.74194
31.1845
8.98923
4.13716
2.42488
1.76266
88.9628
34.4567
17.9951
11.0277
8.21213
41.2996
16.8554
9.24094
5.82554
4.34627
149.721
69.7624
39.3356
24.6235
18.5241
71.846
33.5757
19.1456
12.0377
9.02754
129.026
71.4225
42.1593
26.8986
20.4772
-2749.89
-4150.07
-2624.17
-4060.79
-2415.35
-3775.6
-2279.26
-3593.1
-2290.35
-3922.88
-1290.1
-1846.71
-1820.8
-2764.99
-822.037
-1084.89
-289.22
-402.674
-7642.7
-1811.08
-410.147
-89.8907
-22.2824
-2013.81
-530.312
-140.801
-31.2158
-6.87669
-7502.26
-1757.96
-395.977
-86.2731
-21.3105
-2088.66
-602.626
-146.527
-33.6237
-8.33729
-7095.4
-1642.52
-367.25
-79.5919
-19.5862
-2019.99
-579.549
-139.915
-31.806
-7.81922
-6509.48
-1484.48
-330.027
-71.4331
-17.6006
-1910.75
-537.554
-127.58
-28.6023
-6.94631
-5601.3
-1262.18
-280.941
-61.1458
-15.1902
-1731.96
-468.831
-109.237
-24.2552
-5.85012
-3103.27
-746.004
-172.023
-38.3474
-9.70567
-851.983
-218.404
-47.749
-9.89126
-2.26217
-4346.28
-1016.38
-230.24
-50.6839
-12.7193
-1204.7
-317.166
-72.6527
-15.9797
-3.84293
-1940.57
-478.472
-111.943
-25.2073
-6.41927
-535.536
-140.805
-30.3727
-6.02259
-1.32273
-708.265
-177.229
-41.9037
-9.52708
-2.44592
-253.029
-60.9873
-12.5117
-3.45265
-0.517682
765.184
-1425.73
-5236.5
1851.19
-6492.67
-2843.76
-6360.56
-2872.55
-10717.3
-5826.48
-12563.6
-6861.67
-128.915
-524.053
-812.513
-936.524
-823.684
-449.829
-204.96
-793.672
-1203.87
-1329.04
-1081.64
-407.506
-102.006
-99.9712
-382.319
-359.014
-492.082
-473.708
-347.86
-355.027
-227.706
-262.523
-388.965
-292.252
475.876
1770.93
3445.51
2744.97
2493.91
1208.89
754.259
2270.52
3761.46
4154.42
3534.68
1628.85
-116.294
-98.3475
-74.5597
-46.4796
-15.7857
-473.4
-401.044
-304.608
-190.179
-64.6443
-733.908
-621.665
-472.138
-294.767
-100.196
-845.573
-715.912
-543.469
-339.187
-115.275
-743.255
-628.786
-476.887
-297.381
-101.015
-406.179
-343.456
-259.851
-161.441
-54.6794
-184.817
-156.223
-118.39
-73.7858
-25.0574
-716.673
-606.867
-460.77
-287.618
-97.7579
-1086.87
-920.172
-698.586
-436.073
-148.224
-1199.19
-1014.69
-770.022
-480.579
-163.347
-975.235
-824.554
-625.365
-390.183
-132.612
-367.94
-311.313
-235.938
-146.933
-49.8566
-92.074
-77.9233
-59.119
-36.874
-12.5264
-90.2886
-76.4635
-58.0513
-36.2281
-12.3109
-345.465
-292.766
-222.437
-138.905
-47.2187
-324.466
-275.024
-208.997
-130.532
-44.376
-444.592
-376.716
-286.18
-178.692
-60.7404
-428.006
-362.671
-275.519
-172.042
-58.4818
-314.275
-266.265
-202.219
-126.221
-42.8921
-320.617
-271.517
-206.145
-128.66
-43.7224
-205.531
-173.847
-131.696
-81.974
-27.8032
-236.643
-199.947
-151.441
-94.3286
-32.0191
-350.091
-294.982
-222.463
-137.912
-46.6628
-262.843
-221.39
-167.055
-103.694
-35.1255
424.449
356.629
271.507
171.48
58.9183
1573.82
1317.74
1001.47
632.853
217.693
3029.83
2521.91
1926.79
1236.21
431.197
2402.08
2022.31
1566.84
1027.03
377.803
2195.58
1852.2
1436.72
936.208
328.945
1095.48
940.102
733.049
471.897
161.184
673.61
565.491
428.609
268.912
91.9353
2022.77
1695.38
1285.58
808.519
277.095
3334.25
2787.33
2118.53
1341.49
462.94
3669.18
3067.48
2340.97
1494.31
521.304
3118.69
2608.98
1998
1281.65
447.329
1450.71
1224.51
944.136
607.274
211.641
301.719
692.549
972.196
1083.65
956.645
590.98
442.111
1022.51
1413.62
1505.6
1212.25
493.588
233.977
206.084
504.599
458.058
593.017
556.124
413.973
406.328
276.983
249.062
514.733
320.42
-314.157
-1538.61
-3027.1
-2194.52
-1812
-445.922
-690.831
-2166.67
-3518.6
-3718.31
-2893.7
-854.911
272.995
231.732
176.374
110.302
37.527
626.3
531.286
404.099
252.587
85.9139
878.965
745.403
566.807
354.225
120.474
979.494
830.441
631.33
394.494
134.162
864.672
733.032
557.195
348.11
118.372
535.372
454.685
345.793
215.864
73.3287
399.963
339.452
258.329
161.546
54.961
924.428
783.944
596.129
372.571
126.72
1277.52
1082.93
823.208
514.398
174.947
1359.99
1152.3
875.672
547.126
186.08
1094.5
926.94
704.234
440.001
149.657
446.613
378.922
288.071
179.891
61.1392
211.714
179.723
136.793
85.5469
29.1041
186.473
158.289
120.471
75.3357
25.6291
456.389
387.215
294.557
184.127
62.6277
414.308
351.52
267.405
167.155
56.8547
536.254
454.877
345.955
216.222
73.5372
502.875
426.54
324.385
202.733
68.949
374.426
317.675
241.633
151.018
51.357
367.346
311.515
236.859
148.008
50.3323
250.749
212.901
161.971
101.195
34.3983
225.124
190.855
145.063
90.6142
30.8071
465.698
395.053
300.233
187.402
63.67
289.563
245.379
186.378
116.337
39.5364
-276.656
-229.579
-173.504
-109.516
-37.7092
-1362.15
-1136.48
-862.303
-545.294
-187.81
-2646.62
-2191.55
-1671.67
-1075.24
-376.172
-1885.28
-1564.93
-1203.3
-791.413
-297.081
-1548.02
-1273.43
-970.495
-627.89
-219.776
-367.943
-286.305
-202.637
-118
-35.2127
-616.198
-516.747
-391.521
-245.742
-84.0585
-1929.45
-1616.86
-1226.47
-771.992
-264.764
-3113.56
-2598.98
-1974.53
-1251.32
-432.286
-3266.9
-2718.07
-2068.56
-1320.56
-461.696
-2522.29
-2085.92
-1585.53
-1015.25
-354.835
-727.581
-587.144
-438.611
-278.804
-97.1212
-1918.26
-1393.88
797.36
1300.41
1366.45
1893.3
1240.76
-9904.89
-1517.66
-2991.38
-1317.74
694.161
-4050.38
1013.58
2433.85
866.876
-4862.35
-1958.44
-497.623
-238.175
-2913.81
-710.173
240.877
204.768
1923.61
1877.69
-448.8
-246.227
-8262.84
-3808.13
-3508.96
-1787.1
-2902.85
-2151.56
738.134
1903.39
374.635
-1035.03
-878.391
-805.528
-946.503
-975.847
-975.081
-715.85
-585.574
-482.251
-212.227
725.723
617.849
468.619
290.55
98.1767
1171.88
990.561
751.649
469.486
159.673
1232.16
1041.84
790.067
492.862
167.534
1706.48
1442.52
1094.15
682.942
232.224
1119.74
947.262
717.991
447.427
152.085
-7232.57
-7069.26
-6529.96
-6945.59
-7576.46
-1063.97
-699.92
-841.772
-1002.43
-521.304
-2285.44
-1759.55
-1572.23
-1422.42
-755.576
-895.683
-636.131
-635.053
-600.217
-214.666
615.569
508.097
373.926
226.003
76.1557
-3376.17
-2730.38
-2159.29
-1526.27
-589.82
906.922
759.177
568.419
350.028
117.653
2119.39
1740.2
1313.56
837.108
293.712
782.541
660.822
497.601
306.796
102.874
-3174.74
-3301.34
-3066.69
-3467.97
-4100.74
-1461.43
-1031.4
-913.681
-819.489
-362.521
-399.56
-322.264
-278.772
-222.045
-89.1279
-176.737
-130.267
-112.87
-95.2388
-39.577
-2444.74
-1965.56
-1537.09
-1062.64
-399.797
-596.18
-465.291
-355.562
-233.905
-68.9027
237.553
213.21
158.263
89.8918
28.948
200.62
179.704
133.952
77.3627
25.6216
1720.4
1443.47
1089.98
680.001
231.683
1689.41
1424.7
1077.3
670.441
227.705
-377.546
-305.835
-240.361
-165.812
-61.4267
-196.431
-152.229
-121.517
-88.768
-33.9003
-5263.47
-4278.8
-3987.85
-4262.01
-3996.77
-2884.08
-2249.09
-1850.36
-1457.99
-649.008
-2634.65
-2242.66
-1968.04
-1794.82
-808.73
-1323.75
-1062.49
-881.056
-705.584
-368.951
-2465.87
-1998.04
-1542.63
-1031.98
-368.376
-1704.83
-1053.85
-908.617
-760.577
-45.8952
682.448
587.985
443.381
269.916
91.2127
1716.42
1450.64
1098.25
683.5
232.045
359.208
318.582
236.325
137.416
47.7918
-95.7512
-197.553
-232.152
-279.239
-406.868
-568.781
-19602.4
-16130.3
-15202
-18205.6
-13804.2
-10570.4
-12725.7
-9670.99
-17220.9
-13680.7
-14470.8
-12306.4
-12433.8
-9437.12
-11769.1
-16518.2
-14473
-12904.8
-14653
-12277.9
-9522.49
-10968.7
-8245.16
-15954.8
-13443.6
-14370.2
-12582.9
-12424.7
-10374.4
-12043.8
-12884.3
-11805.9
-10366.5
-11279.9
-10280.7
-8501.04
-9228.25
-7921.5
-13279.8
-12128
-12605.1
-11697.5
-11502.6
-9976.53
-11184.2
-8864.67
-8504.16
-7389.66
-7680.37
-7878.27
-7384.27
-7058.55
-7055.84
-9588.9
-10616.3
-9282.44
-10177.4
-8860.49
-8074.52
-9643.4
-5712.03
-5625.56
-4761.3
-4834.78
-5556.87
-5630.71
-4709.07
-4881.81
-6720.8
-8193.46
-6605.4
-7628.11
-6496.71
-6297.47
-7249.38
-2088.76
-2076.11
-1714.27
-1729.64
-2092.3
-2196.56
-1690.84
-1685.27
-2755.44
-3446.28
-2690.14
-3031.41
-2670.04
-2643.82
-2884.19
-7439.74
-7498.02
-10411.9
-11463.3
-7530.48
-7145
-9697.14
-8090.73
-7134.81
-4687.36
-7276.5
-4609.3
-7381.64
-7399.76
-4706.93
-7087.44
-6941.19
-9612.87
-10377.6
-6717.54
-5934.23
-8756.54
-7199.36
-5060.55
-2021.57
-5021.66
-2258.58
-4299.4
-4090.53
-2609.02
-5975.06
-5883.57
-8113.32
-8547.12
-5930.97
-5492.47
-7617.77
-6860.11
-2719.65
-1961.22
-2705.27
-2577.08
-2660.45
-2915.92
-3277.75
-4417.88
-4446.79
-5969.06
-6098.18
-4597.5
-4562.25
-5885.47
-5809.12
-2805.95
-1830.63
-3033.87
-2821.47
-3338.79
-3902.31
-3792.81
-2747.18
-2773.58
-3808.01
-3838.33
-2726.65
-2752.72
-3791.7
-3756.15
-1569.4
-1356.21
-1786.72
-2236.24
-2292.9
-2797.02
-2987.77
-925.444
-937.88
-1347.26
-1353.15
-937.921
-991.163
-1335.63
-1299.25
-273.833
-558.211
-450.072
-1006.2
-783.826
-1015.01
-1247.01
7017.64
21141.7
5372.48
23641.2
2946.23
25057.5
5042.8
39745.2
8249.07
49919.9
8443.11
35377.8
9000.85
31422.3
8761.23
26348.5
4174.69
2252.26
12588.4
5916.67
3895.58
1782.95
13590.1
5460.41
5355.23
3928.11
15715.6
11443.5
3624.32
2837.48
16126.1
12167.5
8158.14
2955.03
6148.72
2214.84
2797.53
7545.96
38830.2
11871.4
11637.1
5386.2
47202.3
14807.8
10885.6
5128.31
25663.2
8557.38
13066.2
5959.98
20848.7
6632.76
4672.93
2524.74
8272.79
3329.84
4166.96
2646.15
8885.26
3337.14
5607.36
3565.3
5556.13
2318.81
9956.28
3586.26
3922.22
1445.43
12118.4
9080.29
7368.58
6586.06
13678.4
11973.5
7423.47
7918.42
6790.89
5794.37
8793.32
7489.89
5502.37
4719.97
3206.53
2748.14
5517.43
5503.08
3168.32
3169.35
5247.29
4090.84
3075.69
2155.95
5808.81
3264.83
5802.75
6432.87
7669.41
5846.18
8266.14
10966.1
4264.88
1819.7
3739.8
3877.86
2422.96
843.397
1716.16
1488.63
5326.98
10848.6
3887.34
12286.6
5755.39
10972.9
4659.18
13067.2
7625.66
10936.2
6478.44
13341
8604.46
10485.7
6515.95
6517.28
8037.16
6914.72
7501.52
10268.2
11936.2
17555.5
9331.11
7426.88
7010.42
8891.04
14248.9
13523.1
13085.5
15816.8
15874.7
13193
13225.6
15852.1
15781.1
12204.3
12678.8
15235.7
15390.3
8712.46
9248.11
8391.17
8856.37
10159.9
10142.9
11843
11504.4
14922.4
15081.9
7957.5
8721.06
8915.82
9468.06
9890.89
10622.4
11354
12407.3
14928.8
16173.4
9285.11
6331.12
7521.87
7616.01
10477.2
11982.5
8521.37
11325.5
6860.83
7008.56
8717.71
6247.68
3149.59
5500.34
1288.56
2045.85
5276.2
8404.34
2071.35
3149.81
2615.5
4796.22
970.717
1742.19
6499.85
5560.52
6624.43
4132.45
9141.66
6507.62
10376.4
6907.57
3011.86
3544.25
3764.2
2127.87
2338.38
2566.13
2613.21
1984.59
11332.8
7437.74
2427.67
12266.4
7695.66
2655.94
11172.8
7283.41
2465.95
12281.9
7689.79
2599.11
10696.9
6865.12
2297.49
12095.9
7580.74
2602.94
6583.38
3731.42
959.847
7715.46
5261.64
1707.6
8800.09
6201.18
2089.49
9695.83
6295.02
2057.62
11735.7
7351.63
2599.07
7293.64
3977.54
1295.61
6922.56
4460.45
1540.22
7727.27
5077.94
1727.51
9169.69
5873.61
1998.9
11125
6459.01
2229.23
-495.057
987.86
438.072
2630.31
1740.46
1771.38
4498.3
3958.43
587.747
971.762
621.589
1015.65
337.209
945.299
625.323
1385.78
1893.97
1133.35
3821.8
2699.02
1755.78
2887.68
2916.39
851.611
5788.83
1852.08
-4036.48
-547.56
715.347
740.465
68.8726
236.027
10338.1
4635.63
2747.27
1659.88
10204
4714.95
3001.78
1969.08
9903.75
5188.57
4064.88
2942.29
3104.36
2065.42
1769.71
1616.94
13079.4
11448.1
5744.82
7343.06
14525
13572.2
7071.68
8490.18
5286.61
6381.86
11199.8
9277.37
3665.79
4797.31
2128.94
2800.35
4734.92
5538.45
2748.95
3183.5
3025.6
4215.77
1718.45
2570.5
4762.5
3466.92
5427.62
3761.98
8157.49
5012.3
7297.17
4956.15
2850.55
2368.69
3768.22
2582.24
1622.12
1498.92
2383.86
1587.77
12171.7
8351.3
6114.94
6525.65
12070.1
8290.03
6054.78
6390.39
12214.9
7934.59
6191.09
5948.76
13186.1
12627.9
12408.8
9648.35
5735.28
7706.42
9393.75
10058.4
9565.16
6922.7
10929
9895.77
8302.19
6821.72
4610.76
7356.2
7470.53
7497.44
9265.91
7274.46
7181.86
7297.36
9041.32
6876.57
6708.63
6913.97
8614.63
8669.86
8202.08
8193.51
7086.79
6256.5
6327.35
6167.27
6521.7
6037.63
8088.43
6347.11
7199.79
5387.45
6149.55
4897.03
5635.33
4921.47
5972.74
4625.63
7423.33
4740.98
3805.22
3241.36
1708.91
7194.01
5473.29
5811.83
3652.9
2530.76
1461.9
3748.54
3399.43
4232.24
1827.09
1979.35
1087.93
5451.41
3103.44
2249.44
1548.06
3484.19
1501.52
1777.89
897.053
2220.11
2682.73
2813.36
4782.36
3345.28
4117.8
3423.08
6241.45
2614
1949.34
2046
3403.07
1201.06
500.246
483.681
889.56
5949.59
2727.26
784.604
6484.46
1730.27
455.557
5748.3
2820.01
877.98
6416.17
1772.05
488.895
5177.58
2552.42
656.673
6078.28
1631.58
367.479
5533.62
3008.86
786.524
4747.18
2535.51
702.406
4754.99
2378.26
674.879
4787.22
2257.5
519.497
5734.02
1430.06
241.792
6151.64
3223.43
992.768
5394.28
2936.85
965.657
4968.28
2599.49
852.037
4885.08
1989.45
534.26
5924.99
1459.69
460.988
1816.46
698.601
325.609
1.06076
731.463
297.183
150.905
26.6575
1887.99
754.688
393.218
70.7961
896.204
406.035
258.427
121.066
2171.61
904.295
515.284
157.481
1548.08
804.695
463.115
218.274
1146.62
724.151
367.198
124.788
1199.16
828.249
498.299
283.131
1826.22
873.045
455.714
46.5919
1748.83
806.659
469.072
-45.3997
2297.82
969.355
558.264
120.617
2070.24
856.713
512.702
-76.3496
1388.39
765.959
406.975
54.2156
1361.44
715.445
438.49
71.2514
1034.78
669.561
430.907
254.139
948.187
600.494
418.022
243.694
2347.91
857.596
397.094
-98.2497
2483.01
839.66
431.717
-284.434
2340.78
870.582
432.84
-62.0645
2376.48
808.514
430.312
-262.809
2361.48
896.843
500.052
-8.77889
2132.17
733.488
427.706
-192.758
2193.66
865.27
553.859
138.688
2350.06
831.502
553.299
-191.236
1717.39
673.927
437.458
41.266
2077.96
619.885
318.492
-265.565
823.783
221.085
97.2162
-65.0493
2035.25
624.694
328.698
-236.676
831.693
231.03
108.192
-50.0245
1905.48
609.228
345.444
-186.101
796.964
233.106
122.431
-28.8312
1602.74
523.28
333.583
-130.338
701.314
206.862
131.867
-1.43961
1405.06
490.098
329.585
-54.3844
628.262
209.702
151.161
38.5681
1109.8
478.949
285.356
16.5249
574.923
293.631
184.625
100.385
1184.85
433.979
280.071
-18.6019
569.943
234.813
162.928
72.3431
984.337
515.776
314.536
78.3518
585.182
349.979
219.315
138.96
764.547
499.802
341.191
208.329
542.169
379.263
261.098
197.308
13.9343
12.2629
8.32715
5.55626
4.25117
8.29935
6.30214
4.17579
2.78185
2.13506
38.3522
27.2572
17.3966
11.4167
8.69747
41.6156
26.8863
16.5545
10.736
8.14699
93.0578
62.3339
38.8895
25.4354
19.3968
186.61
115.636
70.8979
46.0354
34.9898
192.489
122.112
75.7962
49.5096
37.7744
209.946
128.903
79.0709
51.4546
39.2539
124.31
83.5241
52.6044
34.5102
26.2438
98.2396
65.7016
41.4323
27.2715
20.7755
128.827
83.3226
51.6154
33.7874
25.7424
100.373
58.9683
35.8716
23.4156
17.7705
139.838
97.9308
62.3314
41.054
31.3537
135.949
90.6186
57.0426
37.4946
28.6079
187.191
117.736
72.5619
47.277
36.0537
179.831
113.549
70.0833
45.675
34.7862
4.66074
9.81502
7.05892
4.78629
3.71569
-1.20593
3.6828
2.80008
1.94143
1.54548
19.2588
18.1003
12.0395
8.02197
6.20616
2.07975
5.66935
4.01692
2.74365
2.17903
33.5732
27.9553
18.0997
12.033
9.31613
19.6126
14.6964
9.10652
5.91525
4.5852
107.701
68.8167
42.1861
27.6824
21.2448
53.6902
34.228
20.7624
13.5693
10.4471
138.259
75.8699
44.9581
29.0663
22.0771
2287.86
3997.21
2168.85
3879.64
2010.28
3604.49
1951.72
3460.26
2144.86
3977.57
1242.24
1854.13
1747.93
2790.22
811.25
1103.19
305.073
434.133
6844.28
1643.58
376.098
83.1302
20.7651
1829.03
484.405
129.321
28.9082
6.43201
6778.93
1605.26
364.443
79.9199
19.8613
1874.82
544.966
133.672
30.9139
7.71929
6566.11
1528.12
343.106
74.6464
18.4434
1819.81
527.476
128.402
29.3943
7.26996
6187.88
1411.74
314.035
68.0517
16.7984
1753.93
497.138
118.592
26.711
6.51256
5453.46
1224.95
272.161
59.197
14.7095
1639.5
443.454
103.374
22.9901
5.55345
3083.46
739.08
169.967
37.8113
9.55546
833.042
211.373
45.796
9.4174
2.13838
4292.58
1000.27
225.985
49.6643
12.452
1164.94
304.53
69.4978
15.2655
3.66768
1935.32
475.739
110.969
24.9227
6.33263
530.741
137.635
29.2596
5.70905
1.23102
709.185
176.325
41.4284
9.36393
2.39106
256.522
60.0566
11.9101
3.23936
0.446481
-1192.88
631.169
4096.03
-3496.59
923.61
983.95
2567.89
3129.61
2107.99
3407.72
2812.79
4252.53
2679.31
3501.92
1280.62
1869
1401
1631.31
942.223
975.432
2850.91
2260.54
-401.566
-964.741
-1046.76
-1398.11
-754.38
11794.4
3003.08
3972.54
3238.28
318.625
-89.0871
3266.64
-1058.38
-492.428
-882.451
-309.034
5826.55
2972.02
1291.45
718.131
3267.63
1472.42
187.967
348.602
-1183.81
-1182.29
823.643
695.191
9239.28
4577.09
4448.1
2568.12
3431.03
3121.43
-77.1736
-1160.1
245.826
2018.73
1811.15
1623.7
1557.24
1230.54
1826.21
1498.41
1238.09
933.428
378.084
-360.142
-299.578
-219.851
-131.507
-43.3726
-862.273
-721.438
-541.554
-335.258
-113.444
-935.488
-782.18
-585.996
-361.788
-122.244
-1250.85
-1047.56
-786.578
-486.751
-164.689
-667.368
-550.311
-405.166
-245.988
-82.3542
8902.62
8362.23
7354.51
7140.75
6930.63
2871.45
2419.83
2277.29
1985.95
938.213
3288.78
2684.26
2322.86
1905.65
917.16
2542.38
2043.2
1737.6
1344.02
524.842
278.599
203.734
228.49
194.091
106.347
-3.42401
69.0192
108.475
100.363
40.8959
2739.22
2225.53
1767.83
1254.36
486.825
-676.26
-364.165
-186.097
-84.6372
-27.1725
-395.575
-283.535
-172.569
-82.7771
-22.3077
-644.666
-420.57
-248.913
-127.25
-39.3729
-287.036
-243.395
-177.461
-103.397
-32.8236
4088.8
4111.96
3680.59
3762.41
3934.78
2485.58
1992.5
1708.38
1348.18
550.174
1202.78
1074
900.952
637.662
236.989
640.515
551.066
452.804
317.465
117.159
2753.08
2219.03
1718.35
1163.45
429.339
1330.7
1132.31
897.491
592.501
196.782
163.498
140.877
122.096
91.076
33.8506
321.005
284.163
235.766
162.731
58.003
-1028.33
-831.961
-603.498
-363.136
-120.968
-1042.06
-855.686
-627.419
-379.467
-126.618
736.444
629.706
501.418
336.645
121.108
620.664
530.046
422.527
283.814
101.629
6177.86
5083.8
4619.01
4617.63
3997.48
3611.91
2900.13
2372.62
1797.44
765.006
3579.58
3089.8
2668.22
2257.25
988.41
2065.9
1727.89
1415.58
1052.75
483.557
2960.27
2433.6
1886.2
1252.56
445.56
2636.38
1922.82
1616.82
1226.73
231.683
-61.6672
-37.6479
-5.85067
13.6147
7.40205
-1030.27
-853.195
-630.44
-383.473
-128.374
238.022
223.281
203.194
152.075
54.1946
-27996.3
-43566.5
-21100.1
-37258.4
-22502.9
-52454.2
-29759.8
-63570
-15772
-10545.5
-17577.2
-9415.77
-14750.3
-9675.23
-17737.5
-8394.06
-22951.1
-16082.3
-31661.9
-22757.9
-18018.7
-13164.6
-27446.4
-20527.2
-13876.1
-14040.2
-9684.36
-9285.67
-11726.7
-12466
-41987.2
-12907.8
-13376.9
-6367.47
-49456.3
-15696.8
-12151.7
-5840.95
-29320.3
-9666.62
-14869.8
-6942.45
-24588.3
-7508.11
-10939.3
-4625.86
-14910.9
-5587.41
-9534.47
-4253.43
-13954.2
-4969.22
-9929.11
-4785.3
-8516.81
-3247.45
-12088.7
-4291.05
-4741.75
-1754.82
-9897.65
-7097.05
-8086.1
-6006.77
-8619.45
-7342.03
-7209.27
-6315.99
-8065.07
-5870.7
-9296.28
-7271.94
-6081.07
-4451.16
-3619.38
-2562.45
-5513.91
-4634.86
-3163.29
-2530.77
-6126.3
-4192.63
-3683.44
-2245.78
-7191.33
-3804.3
-6119.11
-6598.71
-9319.77
-6537.92
-8669.9
-11201.1
-5138.17
-2155.88
-3962.99
-3988.92
-3005.29
-1073.56
-1889.72
-1570.99
-9622.76
-12266.5
-5472.49
-13811.9
-9514.77
-11921.4
-5988.13
-14229.9
-10531.3
-11526.9
-7442.94
-13949.3
-5872.6
-3614.47
-7524.4
-8731.93
-8965.53
-5433.84
-7497.91
-11226.7
-12812.4
-18126.8
-4859.14
-5515.36
-6713.87
-9147.51
-14513.9
-12954.5
-10670
-16053.7
-13254.5
-12548.5
-10937.8
-16011.9
-13384.7
-11479
-10168.5
-15140.4
-13295.9
-8037.15
-7551.62
-7944.21
-7182.97
-9102.32
-8086.84
-10439.1
-9228.8
-14547.1
-13349.7
-6646.53
-7296.93
-7346.55
-7156.71
-8378.71
-8125
-10144.8
-10049.2
-14527
-14267.8
-7818.5
-5326.9
-6552.42
-6716.9
-8235.99
-10410.5
-6929.1
-9855.95
-6396.61
-6479.62
-7938.67
-5601.11
-2484.79
-4810.21
-702.182
-1466.45
-4100.05
-7312.59
-1086.97
-2254.21
-2306.87
-4395.91
-678.373
-1397.13
-6341.41
-5303.64
-6608.9
-4043.12
-8798.96
-6110.24
-10301.3
-6659.01
-2907.8
-3354.89
-3740.98
-2060.79
-2216.94
-2384.85
-2567.84
-1903.36
-7763.92
-2995.87
-8230.71
-2858.49
-7953.17
-2978.3
-8666.98
-3193.61
-7607.42
-2803.68
-9387.18
-3711.62
-4237.59
-992.234
-5008.65
-1794.79
-5772.44
-2251.73
-6980.76
-2648.07
-9353
-3627.11
-5184.59
-830.605
-4399.13
-1468.71
-5039.74
-1854.42
-6552.03
-2429.66
-8469.77
-2766.26
-6077.75
-5931.57
-3847.6
-3764.15
-9605.75
-7638.88
-7380.11
-5857.25
-5346.34
-5002.47
-2034.95
-1694.08
-5008.88
-4900.68
-1734.55
-1666.49
-2368.08
-5674.89
-3622.53
-6852.18
-4733.74
-1930.57
-2984.62
-611.309
-6398.59
-2147.43
4078.71
1341.33
-132.963
81.2369
1130.2
1332.77
-2699.4
-1554.34
-1062.99
-461.031
-2682.98
-1701.38
-1134.93
-429.759
-2944.87
-2041.86
-1206.13
-258.532
-950.431
368.708
422.713
1084
-5017.94
-4958.43
-3664.04
-4211.31
-7139.99
-6906.45
-5794.78
-5827.05
-2520.14
-3257.38
-4128.55
-3986.65
-2455.29
-2818.18
-1136.62
-1199.98
-4095.45
-4005.29
-2258.99
-2014.41
-1259.1
-2022.78
-240.119
-690.272
-1659.23
-1068.17
-2669.99
-1668.52
-2841.6
-2231.36
-3341.3
-2574.33
-653.652
-222.161
-1611.25
-681.668
273.346
562.355
-413.073
247.411
-3112.27
-3262.63
-2732.24
-4403.67
-3203.91
-3409.38
-2880.31
-4508.7
-3777.79
-3530.45
-3268.33
-4421.02
-2164.94
-2539.21
-2842.83
-2874.82
-2791.98
-4286.1
-3498.35
-3439.27
-4367.82
-4885.41
-4373.9
-3404.93
-3002.02
-2913.24
-2413.72
-4408.52
-5629.79
-7637.44
-13212.9
-4203.9
-4791.64
-7186.12
-12306.3
-4232.58
-5186.85
-6607.81
-11031.6
-7431.42
-6435.44
-6073.52
-5372.73
-4416
-4918.56
-4814.21
-5896.03
-5694.63
-9890.69
-5037.67
-5870.69
-3751
-4863.22
-3228.13
-4518.24
-3601.41
-5358.07
-3513.91
-7931.31
-2317.64
-2477.49
-1229.33
-260.796
-4623.33
-4094.48
-3837.58
-2200.77
-657.093
-124.178
-1698.16
-2240.49
-2515.81
-597.944
-456.209
19.9833
-3861
-1880.93
-914.511
-475.402
-1816.37
-369.713
-209.05
160.678
-687.354
-1698.41
-1700.21
-4340.6
-1795.72
-3377.3
-2494.95
-6272.08
-1152.16
-1018.99
-748.68
-2713.41
289.732
464.057
873.268
-66.7391
-4745.6
-1555.7
-9751.05
-1399.94
-4105.27
-1688.97
-9218.71
-1392.41
-3661.85
-1090.24
-7702.4
-760.455
-3485.29
-753.348
-3126.6
-744.465
-3653.06
-1102.66
-3596.62
-608.749
-6909.88
-647.033
-4278.68
-536.968
-3886.5
-588.889
-4018.69
-802.361
-4256.94
-456.391
-6820.65
-712.252
-722.622
-209.108
-57.7058
193.218
-224.94
-54.2971
-17.5268
56.436
-693.884
-166.448
-46.2005
191.614
-95.7212
37.0232
16.5222
69.0305
-750.138
-133.246
-10.45
279.4
190.797
291.166
343.157
455.982
729.766
556.868
562.63
573.637
1061.76
774.556
629.731
466.6
-309.849
100.901
249.851
525.319
-312.768
146.884
199.144
585.077
-869.339
-128.129
32.0866
443.759
-696.652
-12.19
49.911
591.783
201.776
330.941
382.365
542.379
86.7607
306.333
309.183
514.271
628.792
521.06
452.229
402.267
507.102
458.716
378.855
382.846
-1191.14
-353.77
-139.534
334.807
-1633.41
-436.054
-270.01
540.106
-1158.87
-318.753
-138.626
331.06
-1576.32
-409.635
-263.102
518.971
-1153.3
-279.216
-159.859
319.004
-1422.8
-354.945
-255.162
454.637
-793.826
-94.5834
-76.8068
353.204
-1344.83
-269.114
-261.254
572.285
-595.332
-21.9161
15.0315
509.044
-1620.12
-340.704
-214.667
468.229
-712.816
-125.933
-52.6788
131.889
-1447.29
-286.316
-193.914
447.945
-657.077
-108.758
-48.4911
126.29
-1175.88
-194.441
-173.556
397.547
-547.138
-74.3145
-40.7731
119.899
-914.964
-124.446
-148.208
341.367
-460.609
-55.107
-40.4833
106.891
-617.321
-34.2943
-67.276
327.947
-256.983
6.59457
-6.7792
109.983
-233.559
123.81
158.629
400.655
150.538
201.09
171.713
216.324
-527.434
-14.866
16.7422
341.066
-32.7214
98.4659
72.524
152.565
112.793
284.864
271.662
418.465
279.61
292.162
248.879
257.803
440.458
412.827
325.006
334.412
397.782
354.261
273.552
245.281
57.0343
20.3842
9.68
5.76575
4.30824
24.4608
9.45882
4.65457
2.7953
2.08607
81.1935
34.7391
18.46
11.4654
8.67052
59.9756
29.7315
16.9724
10.8043
8.23118
147.603
69.9473
39.1871
24.6957
18.7165
219.941
121.084
71.1232
45.5656
34.7337
229.021
129.048
75.9979
48.6042
36.9459
223.433
131.34
79.0458
50.9999
38.8353
187.763
94.1602
53.5217
33.8902
25.8227
153.085
74.1173
41.7688
26.3251
20.0274
182.925
89.0373
50.5481
31.9097
24.2301
116.561
59.5529
34.2899
21.6965
16.5471
212.972
110.806
63.6113
40.3392
30.6485
189.373
99.8172
57.69
36.6645
27.9169
209.005
121.298
72.7162
46.845
35.658
202.389
117.57
70.3745
45.2966
34.4971
61.8099
18.3554
8.14636
4.72101
3.46167
28.8266
7.24403
3.01524
1.68367
1.18911
71.8455
25.6023
12.6995
7.67472
5.69001
31.1384
8.9329
4.0796
2.3672
1.68926
88.9541
34.4357
17.9676
10.996
8.16672
41.2705
16.8256
9.21048
5.79413
4.30555
149.72
69.7707
39.3421
24.6248
18.5125
71.8257
33.5615
19.1311
12.0208
9.00032
129.035
71.4521
42.1907
26.9254
20.4961
-2735.24
-4149.8
-2623.96
-4062.08
-2414.96
-3775.86
-2278.96
-3593.06
-2290.24
-3922.86
-1290.12
-1846.73
-1820.78
-2765
-822.071
-1084.92
-289.257
-402.703
-7663.12
-1813.96
-410.704
-90.0126
-22.313
-2028.51
-534.349
-141.642
-31.4049
-6.92661
-7490.85
-1754.06
-394.915
-86.0089
-21.2376
-2087.16
-601.864
-146.278
-33.5527
-8.31634
-7090.76
-1640.61
-366.669
-79.4363
-19.5409
-2018.22
-578.738
-139.656
-31.7344
-7.79835
-6507.76
-1483.65
-329.744
-71.3512
-17.5753
-1909.74
-537.054
-127.411
-28.554
-6.93185
-5600.76
-1261.87
-280.821
-61.1083
-15.1779
-1731.52
-468.588
-109.149
-24.2286
-5.8418
-3103.25
-745.966
-172.003
-38.3402
-9.70293
-851.928
-218.36
-47.7296
-9.8846
-2.25985
-4346.15
-1016.27
-230.193
-50.668
-12.7137
-1204.55
-317.071
-72.6147
-15.9675
-3.83892
-1940.58
-478.459
-111.935
-25.2041
-6.41798
-535.522
-140.788
-30.3636
-6.0192
-1.32147
-708.274
-177.228
-41.902
-9.52623
-2.44555
-253.035
-60.9848
-12.5096
-3.45173
-0.517305
767.256
-1425.31
-5234.94
1856.31
-6500.9
-2837.31
-6371.35
-2874.49
-10718.6
-5822.85
-12603.4
-6855.78
-128.914
-524.054
-812.516
-936.528
-823.689
-449.834
-204.959
-793.674
-1203.88
-1329.04
-1081.64
-407.509
-102.006
-99.9707
-382.319
-359.015
-492.084
-473.71
-347.861
-355.029
-227.708
-262.525
-388.971
-292.255
475.871
1770.93
3445.5
2744.96
2493.9
1208.89
754.259
2270.52
3761.46
4154.42
3534.68
1628.86
-116.293
-98.3468
-74.5592
-46.4793
-15.7856
-473.401
-401.045
-304.608
-190.18
-64.6444
-733.91
-621.667
-472.14
-294.768
-100.197
-845.577
-715.915
-543.472
-339.189
-115.276
-743.259
-628.79
-476.89
-297.383
-101.015
-406.184
-343.46
-259.854
-161.443
-54.6801
-184.816
-156.222
-118.389
-73.7854
-25.0573
-716.675
-606.868
-460.771
-287.619
-97.7582
-1086.87
-920.175
-698.588
-436.074
-148.225
-1199.19
-1014.69
-770.026
-480.581
-163.348
-975.239
-824.558
-625.368
-390.186
-132.613
-367.943
-311.315
-235.94
-146.934
-49.8571
-92.0734
-77.9228
-59.1186
-36.8737
-12.5263
-90.2881
-76.4631
-58.051
-36.2279
-12.3108
-345.466
-292.767
-222.437
-138.905
-47.2188
-324.467
-275.025
-208.998
-130.532
-44.3761
-444.593
-376.717
-286.181
-178.693
-60.7407
-428.007
-362.673
-275.52
-172.042
-58.4821
-314.276
-266.266
-202.22
-126.222
-42.8923
-320.618
-271.518
-206.146
-128.661
-43.7227
-205.533
-173.849
-131.698
-81.9749
-27.8035
-236.644
-199.948
-151.442
-94.3294
-32.0194
-350.096
-294.986
-222.467
-137.914
-46.6637
-262.846
-221.393
-167.057
-103.696
-35.126
424.446
356.626
271.505
171.479
58.9179
1573.81
1317.74
1001.47
632.853
217.693
3029.83
2521.91
1926.79
1236.21
431.198
2402.08
2022.31
1566.84
1027.03
377.804
2195.58
1852.2
1436.73
936.213
328.947
1095.49
940.11
733.058
471.905
161.187
673.61
565.491
428.61
268.912
91.9355
2022.77
1695.38
1285.58
808.523
277.096
3334.25
2787.34
2118.54
1341.5
462.943
3669.19
3067.48
2340.98
1494.32
521.307
3118.7
2608.99
1998.01
1281.66
447.332
1450.71
1224.52
944.145
607.282
211.644
301.721
692.553
972.202
1083.65
956.65
590.985
442.114
1022.52
1413.63
1505.6
1212.25
493.592
233.979
206.086
504.602
458.061
593.021
556.128
413.975
406.33
276.986
249.064
514.738
320.423
-314.153
-1538.6
-3027.09
-2194.5
-1811.99
-445.914
-690.83
-2166.67
-3518.6
-3718.31
-2893.7
-854.904
272.997
231.734
176.376
110.303
37.5274
626.304
531.29
404.102
252.589
85.9145
878.97
745.407
566.81
354.227
120.475
979.5
830.446
631.334
394.497
134.163
864.678
733.037
557.199
348.112
118.373
535.377
454.69
345.796
215.866
73.3294
399.967
339.455
258.331
161.547
54.9615
924.433
783.949
596.133
372.574
126.721
1277.52
1082.93
823.213
514.401
174.949
1360
1152.31
875.677
547.129
186.081
1094.5
926.945
704.238
440.004
149.658
446.617
378.924
288.074
179.892
61.1397
211.716
179.725
136.794
85.5477
29.1044
186.474
158.29
120.473
75.3364
25.6294
456.392
387.218
294.558
184.129
62.6281
414.31
351.522
267.407
167.156
56.8551
536.257
454.88
345.957
216.223
73.5377
502.878
426.542
324.387
202.734
68.9494
374.428
317.677
241.634
151.019
51.3574
367.348
311.517
236.86
148.009
50.3326
250.751
212.903
161.972
101.196
34.3987
225.125
190.857
145.065
90.615
30.8074
465.703
395.057
300.237
187.404
63.6708
289.565
245.381
186.38
116.339
39.5369
-276.653
-229.577
-173.502
-109.515
-37.7089
-1362.15
-1136.47
-862.304
-545.295
-187.811
-2646.62
-2191.55
-1671.67
-1075.24
-376.173
-1885.27
-1564.92
-1203.3
-791.41
-297.08
-1548.01
-1273.42
-970.486
-627.883
-219.774
-367.934
-286.294
-202.627
-117.991
-35.2088
-616.198
-516.747
-391.522
-245.743
-84.0588
-1929.46
-1616.87
-1226.48
-771.996
-264.766
-3113.56
-2598.98
-1974.54
-1251.32
-432.288
-3266.9
-2718.07
-2068.57
-1320.57
-461.698
-2522.28
-2085.91
-1585.53
-1015.26
-354.835
-727.574
-587.138
-438.606
-278.8
-97.1197
-1918.24
-1393.86
797.373
1300.42
1366.46
1893.32
1240.77
-9904.74
-1517.58
-2991.32
-1317.71
694.179
-4050.37
1013.59
2433.87
866.885
-4862.27
-1958.4
-497.592
-238.157
-2913.79
-710.147
240.892
204.787
1923.63
1877.71
-448.788
-246.212
-8262.77
-3808.11
-3508.91
-1787.07
-2902.83
-2151.51
738.157
1903.41
374.658
-1035
-878.365
-805.501
-946.481
-975.842
-975.067
-715.836
-585.56
-482.24
-212.222
725.736
617.86
468.628
290.557
98.1789
1171.89
990.572
751.658
469.493
159.675
1232.17
1041.85
790.076
492.869
167.537
1706.49
1442.53
1094.16
682.951
232.227
1119.75
947.278
718.005
447.437
152.089
-7232.55
-7069.3
-6530.04
-6945.73
-7576.7
-1063.96
-699.926
-841.754
-1002.37
-521.212
-2285.43
-1759.56
-1572.24
-1422.42
-755.567
-895.683
-636.141
-635.066
-600.23
-214.675
615.586
508.114
373.944
226.018
76.1629
-3376.18
-2730.41
-2159.33
-1526.31
-589.841
906.937
759.192
568.434
350.04
117.658
2119.41
1740.23
1313.59
837.139
293.726
782.551
660.832
497.61
306.802
102.876
-3174.71
-3301.33
-3066.7
-3468
-4100.83
-1461.4
-1031.38
-913.658
-819.466
-362.508
-399.536
-322.244
-278.753
-222.028
-89.1193
-176.722
-130.255
-112.861
-95.2315
-39.5741
-2444.73
-1965.57
-1537.1
-1062.66
-399.806
-596.157
-465.269
-355.542
-233.889
-68.8958
237.566
213.222
158.273
89.8988
28.9505
200.637
179.72
133.966
77.3721
25.6252
1720.42
1443.49
1090
680.016
231.689
1689.43
1424.72
1077.32
670.454
227.71
-377.537
-305.829
-240.356
-165.809
-61.4257
-196.419
-152.219
-121.51
-88.7629
-33.8985
-5263.45
-4278.8
-3987.87
-4262.06
-3996.84
-2884.07
-2249.09
-1850.36
-1457.99
-649.013
-2634.61
-2242.63
-1968.02
-1794.81
-808.724
-1323.73
-1062.47
-881.043
-705.576
-368.95
-2465.86
-1998.03
-1542.63
-1031.98
-368.377
-1704.8
-1053.83
-908.598
-760.563
-45.8863
682.47
588.005
443.398
269.928
91.2172
1716.45
1450.66
1098.26
683.512
232.05
359.23
318.603
236.343
137.429
47.7974
-95.7656
-197.572
-232.164
-279.242
-406.866
-568.777
-19699.6
-16120.7
-15200.4
-18307.8
-13799.2
-10567.9
-12723.8
-9669.85
-17298.1
-13741.3
-14463
-12304.9
-12429.5
-9434.56
-11766.7
-16593.3
-14466
-12904
-14725.3
-12274.1
-9520.35
-10967.7
-8244.44
-15996.7
-13485.1
-14361.3
-12576.6
-12420.2
-10371.8
-12039.9
-12928.2
-11802.2
-10366.7
-11321.8
-10278.2
-8499.5
-9227.88
-7921.07
-13295.8
-12140.2
-12598
-11690.4
-11499
-9974.41
-11180.4
-8881.41
-8502.82
-7390.34
-7695.58
-7876.94
-7383.26
-7058.55
-7055.64
-9600.83
-10614.6
-9278.08
-10168
-8857.63
-8072.86
-9639.43
-5717.21
-5624.94
-4761.65
-4839.3
-5556.04
-5630.04
-4709.04
-4881.67
-6728.84
-8182.33
-6602.41
-7616.85
-6494.44
-6296.2
-7245.1
-2089.94
-2076.01
-1714.35
-1730.57
-2092.06
-2196.34
-1690.82
-1685.21
-2765.87
-3450.18
-2689.61
-3027.2
-2669.31
-2643.38
-2882.56
-7462.35
-7511.18
-10420.4
-11513.6
-7535.63
-7147.12
-9699.7
-8091.48
-7149.87
-4684.82
-7287.46
-4613.3
-7385.76
-7401.94
-4709.34
-7104.49
-6949.93
-9618.41
-10416.8
-6721.79
-5936.2
-8758.84
-7200.18
-5079.31
-2015.27
-5030.16
-2261.58
-4302.84
-4092.46
-2610.67
-5984.21
-5888.93
-8116.94
-8570.9
-5933.98
-5494.01
-7619.54
-6860.87
-2722.77
-1958.49
-2710.49
-2582.8
-2663.03
-2917.41
-3279.6
-4418.71
-4449.36
-5970.95
-6106.6
-4599.23
-4563.28
-5886.52
-5809.64
-2797.55
-1819.48
-3037.67
-2827.88
-3340.98
-3903.54
-3795
-2745.13
-2774.23
-3808.69
-3840.43
-2727.41
-2753.27
-3792.16
-3756.4
-1555.82
-1346.89
-1787.84
-2242.6
-2294.2
-2797.81
-2989.93
-924.142
-937.803
-1347.35
-1353.41
-938.06
-991.301
-1335.72
-1299.31
-264.89
-552.393
-449.716
-1008.39
-784.1
-1015.21
-1247.74
)
;

boundaryField
{
    patch1
    {
        type            calculated;
        value           nonuniform List<scalar> 
2440
(
0
0
3121.48
-77.1428
-1160.08
245.861
-2151.56
738.134
1903.39
374.635
0
0
3121.43
-77.1736
-1160.1
245.826
-2151.51
738.157
1903.41
374.658
0
0
0
0
0
0
0
0
-686.281
0
0
0
0
0
0
0
0
2850.93
2260.54
-401.551
-964.728
-1046.75
-1398.09
-754.359
11794.6
3003.19
3972.62
3238.37
318.663
-89.0465
3266.69
-1058.33
-492.392
-882.409
-309.021
5826.61
2972.08
1291.52
718.163
3267.66
1472.46
187.984
348.63
-1183.78
-1182.26
823.671
695.219
9239.34
4577.11
4448.14
2568.15
3431.05
-99.0798
-102.006
-99.9712
-382.319
-359.014
-492.082
-473.708
-347.86
-355.027
-227.706
-262.523
-388.965
-292.252
233.977
206.084
504.599
458.058
593.017
556.124
413.973
406.328
276.983
249.062
514.733
320.42
-1918.26
-1393.88
797.36
1300.41
1366.45
1893.3
1240.76
-9904.89
-1517.66
-2991.38
-1317.74
694.161
-4050.38
1013.58
2433.85
866.876
-4862.35
-1958.44
-497.623
-238.175
-2913.81
-710.173
240.877
204.768
1923.61
1877.69
-448.8
-246.227
-8262.84
-3808.13
-3508.96
-1787.1
-2902.85
0
0
0
0
0
0
0
0
-686.937
0
0
0
0
0
0
0
0
2850.91
2260.54
-401.566
-964.741
-1046.76
-1398.11
-754.38
11794.4
3003.08
3972.54
3238.28
318.625
-89.0871
3266.64
-1058.38
-492.428
-882.451
-309.034
5826.55
2972.02
1291.45
718.131
3267.63
1472.42
187.967
348.602
-1183.81
-1182.29
823.643
695.191
9239.28
4577.09
4448.1
2568.12
3431.03
-98.602
-102.006
-99.9707
-382.319
-359.015
-492.084
-473.71
-347.861
-355.029
-227.708
-262.525
-388.971
-292.255
233.979
206.086
504.602
458.061
593.021
556.128
413.975
406.33
276.986
249.064
514.738
320.423
-1918.24
-1393.86
797.373
1300.42
1366.46
1893.32
1240.77
-9904.74
-1517.58
-2991.32
-1317.71
694.179
-4050.37
1013.59
2433.87
866.885
-4862.27
-1958.4
-497.592
-238.157
-2913.79
-710.147
240.892
204.787
1923.63
1877.71
-448.788
-246.212
-8262.77
-3808.11
-3508.91
-1787.07
-2902.83
0
0
10.4064
22.0739
9.02754
20.4772
-568.781
0
0
0
0
0
0
10.4471
22.0771
9.00032
20.4961
-568.777
0
0
0
0
0
-21.1379
1340.96
1514.61
750.342
305.333
309.682
238.176
196.935
824.756
482.588
1545.13
2302.66
-59.3523
-164.084
1240.8
1045.24
0
0
0
0
0
0
0
0
0
0
0
0
0
0
0
0
0
0
0
0
0
0
0
0
0
0
0
0
0
0
0
0
0
-264.115
-64.5546
-236.874
-50.0541
-186.228
-28.8923
-130.404
-1.48288
-54.4411
38.5303
16.4722
100.343
-18.6522
72.3033
78.297
138.914
208.274
197.261
4.48698
2.31325
8.69448
8.13863
19.4056
34.9967
37.7601
39.2447
26.2591
20.7806
25.7499
17.7752
31.3576
28.6087
36.0475
34.7805
3.7681
1.5393
6.12514
2.09903
9.2518
4.53663
21.2082
21.0194
5.53895
20.1888
6.93159
18.7225
6.53499
17.0311
5.82876
14.9031
4.92765
9.66226
2.00907
12.6337
3.26712
6.38296
1.23331
2.4035
0.460697
-1204.79
-201.205
-4001.39
140.015
6258.77
6763.25
5003.78
4393.54
5431.67
4839.36
673.48
635.417
-661.101
-1207.74
-554.009
299.778
260.841
74.0185
139.419
-729.63
-471.087
-1477.7
-2212.13
186.454
205.424
-1066.15
-967.448
-0.305229
0.0263825
0
0
0
0
0
0
0
0
0
0
0
0
0
0
0.494531
-0.210707
0
0
0
0
0
0
0
0
0
0
0
0
0
0
466.578
131.171
448.303
126.325
397.732
119.979
341.439
106.942
327.979
110.013
400.633
216.311
341.068
152.576
418.424
257.771
334.362
245.238
4.37573
2.07373
8.61905
8.20937
18.6737
34.7068
36.9472
38.8294
25.7869
20.0064
24.1969
16.5268
30.6263
27.8993
35.648
34.4856
3.6164
1.26169
5.74194
1.76266
8.21213
4.34627
18.5241
-22.5841
-5.95673
-21.5893
-7.46813
-19.8371
-7.01816
-17.8184
-6.21837
-15.3767
-5.19924
-9.81039
-2.12965
-12.8979
-3.43263
-6.4684
-1.32371
-2.45794
-0.531454
777.76
-770.538
2575.88
231.114
131.261
769.224
590.666
-0.562639
-0.156685
-0.138475
-0.628977
0
0
0
0
0
0
0
0
0
0.593285
0.224143
0.373684
0.719331
0
0
0
0
0
0
0
0
0
0
-21.0987
1340.98
1514.67
750.42
305.348
309.671
238.208
196.926
824.806
482.561
1545.2
2302.56
-59.3256
-164.096
1240.8
1045.22
0
0
0
0
0
0
0
0
0
0
0
0
0
0
0
0
0
0
0
0
0
0
0
0
0
0
0
0
0
0
0
0
0
-265.565
-65.0493
-236.676
-50.0245
-186.101
-28.8312
-130.338
-1.43961
-54.3844
38.5681
16.5249
100.385
-18.6019
72.3431
78.3518
138.96
208.329
197.308
4.25117
2.13506
8.69747
8.14699
19.3968
34.9898
37.7744
39.2539
26.2438
20.7755
25.7424
17.7705
31.3537
28.6079
36.0537
34.7862
3.71569
1.54548
6.20616
2.17903
9.31613
4.5852
21.2448
21.0416
5.58507
20.1193
6.91367
18.6791
6.51637
17.0067
5.81558
14.891
4.91991
9.65947
2.00675
12.6281
3.26327
6.38162
1.232
2.40307
0.460243
-1205.06
-202.861
-4004.1
-83.9424
6234.62
6747.65
4997.4
4388.38
5423.22
4831.37
361.324
635.494
-661.102
-1207.81
-554.015
299.738
260.807
73.9464
139.369
-729.724
-471.158
-1477.82
-2212.27
186.373
205.37
-1066.21
-967.492
-0.301886
0.0284321
0
0
0
0
0
0
0
0
0
0
0
0
0
0
0.498703
-0.209697
0
0
0
0
0
0
0
0
0
0
0
0
0
0
468.229
131.889
447.945
126.29
397.547
119.899
341.367
106.891
327.947
109.983
400.655
216.324
341.066
152.565
418.465
257.803
334.412
245.281
4.30824
2.08607
8.67052
8.23118
18.7165
34.7337
36.9459
38.8353
25.8227
20.0274
24.2301
16.5471
30.6485
27.9169
35.658
34.4971
3.46167
1.18911
5.69001
1.68926
8.16672
4.30555
18.5125
-22.6132
-6.00756
-21.5155
-7.44918
-19.7913
-6.99848
-17.7929
-6.20452
-15.3643
-5.19119
-9.80765
-2.12734
-12.8922
-3.42869
-6.46712
-1.32245
-2.45756
-0.531077
779.888
-769.077
2580.36
230.128
152.301
785.305
562.674
-0.56406
-0.156773
-0.138603
-0.63472
0
0
0
0
0
0
0
0
0
0.589961
0.224228
0.373784
0.711458
0
0
0
0
0
0
0
0
0
10260.9
10062.2
0
10260.4
10061.5
0
0
0
0
0
0
0
0
0
5319.68
10841.4
5750.49
11006.6
7629.21
10913.5
8604.45
10485.4
6519.48
13502.2
13049.1
13199.1
13229.1
12207
12667.1
11335.7
7445.86
2429.91
11176.1
7285.71
2471.21
10695.7
6864.16
2296.32
0
0
0
0
0
0
0
0
12170.8
8330.98
12072.2
8275.28
12221.4
7924.67
13185.9
12627.5
12414.2
7344.83
7477.43
7277.83
7187.65
6878.51
6709.36
5950.27
2728.47
776.232
5750.86
2818.41
881.859
5177.82
2551.85
656.452
-24.4935
-196.272
-461.312
-617.037
-278.319
177.906
157.847
144.71
82.7087
-1.12539
2.17728
70.0089
141.505
-97.1434
-261.757
-343.599
-164.174
-67.5163
0
0
0
0
0
0
0
0
5326.98
10864.8
5755.39
10999.5
7629.82
10910.7
8604.46
10485.7
6519.53
13523
13055.7
13193
13226.1
12204.4
12665.6
11332.8
7437.74
2431.98
11172.8
7283.41
2469.91
10694.4
6863.13
2295.86
0
0
0
0
0
0
0
0
12171.7
8346.75
12070.1
8271.25
12219.3
7922.39
13186.1
12627.9
12413.6
7356.24
7483.32
7274.47
7184.02
6876.58
6707.92
5949.59
2727.26
776.946
5748.3
2820.01
882.678
5177.06
2552.27
656.725
-19.5044
-198.093
-463.16
-618.284
-278.984
177.781
157.558
144.653
82.6731
-1.6926
3.77409
71.5373
142.434
-96.7293
-261.742
-343.474
-164.2
-67.5511
7706.32
9393.82
47.0953
26.6507
15.579
9.90757
7.55947
106.443
57.8597
34.1306
21.9963
16.6964
3713.78
2048.26
6914.72
7501.52
-3028.17
-543.914
46.6824
25.6657
15.3792
9.96687
7.5352
96.6936
54.405
32.3052
20.6922
15.7591
0
0
0
0
0
8712.54
9237.56
8391.5
8872.31
10160.7
10141.3
6583.56
3731.56
959.897
7715.78
5261.88
1707.69
8799.59
6202.03
2091.07
-4399.43
-1468.89
-5040.01
-1854.55
-6552.11
-2429.7
-8469.35
-2766.06
3405.95
1831.39
2349.49
1723.83
848.412
567.789
506.432
439.747
1120.12
792.684
626.429
443.693
179.822
103.521
61.4665
39.4298
30.0065
218.89
129.282
77.9495
50.3234
38.3354
225.605
541.005
770.454
858.577
1001.25
1388.11
204.129
173.267
131.863
82.4556
28.051
489.318
415.14
315.786
197.391
67.1393
696.612
590.787
449.242
280.747
95.4809
775.837
657.57
499.773
312.237
106.179
903.907
765.394
581.338
363.1
123.473
1251.21
1057.94
802.879
501.451
170.559
1264.52
1124.2
939.355
710.221
445.927
152.927
6922.56
4460.45
1540.22
7727.27
5077.94
1727.51
9169.69
5873.61
1998.9
11125
6459.01
2229.23
-1912.43
230.043
-235.111
938.358
8669.86
8200.27
8193.5
7086.51
6256.53
6324.36
5533.62
3008.86
786.525
4747.18
2535.51
702.406
4753.22
2376.91
673.529
812.083
564.868
304.694
142.829
1119.88
794.772
490.025
297.041
162.822
100.241
61.6602
40.1555
30.6105
209.016
127.578
78.0996
50.7901
38.7366
-1135.71
-982.663
-795.056
-581.71
-355.565
-120.064
-118.771
-435.342
-668.819
-767.242
-957.722
-1274.32
-107.29
-90.8826
-69.0153
-43.0794
-14.6411
-393.458
-333.505
-253.44
-158.292
-53.8156
-604.231
-511.925
-388.859
-242.798
-82.534
-692.482
-586.055
-444.723
-277.485
-94.2934
-862.936
-728.944
-552.243
-344.204
-116.908
-1144.82
-963.997
-728.419
-453.332
-153.886
6914.69
7501.66
-3029.77
-545.421
46.7011
25.6779
15.3913
9.98111
7.55805
96.6884
54.3834
32.2821
20.6725
15.7459
0
0
0
0
0
7706.42
9393.75
47.1537
26.6946
15.6127
9.93642
7.5935
106.493
57.8818
34.1385
21.9983
16.7001
3716.4
2050.4
8252.49
49999.7
8450.53
35369.2
9014.04
31419.9
8880.08
26981.7
12280.2
7708.14
2661.2
12281.8
7690.84
2599.99
12096
7581.29
2603.31
11735.9
7351.99
2599.28
11125.2
6459.31
2229.39
116.889
-123.29
-843.226
-1427.5
-2456.67
562.015
-139.521
-84.5803
-38.4445
491.361
54.7082
35.7418
33.2706
29.0768
406.742
249.812
216.194
184.643
14.563
5.70063
3.28323
2.67152
110.981
44.8771
25.4197
20.9757
249.365
105.826
63.4912
52.6708
348.743
161.037
101.094
84.9637
335.544
193.067
122.164
105.977
275.013
256.133
163.239
135.931
243.204
210.905
138.48
123.416
383.066
316.31
203.04
162.124
471.361
363.898
254.36
205.659
10.5891
5.78439
3.32196
2.08383
1.56398
75.0489
42.8598
25.125
15.9624
12.0489
86.5315
54.2336
33.6485
22.0265
16.7533
86.3123
47.2891
28.1537
18.2127
13.7794
129.666
83.849
52.401
34.3694
26.2084
179.597
112.459
69.2728
45.1199
34.3548
2.65505
1.2505
0.66297
0.397045
0.292836
17.5376
8.19709
4.38848
2.64735
1.95949
36.3217
17.8336
9.86155
6.04272
4.53469
283.344
126.622
-145.919
-569.517
-78.9727
215.098
445.366
68.8136
95.594
183.629
49.3899
12.7884
2.86471
0.469054
163.312
53.3867
13.9515
3.33054
0.665217
108.906
44.4563
12.2981
2.93107
0.561407
44.1331
23.2995
6.01269
1.24047
0.0696001
-31.0198
-29.5413
-11.046
-3.32423
-1.22447
-150.459
-83.0272
-27.9146
-7.90128
-2.46977
-193.555
-97.7617
-30.4776
-8.15462
-2.47644
-56.784
-37.3751
-14.4799
-4.54001
-1.51622
69.0815
3.38972
-2.41283
0.103831
-0.456907
2680.87
3512.31
1281.9
1868.8
1401.5
1621.1
980.319
1010.97
-1284.35
-3541.28
-2308.7
-1350.08
-1142.91
-952.433
-713.268
-441.439
-149.518
-1778.52
-1246.86
-819.146
-683.075
-416.328
-1608.18
-1043.81
-698.473
-438.406
-167.401
-1136
-894.593
-644.044
-392.497
-133.245
-8253.83
-2872.61
-8662.27
-3191.58
-9385.33
-3710.96
-9352.24
-3626.85
-8469.35
-2766.06
171.95
196.853
1470.04
1568.92
2486.29
228.395
268.417
248.556
875.764
628.233
61.1112
34.0574
10.2574
-1.45675
340.691
206.609
81.419
25.6516
5.61856
3.27364
1.13541
0.419141
46.4525
27.7175
11.6378
4.82292
107.769
72.2567
29.6265
12.2662
197.293
129.056
53.4492
22.8548
378.794
192.088
98.0949
56.8109
617.127
330.243
232.363
183.839
592.395
271.931
163.81
113.765
543.481
362.144
279.673
233.045
474.657
373.291
281.637
236.474
6.96877
4.97941
3.24009
2.16632
1.67384
62.0137
39.4552
24.7176
16.2588
12.4873
116.014
58.8337
33.6878
21.356
16.2737
81.2246
45.3898
26.8325
17.1552
13.1258
168.905
90.773
52.7886
33.6181
25.6119
198.11
115.89
69.4962
44.7574
34.0972
0.58063
0.8527
0.637026
0.447479
0.350821
5.16364
6.07649
4.33898
3.00373
2.34377
20.148
15.6075
10.2104
6.88982
5.30211
-345.826
-331.152
-213.815
154.214
-210.125
-248.108
-538.349
-62.3089
-65.1792
-215.149
-56.2456
-14.3249
-3.16221
-0.515317
-229.796
-67.3741
-16.7242
-3.86645
-0.767454
-215.178
-66.2315
-16.5055
-3.72685
-0.719196
-162.28
-47.8713
-10.8542
-2.16813
-0.260882
-64.0661
8.39425
6.75674
2.49914
1.05252
127.12
75.5238
25.9898
7.46101
2.36158
143.563
84.7002
27.588
7.56671
2.34675
50.6691
34.0339
13.368
4.2355
1.42933
-65.6737
-4.32156
1.8157
-0.315167
0.386535
-239.747
-894.244
-1356.45
-1503.32
-1240.98
-527.494
640.138
2240.11
4044.62
5129.33
4523.76
2091.13
-216.258
-182.877
-138.65
-86.4428
-29.3609
-807.524
-683.839
-519.245
-324.136
-110.172
-1224.53
-1036.66
-786.986
-491.245
-166.976
-1356.06
-1147.12
-870.365
-543.171
-184.622
-1117.95
-944.507
-716.081
-446.815
-151.887
-474.191
-399.871
-302.896
-189.043
-64.298
573.558
482.373
365.133
228.188
77.7349
1997.23
1673.7
1267.01
794.661
271.706
3580.95
2987.75
2266.03
1432.17
493.366
4503.41
3742.77
2851.93
1825.27
637.303
3941.41
3268.85
2508.21
1629.5
577.634
1828.54
1526.22
1181.11
774.146
275.965
477.068
1124.31
1567.74
1676.72
1354.08
564.012
-668.188
-2273.25
-3966.35
-4819.92
-3943.79
-1325.17
431.563
366.245
278.698
174.272
59.2885
1016.42
861.919
655.393
409.595
139.309
1416.65
1200.75
912.695
570.286
193.95
1514.12
1282.53
974.448
608.795
207.051
1221.44
1033.59
784.894
490.381
166.814
507.825
429.053
325.627
203.536
69.2831
-599.771
-505.508
-383.476
-240.056
-81.8517
-2030.25
-1704.91
-1293.45
-812.703
-278.149
-3514.48
-2935.77
-2230.35
-1412.21
-487.077
-4223.77
-3505.46
-2671.73
-1713.32
-599.508
-3405.78
-2802.69
-2143.89
-1396.57
-497.421
-1113.56
-896.635
-682.331
-450.518
-163.256
1448.1
0
1610.93
1300.5
1096.03
830.579
519.107
176.812
0
0
0
0
0
1416.08
1172.62
886.601
561.802
195.027
8249.02
49995.3
8443.01
35366.7
9000.92
31416.3
8761.43
26350.6
12266.4
7695.66
2655.94
12281.9
7689.79
2599.11
12095.9
7580.74
2602.94
11735.7
7351.63
2599.07
11125
6459.01
2229.23
102.504
-95.0094
-824.101
-1422.44
-2455.51
563.24
-115.381
-71.3334
-40.1495
492.794
46.0543
30.1751
28.0752
24.51
406.38
249.7
216.206
184.564
12.9525
5.03588
2.85716
2.27503
110.606
44.7949
25.3963
20.9974
248.912
105.709
63.5006
52.7547
348.401
160.934
101.103
85.0307
335.327
193.004
122.179
106.032
274.983
256.147
163.275
135.977
243.09
210.882
138.504
123.464
383.104
316.359
203.088
162.171
471.456
363.981
254.419
205.706
8.87333
4.86307
2.80206
1.76469
1.32781
75.0942
42.8839
25.1587
16.0042
12.0884
86.5575
54.243
33.6496
22.0239
16.7497
86.34
47.2967
28.1517
18.207
13.7734
129.698
83.8627
52.4058
34.3701
26.208
179.629
112.477
69.2835
45.1269
34.3605
2.20229
1.03641
0.552577
0.334141
0.24648
17.5891
8.23384
4.4163
2.67104
1.98135
36.3971
17.8955
9.9128
6.08862
4.5843
286.847
124.413
-147.533
-570.562
-79.5668
214.995
445.1
68.7711
95.5683
185.133
50.0227
12.8461
2.88405
0.478637
161.926
52.9683
13.8494
3.30667
0.659581
107.51
43.9551
12.1605
2.89714
0.552618
43.2056
22.9213
5.89786
1.21023
0.061247
-31.5554
-29.7762
-11.122
-3.34508
-1.23044
-150.57
-83.0845
-27.9362
-7.90798
-2.47192
-193.802
-97.8774
-30.5176
-8.16622
-2.47994
-56.8335
-37.4024
-14.4909
-4.54363
-1.51746
69.0617
3.37981
-2.41669
0.102577
-0.457334
2679.31
3510.48
1280.54
1867.25
1400.78
1620.31
941.942
969.439
-1284.36
-3541.31
-2308.74
-1350.1
-1142.93
-952.446
-713.28
-441.447
-149.521
-1778.57
-1246.96
-819.287
-683.263
-416.474
-1608.23
-1043.88
-698.548
-438.476
-167.436
-1136.03
-894.619
-644.069
-392.517
-133.253
-8230.71
-2858.49
-8666.98
-3193.61
-9387.18
-3711.62
-9353
-3627.11
-8469.77
-2766.26
132.554
153.58
1469.57
1573.19
2489.26
230.587
222.621
209.619
879.32
626.99
51.5712
28.6838
8.65673
-1.19094
341.163
206.811
81.339
25.4765
4.28752
2.68219
0.953494
0.399929
46.9278
27.7455
11.6257
4.77205
108.506
72.3638
29.5844
12.1482
197.951
129.213
53.4341
22.7689
379.296
192.248
98.1045
56.7585
617.387
330.382
232.412
183.847
592.757
272.08
163.841
113.744
543.676
362.269
279.734
233.074
474.802
373.4
281.701
236.516
5.92561
4.19807
2.71766
1.80888
1.39409
61.7572
39.3248
24.6237
16.1784
12.4181
116.031
58.8535
33.7074
21.3735
16.2894
81.2336
45.4108
26.8552
17.1756
13.1434
168.925
90.7934
52.8083
33.6355
25.6273
198.135
115.909
69.512
44.7706
34.1084
0.478952
0.702855
0.520814
0.362522
0.284261
5.15362
6.07115
4.33082
2.99232
2.33095
20.1109
15.5762
10.1794
6.85715
5.26238
-346.393
-329.608
-212.818
154.822
-209.84
-248.101
-538.265
-62.3294
-65.2061
-216.133
-56.8281
-14.3671
-3.17965
-0.524935
-228.403
-66.9285
-16.6144
-3.84081
-0.7614
-213.826
-65.709
-16.3591
-3.69057
-0.709786
-161.43
-47.489
-10.7343
-2.13616
-0.251995
-63.6092
8.62321
6.83438
2.52091
1.05881
127.193
75.5729
26.0101
7.46761
2.36376
143.754
84.808
27.6278
7.57859
2.35039
50.6904
34.0537
13.3773
4.23883
1.43052
-65.6777
-4.3187
1.81781
-0.314287
0.386886
-239.746
-894.246
-1356.45
-1503.32
-1240.99
-527.496
640.14
2240.12
4044.62
5129.33
4523.76
2091.13
-216.257
-182.877
-138.65
-86.4425
-29.3608
-807.526
-683.841
-519.247
-324.136
-110.172
-1224.53
-1036.66
-786.989
-491.247
-166.977
-1356.06
-1147.12
-870.369
-543.174
-184.622
-1117.95
-944.511
-716.085
-446.817
-151.888
-474.193
-399.873
-302.897
-189.045
-64.2983
573.56
482.375
365.135
228.189
77.7354
1997.24
1673.7
1267.01
794.666
271.707
3580.96
2987.76
2266.05
1432.18
493.369
4503.41
3742.78
2851.94
1825.28
637.307
3941.42
3268.86
2508.22
1629.51
577.639
1828.55
1526.23
1181.12
774.155
275.969
477.071
1124.32
1567.74
1676.72
1354.09
564.014
-668.19
-2273.26
-3966.35
-4819.92
-3943.78
-1325.16
431.566
366.248
278.7
174.274
59.289
1016.43
861.924
655.397
409.598
139.31
1416.66
1200.75
912.7
570.29
193.951
1514.13
1282.54
974.454
608.799
207.053
1221.44
1033.59
784.898
490.384
166.815
507.827
429.055
325.629
203.538
69.2836
-599.773
-505.511
-383.478
-240.058
-81.8522
-2030.25
-1704.92
-1293.46
-812.709
-278.151
-3514.48
-2935.78
-2230.36
-1412.22
-487.08
-4223.78
-3505.47
-2671.75
-1713.34
-599.513
-3405.78
-2802.69
-2143.9
-1396.57
-497.424
-1113.56
-896.631
-682.328
-450.517
-163.256
1448.11
0
1610.94
1300.51
1096.04
830.588
519.114
176.814
0
0
0
0
0
1416.09
1172.64
886.619
561.817
195.034
6922.81
4460.65
1540.31
7727.59
5078.2
1727.62
9170.02
5873.88
1999.02
11125.2
6459.31
2229.39
-1913.38
229.061
-236.359
937.456
8669.85
8200.38
8193.63
7086.7
6256.96
6324.73
5533.75
3008.96
786.56
4747.32
2535.57
702.429
4753.42
2376.92
673.517
811.779
564.706
304.545
142.754
1119.45
794.535
489.877
296.974
162.775
100.219
61.6472
40.1456
30.5965
208.983
127.56
78.0878
50.7813
38.7272
-1135.7
-982.644
-795.036
-581.692
-355.552
-120.059
-118.772
-435.341
-668.817
-767.238
-957.717
-1274.31
-107.291
-90.883
-69.0155
-43.0795
-14.6411
-393.457
-333.504
-253.439
-158.292
-53.8154
-604.229
-511.923
-388.858
-242.797
-82.5337
-692.479
-586.052
-444.721
-277.484
-94.2929
-862.931
-728.939
-552.24
-344.201
-116.907
-1144.81
-963.99
-728.412
-453.328
-153.884
8712.47
9237.39
8391.22
8871.98
10159.9
10140.6
6583.38
3731.41
959.844
7715.46
5261.64
1707.6
8799.08
6201.65
2090.92
-4399.13
-1468.71
-5039.74
-1854.42
-6552.03
-2429.66
-8469.77
-2766.26
3408.04
1831.67
2351.21
1724.5
848.712
567.966
506.444
439.704
1120.54
792.927
626.525
443.714
179.78
103.51
61.4662
39.4307
30.0018
218.894
129.291
77.9592
50.3319
38.3408
225.606
541.008
770.458
858.581
1001.25
1388.12
204.131
173.268
131.864
82.4563
28.0513
489.321
415.143
315.788
197.392
67.1398
696.616
590.79
449.244
280.748
95.4815
775.841
657.573
499.776
312.239
106.18
903.912
765.399
581.341
363.103
123.473
1251.22
1057.95
802.885
501.456
170.561
1264.53
1124.21
939.367
710.233
445.936
152.931
)
;
    }
    patch2
    {
        type            calculated;
        value           nonuniform List<scalar> 
348
(
-95.7512
-95.7656
231.697
7.40791
-128.369
54.2025
-45.8952
91.2127
232.045
47.7918
231.683
7.40205
-128.374
54.1946
-45.8863
91.2172
232.05
47.7974
1230.51
378.075
-43.3701
-113.442
-122.241
-164.686
-82.3502
6930.59
938.31
917.191
524.838
106.351
40.908
486.829
-27.1478
-22.2989
-39.3572
-32.8221
3934.76
550.196
237.006
117.165
429.339
196.79
33.8536
58.0084
-120.961
-126.611
121.114
101.634
3997.44
764.998
988.412
483.558
445.562
-15.7857
-64.6443
-100.196
-115.275
-101.015
-54.6794
-25.0574
-97.7579
-148.224
-163.347
-132.612
-49.8566
-12.5264
-12.3109
-47.2187
-44.376
-60.7404
-58.4818
-42.8921
-43.7224
-27.8032
-32.0191
-46.6628
-35.1255
58.9183
217.693
431.197
377.803
328.945
161.184
91.9353
277.095
462.94
521.304
447.329
211.641
37.527
85.9139
120.474
134.162
118.372
73.3287
54.961
126.72
174.947
186.08
149.657
61.1392
29.1041
25.6291
62.6277
56.8547
73.5372
68.949
51.357
50.3323
34.3983
30.8071
63.67
39.5364
-37.7092
-187.81
-376.172
-297.081
-219.776
-35.2127
-84.0585
-264.764
-432.286
-461.696
-354.835
-97.1212
-975.847
-212.227
98.1767
159.673
167.534
232.224
152.085
-7576.46
-521.304
-755.576
-214.666
76.1557
-589.82
117.653
293.712
102.874
-4100.74
-362.521
-89.1279
-39.577
-399.797
-68.9027
28.948
25.6216
231.683
227.705
-61.4267
-33.9003
-3996.77
-649.008
-808.73
-368.951
-368.376
1230.54
378.084
-43.3726
-113.444
-122.244
-164.689
-82.3542
6930.63
938.213
917.16
524.842
106.347
40.8959
486.825
-27.1725
-22.3077
-39.3729
-32.8236
3934.78
550.174
236.989
117.159
429.339
196.782
33.8506
58.003
-120.968
-126.618
121.108
101.629
3997.48
765.006
988.41
483.557
445.56
-15.7856
-64.6444
-100.197
-115.276
-101.015
-54.6801
-25.0573
-97.7582
-148.225
-163.348
-132.613
-49.8571
-12.5263
-12.3108
-47.2188
-44.3761
-60.7407
-58.4821
-42.8923
-43.7227
-27.8035
-32.0194
-46.6637
-35.126
58.9179
217.693
431.198
377.804
328.947
161.187
91.9355
277.096
462.943
521.307
447.332
211.644
37.5274
85.9145
120.475
134.163
118.373
73.3294
54.9615
126.721
174.949
186.081
149.658
61.1397
29.1044
25.6294
62.6281
56.8551
73.5377
68.9494
51.3574
50.3326
34.3987
30.8074
63.6708
39.5369
-37.7089
-187.811
-376.173
-297.08
-219.774
-35.2088
-84.0588
-264.766
-432.288
-461.698
-354.835
-97.1197
-975.842
-212.222
98.1789
159.675
167.537
232.227
152.089
-7576.7
-521.212
-755.567
-214.675
76.1629
-589.841
117.658
293.726
102.876
-4100.83
-362.508
-89.1193
-39.5741
-399.806
-68.8958
28.9505
25.6252
231.689
227.71
-61.4257
-33.8985
-3996.84
-649.013
-808.724
-368.95
-368.377
6484.49
1726.81
454.845
6417.49
1770.27
488.026
6078.81
1631.26
367.26
5734.25
1429.98
241.748
5925.08
1459.68
460.965
-9761.61
-1403.53
-9227.22
-1393.39
-7704.59
-760.891
-6910.34
-647.129
-6820.72
-712.435
6484.46
1730.27
455.557
6416.17
1772.05
488.895
6078.28
1631.58
367.479
5734.02
1430.06
241.792
5924.99
1459.69
460.988
-9751.05
-1399.94
-9218.71
-1392.41
-7702.4
-760.455
-6909.88
-647.033
-6820.65
-712.252
)
;
    }
    patch3
    {
        type            calculated;
        value           nonuniform List<scalar> 
96
(
-128.915
-524.053
-812.513
-936.524
-823.684
-449.829
-204.96
-793.672
-1203.87
-1329.04
-1081.64
-407.506
475.876
1770.93
3445.51
2744.97
2493.91
1208.89
754.259
2270.52
3761.46
4154.42
3534.68
1628.85
301.719
692.549
972.196
1083.65
956.645
590.98
442.111
1022.51
1413.62
1505.6
1212.25
493.588
-314.157
-1538.61
-3027.1
-2194.52
-1812
-445.922
-690.831
-2166.67
-3518.6
-3718.31
-2893.7
-854.911
-128.914
-524.054
-812.516
-936.528
-823.689
-449.834
-204.959
-793.674
-1203.88
-1329.04
-1081.64
-407.509
475.871
1770.93
3445.5
2744.96
2493.9
1208.89
754.259
2270.52
3761.46
4154.42
3534.68
1628.86
301.721
692.553
972.202
1083.65
956.65
590.985
442.114
1022.52
1413.63
1505.6
1212.25
493.592
-314.153
-1538.6
-3027.09
-2194.5
-1811.99
-445.914
-690.83
-2166.67
-3518.6
-3718.31
-2893.7
-854.904
)
;
    }
    patch4
    {
        type            calculated;
        value           nonuniform List<scalar> 
384
(
28246.2
31409.1
34348
67925.9
81965.7
47899.7
41461
35596.2
-51906.4
-48732.8
-77302.2
-87768.5
27694.3
31474.2
34370.4
67926.9
81964.2
47910.6
41484.4
34789.6
-51575.4
-48861.1
-77416.8
-87476.1
44913.5
13900.2
63284.9
20567.6
-48382
-14970.6
-65834
-21493.7
44916.8
13900.6
63284.2
20567
-48397
-14973.9
-65842.3
-21495.7
23865.8
7340.39
-27681.1
-8234.29
11880.8
5190.69
4321.25
1997.37
-14432.2
-6104.88
-5186.16
-2331.54
-27668.1
-8231.74
23875.2
7342.07
20382.2
14762.3
21431.7
16281.5
26092.8
8456.11
10342.6
3952.87
11677.1
4043.23
-36337.5
-26124.8
-34342.7
-25729.1
-30039.6
-9600.61
-17201.8
-6260.97
-17495.7
-5878.3
20003.6
14485.5
21493.7
16338.4
26100.3
8457.51
10124.5
3858.43
11722.7
4054.67
-36054.2
-25879.1
-34427.1
-25793.9
-30052.6
-9603.63
-16983.7
-6160.72
-17546.1
-5889.5
-14424
-6102.19
-5184.08
-2330.8
11887.5
5193.12
4322.81
1997.98
17556.9
14249.1
-18127.3
-14513.7
17555.5
14248.9
-18126.8
-14513.9
2557.42
3403.94
2646.23
3333.65
3564.95
2317.3
3584.43
1444.93
3264.39
6432.77
5846
10966.1
1819.3
3877.75
843.282
1488.6
-4658.25
-5658.29
-4256.1
-4966.68
-4785.76
-3246.15
-4289.06
-1754.21
-3803.91
-6598.56
-6537.89
-11201
-2155.41
-3988.75
-1073.35
-1570.9
2524.74
3329.84
2646.15
3337.14
3565.3
2318.81
3586.26
1445.43
3264.83
6432.87
5846.18
10966.1
1819.7
3877.86
843.397
1488.63
-4625.86
-5587.41
-4253.43
-4969.22
-4785.3
-3247.45
-4291.05
-1754.82
-3804.3
-6598.71
-6537.92
-11201.1
-2155.88
-3988.92
-1073.56
-1570.99
3903.23
12263.9
4657.23
13074.7
6478.69
13343.7
8037.34
-5483.65
-13759.4
-5987.68
-14233.7
-7443.4
-13950.5
-8965.65
3887.34
12286.6
4659.18
13067.2
6478.44
13341
8037.16
-5472.49
-13811.9
-5988.13
-14229.9
-7442.94
-13949.3
-8965.53
10049.5
9799.58
9373.37
8676.81
7490.39
4663.5
6253.98
2961.44
1041.63
-11318.8
-10886.5
-10164.5
-9160.16
-7717.28
-4692.97
-6342.01
-2968.16
-1040.68
10032.5
9779.48
9365.87
8673.97
7489.39
4663.4
6253.66
2961.42
1041.62
-11308.6
-10865.6
-10157.3
-9157.68
-7716.52
-4692.94
-6341.82
-2968.17
-1040.69
2208.33
2119.54
1983.61
1792.28
1515.54
1024.12
1316.01
674.346
241.338
-2438.99
-2318.45
-2132.18
-1887.02
-1564.46
-1033.41
-1338.48
-677.615
-242.259
2203.49
2113.23
1980.89
1791.12
1515.09
1024.06
1315.84
674.323
241.332
-2434.89
-2311.75
-2129.4
-1885.89
-1564.04
-1033.36
-1338.34
-677.601
-242.257
498.432
474.615
438.865
392.186
330.375
232.998
292.304
156.552
56.5355
-543.931
-514.193
-469.093
-412.233
-341.459
-235.685
-297.999
-157.702
-57.0199
497.341
472.969
438.074
391.811
330.214
232.969
292.235
156.541
56.5322
-542.941
-512.437
-468.267
-411.852
-341.3
-235.66
-297.934
-157.693
-57.018
110.68
104.781
96.1663
85.5305
72.194
52.3693
64.6486
35.6771
12.9704
-119.74
-112.71
-102.324
-89.7387
-74.6331
-53.0662
-65.9998
-36.0122
-13.1366
110.448
104.381
95.959
85.425
72.1453
52.3591
64.6263
35.6729
12.9692
-119.522
-112.284
-102.106
-89.6295
-74.5838
-53.0566
-65.9778
-36.0083
-13.1357
27.8612
26.2756
23.9991
21.3149
18.0813
13.4612
16.3879
9.27514
3.39053
-29.9144
-28.0826
-25.4214
-22.3112
-18.6809
-13.6565
-16.7408
-9.37718
-3.44638
27.8046
26.1678
23.9396
21.2828
18.0655
13.4575
16.3802
9.27348
3.39004
-29.8602
-27.9678
-25.3584
-22.2776
-18.6647
-13.6528
-16.733
-9.37558
-3.44595
)
;
    }
}


// ************************************************************************* //
