/*--------------------------------*- C++ -*----------------------------------*\
| =========                 |                                                 |
| \\      /  F ield         | OpenFOAM: The Open Source CFD Toolbox           |
|  \\    /   O peration     | Version:  2412                                  |
|   \\  /    A nd           | Website:  www.openfoam.com                      |
|    \\/     M anipulation  |                                                 |
\*---------------------------------------------------------------------------*/
FoamFile
{
    version     2.0;
    format      ascii;
    arch        "LSB;label=32;scalar=64";
    class       volScalarField;
    location    "2.7";
    object      gradTx;
}
// * * * * * * * * * * * * * * * * * * * * * * * * * * * * * * * * * * * * * //

dimensions      [0 -1 0 1 0 0 0];

internalField   nonuniform List<scalar> 
5712
(
-7728.21
-9438.18
-17679.4
-27589.2
-26683.8
-52061.7
-18476.1
-55573.5
-19064.5
-44571.7
-23432.8
-38507.2
-17936.2
-23692
-9645.47
-9780.61
-12497.6
-14099.6
-17189.9
-15565.1
-11979.9
-18042.4
-17877
-17913.8
-5041.54
-3635.52
-6839.61
-4876.41
-11422.9
-7360.9
-21164.7
-14710.1
-17636.8
-17840.5
-17850.6
-17947.1
-4048.31
-3658.51
-41141
-50893.5
-21872.2
-29210.4
-53133.3
-65387.8
-24623.4
-30296.9
-30764.4
-40240.7
-24490.1
-33957
-14045.6
-17816.9
-2850.39
-900.013
-3714.36
-1283.93
-6372.98
-2616.51
-11095.3
-4064.15
-7237.86
-2402.88
-7366.11
-2082.41
-14516
-4221.72
-19047.9
-5963.13
-24654.7
-14055.3
-20879.4
-14421.9
-25385.9
-16345.5
-20155.3
-16339.4
-16103.2
-11598.8
-17622.3
-11108.9
-20300.4
-15004.8
-20984.7
-15421
-19762
-16763.3
-20534
-17121.6
-16656.8
-12343.3
-17975.1
-12829.5
-17712.4
-7238.38
-10054.3
-11429.7
-19016.1
-8318.15
-9912.6
-11886.6
-17794.7
-6774.85
-10575.9
-11314.4
-18413.6
-6829.28
-11148.2
-11444.1
-2753.2
-3086.06
-965.357
-1890.68
-7945.29
-9307.25
-3241.41
-6112.41
-12907.1
-15317.7
-5747.07
-10258.5
-17318.1
-9168.34
-17365.3
-20662.3
-10301.5
-6766.19
-10819.2
-12149.7
-20981.9
-13124.8
-9790.87
-12753.6
-14034.4
-13475.6
-16718.6
-3061.1
-3148.36
-1882.12
-2013.03
-9081.08
-8723.51
-5784.38
-5894.48
-13624.7
-12580.1
-8539.88
-8616.7
-9635.84
-10799.8
-15234.1
-16163.5
-16749.4
-15781
-19759.5
-18203.7
-13437.3
-13415.1
-12903.7
-14155
-16605.8
-15388.3
-15545.3
-13203.9
-13819.8
-11242.8
-15187.2
-12191.9
-14115.8
-7796.9
-11060.9
-10871.8
-15589.2
-18288.1
-15920.5
-20845.3
-9293.93
-9265.93
-12750.1
-6038.58
-10646.5
-16891.5
-10972.9
-17975.3
-16137.2
-25504.2
-16644.3
-26027.7
-8958.18
-14759.9
-9227.32
-15941.1
-11002.9
-8309.3
-13983.8
-6417.39
-11970
-4748.9
-13247.1
-3488.88
-11376.9
-11786.2
-14616.1
-7596.55
-10226.7
-13542.3
-13400.2
-9629.99
-2969.92
-2785.09
-2438.2
-1914.21
-1884.83
-1665.53
-8086.21
-7061.07
-6242.89
-5232.91
-4435.45
-3792.04
-10640.1
-9149.7
-8449.85
-7524.89
-6157.12
-5638.26
-9788.28
-8086.59
-7755.89
-15164.9
-11509.2
-9476.35
-13512.1
-10088.6
-7947.97
-14955.9
-11912.1
-10164.5
-11377.1
-7863.04
-5960
-18300.2
-15104.3
-13566.4
-13319.9
-10723.6
-9020.81
-11634.4
-8897.89
-7116.32
-10280.6
-7817.98
-6315.49
-10919.7
-6645.88
-4227.99
-11305.9
-18485.7
-9555.95
-13738.9
-9118.11
-18837.4
-7613.84
-15420.4
-211.182
-1736.29
220.626
-1015.68
-3572.33
-6702.74
-2239.74
-4029.16
-1878.39
-3984.29
-10931.5
-16355.1
-8681.17
-6387.62
-11481.4
-10034.4
-15321.1
-16385.8
516.888
5363.64
-8322.03
-5867.26
-6420.38
-3705.06
-1599.72
-1026.37
-1271.14
-772.241
-3924.39
-1301.93
-1936.72
-240.371
-9961.14
-3064.67
-7423.78
-2326.57
-8396.31
-2540.36
-9503.48
-3158.52
-12188.8
-12129.3
-9509.33
-12068.6
-18272.8
-16543.1
-14985.6
-15778.8
-7162.14
-9491.91
-8353.17
-8745.93
-8914.41
-12038.1
-9376.34
-12176.9
-14317.8
-15520.2
-14843.2
-15658.6
-6346.67
-9660.54
-6160.87
-9807.4
-1042.15
-1700.12
-7810.14
-4636.21
-1033.17
-1486.44
-6840.33
-3944.72
-1015.18
-1528.11
-8266.29
-5096.85
-1319.21
-1647.04
-8371.75
-5379.19
139.374
272.832
-505.487
-376.707
743.701
1253.48
-866.844
-650.389
-1370.6
-358.151
-2780.16
-2524.09
7655.61
3904.01
4405.32
2757.95
-283.983
7060.59
10380.7
4880.54
4781.66
-264.596
-9259.06
-6890.88
-5834.02
-6148.41
-3858.99
498.047
390.582
-237.125
-378.926
1384.42
1588.75
-686.902
-956.764
1099.19
1772.37
-1702.01
-2135.43
3153.58
1726.94
8101.09
5835.45
4245.93
3090.58
3719.12
3122.36
-635.751
-1541.01
-4876.28
-3354.31
468.658
2278.6
535.5
1915.61
-676.664
463.83
-1256.56
-1756.44
-4122.44
-4574.16
-9812.72
-6254.65
-8590.32
-8430.38
-12957.5
-10174.1
-7704.78
-4816.32
-2709.84
-3418.48
-11614.8
-4925.25
-12448
-4529.32
-14889
-9783.31
-15831.2
-9368.01
-9255.71
-3554.69
-10048.1
-3085.78
-6097.77
-5116.88
-4967.8
-8606.63
-3158.48
-4164.57
-3398.71
-7289.84
-6690.82
-4839.12
-5956.85
-9852.95
-7981.8
-4631.37
-6903.97
-9808.87
574.573
799.847
953.772
-245.054
146.245
211.865
2127.7
2680.57
2929.47
-388.678
630.441
787.348
2556.08
3819.87
4367.5
-1173.05
1110.57
1592.1
1022.35
1586.25
1444.69
4660.29
5073.18
4742.4
3634.6
4372.07
4267.18
3810.76
4979.45
5212.94
-776.025
1618.86
1581.32
-3920.87
-1866.47
-1033.36
1539.11
2846.82
3268.72
1726.82
3197.42
3577.15
970.768
2801.65
3196.59
-2132.99
1095.04
1340.48
-82.2708
7.62861
42.0293
90.3206
110.929
111.126
130.375
136.524
-225.358
7.89753
112.257
238.348
254.309
255.507
285.116
312.071
-457.822
-56.213
123.24
366.121
32.3087
211.977
261.58
360.525
41.8486
139.001
109.983
122.403
-176.02
-10.3046
55.82
128.995
-1142.56
-338.57
-105.756
219.89
-1721.37
-539.593
-288.516
306.736
-970.775
-257.64
-25.5862
357.826
-1406.91
-431.457
-246.435
308.264
-1054.14
-325.971
-105.466
185.429
-1895.8
-598.1
-307.072
378.434
-1117.62
-381.651
-106.442
242.995
-1985.93
-632.629
-324.438
414.59
-83.8419
-5.18552
17.7829
82.0095
-75.6651
-3.04756
4.88977
85.844
-230.791
-20.2216
50.0157
216.711
-137.912
16.0918
27.7912
234.059
-788.852
-197.636
-23.168
335.465
-625.167
-127.879
-19.028
372.772
-427.331
-43.342
71.0775
363.55
-289.941
-12.8689
17.6342
360.784
-1204.97
-336.127
-170.875
417.1
32.1808
31.1007
24.9629
66.9125
133.388
59.8021
36.6777
40.6057
5.87612
59.1287
50.0534
177.108
320.967
153.866
92.3497
108.034
-125.649
39.7655
55.5741
277.404
419.473
219.338
138.47
166.122
-176.232
50.4284
70.5042
368.25
407.042
254.96
158.94
197.889
-421.706
0.881705
1.45347
363.824
179.944
225.971
128.118
185.812
-1256.95
-153.606
-96.0352
351.298
-395.842
72.1853
50.6287
139.444
-853.541
-53.2703
-53.7596
354.416
-179.625
150.471
88.509
164.897
-1596
-292.909
-159.742
378.353
-541.776
-12.7148
9.29912
125.413
-1833.71
-444.8
-236.712
374.708
-682.849
-122.148
-44.1296
106.49
36.8501
17.8297
9.67474
5.90531
4.3909
50.0307
26.9389
15.3415
9.581
7.17596
79.1101
37.93
20.4872
12.544
9.39837
132.071
73.2816
42.414
26.797
20.1913
112.288
54.532
30.0011
18.6013
14.0272
189.465
104.094
60.8317
38.7614
29.3315
64.3824
34.2434
20.041
12.828
9.72455
36.8808
18.7057
10.6459
6.75806
5.09984
99.1007
45.3321
25.0478
15.6568
11.7636
23.4458
6.8435
2.96645
1.65
1.18746
144.728
74.484
42.8256
27.1742
20.5492
40.7754
16.6778
8.83265
5.40849
4.01193
36.1682
9.91252
3.98893
2.15703
1.54414
24.4381
7.65673
3.53928
2.07057
1.52581
35.0182
9.10896
3.47487
1.83807
1.27083
18.0468
2.762
0.439238
0.0412613
-0.0454249
30.0403
13.4695
6.99992
4.15817
3.05612
27.6943
12.6308
6.6144
3.9361
2.8942
68.9417
30.5022
15.9057
9.49367
7.01938
64.2615
28.6688
15.0687
9.00298
6.62925
89.8769
37.3077
19.2994
11.4917
8.50508
77.2067
35.2255
18.9665
11.4508
8.5246
103.87
52.6606
30.0648
18.9433
14.334
51.0938
25.7207
14.4154
8.87062
6.70226
59.7938
31.6943
18.4607
11.7897
8.93554
-508.624
-607.944
-1399.28
-1723.56
-2138.58
-2752.2
-2604.14
-3645.19
-2619.02
-3660.38
-2360.68
-3088.77
-2225.75
-2667.91
-2637.07
-3552.05
-2708.24
-3688.98
-474.24
-103.529
-22.4721
-4.75563
-1.15127
-208.913
-73.8939
-8.31657
-2.32087
-0.913754
-1531.13
-336.741
-73.5202
-15.6781
-3.82301
-543.422
-115.704
-23.4443
-4.57009
-0.979139
-2700.8
-597.464
-131.202
-28.2311
-6.94429
-946.549
-223.674
-49.1823
-10.666
-2.56593
-3884.46
-864.148
-191.616
-41.703
-10.3855
-1326.08
-341.337
-80.1933
-18.2904
-4.61525
-5434.21
-1243.43
-281.6
-62.4085
-15.8115
-1761.79
-512.314
-127.636
-30.0836
-7.79781
-7369.85
-1840.43
-439.908
-101.456
-26.5
-2036.7
-629.742
-162.224
-38.9593
-10.2711
-6696.01
-1620.44
-378.017
-85.498
-21.989
-1976.32
-615.785
-158.305
-37.9201
-9.91156
-7694.56
-1947.83
-471.402
-109.921
-28.9616
-2075.36
-624.589
-158.5
-37.6481
-9.89765
-7934.94
-2003.19
-486.969
-114.188
-30.2418
-2071.5
-625.59
-158.683
-34.9916
-9.75468
-265.387
-6411.64
-6305.69
-3587.43
3619.66
4983.36
10051.6
13212.7
5671.12
11497.4
2223.74
6976.83
5646.3
9366.37
10262.6
14151.3
12388.4
14085.6
7074.83
8001.92
-18814.2
-14109.3
-4564.54
-3593.82
-2809.9
-4527.89
-3147.51
-12382.6
-12280.2
-10505.9
-11190.8
-9274.04
-6430.95
-8778.22
-5442.61
-4183.97
-5196.92
-3331.02
-20413
-10252.3
-3119.92
-5196.46
-7774.28
-5316.35
-6341.42
-4804.28
-2361.87
-4006.41
-3471.69
-4042.25
-18915.6
-11836.8
-11910.7
-7615.59
-8132.16
-8130.34
-4152.69
-5315.87
-5422.24
-12894.4
-12476.5
-10914.9
-11126.4
-10463.8
-10153
-7653.8
-6486.01
-5528.53
-2604.43
-4049
-3371.82
-2539.16
-1587.24
-541.027
-3217.5
-2701.32
-2039.27
-1270.56
-431.823
-2498.57
-2080.91
-1558.27
-964.828
-326.933
-4054.29
-3402.06
-2563.74
-1593.37
-540.656
-2800.68
-2335.94
-1753.93
-1089.47
-369.945
-8312.71
-7171.91
-5870.77
-5654.66
-6338.65
-6778.3
-5437.15
-3932.72
-3286.42
-2823.34
-7313.73
-5035.79
-3874.31
-2970.91
-1350.41
-6076.32
-4596.04
-3228.12
-2576.52
-1845.23
-4714.12
-3308.93
-2218.94
-1852.03
-1123.1
-5135.39
-3878.37
-2773.59
-1738.76
-620.132
-6303.6
-4379.81
-3139.7
-2098.19
-851.89
-3820.23
-2515.2
-1710.5
-1088.95
-418.257
-3465.68
-2695.85
-1938.35
-1193.14
-411.024
-4197.56
-3176.49
-2239.41
-1364.44
-469.711
-2789.97
-2188.82
-1574.73
-961.945
-327.645
-14035.1
-11767.9
-9991.06
-9557.29
-9246.92
-7930.99
-5971.18
-4622.66
-3379.62
-1467.93
-2604.62
-2047.21
-1491.48
-931.373
-324.161
-4422.21
-3550.7
-2640.61
-1676.85
-588.274
-6447.84
-5090.45
-3841.63
-2548.58
-938.878
-4562.03
-3694.49
-2773.94
-1773.26
-618.83
-5537.3
-4545.08
-3414.25
-2153.4
-736.97
-4201.13
-3450.22
-2575.78
-1608.33
-550.393
-2041.64
-1651.87
-1211.08
-742.995
-251.674
-3531.22
-2916.16
-2172.78
-1344.56
-456.322
-2961.23
-2369.98
-1734.22
-1072.01
-366.935
-3508.38
-2859.67
-2123.04
-1322.79
-453.369
-12865.8
-11698.1
-10230.1
-10138.2
-9296.21
-8848.48
-6700.5
-5524.93
-4456.73
-2066.4
-9659.52
-7958.08
-6451.95
-5172.67
-2368.81
-6268.83
-4790.98
-3718
-2595.43
-841.688
-6889.17
-5492.44
-4168.33
-2736.72
-935.144
-6664.22
-5058.01
-3909.09
-2722.42
-858.935
-3597.17
-2930.05
-2186.41
-1375.15
-473.42
-4692.71
-3886.53
-2910.57
-1812
-617.136
-4690.6
-3820.84
-2859.17
-1806.65
-624.218
-6127.52
-13429.7
-10791.1
-35010.6
-10200.3
-45786.4
-6817.05
-17998.2
-8911.57
-7494.08
-17441.4
-13625.3
-9101.7
-10970.3
-19120.7
-15919
-3841
-2613.92
-8824.52
-6187.76
-6745.46
-3520.3
-24330.8
-17117.3
-14784.3
-10306.2
-15311.5
-9969.71
1644.25
-1460.64
-42086.8
-51247.9
-21241.4
-29111.1
-53745.7
-65624.9
-23854.6
-30111.6
-31420.6
-40615.1
-23881.8
-33938.2
-15090.7
-18234.1
-2058.86
-392.543
-4484.58
-1442.57
-3898.44
-1831.6
-12565.5
-4482.71
-1968.77
-926.11
-5529.17
-1527.7
-14584.5
-4192.82
-19227
-6006.54
-18099
-11074.5
-18660.7
-12917.1
-17675.1
-12591.5
-17592.6
-14522.4
-14622.5
-10491.8
-13415.6
-9007.69
-19412.1
-14302.9
-20764.4
-15219.1
-18713.7
-15949.7
-20244.1
-16885.6
-16115.5
-11813.9
-17853.4
-12675.9
-16885.9
-7057.03
-9286.14
-11158.8
-16449.9
-7693.34
-8391.84
-11378.1
-17557.9
-6721.19
-10213.7
-11175.7
-18385.8
-6824.7
-11042.1
-11402.8
-636.566
-473.731
106.299
-635.735
-2355.54
-2897.87
-1646.99
-4265.42
-3490.05
-4650.14
-3614.32
-7836.87
-16467.8
-15853.5
-13051.3
-15271.6
-9159.6
-10701.4
-8524.59
-7242.73
-15104.8
-12260.4
-12325.1
-11615.9
-10981.7
-10296.3
-15652
-671.666
-854.835
-424.033
-638.759
-2895.09
-2591.92
-3264.39
-3242.09
-2758.13
-1421.41
-5418.78
-5182.4
-11671.5
-12577.2
-10895.9
-10871.5
-9733.33
-8112.89
-13063.6
-11262.4
-11529.4
-10933.7
-15015.7
-15556.2
-14081.1
-12754.7
-11481.2
-9554.1
-10262.3
-8128.33
-13672.4
-10217.8
-13013
-7865.19
-10665.5
-10849.7
-16047.3
-19061.4
-16021.3
-21091.8
-8652.28
-9033.84
-11095.8
-5679.48
-10506.2
-16804.1
-10931.3
-17939.2
-16223.1
-25713.7
-16654
-26033
-8702.88
-14572.8
-9156.59
-15884.2
-10414
-8068.96
-13666
-6284.02
-10570.4
-4418.28
-12623.5
-3384.19
-11129.8
-11625.1
-14468.8
-7525.58
-10158.3
-13490.9
-13363.5
-9601.7
-1045.07
-794.253
-582.302
-719.309
-1968.02
-918.252
-2722.29
-2711.65
-358.166
-206.327
-4844.37
-4717.83
-13596.2
-11737.5
-10667.5
-8283.77
-6829.22
-4667.9
-9029.99
-6900.01
-9506.56
-6398.81
-19837.2
-16965.6
-10338.1
-8430.27
-7951.12
-5912.55
-6859.46
-4798.19
-7654.17
-3947.73
-5858.59
-11135.9
-5405.12
-10836.1
-7256.73
-11855.6
-8511.94
-13224.5
-1652.11
-1573.44
-1485.46
-1505.3
-4623.44
-4861.34
-4340.15
-4521.15
-2040.58
-2384.7
-9151.79
-10075.8
-5580.12
-6294.06
-10434.3
-9809.49
-14324.9
-16114.9
503.486
5194.18
-7792.34
-5827.4
-6216.11
-3741.07
-1414.33
-1350.25
-1537.63
-1319.67
-3182.58
-2192.32
-2534.11
-1601
-8349.04
-4230.31
-7798.98
-3844.29
-8545.76
-3406.39
-9594.49
-3513.69
-6757.92
-9725.35
-7591.15
-10755
-11301.5
-12819
-12546.4
-13943.7
-6100.44
-8896.56
-5352.03
-7919.15
-8135.34
-11480.3
-9144.89
-12016.6
-13286.7
-14728.9
-14539.4
-15429.8
-5937.55
-9418.38
-6042.99
-9740.42
-1231.28
-2215.7
-7857
-4938.16
-1412.28
-2356.68
-7093.67
-4393.22
-1238.96
-1938.66
-8313.29
-5312.83
-1415.22
-1817.48
-8372.45
-5474.99
-1302.1
-1490.79
-1371.5
-1580.52
-3195.86
-3581.73
-2466.82
-2879.75
-7732.26
-8422.78
-4628.64
-5146.47
-4291.55
-9418.78
-2998.1
-843.955
-1899.98
-4188.63
-1264.25
-2058.57
1512.03
-1359.44
-13627.8
-10127.4
-8026.06
-7998.24
-4787.61
-1804.56
-2002.98
-1861.47
-2324.66
-4262.59
-4614.45
-3436.07
-4363.59
-8977.87
-10186.7
-5216.01
-6720.13
-6185.69
-7506.02
-2267.45
-4287.02
-3641.7
-4961.18
-1348.85
-2225.69
-2473.04
-3810.72
-11285.3
-8826.55
-6362.69
-4386.24
-4949.23
-3407.52
-4924.95
-3468.49
-3148.12
-3921.22
-7631.92
-8142.6
-11450.2
-7833.06
-11226.9
-11239.8
-13983.4
-11416.9
-9663.36
-6450.57
-6154.42
-6861.69
-12417.2
-5830.21
-12669.8
-4743.48
-15361.8
-10520.1
-15945
-9521.51
-10267.8
-4490.86
-10343
-3329.58
-8027.89
-6677.99
-6707.96
-10448.2
-6188.56
-7213.06
-5615.33
-10189.1
-7737.24
-5777.9
-7016.35
-10968.2
-8307.19
-4918.51
-7245.68
-10104.5
-1699.88
-1763.92
-1673.02
-1320.35
-5021.07
-5652.88
-2719.62
-1525.31
-11047.7
-9136.91
-4098.36
-517.866
-9372.16
-8114.39
-6100.03
-5047.27
-5229.12
-4111.93
-2117.58
-945.148
-2711.84
610.918
-8437.39
-6985.4
-4192.86
-2874.41
-2897.88
-1351.71
-2452.48
-640.942
-4475.39
432.902
-326.79
-139.448
-46.6772
39.874
-347.453
-178.319
-53.9649
19.1957
-843.703
-363.501
-101.953
132.952
-795.086
-416.817
-162.88
-7.396
-1277.92
-552.165
-188.588
188.097
-1247.6
-630.01
-356.267
-133.271
-744.995
-396.059
-254.352
-93.4355
-518.358
-250.037
-108.485
26.8177
-1602.65
-637.789
-336.587
37.1016
-1874.28
-605.179
-349.08
313.332
-1620.97
-640.069
-326.083
69.2747
-1603.43
-517.588
-324.644
315.347
-1408.2
-563.019
-255.906
129.415
-2012.86
-651.146
-364.441
350.063
-1270.06
-486.421
-176.287
208.128
-2037.25
-658.208
-347.296
407.696
-307.925
-118.402
-44.1744
58.6602
-309.574
-103.545
-54.7768
65.801
-800.522
-312.097
-111.196
156.992
-787.598
-274.123
-138.963
185.131
-1426.59
-537.814
-226.607
281.513
-1380.28
-483.284
-242.674
311.743
-1433.97
-581.668
-283.807
125.132
-1050.75
-389.509
-199.685
312.484
-1626.73
-540.762
-341.309
366.388
-224.61
-75.2953
-29.9795
40.5306
-128.479
-53.2119
-19.126
4.23796
-625.304
-210.38
-96.9347
106.798
-364.34
-152.554
-64.6757
6.6368
-889.791
-309.05
-149.498
171.557
-531.969
-241.558
-103.056
11.1048
-1072.75
-395.171
-200.63
219.813
-721.559
-330.925
-147.135
8.22545
-1295.21
-446.087
-284.675
193.919
-982.664
-387.873
-206.226
-27.5518
-2224.67
-724.965
-459.514
140.189
-1189.45
-416.808
-238.11
-41.6577
-1922.37
-629.56
-420.088
139.649
-1239.96
-435.26
-246.569
-50.6039
-2227.93
-692.086
-414.692
234.864
-1027.96
-339.687
-186.379
9.22347
-2046.09
-584.508
-326.078
325.62
-839.633
-233.42
-111.296
67.3486
-7.33508
-12.0519
-9
-6.26845
-4.89714
-28.8777
-22.3631
-14.8817
-10.0246
-7.76574
-15.7245
-25.3328
-18.8565
-13.0597
-10.1259
-91.5181
-64.0269
-41.2492
-27.3801
-21.0812
-39.3817
-40.7552
-28.2689
-19.1454
-14.7251
-140.903
-93.9127
-58.9589
-38.6644
-29.6276
-46.4789
-30.9645
-19.3336
-12.6258
-9.66442
-20.7153
-15.4113
-10.0412
-6.65127
-5.1398
-36.8656
-35.0734
-23.4461
-15.6612
-12.081
9.139
-2.0615
-2.4711
-1.87031
-1.49442
-95.8865
-65.639
-41.1758
-26.9732
-20.6529
-6.91393
-11.8265
-8.30854
-5.64319
-4.39673
15.1537
-1.42939
-2.81633
-2.24751
-1.81899
5.09915
-3.16124
-2.93878
-2.11316
-1.66553
17.7985
-0.543036
-2.37388
-1.99175
-1.70254
16.5041
2.18828
0.100037
-0.201442
-0.263501
0.0610338
-7.98183
-6.55314
-4.69749
-3.70327
-3.22516
-8.15184
-6.32314
-4.48358
-3.52566
-3.84146
-19.4668
-15.2591
-10.789
-8.44522
-9.9217
-19.8192
-14.8227
-10.3903
-8.14547
-3.20515
-25.0426
-19.1392
-13.4366
-10.4846
-26.6366
-28.6839
-19.7148
-13.5213
-10.4782
-69.8881
-47.4876
-29.6508
-19.4808
-14.8874
-35.1212
-24.2485
-15.3505
-10.2696
-7.84962
-50.3915
-29.6276
-17.8522
-11.5426
-8.8041
-181.688
-299.348
-610.218
-960.594
-1192.32
-1805.12
-1761.67
-2752.32
-2007.14
-3017.48
-2241.42
-2997.48
-1933.32
-2449.21
-2597.07
-3515.49
-2701.25
-3680.85
-475.249
-105.959
-23.158
-4.91038
-1.18916
-145.331
-67.219
-6.55107
-2.08775
-0.907455
-1552.6
-346.806
-76.0861
-16.2434
-3.95984
-382.155
-88.3947
-18.8347
-3.78844
-0.825848
-2739.49
-613.412
-135.281
-29.147
-7.16949
-750.778
-190.629
-43.6491
-9.75872
-2.39553
-3916.79
-879.72
-195.875
-42.7042
-10.6411
-1148.82
-310.958
-75.06
-17.4511
-4.46088
-5451.58
-1256.05
-285.442
-63.3743
-16.0716
-1644.19
-491.161
-124.03
-29.5111
-7.70019
-7364.09
-1842.99
-441.261
-101.9
-26.643
-2014.98
-624.606
-161.192
-38.7791
-10.2385
-6700.04
-1628.06
-380.781
-86.2684
-22.2127
-1919.9
-604.044
-156.189
-37.5818
-9.85623
-7687.4
-1948.17
-471.929
-110.134
-29.037
-2068.65
-622.904
-158.129
-37.578
-9.8833
-7932.41
-2003.21
-487.116
-114.253
-30.266
-2070.62
-625.357
-158.625
-34.9785
-9.75185
-178.161
-6289.61
-5858.84
-2884.48
-1478.66
-879.101
-3172.31
-2499.97
-5384.08
-5857.01
-3059.99
-2878.58
-429.972
-650.662
-1089.17
-1676.5
-2355.7
-3017.37
-295.768
-613.258
-1239.78
-2092.22
-3060.39
-4016.42
-335.64
-146.106
-589.589
-366.536
-1086.81
-812.499
-1726.53
-1490.29
-2350.8
-2331.08
-2864.54
-3143.69
-3691.58
-4392.42
-5236.43
-7260.09
-7561.11
-9076.85
-4847.6
-5395.26
-5483.67
-5204.18
-4262.16
-3784.89
-388.677
-329.532
-250.493
-156.493
-53.2126
-587.873
-498.127
-378.442
-236.333
-80.3445
-983.489
-832.811
-632.356
-394.759
-134.183
-1512.58
-1279.72
-971.027
-605.954
-205.944
-2122.65
-1793.6
-1359.74
-848.238
-288.28
-2713.02
-2287.82
-1732.38
-1080.57
-367.342
-267.262
-226.515
-172.13
-107.509
-36.5496
-553.864
-469.12
-356.278
-222.439
-75.6112
-1119.11
-947.339
-719.143
-448.887
-152.577
-1887.02
-1596.06
-1210.89
-755.662
-256.846
-2756.63
-2328.7
-1765.42
-1101.58
-374.476
-3610.35
-3044.36
-2306.04
-1439.29
-489.55
-303.484
-257.347
-195.65
-122.246
-41.5736
-132.112
-112.028
-85.17
-53.2148
-18.0975
-532.836
-451.599
-343.161
-214.329
-72.8716
-331.286
-280.809
-213.399
-133.289
-45.3189
-981.647
-831.482
-631.475
-394.247
-134.015
-733.986
-621.801
-472.284
-294.874
-100.236
-1558.1
-1318.51
-1000.53
-624.331
-212.174
-1344.96
-1138.15
-863.605
-538.826
-183.099
-2118.52
-1790.15
-1356.89
-846.185
-287.509
-2100.33
-1774.18
-1344.12
-837.797
-284.565
-2574.82
-2170.17
-1642.15
-1023.56
-347.789
-2824.08
-2377.99
-1796.97
-1118.48
-379.707
-3306.77
-2779.3
-2101.67
-1311.91
-446.506
-3907.29
-3265.46
-2466.68
-1545.27
-527.86
-4595.87
-3801.83
-2874.52
-1821.67
-628.602
-6217.79
-5053.81
-3855.04
-2522.65
-891.293
-6165.26
-4900.76
-3842.25
-2712.87
-1061.83
-7111.56
-5567.46
-4482.31
-3368.37
-1392.14
-4343.7
-3653.26
-2765.27
-1728
-588.621
-4810.94
-4031.49
-3051
-1912.65
-653.692
-4851.97
-4044.06
-3063.72
-1934.38
-665.742
-4540.79
-3750.32
-2852.97
-1831.09
-639.909
-3619.15
-2947.31
-2270.87
-1514.89
-553.92
-3109.27
-2491.54
-1954.61
-1368.81
-524.673
-454.773
-725.723
-1215.68
-1852.54
-2578.4
-3267.44
-328.305
-711.563
-1403.8
-2316.09
-3326.03
-4286.84
-361.865
-166.634
-669.369
-429.869
-1223.4
-924.192
-1922.03
-1662.11
-2611.45
-2623.63
-3167.25
-3648.21
-3953.96
-4657.54
-5497.94
-7437.21
-7680.86
-9122.41
-5074.09
-5531.51
-5509.1
-5131.95
-4169.58
-3744.58
-411.203
-348.742
-265.186
-165.718
-56.3582
-656.093
-556.352
-423.013
-264.34
-89.8987
-1098.62
-931.24
-707.843
-442.264
-150.402
-1673.15
-1417.4
-1076.93
-672.772
-228.791
-2326.5
-1969.13
-1495.38
-934.139
-317.716
-2943.35
-2487.66
-1888.04
-1179.81
-401.475
-296.814
-251.709
-191.393
-119.601
-40.6729
-643.184
-545.33
-414.598
-259.074
-88.1069
-1268.34
-1074.9
-816.945
-510.423
-173.585
-2091.19
-1771.09
-1345.51
-840.59
-285.882
-2999.8
-2538.13
-1927.29
-1204.12
-409.613
-3859.49
-3260.61
-2474.56
-1546.77
-526.528
-327.278
-277.619
-211.14
-131.964
-44.8859
-150.73
-127.88
-97.2723
-60.803
-20.6834
-605.297
-513.394
-390.424
-244.006
-82.9917
-388.774
-329.798
-250.839
-156.783
-53.3273
-1105.9
-937.659
-712.859
-445.44
-151.489
-835.557
-708.558
-538.754
-336.67
-114.5
-1736.43
-1471.42
-1118.16
-698.547
-237.551
-1501.83
-1272.79
-967.298
-604.308
-205.501
-2357.1
-1995.58
-1515.63
-946.724
-321.961
-2368.44
-2005.41
-1523.12
-951.326
-323.502
-2853.65
-2412.13
-1830.66
-1143.75
-389.131
-3288.09
-2779.95
-2109.65
-1317.65
-448.187
-3551.21
-2994.25
-2271.43
-1421.39
-484.411
-4159.36
-3492.16
-2649.84
-1665.68
-569.99
-4853.59
-4042.01
-3075.49
-1957.9
-677.036
-6413.49
-5253.56
-4037
-2655.88
-940.14
-6311.15
-5056.3
-3991.69
-2831.51
-1110.37
-7172.45
-5635.16
-4550.74
-3426.72
-1416.43
-4555.06
-3839.51
-2912.69
-1823.26
-621.64
-4942.53
-4151.92
-3149.98
-1978.63
-676.961
-4884.68
-4081.8
-3100.97
-1962.64
-676.381
-4486.13
-3714.41
-2834.95
-1825.77
-639.351
-3544.37
-2891.91
-2236.49
-1499.38
-550.407
-3076.93
-2467.67
-1940.13
-1362.94
-523.583
-18731.1
-14164.8
-4957.94
-3999.31
-3355.51
-5208.82
-3649.88
-13104.1
-14236
-11887.8
-13664
-7408.89
-11521.4
-5422.14
-5686.71
-4017.87
-21110.6
-11091.2
-3623.69
-5803.6
-8397.44
-5691.24
-6993.04
-5341.48
-2611.69
-4699.82
-4081.6
-4537.69
-18792.2
-12055.3
-12422.5
-7998.15
-8488.66
-8572.92
-4803.19
-5992.06
-5857.03
-12875
-12520.4
-11014.4
-11304.6
-10646.3
-10247.4
-7762.38
-6603.3
-5642.51
-2655.14
-4425.39
-3712.41
-2815.88
-1769.94
-605.091
-3594.52
-3032.09
-2299.89
-1438.31
-489.834
-3011.33
-2536.37
-1921.84
-1201.54
-409.402
-4687.47
-3957.69
-3001.67
-1875.33
-638.195
-3273.05
-2755.57
-2088.7
-1307.2
-445.728
-9825.74
-9022.39
-7829.42
-7519.44
-7927.56
-10180
-9505.68
-7985.27
-6875.68
-5361.54
-9262.2
-7074.04
-5786.78
-4499.83
-2028.99
-10105
-8857.45
-7197.34
-5961.1
-3794.74
-6325.93
-5117.68
-3894.72
-2553.55
-932.528
-9386.14
-7267.24
-5638.41
-3943.25
-1614.85
-4723.51
-3884.18
-2941.25
-1882.03
-661.948
-4936.17
-4047.24
-3065.81
-1968.67
-695.836
-3522.95
-2911.68
-2202.37
-1399.26
-487.331
-15374
-13386
-11710.6
-11203.7
-10569.4
-8988.4
-7094.67
-5681.6
-4205.75
-1816.78
-3152.24
-2591.68
-1968.57
-1267.13
-448.073
-5062.39
-4179.17
-3188.8
-2061.76
-729.708
-7153.82
-5815.45
-4502.65
-3036.46
-1126.87
-4961.99
-4091.71
-3124.94
-2022.59
-710.689
-6175.96
-5136.06
-3905.11
-2483.95
-854.028
-4737.98
-3956.45
-3002.06
-1897.76
-653.776
-2317.41
-1933.78
-1462.69
-920.283
-316.265
-4198.68
-3523.83
-2669.06
-1673.59
-572.203
-3592.48
-2979.95
-2257.27
-1432.75
-497.557
-4014.58
-3345.74
-2538.23
-1607.8
-555.984
-12958.8
-11959.5
-10618.7
-10659.7
-9868.2
-9153.23
-7028.25
-5852
-4741.21
-2198.09
-10411
-8801.32
-7308.18
-5911.68
-2718.85
-6704.66
-5234.38
-4124.43
-2900.24
-943.998
-7297.33
-5912.88
-4555.31
-3022.83
-1039.86
-7194.68
-5601.53
-4416.83
-3108.36
-995.537
-4236.56
-3523.17
-2679.53
-1707.5
-591.728
-5344.47
-4480.69
-3396.35
-2134.24
-730.582
-5144
-4263.96
-3244.6
-2075.86
-722.13
-481.648
-1309.09
-1983.31
-2600.19
-3223.6
-3791.42
-2311.65
-5974.64
-5634.44
-2328.06
-6822.92
-6114.14
-7355.02
-9821.15
-1304.49
-175.46
-2471.78
1169.48
-9663.14
-7997.56
1850.01
-1693.1
-4744.81
-4577.91
-1799.11
-5220.07
-2906.7
-5883.26
-6059.99
-581.268
863.378
-1075.57
3235.65
-6846.22
-4364.02
3623.23
-1057.26
-3262.54
-3377.69
-1249.65
-3298.26
-529.821
-4429.76
-4467.55
-174.345
1053.79
52.5532
3414.89
-4259.85
-472.488
4144.67
-717.606
-2358.8
-2756.04
-972.575
-1820.15
756.082
-3774.28
-4246.92
20.7324
770.679
377.462
2886.64
-3274.51
1462.99
3976.45
-625.607
-2229.4
-2651.67
-899.531
-1712.31
482.843
-4022.14
-5478.05
95.661
598.178
485.654
2540
-3122.59
1496.27
2795.05
-605.945
-2203.01
-2594.76
-876.195
-2094.05
-241.885
-3958.05
-5388.98
142.187
940.418
400.44
2654.44
-3591.63
663.593
2116.76
-1317.12
-3142.85
-4136.73
-1681.2
-6439.83
-11489.7
-6904.73
-12204.3
-1622.97
-1448.45
-5218.64
-4396.45
-2448.21
-9565.17
-4750.05
-1293.81
-3070.68
-3710.33
-1463.08
-6111.74
-9838.98
-6226.42
-8977.29
-1699.03
-1342.17
-5114.25
-4209.25
-1804.74
-8864.71
-4646.54
-1205.74
-2881.64
-3119.85
-1195.45
-5562.33
-8626.23
-5286.22
-8012
-1474.51
-1732.72
-4534.97
-5030.17
-2070.21
-7869.99
-5237.03
-1220.98
-3159.04
-2907.75
-1069.3
-5934.58
-8502.95
-5247.19
-7897.31
-1555.43
-2167.91
-4722.73
-6255.15
-2609.83
-8674.18
-6407.32
-1238.31
-3153.13
-2872.94
-1038.08
-5876.56
-9192.46
-5275.8
-8695.22
-1697.63
-2794.88
-5112.97
-8039.44
-3705.28
-10333.9
-8425.11
-1257.75
-3158.85
-2847.24
-1029.2
-5981.68
-9452.21
-5172.96
-8607.8
-1913.85
-3490.28
-5656.98
-9226.75
-4932.38
-11432.1
-9480.97
7089.12
8580.01
17675.4
27542.4
26686.6
52045.9
18478.8
55569
19067.9
44566.7
23444.8
38502
17966.3
23679.9
8316.28
8409.21
12499.5
14099.9
17185.4
15563.6
11982.3
18043.8
17877.1
17914.2
4646.08
3365.88
6271.78
4476.19
11429.6
7357.23
21131.4
14682.8
17623
17838.8
17845.1
17944.1
4044.65
3644.04
41141.8
50894.4
21872
29210.6
53133.2
65387.8
24623.6
30297.1
30765.1
40242
24489.1
33957.5
14048.1
17818.5
2673.58
851.796
3428.32
1191.81
6358.23
2617.88
11071.8
4059.11
7230.34
2400.68
7355.63
2079.24
14516.1
4221.62
19049.1
5963.49
24653.9
14054.9
20878.4
14421.5
25386.2
16345.7
20155.3
16339.5
16101.5
11598.1
17620.6
11108
20300
15004.6
20984.5
15420.8
19762
16763.3
20534
17121.6
16656.2
12342.9
17975
12829.2
17709.6
7237.63
10053.4
11429.3
19012.5
8317.22
9911.2
11886.1
17794
6774.7
10575.5
11314.3
18413.7
6829.37
11148
11444
2579.86
2879.17
911.215
1764.32
7919.33
9266.7
3240.85
6095.39
12895.7
15303.5
5743.78
10252.8
17317.1
9168.03
17363.6
20657.2
10300.3
6765.86
10818.6
12148.5
20976.1
13123.4
9790.84
12753.1
14033.1
13473
16717.5
2824.58
2901.74
1716.92
1863.67
9070.91
8700.06
5802.2
5898.34
13618.2
12572.7
8542.3
8618.24
9635.56
10799.6
15233.4
16162.9
16748.1
15780
19756.1
18200.9
13438.2
13416.4
12903.5
14154.8
16605.1
15387.8
15544.2
13203.3
13818.2
11242
15187.3
12192.4
14115.3
7796.73
11060.6
10871.6
15589.1
18287.9
15920.4
20845.2
9293.5
9265.77
12749.4
6038.36
10646.3
16891.4
10972.7
17975.2
16137.2
25504.1
16644.3
26027.5
8957.92
14759.8
9227.12
15940.9
11002.5
8309.22
13983.8
6417.45
11969.3
4748.75
13247.1
3489.05
11376.7
11786.1
14616.2
7596.59
10226.6
13542.3
13400.2
9630.03
2706.53
2535.19
2230.23
1776.52
1750.15
1549.78
8075.63
7050.98
6237.8
5236.73
4438.72
3797.61
10636.1
9147.06
8448.96
7526.27
6158.61
5640.79
9788.12
8086.53
7755.88
15164.5
11509
9476.3
13511.5
10088.3
7947.94
14954.3
11911.2
10164.3
11377.9
7863.83
5961.11
18300
15104.2
13566.4
13319.6
10723.5
9020.77
11634.1
8897.76
7116.32
10280.2
7817.82
6315.53
10919.9
6646.14
4228.38
11314.9
18489.3
9567.75
13742
9122.81
18840
7618.95
15422.4
224.777
1607.51
-175.859
933.916
3534.83
6687.68
2200.25
4019.3
1870.63
3977.24
10929.7
16352.6
8674.34
6381.58
11482.5
10034.9
15321.9
16386.3
-517.602
-5363.76
8321.64
5867.44
6419.86
3705.02
1455.98
950.71
1150.03
706.069
3929.69
1295.04
1940.27
238.578
9959.76
3061.72
7422.77
2324.89
8395.83
2539.83
9503.54
3158.4
12190
12129.8
9510.16
12068.9
18274.2
16543.7
14986.4
15779.2
7161.93
9491.96
8352.72
8745.89
8914.89
12038.4
9376.74
12177.1
14318.3
15520.4
14843.5
15658.8
6346.7
9660.68
6161.08
9807.64
1041.35
1699.33
7810
4635.92
1032.07
1485
6840.06
3944.19
1014.79
1527.72
8266.31
5096.75
1319.2
1646.91
8371.92
5379.22
-133.141
-253.025
474.151
352.964
-740.716
-1252.06
859.375
640.68
1370.45
358.271
2776.39
2520.72
-7655.39
-3903.85
-4405.27
-2758.19
282.528
-7060.49
-10380.6
-4880.4
-4781.42
263.33
9259.22
6891.06
5833.93
6148.12
3858.09
-473.503
-365.121
202.562
333.838
-1376.43
-1586.98
692.124
960.498
-1096.58
-1769.4
1703.12
2138.11
-3153.42
-1726.77
-8100.69
-5834.96
-4245.46
-3089.88
-3717.73
-3120.31
635.943
1542.31
4876.43
3354.46
-468.331
-2278.18
-535.118
-1915.01
677.192
-462.953
1256.64
1757.2
4122.79
4574.45
9812.97
6254.83
8590.56
8430.52
12957.6
10174.2
7704.97
4816.51
2710.13
3418.85
11615
4925.4
12448.2
4529.47
14889.1
9783.38
15831.3
9368.06
9255.87
3554.84
10048.3
3085.94
6097.89
5117.05
4967.8
8606.81
3158.73
4165
3398.77
7290.29
6690.92
4839.26
5956.88
9853.09
7981.96
4631.52
6904.08
9809.05
-551.142
-750.223
-891.958
198.646
-155.588
-212.744
-2112.73
-2668.61
-2921.08
403.866
-621.217
-781.471
-2549.88
-3814.57
-4363.67
1178.03
-1106.71
-1589.38
-1022.17
-1586.05
-1444.49
-4659.72
-5072.62
-4741.93
-3633.6
-4371.12
-4266.42
-3807.7
-4976.57
-5210.67
777.973
-1617.07
-1579.87
3921.01
1866.66
1033.56
-1538.65
-2846.35
-3268.26
-1726.08
-3196.68
-3576.49
-969.63
-2800.48
-3195.53
2134.03
-1094.09
-1339.72
78.1388
-6.0918
-37.7589
-82.5911
-104.071
-103.544
-120.728
-125.803
223.769
-8.50923
-112.892
-238.661
-252.931
-255.003
-284.932
-311.769
456.834
55.7701
-123.665
-366.348
-32.3685
-212.054
-261.772
-360.61
-42.0168
-139.087
-110.064
-122.439
175.941
10.2635
-55.8569
-129.016
1142.36
338.483
105.661
-219.938
1721.24
539.536
288.476
-306.755
970.254
257.423
25.4002
-357.925
1406.67
431.357
246.371
-308.288
1054.01
325.911
105.413
-185.453
1895.75
598.069
307.046
-378.458
1117.57
381.621
106.41
-243.02
1985.93
632.615
324.422
-414.613
79.4424
5.62907
-15.4109
-74.964
71.2627
3.4312
-3.57088
-78.5674
229.23
19.721
-50.5145
-216.848
135.231
-16.8379
-28.3363
-233.701
787.45
197.066
22.7237
-335.609
624.007
127.42
18.6531
-372.862
426.823
43.1283
-71.2735
-363.648
289.584
12.7206
-17.7815
-360.841
1204.59
335.972
170.77
-417.145
-36.6701
-30.9017
-23.6572
-60.8631
-128.151
-56.7722
-34.1866
-37.1987
-1.94541
-57.8926
-49.4436
-177.295
-319.339
-153.504
-92.2352
-108.127
126.396
-39.5733
-55.5949
-277.621
-418.357
-219.055
-138.501
-166.345
176.405
-50.3891
-70.564
-368.368
-406.434
-254.781
-158.967
-198.019
421.735
-0.890472
-1.50508
-363.903
-179.638
-225.885
-128.147
-185.893
1256.91
153.561
95.9879
-351.346
395.864
-72.1998
-50.6574
-139.476
853.527
53.2369
53.7075
-354.478
179.747
-150.451
-88.5397
-164.948
1595.97
292.872
159.709
-378.386
541.767
12.6927
-9.32029
-125.432
1833.71
444.787
236.699
-374.729
682.851
122.14
44.1212
-106.499
-33.7026
-16.3846
-8.97272
-5.5446
-4.16901
-45.8067
-24.7641
-14.1631
-8.89017
-6.68109
-79.2744
-38.0504
-20.592
-12.6443
-9.49347
-132.113
-73.2966
-42.4631
-26.8708
-20.2702
-112.434
-54.6351
-30.0886
-18.6833
-14.1031
-189.584
-104.169
-60.9008
-38.8317
-29.4113
-64.4034
-34.2534
-20.0477
-12.8339
-9.73361
-36.8906
-18.7103
-10.6485
-6.76008
-5.10272
-99.1355
-45.3462
-25.0563
-15.6644
-11.7774
-23.4505
-6.84424
-2.9662
-1.64975
-1.18843
-144.77
-74.487
-42.8128
-27.1562
-20.5307
-40.7825
-16.6758
-8.82713
-5.40203
-4.0058
-36.1779
-9.91626
-3.99128
-2.15948
-1.54889
-24.4433
-7.65841
-3.53986
-2.07099
-1.52702
-35.0274
-9.11267
-3.4768
-1.83971
-1.27352
-18.0506
-2.76333
-0.439816
-0.0417389
0.0445376
-27.3336
-12.29
-6.45205
-3.89227
-2.89742
-25.0976
-11.4335
-6.02166
-3.61922
-2.65966
-69.1445
-30.6382
-16.0076
-9.58014
-7.0834
-64.4305
-28.7818
-15.1507
-9.07106
-6.68658
-89.9748
-37.3674
-19.3414
-11.5265
-8.53427
-77.3572
-35.3466
-19.0658
-11.5394
-8.61842
-103.925
-52.6852
-30.0737
-18.9457
-14.3385
-51.1553
-25.7668
-14.4506
-8.90063
-6.73753
-59.8235
-31.7083
-18.4666
-11.7922
-8.93949
449.143
547.602
1407.39
1733.67
2143.44
2756.67
2606.49
3647.3
2620.05
3661.34
2360.85
3088.91
2226.18
2668.31
2637.13
3552.11
2708.27
3689.01
414.874
89.2896
19.2213
4.03843
0.971566
182.103
64.5495
6.61771
1.88213
0.774074
1542.35
339.402
74.0822
15.7928
3.84907
549.109
117.195
23.7612
4.63645
0.994658
2703.17
598.046
131.311
28.2492
6.94707
949.812
224.752
49.4551
10.7284
2.58166
3884.88
864.21
191.611
41.6965
10.3824
1327.61
341.913
80.3555
18.33
4.62569
5434.22
1243.38
281.57
62.397
15.8072
1762.44
512.579
127.716
30.1037
7.80324
7369.88
1840.41
439.896
101.45
26.4975
2036.79
629.781
162.236
38.9626
10.2719
6696
1620.39
377.993
85.4883
21.9852
1976.58
615.896
158.34
37.9291
9.91398
7694.62
1947.83
471.396
109.918
28.96
2075.4
624.602
158.504
37.6489
9.89775
7935.01
2003.2
486.966
114.186
30.2406
2071.52
625.595
158.683
34.9913
9.75444
265.738
6411.99
6306.55
3588.65
-3385.3
-4640.64
-10018.5
-13156.4
-5652.24
-11468.1
-2214.91
-6965.45
-5636.2
-9354.74
-10241.8
-14129.4
-12359.1
-14061.5
-6218.43
-7013.12
18814.1
14109.2
4564.56
3593.84
2809.93
4527.92
3147.54
12382.6
12280.2
10505.9
11190.8
9274.09
6431.02
8778.27
5442.68
4184.02
5197
3331.07
20412.9
10252.3
3119.96
5196.49
7774.3
5316.36
6341.45
4804.32
2361.9
4006.45
3471.73
4042.29
18915.5
11836.8
11910.7
7615.6
8132.17
8130.34
4152.72
5315.91
5422.27
12894.4
12476.6
10915
11126.5
10464
10153
7653.85
6486.08
5528.6
2604.47
4049.02
3371.85
2539.18
1587.26
541.032
3217.52
2701.34
2039.28
1270.57
431.827
2498.6
2080.94
1558.29
964.845
326.939
4054.32
3402.09
2563.77
1593.39
540.662
2800.7
2335.97
1753.95
1089.49
369.95
8312.76
7172.02
5870.95
5654.88
6338.86
6778.4
5437.4
3933.13
3286.98
2823.91
7313.81
5035.94
3874.5
2971.12
1350.53
6076.43
4596.28
3228.49
2577.03
1845.7
4714.25
3309.17
2219.29
1852.51
1123.48
5135.48
3878.49
2773.72
1738.88
620.181
6303.71
4379.98
3139.9
2098.39
852.001
3820.34
2515.34
1710.66
1089.1
418.336
3465.74
2695.92
1938.43
1193.2
411.05
4197.66
3176.6
2239.53
1364.53
469.752
2790.03
2188.88
1574.79
961.994
327.664
14035.2
11768
9991.23
9557.48
9247.08
7931.05
5971.28
4622.76
3379.72
1467.98
2604.66
2047.26
1491.53
931.413
324.177
4422.25
3550.75
2640.66
1676.9
588.29
6447.88
5090.5
3841.69
2548.63
938.902
4562.06
3694.53
2773.97
1773.29
618.841
5537.34
4545.12
3414.29
2153.43
736.981
4201.17
3450.26
2575.82
1608.36
550.404
2041.67
1651.9
1211.11
743.02
251.684
3531.26
2916.2
2172.82
1344.59
456.333
2961.28
2370.03
1734.27
1072.05
366.951
3508.42
2859.72
2123.08
1322.82
453.381
12865.8
11698.2
10230.2
10138.3
9296.32
8848.5
6700.54
5524.98
4456.78
2066.43
9659.55
7958.15
6452.03
5172.76
2368.85
6268.85
4791.01
3718.05
2595.47
841.702
6889.2
5492.48
4168.37
2736.75
935.159
6664.25
5058.05
3909.15
2722.47
858.953
3597.21
2930.09
2186.45
1375.18
473.431
4692.75
3886.57
2910.61
1812.03
617.146
4690.64
3820.88
2859.21
1806.68
624.23
5668.74
12356.5
10785.9
34930.8
10214.7
45698.5
6268.85
16438.6
8907.78
7491.25
17413.9
13617.2
9103.62
10970.1
19099.7
15914.3
3546.96
2423.9
8120.03
5685.16
6746.57
3515.46
24292.2
17089.5
14765.6
10302.2
15302.4
9964.36
-1649.3
1444.09
42089
51249.4
21239.5
29111.1
53746.5
65625.4
23853.4
30111.5
31422.3
40617
23879.7
33938.6
15094.1
18236.2
1944.01
379.35
4136.85
1336.54
3880.76
1836.5
12539.9
4477.78
1960.04
924.655
5516.96
1524.39
14584.6
4192.71
19228.3
6006.92
18096.5
11073.3
18657.6
12915.9
17674.2
12591.1
17590.9
14521.8
14619.6
10490.6
13413
9006.32
19410.8
14302.3
20764.1
15218.8
18712.9
15949.3
20244
16885.5
16114.4
11813.2
17853.2
12675.5
16882.8
7056.31
9285.01
11158.5
16446.1
7692.74
8390.34
11377.7
17557.2
6721.06
10213.2
11175.6
18386
6824.79
11041.8
11402.8
626.335
475.032
-89.0898
598.76
2330.76
2859.98
1656.78
4260.37
3480.31
4638.87
3613.84
7834.56
16466.5
15853.3
13049.3
15267.4
9159.31
10701.6
8524.35
7241.54
15100.4
12260.1
12324.8
11614.7
10980.1
10294
15651.5
634.38
824.566
374.644
604.551
2886.08
2562.62
3284.79
3238.57
2753.92
1415.89
5422.21
5181.95
11671.9
12577.7
10896
10872.2
9732.59
8112.92
13061
11259.9
11530.4
10933.8
15015.7
15556.3
14080.6
12754.7
11480.3
9553.88
10261.1
8127.69
13672.5
10217.7
13012.5
7865.11
10664.9
10849.5
16047.1
19061.3
16021
21091.6
8651.69
9033.63
11095.1
5679.3
10505.8
16803.8
10931.1
17939
16222.9
25713.5
16653.8
26032.8
8702.49
14572.6
9156.34
15884
10413.6
8068.82
13666
6284
10569.7
4418.04
12623.5
3384.07
11129.6
11625
14468.9
7525.59
10158.2
13490.9
13363.5
9601.73
997.414
780.843
555.46
697.238
1938.69
889.636
2717.33
2701.23
356.262
206.389
4841.84
4713.39
13596.7
11738.1
10668.7
8285.16
6830.1
4669.29
9028.73
6899.46
9505.39
6396.88
19837.2
16965.8
10338.3
8430.62
7951.09
5912.68
6859.11
4797.86
7653.74
3946.88
5867.48
11140.1
5422.24
10841.2
7264.88
11858.5
8520.37
13226.4
1516.44
1433.03
1353.08
1362.27
4621.78
4869.62
4340.21
4530.37
2046.09
2387.51
9156.03
10079.4
5583.92
6300.08
10436.4
9810.35
14325.7
16115.4
-501.763
-5193.57
7794.69
5828.5
6217.36
3741.47
1281.25
1246.91
1390.98
1213.38
3192.85
2187.91
2541.23
1599.21
8353.52
4228.99
7803.66
3844.02
8547.55
3406.73
9595.26
3513.91
6760.29
9726.44
7593.19
10755.9
11303
12819.6
12547.1
13944
6102.06
8897.37
5353.72
7920.04
8136.49
11480.8
9145.48
12016.9
13287.1
14729.2
14539.7
15430
5938.53
9418.96
6043.49
9740.8
1232.79
2215.58
7857.7
4938.31
1414.08
2356.1
7094.46
4393.24
1239.85
1938.73
8313.8
5313.02
1415.63
1817.53
8372.77
5475.12
1185.85
1356
1271.21
1456.99
3202.76
3587.55
2457.45
2865.03
7734.61
8424.17
4624.83
5142.23
4292.83
9419.9
2999.06
845.394
1899.17
4189.35
1264.61
2058.76
-1510.7
1358.45
13628.5
10128.5
8026.91
7999.03
4787.28
1630.85
1778.56
1689.46
2107.61
4270.88
4635.44
3439.95
4379.43
8979.35
10190.2
5217.74
6727.98
6186.03
7505.85
2267.4
4286.36
3641.94
4960.97
1350.98
2228.9
2474.47
3814.95
11285.8
8826.65
6363.24
4386.29
4949.92
3408.01
4926.13
3469.94
3149.15
3923.52
7632.57
8142.93
11450.7
7833.38
11227.3
11240
13983.7
11417
9664.01
6451
6155.19
6862.24
12417.5
5830.48
12670
4743.68
15362
10520.2
15945.1
9521.58
10268.3
4491.2
10343.3
3329.81
8028.56
6678.49
6708.55
10448.8
6189.49
7213.92
5616.16
10190.3
7737.69
5778.26
7016.75
10968.6
8307.47
4918.75
7245.91
10104.7
1429.18
1492.27
1481.84
1161.92
5080.71
5707.55
2764.01
1568.18
11054.1
9142.7
4111.66
532.666
9371.72
8113.87
6098.99
5046.06
5228.52
4111.12
2121.16
948.62
2717.26
-605.254
8437.34
6985.25
4192.77
2874.18
2898.28
1352.03
2453.86
642.474
4477.87
-430.346
299.055
126.846
42.748
-36.4107
319.272
163.828
49.6643
-17.3233
843.581
363.762
101.739
-133.198
796.297
417.266
162.761
7.01125
1277.63
552.109
188.327
-188.316
1247.95
630.151
356.089
132.995
745.136
396.138
254.337
93.392
518.417
250.07
108.482
-26.8313
1602.72
637.814
336.521
-37.198
1874.3
605.171
349.057
-313.372
1620.88
640.06
325.993
-69.3434
1603.38
517.559
324.612
-315.384
1408.27
563.045
255.879
-129.459
2012.9
651.148
364.43
-350.097
1270.08
486.428
176.268
-208.156
2037.28
658.208
347.287
-407.723
281.725
107.552
40.455
-54.0517
281.09
93.3278
50.1682
-60.7517
799.393
311.88
110.88
-156.85
784.673
273.343
138.322
-184.546
1425.55
537.487
226.284
-281.575
1379.2
482.874
242.303
-311.775
1433.89
581.652
283.695
-125.184
1050.62
389.437
199.557
-312.531
1626.6
540.707
341.254
-366.427
197.04
66.3685
26.6398
-36.5067
111.448
47.3208
17.3758
-3.49062
628.24
210.93
97.2688
-107.253
366.256
152.651
64.63
-6.86322
890.635
309.133
149.394
-171.872
533.767
241.802
102.938
-11.4195
1073.27
395.289
200.576
-219.961
722.793
331.214
147.1
-8.39536
1295.58
446.205
284.669
-194.001
983.451
388.116
206.237
27.4684
2224.95
725.089
459.551
-140.209
1189.7
416.926
238.143
41.6531
1922.74
629.7
420.115
-139.693
1240.42
435.438
246.6
50.5736
2228.11
692.165
414.719
-234.877
1028.08
339.753
186.402
-9.22231
2046.17
584.536
326.086
-325.634
839.678
233.442
111.303
-67.3509
6.81114
10.9517
8.08876
5.5696
4.30779
26.916
20.5974
13.6191
9.12369
7.04482
15.5289
25.2157
18.7573
12.9621
10.0318
90.9186
63.7181
41.0301
27.1967
20.9182
39.2144
40.6537
28.1871
19.0677
14.6522
140.623
93.7624
58.853
38.5724
29.5315
46.4446
30.9504
19.3266
12.6205
9.6561
20.7068
15.4084
10.0406
6.65094
5.13841
36.7933
35.0452
23.4329
15.6514
12.0657
-9.15269
2.05673
2.46955
1.86953
1.49264
95.8814
65.6717
41.2162
27.0109
20.6869
6.90916
11.8335
8.31854
5.65294
4.40542
-15.1797
1.41749
2.80987
2.24256
1.81229
-5.10823
3.15797
2.93773
2.11259
1.66423
-17.8115
0.53748
2.37121
1.98977
1.69962
-16.5099
-2.19071
-0.101203
0.200595
0.262318
-0.135235
7.14699
5.81189
4.11412
3.21109
2.8784
7.3364
5.64511
3.96623
3.12165
3.81294
19.4518
15.2321
10.7494
8.41587
9.89824
19.816
14.8094
10.3651
8.11966
3.15682
25.0253
19.1265
13.4209
10.4695
26.5628
28.6244
19.6562
13.4592
10.404
69.8925
47.5112
29.6758
19.5015
14.9008
35.0999
24.2355
15.3379
10.2547
7.82582
50.3918
29.6379
17.8636
11.5521
8.80956
152.881
266.85
617.517
968.558
1196.5
1808.3
1763.53
2753.76
2007.86
3018.07
2241.5
2997.53
1933.56
2449.4
2597.1
3515.52
2701.27
3680.87
414.694
91.1258
19.7531
4.15845
1.00086
123.32
58.2447
4.91845
1.64946
0.764024
1565.26
349.787
76.7089
16.3692
3.98813
388.111
90.0267
19.183
3.86085
0.842699
2742.22
614.09
135.409
29.1682
7.17283
754.039
191.778
43.9444
9.82644
2.41256
3917.34
879.82
195.877
42.699
10.6381
1150.27
311.555
75.2329
17.4937
4.47214
5451.68
1256.03
285.417
63.3636
16.0673
1644.78
491.427
124.114
29.5327
7.70606
7364.16
1842.99
441.252
101.895
26.6407
2015.06
624.643
161.205
38.7825
10.2394
6700.09
1628.04
380.761
86.2596
22.209
1920.13
604.154
156.225
37.5915
9.85886
7687.48
1948.18
471.925
110.131
29.0355
2068.68
622.916
158.133
37.5787
9.88342
7932.48
2003.22
487.114
114.251
30.2648
2070.64
625.362
158.625
34.9782
9.75161
178.875
6290.02
5859.73
2886.74
1336.97
749.29
3195.87
2546.83
5408.82
5889.59
2795.08
2577.57
429.974
650.664
1089.17
1676.51
2355.71
3017.38
295.769
613.26
1239.79
2092.23
3060.4
4016.43
335.641
146.106
589.591
366.537
1086.81
812.502
1726.54
1490.3
2350.81
2331.1
2864.55
3143.71
3691.6
4392.44
5236.45
7260.09
7561.1
9076.84
4847.61
5395.28
5483.68
5204.19
4262.16
3784.88
388.679
329.533
250.494
156.494
53.2128
587.875
498.129
378.443
236.334
80.3448
983.493
832.814
632.359
394.761
134.183
1512.58
1279.73
971.032
605.957
205.945
2122.66
1793.61
1359.75
848.242
288.282
2713.03
2287.83
1732.39
1080.58
367.344
267.263
226.516
172.131
107.509
36.5498
553.865
469.122
356.279
222.44
75.6115
1119.12
947.343
719.146
448.889
152.577
1887.02
1596.06
1210.9
755.666
256.847
2756.64
2328.71
1765.43
1101.59
374.478
3610.36
3044.38
2306.05
1439.3
489.553
303.485
257.348
195.651
122.246
41.5738
132.112
112.029
85.1703
53.215
18.0976
532.838
451.601
343.162
214.33
72.8718
331.287
280.81
213.4
133.29
45.319
981.651
831.486
631.478
394.249
134.016
733.989
621.803
472.286
294.875
100.237
1558.11
1318.52
1000.54
624.334
212.176
1344.97
1138.15
863.61
538.829
183.1
2118.53
1790.16
1356.89
846.19
287.51
2100.34
1774.19
1344.13
837.803
284.567
2574.84
2170.18
1642.16
1023.56
347.791
2824.1
2378.01
1796.99
1118.49
379.711
3306.78
2779.32
2101.68
1311.92
446.509
3907.31
3265.48
2466.7
1545.29
527.865
4595.89
3801.85
2874.54
1821.69
628.609
6217.81
5053.84
3855.07
2522.68
891.303
6165.27
4900.79
3842.28
2712.9
1061.85
7111.57
5567.48
4482.35
3368.41
1392.16
4343.71
3653.28
2765.28
1728.01
588.625
4810.96
4031.51
3051.01
1912.66
653.696
4851.99
4044.08
3063.74
1934.39
665.747
4540.8
3750.33
2852.99
1831.1
639.915
3619.16
2947.32
2270.89
1514.91
553.925
3109.27
2491.56
1954.63
1368.83
524.68
454.775
725.726
1215.68
1852.55
2578.42
3267.45
328.306
711.567
1403.8
2316.1
3326.05
4286.85
361.867
166.635
669.373
429.872
1223.4
924.197
1922.04
1662.12
2611.46
2623.65
3167.27
3648.23
3953.98
4657.56
5497.95
7437.22
7680.85
9122.39
5074.11
5531.52
5509.11
5131.95
4169.58
3744.58
411.205
348.744
265.187
165.719
56.3585
656.096
556.354
423.015
264.341
89.8992
1098.62
931.245
707.847
442.266
150.403
1673.16
1417.41
1076.94
672.776
228.792
2326.51
1969.14
1495.39
934.145
317.718
2943.36
2487.67
1888.05
1179.82
401.478
296.815
251.711
191.394
119.601
40.6731
643.187
545.333
414.6
259.075
88.1074
1268.35
1074.9
816.949
510.426
173.586
2091.2
1771.1
1345.52
840.595
285.884
2999.82
2538.15
1927.3
1204.12
409.615
3859.51
3260.63
2474.57
1546.78
526.532
327.279
277.62
211.141
131.965
44.8861
150.731
127.88
97.2728
60.8033
20.6835
605.3
513.396
390.426
244.007
82.9921
388.776
329.8
250.84
156.784
53.3276
1105.91
937.664
712.862
445.442
151.49
835.561
708.562
538.757
336.672
114.501
1736.44
1471.42
1118.17
698.551
237.553
1501.84
1272.8
967.304
604.312
205.502
2357.11
1995.59
1515.64
946.73
321.963
2368.45
2005.42
1523.13
951.332
323.504
2853.67
2412.14
1830.67
1143.76
389.134
3288.11
2779.96
2109.67
1317.66
448.191
3551.23
2994.26
2271.45
1421.4
484.415
4159.38
3492.18
2649.86
1665.7
569.995
4853.61
4042.03
3075.52
1957.92
677.044
6413.51
5253.59
4037.04
2655.92
940.154
6311.17
5056.34
3991.73
2831.55
1110.39
7172.46
5635.19
4550.79
3426.77
1416.45
4555.08
3839.52
2912.71
1823.28
621.645
4942.54
4151.94
3150
1978.65
676.967
4884.7
4081.82
3100.99
1962.65
676.387
4486.14
3714.42
2834.97
1825.79
639.358
3544.38
2891.93
2236.5
1499.4
550.414
3076.94
2467.68
1940.14
1362.96
523.59
18731
14164.8
4957.96
3999.33
3355.54
5208.86
3649.91
13104
14236
11887.8
13664.1
7408.94
11521.5
5422.18
5686.74
4017.9
21110.5
11091.2
3623.71
5803.63
8397.46
5691.26
6993.07
5341.5
2611.71
4699.85
4081.62
4537.71
18792.1
12055.3
12422.5
7998.16
8488.67
8572.92
4803.22
5992.09
5857.05
12875
12520.5
11014.5
11304.8
10646.4
10247.4
7762.44
6603.38
5642.6
2655.19
4425.41
3712.44
2815.9
1769.96
605.098
3594.54
3032.11
2299.91
1438.32
489.838
3011.35
2536.4
1921.87
1201.56
409.408
4687.5
3957.72
3001.7
1875.35
638.202
3273.08
2755.59
2088.72
1307.22
445.734
9825.79
9022.52
7829.66
7519.82
7928.04
10180
9505.73
7985.53
6876.3
5362.5
9262.26
7074.16
5786.97
4500.1
2029.19
10105
8857.48
7197.57
5961.66
3795.56
6325.98
5117.76
3894.82
2553.65
932.585
9386.2
7267.35
5638.59
3943.49
1615.03
4723.55
3884.24
2941.32
1882.09
661.976
4936.21
4047.29
3065.87
1968.74
695.867
3522.98
2911.72
2202.41
1399.3
487.348
15374.1
13386.2
11710.9
11204.1
10569.8
8988.45
7094.77
5681.73
4205.9
1816.87
3152.27
2591.72
1968.61
1267.17
448.091
5062.43
4179.22
3188.86
2061.81
729.729
7153.87
5815.52
4502.74
3036.54
1126.91
4962.02
4091.75
3124.99
2022.63
710.705
6176
5136.11
3905.16
2483.99
854.043
4738.01
3956.49
3002.1
1897.79
653.789
2317.44
1933.81
1462.71
920.302
316.273
4198.71
3523.86
2669.1
1673.62
572.213
3592.52
2979.98
2257.31
1432.79
497.572
4014.62
3345.77
2538.27
1607.83
555.996
12958.8
11959.6
10618.8
10660
9868.43
9153.25
7028.31
5852.09
4741.31
2198.14
10411
8801.42
7308.32
5911.84
2718.95
6704.69
5234.43
4124.5
2900.31
944.026
7297.37
5912.94
4555.38
3022.89
1039.88
7194.72
5601.59
4416.9
3108.44
995.572
4236.59
3523.21
2679.57
1707.53
591.741
5344.51
4480.73
3396.39
2134.27
730.594
5144.03
4264
3244.65
2075.9
722.146
481.678
1309.14
1983.36
2600.23
3223.63
3791.44
2131.43
5976.74
5637.39
2141.3
6822.82
6113.25
7356.81
9821.62
1192.3
165.449
2480.01
-1174.11
9661.4
7994.21
-1854.75
1555.5
4750.36
4582.06
1652.08
5221.57
2906.92
5885.18
6060.76
524.922
-783.735
1085.85
-3248.17
6846.42
4362.47
-3627.73
965.685
3268.75
3380.56
1146.44
3301.42
531.279
4431.54
4468.51
135.978
-966.599
-31.1667
-3411.63
4264.38
474.049
-4143.95
652.299
2363.58
2756.99
893.247
1823.61
-754.159
3775.42
4247.68
-43.8955
-704.806
-357.548
-2883.09
3280.55
-1459.69
-3973.01
567.826
2232.52
2651.31
827.414
1715.85
-480.471
4022.83
5478.7
-117.694
-585.787
-466.499
-2500.39
3131.38
-1490.54
-2781.96
550.367
2204.9
2593.98
806.363
2097.33
244.281
3958.53
5389.57
-158.695
-916.725
-387.907
-2599.1
3600.56
-657.007
-2098.6
1207.77
3143.44
4141.67
1538.83
6442.31
11491.6
6908.5
12206.1
1500.17
1329.25
5205.34
4395.22
2446.83
9566.1
4750.47
1191.95
3068.57
3714.14
1340.75
6111.89
9839.58
6228.76
8978.41
1579.95
1223.79
5088.81
4212.64
1800.13
8863.55
4645.89
1115.48
2878.48
3121.99
1098
5560.13
8625.3
5287.04
8012.36
1374.37
1582.92
4509.57
5026.13
2063.5
7867.01
5233.3
1133.75
3154.58
2908.27
985.287
5930.78
8500.93
5246.84
7896.99
1452.93
1997.09
4696.93
6223.1
2600.84
8669.3
6396.06
1150.39
3149.51
2872.94
958.016
5872.31
9189.79
5274.96
8694.54
1584.18
2589.79
5089.07
7981.11
3694.71
10327.4
8407.02
1167.24
3156.52
2847.36
949.963
5977.81
9449.56
5172.09
8607.04
1777.7
3248.73
5641.25
9158.05
4922.75
11425.4
9460.2
)
;

boundaryField
{
    patch1
    {
        type            calculated;
        value           nonuniform List<scalar> 
2440
(
-4048.31
-8681.17
-8130.34
-4152.69
-5315.87
-5422.24
-8572.92
-4803.19
-5992.06
-5857.03
4044.65
8674.34
8130.34
4152.72
5315.91
5422.27
8572.92
4803.22
5992.09
5857.05
-7728.21
-17679.4
-26683.8
-18476.1
-19064.5
-23432.8
-17936.2
-9645.47
-78.8659
3619.66
10051.6
5671.12
2223.74
5646.3
10262.6
12388.4
7074.83
-18814.2
-14109.3
-4564.54
-3593.82
-2809.9
-4527.89
-3147.51
-12382.6
-12280.2
-10505.9
-11190.8
-9274.04
-6430.95
-8778.22
-5442.61
-4183.97
-5196.92
-3331.02
-20413
-10252.3
-3119.92
-5196.46
-7774.28
-5316.35
-6341.42
-4804.28
-2361.87
-4006.41
-3471.69
-4042.25
-18915.6
-11836.8
-11910.7
-7615.59
-8132.16
84.4155
-335.64
-146.106
-589.589
-366.536
-1086.81
-812.499
-1726.53
-1490.29
-2350.8
-2331.08
-2864.54
-3143.69
-361.865
-166.634
-669.369
-429.869
-1223.4
-924.192
-1922.03
-1662.11
-2611.45
-2623.63
-3167.25
-3648.21
-18731.1
-14164.8
-4957.94
-3999.31
-3355.51
-5208.82
-3649.88
-13104.1
-14236
-11887.8
-13664
-7408.89
-11521.4
-5422.14
-5686.71
-4017.87
-21110.6
-11091.2
-3623.69
-5803.6
-8397.44
-5691.24
-6993.04
-5341.48
-2611.69
-4699.82
-4081.6
-4537.69
-18792.2
-12055.3
-12422.5
-7998.15
-8488.66
7089.12
17675.4
26686.6
18478.8
19067.9
23444.8
17966.3
8316.28
79.0039
-3385.3
-10018.5
-5652.24
-2214.91
-5636.2
-10241.8
-12359.1
-6218.43
18814.1
14109.2
4564.56
3593.84
2809.93
4527.92
3147.54
12382.6
12280.2
10505.9
11190.8
9274.09
6431.02
8778.27
5442.68
4184.02
5197
3331.07
20412.9
10252.3
3119.96
5196.49
7774.3
5316.36
6341.45
4804.32
2361.9
4006.45
3471.73
4042.29
18915.5
11836.8
11910.7
7615.6
8132.17
-84.3135
335.641
146.106
589.591
366.537
1086.81
812.502
1726.54
1490.3
2350.81
2331.1
2864.55
3143.71
361.867
166.635
669.373
429.872
1223.4
924.197
1922.04
1662.12
2611.46
2623.65
3167.27
3648.23
18731
14164.8
4957.96
3999.33
3355.54
5208.86
3649.91
13104
14236
11887.8
13664.1
7408.94
11521.5
5422.18
5686.74
4017.9
21110.5
11091.2
3623.71
5803.63
8397.46
5691.26
6993.07
5341.5
2611.71
4699.85
4081.62
4537.71
18792.1
12055.3
12422.5
7998.16
8488.67
-17947.1
-16355.1
6.70226
8.93554
-7.84962
-8.8041
-3791.42
663.593
2116.76
-11432.1
-9480.97
17944.1
16352.6
-6.73753
-8.93949
7.82582
8.80956
3791.44
-657.007
-2098.6
11425.4
9460.2
-17840.5
-790.534
33.2689
281.293
43.3285
-592.205
-622.653
-458.853
-496.699
-80.1253
-74.4714
780.731
1660.32
-479.901
-405.297
-296.264
-241.572
-2438.2
-1665.53
-6242.89
-3792.04
-8449.85
-5638.26
-7755.89
-9476.35
-7947.97
-10164.5
-5960
-13566.4
-9020.81
-7116.32
-6315.49
-4227.99
-3984.29
953.772
211.865
2929.47
787.348
4367.5
1592.1
1444.69
4742.4
4267.18
5212.94
1581.32
-1033.36
3268.72
3577.15
3196.59
1340.48
66.9125
40.6057
177.108
108.034
277.404
166.122
368.25
197.889
363.824
185.812
351.298
139.444
354.416
164.897
378.353
125.413
374.708
106.49
4.3909
7.17596
9.39837
20.1913
14.0272
29.3315
9.72455
5.09984
11.7636
1.18746
20.5492
4.01193
1.54414
1.52581
1.27083
-0.0454249
3.05612
2.8942
7.01938
6.62925
8.50508
8.5246
14.334
-1.17159
-0.848571
-3.88237
-0.790617
-7.04026
-2.26374
-10.5147
-4.20192
-15.9782
-7.26679
-26.5918
-9.84724
-22.1277
-9.259
-29.0036
-9.71701
-30.2516
-9.72152
-207.853
-194.907
-2868.93
5156.12
11406.8
8920.12
6382.41
8890
12502.7
12896.9
8046.42
-1288.63
-325.656
127.252
-95.5654
-771.355
-675.78
-547.823
-527.439
-120.816
-76.0069
743.387
1587.7
-514.031
-415.278
-311.808
-248.229
-794.307
-719.356
-918.252
-2711.65
-206.327
-4717.83
-11737.5
-8283.77
-4667.9
-6900.01
-6398.81
-16965.6
-8430.27
-5912.55
-4798.19
-3947.73
-1763.95
-1320.37
-5652.88
-1525.31
-9136.91
-517.866
-8114.39
-5047.27
-4111.93
-945.148
610.918
-6985.4
-2874.41
-1351.71
-640.942
432.902
40.5306
4.23796
106.798
6.6368
171.557
11.1048
219.813
8.22545
193.919
-27.5518
140.189
-41.6577
139.649
-50.6039
234.864
9.22347
325.62
67.3486
-4.89714
-7.76574
-10.1259
-21.0812
-14.7251
-29.6276
-9.66442
-5.1398
-12.081
-1.49442
-20.6529
-4.39673
-1.81899
-1.66553
-1.70254
-0.263501
-3.70327
-3.52566
-8.44522
-8.14547
-10.4846
-10.4782
-14.8874
-1.2112
-0.836763
-4.02378
-0.622925
-7.27146
-2.07484
-10.7761
-4.02952
-16.2427
-7.15489
-26.7355
-9.81177
-22.3534
-9.19431
-29.0791
-9.70218
-30.2758
-9.71867
-118.466
489.11
-1859.49
-214.721
-495.651
-1602.21
-1388.24
-605.908
-2202.98
-2594.69
-876.112
-2094.05
-241.885
-3958.05
-5388.98
142.187
940.418
400.44
2654.44
-3591.63
-1257.74
-3158.83
-2847.18
-1029.14
-5981.68
-9452.21
-5172.96
-8607.8
-1913.85
-3490.28
-5656.98
-9226.75
-4932.38
17838.8
790.489
-33.2889
-281.331
-43.4021
592.195
622.65
458.84
496.698
80.0997
74.4918
-780.786
-1660.22
479.894
405.303
296.265
241.576
2230.23
1549.78
6237.8
3797.61
8448.96
5640.79
7755.88
9476.3
7947.94
10164.3
5961.11
13566.4
9020.77
7116.32
6315.53
4228.38
3977.24
-891.958
-212.744
-2921.08
-781.471
-4363.67
-1589.38
-1444.49
-4741.93
-4266.42
-5210.67
-1579.87
1033.56
-3268.26
-3576.49
-3195.53
-1339.72
-60.8631
-37.1987
-177.295
-108.127
-277.621
-166.345
-368.368
-198.019
-363.903
-185.893
-351.346
-139.476
-354.478
-164.948
-378.386
-125.432
-374.729
-106.499
-4.16901
-6.68109
-9.49347
-20.2702
-14.1031
-29.4113
-9.73361
-5.10272
-11.7774
-1.18843
-20.5307
-4.0058
-1.54889
-1.52702
-1.27352
0.0445376
-2.89742
-2.65966
-7.0834
-6.68658
-8.53427
-8.61842
-14.3385
0.990148
0.713413
3.90823
0.806579
7.04287
2.27993
10.5114
4.21271
15.9737
7.27244
26.5893
9.84813
22.1239
9.26155
29.002
9.71712
30.2503
9.72128
207.911
196.071
2870.85
-4828.45
-11365
-8899.77
-6374.36
-8880.15
-12484
-12875.5
-7081.21
1288.69
325.647
-127.292
95.5528
771.336
675.771
547.798
527.432
120.763
75.9709
-743.491
-1587.82
514.007
415.264
311.803
248.228
780.893
697.281
889.636
2701.23
206.389
4713.39
11738.1
8285.16
4669.29
6899.46
6396.88
16965.8
8430.62
5912.68
4797.86
3946.88
1492.3
1161.94
5707.55
1568.18
9142.7
532.666
8113.87
5046.06
4111.12
948.62
-605.254
6985.25
2874.18
1352.03
642.474
-430.346
-36.5067
-3.49062
-107.253
-6.86322
-171.872
-11.4195
-219.961
-8.39536
-194.001
27.4684
-140.209
41.6531
-139.693
50.5736
-234.877
-9.22231
-325.634
-67.3509
4.30779
7.04482
10.0318
20.9182
14.6522
29.5315
9.6561
5.13841
12.0657
1.49264
20.6869
4.40542
1.81229
1.66423
1.69962
0.262318
3.21109
3.12165
8.41587
8.11966
10.4695
10.404
14.9008
1.02102
0.698214
4.05186
0.640243
7.27463
2.09235
10.7729
4.04115
16.2384
7.16098
26.7331
9.81273
22.3498
9.19707
29.0776
9.7023
30.2746
9.71843
118.915
-488.087
1862.66
145.211
527.176
1626.75
1234.26
550.333
2204.87
2593.91
806.287
2097.33
244.281
3958.53
5389.57
-158.695
-916.725
-387.907
-2599.1
3600.56
1167.22
3156.51
2847.3
949.904
5977.81
9449.56
5172.09
8607.04
1777.7
3248.73
5641.25
9158.05
4922.75
-14396.4
5784.69
-3791.42
14395.1
-5784.54
3791.44
-12497.6
-14099.6
-11979.9
-18042.4
-5041.54
-3635.52
-11422.9
-7360.9
-3244.22
-3720.33
-8602.94
-9920.97
-11106.7
-12776.7
-11090.3
-3583.4
-16329.4
-3212.96
-3363.58
-8611.91
-8692.64
-10384.2
-9658.01
-3112.68
-2900.27
-2525.35
-8025.49
-6883.43
-6013.66
-8268.85
-7274.7
-6912.54
-11305.9
-18485.7
-9118.11
-18837.4
-211.182
-1736.29
-3572.33
-6702.74
465.956
453.281
1587.47
1691.88
553.824
856.407
5830.77
2884.26
5800.42
622.948
487.144
1628.48
1698.96
1569.76
1927.47
815.296
990.434
1114.01
2635.54
3085.2
3198.56
3048.08
3959.55
4316.72
-341.134
-857.93
-1121.91
-970.444
-289.553
77.6614
107.576
36.0852
6.775
15.6739
-9.5194
-170.239
-222.565
101.06
114.267
234.171
40.9415
5.53004
12499.5
14099.9
11982.3
18043.8
4646.08
3365.88
11429.6
7357.23
3032.12
3465.3
8583.8
9889.48
11101.3
12769.5
11089.8
3583.29
16328.1
2968.89
3101.77
8606.17
8673.7
10381.6
9654.37
2836.28
2640.53
2311.51
8016.79
6875.02
6009.94
8266.83
7273.5
6912.49
11314.9
18489.3
9122.81
18840
224.777
1607.51
3534.83
6687.68
-433.245
-417.835
-1585.79
-1691.46
-554.334
-856.684
-5830.69
-2884.19
-5800.47
-587.032
-450.851
-1621.92
-1697.6
-1568.34
-1925.73
-765.096
-919.911
-1036.37
-2621.92
-3074.5
-3191.35
-3044.28
-3956.31
-4314.41
298.25
865.89
1126.41
972.405
290.245
-77.6065
-107.379
-36.071
-6.77208
-25.8822
16.5009
173.955
224.026
-100.63
-114.26
-234.086
-40.9479
-5.53289
3003.82
6720.64
56.5307
31.99
18.7002
11.8925
9.07398
95.2702
51.7862
30.548
19.6874
14.9438
-2649.78
-412.352
3615
10005.1
2149.71
87.3548
56.0435
30.8124
18.4632
11.9655
9.04622
86.5313
48.6871
28.91
18.5175
14.1029
481.678
1309.14
1983.36
2600.23
3223.63
-3590.95
-3672.88
-10136.1
-10041.6
-15222.7
-13916.6
-3604.98
-3244.23
-2998.72
-9971.44
-9058.09
-8419.73
-12159.2
-10722.8
-9855.97
0
0
0
0
0
0
0
0
-2463.95
-1269.09
-541.66
-369.91
-566.932
-379.412
-338.412
-293.851
-222.767
-157.648
-124.583
-88.2409
-120.162
-69.1753
-41.0736
-26.348
-20.0512
-43.5325
-25.7114
-15.5024
-10.0082
-7.62406
-32.9399
-251.293
-682.099
-1380.93
-2295.55
-3182.51
-29.8043
-25.2982
-19.253
-12.0391
-4.09566
-227.285
-192.829
-146.68
-91.6867
-31.1857
-616.725
-523.035
-397.723
-248.551
-84.5312
-1247.86
-1057.63
-803.835
-502.201
-170.779
-2072.38
-1754.81
-1332.83
-832.476
-283.084
-2868.64
-2425.53
-1840.75
-1149.67
-391.039
-2899.16
-2577.46
-2153.66
-1628.33
-1022.38
-350.616
0
0
0
0
0
0
0
0
0
0
0
0
1394.66
-141.742
91.9767
-172.394
-2996.45
-2922.99
-6452.79
-5727.95
-6109.11
-5583.45
-2681
-2467.8
-2301.3
-5368.34
-5199.26
-4988.52
-6018.14
-6167.77
-6065.35
-542.649
-377.455
-203.602
-95.4407
-222.722
-158.064
-97.4564
-59.0756
-108.801
-66.983
-41.2025
-26.8326
-20.4545
-41.5691
-25.3727
-15.5325
-10.1011
-7.70394
2384.81
2063.42
1669.48
1221.49
746.626
252.114
17.3415
202.213
592.119
1234
1997.83
2676.06
15.6652
13.2695
10.0767
6.2899
2.13771
182.758
154.91
117.721
73.5255
24.9969
534.938
453.218
344.265
214.954
73.0691
1113.76
942.587
715.275
446.297
151.658
1800.11
1520.6
1151.99
718.018
243.873
2404.11
2024.38
1529.67
951.992
323.158
-3615.12
-10005.6
-2150.88
-87.6801
-56.066
-30.8271
-18.4777
-11.9826
-9.07365
-86.5266
-48.6678
-28.8893
-18.4998
-14.091
-481.648
-1309.09
-1983.31
-2600.19
-3223.6
-3003.74
-6720.49
-56.6008
-32.0428
-18.7407
-11.9272
-9.11483
-95.3148
-51.806
-30.5551
-19.6892
-14.9471
2651.67
412.813
-9799.87
-13844.7
-18830.2
-22600.7
-19543.1
-21375.9
-11229.3
-10515
-1914.21
-1884.83
-1665.53
-5232.91
-4435.45
-3792.04
-7524.89
-6157.12
-5638.26
-11377.1
-7863.04
-5960
-10919.7
-6645.88
-4227.99
334.74
-768.222
-1253.4
-2178.47
-1699.59
152.381
-653.799
-398.865
77.5573
763.404
256.605
167.644
156.053
136.383
590.724
362.81
313.985
268.162
193.814
75.8679
43.6955
35.5544
485.735
196.415
111.255
91.8049
634.799
269.398
161.627
134.082
609.095
281.258
176.565
148.393
416.119
239.429
151.499
131.425
150.876
140.518
89.5554
74.5738
206.081
178.713
117.343
104.577
117.428
96.9639
62.2413
49.6988
45.7465
35.3171
24.6862
19.9596
49.6676
27.1312
15.5814
9.77404
7.33571
108.996
62.2466
36.4898
23.1827
17.4989
45.6032
28.5818
17.7332
11.6083
8.82922
60.7126
33.2635
19.8035
12.811
9.69253
43.1969
27.9333
17.4568
11.4498
8.73103
19.8748
12.4451
7.66595
4.99312
3.80181
27.3383
12.876
6.82643
4.08826
3.01525
59.6991
27.9034
14.9387
9.01172
6.67024
68.288
33.5287
18.5406
11.3609
8.52563
-326.1
-857.68
-1271.57
-1372.72
-418.79
-240.48
-52.7532
-306.622
-304.952
-84.6755
-40.8063
0.641936
-0.300202
-0.447521
-147.153
-1.22408
4.59583
1.9276
0.692098
-269.872
-32.1981
-3.0482
-0.123406
0.113567
-375.998
-75.1378
-16.2631
-3.67417
-0.879256
-403.755
-128.878
-35.1327
-8.86545
-2.34792
-323.637
-114.634
-32.6519
-8.37188
-2.09312
-457.486
-163.772
-45.4072
-11.3373
-2.90038
-229.367
-73.0136
-20.1812
-5.1282
-1.15169
-197.181
-58.753
-15.4141
-3.61584
-0.710998
9095.9
12855.1
14105.8
16653
17419.2
18396.3
9350.01
10301.1
-2696.74
-7435.73
-4847.04
-2835.3
-2399.77
-1999.82
-1497.65
-926.89
-313.942
-3734.4
-2618.07
-1719.98
-1434.27
-874.174
-3376.32
-2191.45
-1466.42
-920.42
-351.453
-2385.72
-1878.73
-1352.55
-824.282
-279.827
-582.302
-719.309
-2722.29
-2711.65
-4844.37
-4717.83
-9506.56
-6398.81
-7654.17
-3947.73
-996.713
-1096.65
-2184.93
-2391.05
-1724.38
-16.7974
-1254.04
-1169.11
-1201.35
-882.308
-286.637
-159.744
-48.1117
6.83279
-494.796
-300.064
-118.247
-37.2546
-74.8163
-43.5916
-15.119
-5.58125
-203.374
-121.35
-50.9516
-21.1153
-274.278
-183.897
-75.4006
-31.2179
-344.592
-225.409
-93.3543
-39.9181
-469.749
-238.212
-121.649
-70.4524
-338.543
-181.165
-127.469
-100.85
-501.993
-230.433
-138.812
-96.404
-166.603
-111.014
-85.7329
-71.4392
-46.0665
-36.2287
-27.3335
-22.9503
-32.6865
-23.3555
-15.1974
-10.1609
-7.85099
-90.0643
-57.302
-35.8981
-23.6131
-18.1356
-61.1441
-31.0077
-17.7548
-11.2554
-8.57687
-57.13
-31.9253
-18.8729
-12.0662
-9.23214
-56.2671
-30.2391
-17.5854
-11.1992
-8.53206
-21.9235
-12.8247
-7.69068
-4.953
-3.77331
-5.98153
-8.78434
-6.5625
-4.60984
-3.61408
-17.5693
-20.6753
-14.7634
-10.2202
-7.97468
-37.8853
-29.3476
-19.1992
-12.9553
-9.96985
-11.2853
-100.156
-399.38
-639.229
-50.9969
-219.412
33.8007
-307.157
-307.493
-8.5215
-30.8361
3.24217
0.103363
-0.406266
47.7912
36.0495
11.5035
3.20382
0.962512
-37.7962
12.5352
5.28792
1.39814
0.4313
-177.841
-36.1782
-8.87954
-2.30907
-0.591902
-288.704
-104.481
-30.3215
-7.96088
-2.15703
-309.739
-110.42
-31.6113
-8.1452
-2.0366
-412.796
-152.64
-43.0387
-10.8685
-2.79754
-226.918
-71.9303
-19.8333
-5.04016
-1.1262
-197.34
-58.64
-15.3538
-3.59618
-0.704413
-31.5674
-370.548
-1040.97
-1958.44
-2994.35
-4000.6
-4862.62
-5407.86
-5266.19
-3932.59
-1872.02
-275.449
-28.4746
-24.0794
-18.2561
-11.3819
-3.86594
-334.613
-283.362
-215.159
-134.312
-45.652
-939.732
-795.555
-603.952
-376.994
-128.142
-1766.6
-1494.4
-1133.87
-707.616
-240.515
-2697.48
-2278.99
-1727.83
-1078.11
-366.488
-3596.34
-3032.69
-2297.21
-1433.74
-487.646
-4356.87
-3664.21
-2773.63
-1733.36
-590.49
-4821.52
-4040.47
-3058.69
-1918.39
-655.925
-4662.49
-3890.13
-2950.43
-1864.73
-642.374
-3452.7
-2869.53
-2186.53
-1399.41
-488.611
-1631.03
-1352.71
-1037.94
-674.317
-239.036
-240.861
-201.038
-155.579
-101.973
-36.3509
-62.8153
-465.881
-1202.94
-2184.76
-3267.25
-4277.55
-5077.07
-5487.35
-5165.28
-3694.93
-1631.97
-174.555
-56.8237
-48.2233
-36.696
-22.9464
-7.80649
-421.174
-357.153
-271.575
-169.724
-57.7256
-1087.01
-921.345
-700.321
-437.587
-148.82
-1972.9
-1671.14
-1269.71
-793.261
-269.788
-2947.19
-2493.93
-1893.86
-1183.24
-402.503
-3851.42
-3254
-2469.61
-1543.65
-525.454
-4557.22
-3840.98
-2913.75
-1824.01
-621.931
-4900.77
-4115.44
-3122.24
-1961.77
-671.417
-4576.82
-3823.18
-2904.53
-1839.09
-634.308
-3237.92
-2687.27
-2048.14
-1313.43
-459.58
-1409.34
-1159.78
-887.161
-577.912
-205.837
-146.682
-118.107
-89.8787
-59.3436
-21.5046
-3319.9
-13664
-3693.34
-2981.51
-2512.74
-1904.17
-1190.1
-405.356
-10105
-8857.45
-7197.34
-5961.1
-3794.74
-3246.62
-2688.45
-2032.7
-1288.03
-447.136
9798.98
13841.2
18836.5
22594.5
19566.5
21358.1
9634.8
9046.21
1776.52
1750.15
1549.78
5236.73
4438.72
3797.61
7526.27
6158.61
5640.79
11377.9
7863.83
5961.11
10919.9
6646.14
4228.38
-280.579
715.437
1224.98
2170.77
1698.76
-152.643
593.624
369.739
-74.9586
-765.51
-237.167
-155.393
-144.58
-126.22
-590.198
-362.647
-314.003
-268.047
-184.939
-71.9036
-40.7952
-32.4835
-484.094
-196.055
-111.152
-91.9
-633.645
-269.1
-161.651
-134.296
-608.498
-281.078
-176.581
-148.51
-415.85
-239.35
-151.518
-131.493
-150.86
-140.526
-89.5747
-74.5991
-205.985
-178.693
-117.363
-104.618
-117.439
-96.979
-62.256
-49.7132
-45.7558
-35.3251
-24.6919
-19.9642
-45.6952
-25.0435
-14.4298
-9.08769
-6.83784
-109.062
-62.2815
-36.5388
-23.2434
-17.5563
-45.6169
-28.5868
-17.7338
-11.6069
-8.82733
-60.7321
-33.2688
-19.8021
-12.8069
-9.6883
-43.2074
-27.9379
-17.4584
-11.45
-8.73089
-19.8783
-12.4471
-7.66714
-4.9939
-3.80245
-24.7949
-11.6686
-6.22128
-3.76198
-2.77504
-59.8744
-28.0285
-15.0333
-9.0924
-6.74465
-68.4298
-33.6451
-18.6369
-11.4471
-8.61889
284.311
867.515
1275.74
1374.59
419.542
240.544
53.0004
306.64
304.958
65.002
33.3576
-1.82194
-0.021552
0.33465
152.938
2.79636
-4.24654
-1.85093
-0.67323
273.356
33.3977
3.36556
0.199481
-0.0934628
377.654
75.7888
16.4542
3.72309
0.892838
404.413
129.161
35.2227
8.88982
2.35499
323.703
114.666
32.6638
8.37547
2.09428
457.708
163.873
45.4414
11.3469
2.9033
229.385
73.0227
20.1847
5.12927
1.15206
197.186
58.7545
15.4145
3.61595
0.711032
-9092.76
-12850.5
-14092.5
-16638.4
-17394.3
-18373
-8043.43
-8864.1
2696.77
7435.78
4847.12
2835.34
2399.8
1999.85
1497.67
926.907
313.948
3734.52
2618.27
1720.28
1434.67
874.481
3376.43
2191.58
1466.58
920.567
351.527
2385.77
1878.79
1352.61
824.324
279.843
555.46
697.238
2717.33
2701.23
4841.84
4713.39
9505.39
6396.88
7653.74
3946.88
915.897
998.934
2184.24
2397.53
1726.49
17.2646
1141.16
1083.12
1206.67
880.469
265.577
147.714
44.5798
-6.13303
495.481
300.358
118.131
37.0003
61.2516
38.3179
13.6216
5.7134
205.455
121.473
50.8988
20.8926
276.152
184.169
75.2936
30.9178
345.74
225.684
93.328
39.7682
470.373
238.41
121.661
70.3874
338.686
181.24
127.496
100.855
502.299
230.559
138.838
96.3862
166.662
111.053
85.7516
71.4481
46.0805
36.2392
27.3397
22.9544
30.5153
21.6189
13.9952
9.31523
7.17919
89.6919
57.1126
35.7618
23.4964
18.0352
61.1528
31.0181
17.7651
11.2647
8.58514
57.1363
31.9401
18.8888
12.0806
9.24455
56.2738
30.2459
17.592
11.205
8.53721
21.9263
12.8268
7.69243
4.95446
3.77455
5.39501
7.9171
5.86656
4.08352
3.20198
17.5352
20.6571
14.7356
10.1814
7.93107
37.8157
29.2888
19.1409
12.8939
9.89515
-2.88396
107.464
402.073
640.34
51.3678
219.423
-33.7136
307.155
307.493
-5.7844
23.9189
-4.31302
-0.415752
0.291491
-41.8096
-34.3441
-11.1227
-3.12074
-0.942142
41.2226
-11.2726
-4.94796
-1.31637
-0.409705
179.381
36.8419
9.08036
2.36105
0.60639
289.274
104.76
30.4141
7.98646
2.16452
309.785
110.448
31.6226
8.14877
2.03778
412.973
152.736
43.073
10.8784
2.8006
226.928
71.9373
19.8363
5.04117
1.12656
197.342
58.6409
15.3541
3.59626
0.70444
31.5672
370.548
1040.97
1958.45
2994.36
4000.61
4862.64
5407.87
5266.2
3932.59
1872.02
275.45
28.4745
24.0793
18.256
11.3819
3.86592
334.614
283.363
215.16
134.312
45.6521
939.735
795.557
603.955
376.995
128.142
1766.61
1494.41
1133.87
707.619
240.517
2697.49
2279
1727.83
1078.12
366.49
3596.35
3032.7
2297.22
1433.74
487.649
4356.88
3664.22
2773.64
1733.37
590.494
4821.54
4040.49
3058.7
1918.4
655.929
4662.5
3890.14
2950.45
1864.74
642.379
3452.71
2869.54
2186.54
1399.42
488.615
1631.04
1352.72
1037.95
674.322
239.038
240.862
201.04
155.581
101.974
36.3514
62.8158
465.884
1202.95
2184.77
3267.27
4277.57
5077.09
5487.36
5165.29
3694.93
1631.97
174.554
56.8242
48.2237
36.6963
22.9466
7.80656
421.177
357.155
271.577
169.725
57.7259
1087.02
921.35
700.325
437.589
148.821
1972.91
1671.15
1269.71
793.266
269.79
2947.21
2493.95
1893.87
1183.24
402.505
3851.44
3254.02
2469.62
1543.66
525.458
4557.24
3841
2913.77
1824.02
621.935
4900.79
4115.46
3122.25
1961.78
671.422
4576.83
3823.2
2904.55
1839.1
634.313
3237.93
2687.28
2048.15
1313.44
459.583
1409.34
1159.78
887.164
577.915
205.838
146.681
118.107
89.8783
59.3434
21.5046
3319.92
13664.1
3693.37
2981.54
2512.76
1904.2
1190.11
405.362
10105
8857.48
7197.57
5961.66
3795.56
3246.65
2688.49
2032.74
1288.07
447.152
0
0
0
0
0
0
0
0
0
0
0
0
-1395.34
141.07
-92.2417
172.211
2996.54
2923.08
6453.03
5728.27
6109.57
5584.13
2681.09
2467.88
2301.37
5368.71
5199.61
4988.81
6019.06
6168.6
6066.01
542.446
377.347
203.503
95.3908
222.637
158.017
97.4268
59.0623
108.769
66.9682
41.1938
26.826
20.4451
41.5625
25.3691
15.5301
10.0994
7.70207
-2384.77
-2063.38
-1669.44
-1221.45
-746.598
-252.103
-17.3416
-202.212
-592.117
-1234
-1997.82
-2676.04
-15.6652
-13.2696
-10.0768
-6.28993
-2.13771
-182.758
-154.91
-117.721
-73.5253
-24.9968
-534.936
-453.216
-344.264
-214.953
-73.0687
-1113.76
-942.582
-715.271
-446.294
-151.657
-1800.1
-1520.59
-1151.99
-718.013
-243.871
-2404.09
-2024.37
-1529.66
-951.983
-323.155
3590.84
3672.79
10135.6
10041.3
15221.6
13915.8
3604.9
3244.18
2998.69
9971.23
9057.98
8419.69
12158.8
10722.6
9855.98
0
0
0
0
0
0
0
0
2465.45
1269.29
542.028
370.047
567.132
379.53
338.419
293.822
222.85
157.696
124.602
88.245
120.134
69.1681
41.0733
26.3487
20.048
43.5331
25.7131
15.5044
10.0099
7.62514
32.9402
251.294
682.102
1380.94
2295.57
3182.53
29.8046
25.2984
19.2531
12.0392
4.0957
227.286
192.831
146.681
91.6873
31.1859
616.728
523.038
397.725
248.552
84.5317
1247.86
1057.64
803.84
502.204
170.78
2072.39
1754.82
1332.84
832.482
283.086
2868.66
2425.55
1840.76
1149.68
391.042
2899.18
2577.48
2153.69
1628.35
1022.4
350.625
)
;
    }
    patch2
    {
        type            calculated;
        value           nonuniform List<scalar> 
348
(
-481.648
481.678
-858.935
-473.42
-617.136
-624.218
-995.537
-591.728
-730.582
-722.13
858.953
473.431
617.146
624.23
995.572
591.741
730.594
722.146
-10463.8
-2604.43
-541.027
-431.823
-326.933
-540.656
-369.945
-6338.65
-2823.34
-1350.41
-1845.23
-1123.1
-620.132
-851.89
-418.257
-411.024
-469.711
-327.645
-9246.92
-1467.93
-324.161
-588.274
-938.878
-618.83
-736.97
-550.393
-251.674
-456.322
-366.935
-453.369
-9296.21
-2066.4
-2368.81
-841.688
-935.144
-53.2126
-80.3445
-134.183
-205.944
-288.28
-367.342
-36.5496
-75.6112
-152.577
-256.846
-374.476
-489.55
-41.5736
-18.0975
-72.8716
-45.3189
-134.015
-100.236
-212.174
-183.099
-287.509
-284.565
-347.789
-379.707
-446.506
-527.86
-628.602
-891.293
-1061.83
-1392.14
-588.621
-653.692
-665.742
-639.909
-553.92
-524.673
-56.3582
-89.8987
-150.402
-228.791
-317.716
-401.475
-40.6729
-88.1069
-173.585
-285.882
-409.613
-526.528
-44.8859
-20.6834
-82.9917
-53.3273
-151.489
-114.5
-237.551
-205.501
-321.961
-323.502
-389.131
-448.187
-484.411
-569.99
-677.036
-940.14
-1110.37
-1416.43
-621.64
-676.961
-676.381
-639.351
-550.407
-523.583
-10646.3
-2655.14
-605.091
-489.834
-409.402
-638.195
-445.728
-7927.56
-5361.54
-2028.99
-3794.74
-932.528
-1614.85
-661.948
-695.836
-487.331
-10569.4
-1816.78
-448.073
-729.708
-1126.87
-710.689
-854.028
-653.776
-316.265
-572.203
-497.557
-555.984
-9868.2
-2198.09
-2718.85
-943.998
-1039.86
10464
2604.47
541.032
431.827
326.939
540.662
369.95
6338.86
2823.91
1350.53
1845.7
1123.48
620.181
852.001
418.336
411.05
469.752
327.664
9247.08
1467.98
324.177
588.29
938.902
618.841
736.981
550.404
251.684
456.333
366.951
453.381
9296.32
2066.43
2368.85
841.702
935.159
53.2128
80.3448
134.183
205.945
288.282
367.344
36.5498
75.6115
152.577
256.847
374.478
489.553
41.5738
18.0976
72.8718
45.319
134.016
100.237
212.176
183.1
287.51
284.567
347.791
379.711
446.509
527.865
628.609
891.303
1061.85
1392.16
588.625
653.696
665.747
639.915
553.925
524.68
56.3585
89.8992
150.403
228.792
317.718
401.478
40.6731
88.1074
173.586
285.884
409.615
526.532
44.8861
20.6835
82.9921
53.3276
151.49
114.501
237.553
205.502
321.963
323.504
389.134
448.191
484.415
569.995
677.044
940.154
1110.39
1416.45
621.645
676.967
676.387
639.358
550.414
523.59
10646.4
2655.19
605.098
489.838
409.408
638.202
445.734
7928.04
5362.5
2029.19
3795.56
932.585
1615.03
661.976
695.867
487.348
10569.8
1816.87
448.091
729.729
1126.91
710.705
854.043
653.789
316.273
572.213
497.572
555.996
9868.43
2198.14
2718.95
944.026
1039.88
-245.054
146.245
211.865
-388.678
630.441
787.348
-1173.05
1110.57
1592.1
-776.025
1618.86
1581.32
-2132.99
1095.04
1340.48
-1673.02
-1320.35
-2719.62
-1525.31
-4098.36
-517.866
-2711.84
610.918
-4475.39
432.902
198.646
-155.588
-212.744
403.866
-621.217
-781.471
1178.03
-1106.71
-1589.38
777.973
-1617.07
-1579.87
2134.03
-1094.09
-1339.72
1481.84
1161.92
2764.01
1568.18
4111.66
532.666
2717.26
-605.254
4477.87
-430.346
)
;
    }
    patch3
    {
        type            calculated;
        value           nonuniform List<scalar> 
96
(
-429.972
-650.662
-1089.17
-1676.5
-2355.7
-3017.37
-295.768
-613.258
-1239.78
-2092.22
-3060.39
-4016.42
-3691.58
-4392.42
-5236.43
-7260.09
-7561.11
-9076.85
-4847.6
-5395.26
-5483.67
-5204.18
-4262.16
-3784.89
-454.773
-725.723
-1215.68
-1852.54
-2578.4
-3267.44
-328.305
-711.563
-1403.8
-2316.09
-3326.03
-4286.84
-3953.96
-4657.54
-5497.94
-7437.21
-7680.86
-9122.41
-5074.09
-5531.51
-5509.1
-5131.95
-4169.58
-3744.58
429.974
650.664
1089.17
1676.51
2355.71
3017.38
295.769
613.26
1239.79
2092.23
3060.4
4016.43
3691.6
4392.44
5236.45
7260.09
7561.1
9076.84
4847.61
5395.28
5483.68
5204.19
4262.16
3784.88
454.775
725.726
1215.68
1852.55
2578.42
3267.45
328.306
711.567
1403.8
2316.1
3326.05
4286.85
3953.98
4657.56
5497.95
7437.22
7680.85
9122.39
5074.11
5531.52
5509.11
5131.95
4169.58
3744.58
)
;
    }
    patch4
    {
        type            calculated;
        value           nonuniform List<scalar> 
384
(
-10737.9
-32077.6
-59209.5
-77935.2
-61725.7
-44303.1
-27411.3
-10900
-15184
-42684.4
-61828.3
-22804.1
9732.47
32061.5
59207.2
77932.7
61722.3
44304.2
27409.3
9345.2
13933.7
42672.8
61801.6
20767.5
-49748.9
-60525.1
-75992.5
-93058.8
-51150.7
-61054
-77036
-93486.2
49750.5
60526.6
75992.3
93058.7
51154.9
61056.7
77037.6
93487
-18218.4
-21106.5
19358.2
21604.5
-17209.5
-6568.15
-20927.5
-8673.92
17854.8
6842.39
21314.6
8836.87
-19354.5
-21601.9
18221
21108.5
-7804.25
-5545.6
-24744.1
-17429.1
-31375.9
-39771.3
-4119.79
-1401.05
-12954.9
-4546.77
-9818.89
-6880.53
-28985.3
-20554.8
-32445.3
-40318.5
-4941.5
-1571.11
-14922.8
-5102.76
7136.84
5074.57
24743.1
17428.3
31377.9
39773.5
3788.23
1294.53
12951.6
4547.13
9005.94
6298.93
28989.3
20556.9
32448.8
40321.5
4539.61
1447.91
14919.8
5103.72
-17852.6
-6841.47
-21312.2
-8835.85
17211.3
6568.93
20929.6
8674.87
-13124.8
-16718.6
-12260.4
-15652
13123.4
16717.5
12260.1
15651.5
-900.013
-1283.93
-2616.51
-4064.15
-2402.88
-2082.41
-4221.72
-5963.13
-7238.38
-11429.7
-8318.15
-11886.6
-6774.85
-11314.4
-6829.28
-11444.1
-392.543
-1442.57
-1831.6
-4482.71
-926.11
-1527.7
-4192.82
-6006.54
-7057.03
-11158.8
-7693.34
-11378.1
-6721.19
-11175.7
-6824.7
-11402.8
851.796
1191.81
2617.88
4059.11
2400.68
2079.24
4221.62
5963.49
7237.63
11429.3
8317.22
11886.1
6774.7
11314.3
6829.37
11444
379.35
1336.54
1836.5
4477.78
924.655
1524.39
4192.71
6006.92
7056.31
11158.5
7692.74
11377.7
6721.06
11175.6
6824.79
11402.8
-965.357
-1890.68
-3241.41
-6112.41
-5747.07
-10258.5
-10301.5
106.299
-635.735
-1646.99
-4265.42
-3614.32
-7836.87
-9159.6
911.215
1764.32
3240.85
6095.39
5743.78
10252.8
10300.3
-89.0898
598.76
1656.78
4260.37
3613.84
7834.56
9159.31
-705.272
-2219.58
-3853.07
-5465.73
-7391.43
-10989.2
-9573.66
-11809.4
-11993.3
-739.174
-2326.65
-4001.63
-5602.08
-7485.55
-11005.7
-9628.38
-11808
-11990.8
623.374
2228.8
3854.39
5465.61
7391.16
10989.2
9573.5
11809.5
11993.4
653.077
2337.15
4003.29
5602.14
7485.44
11005.7
9628.35
11808.1
11990.9
-144.202
-453.543
-783.981
-1105.56
-1522.42
-2493.3
-2083.55
-2744.21
-2796.79
-151.037
-475.007
-814.782
-1135.65
-1546.62
-2501.36
-2100.7
-2746.73
-2797.15
125.906
455.614
784.217
1105.43
1522.26
2493.24
2083.43
2744.2
2796.8
131.727
477.347
815.097
1135.56
1546.49
2501.33
2100.61
2746.73
2797.16
-31.2817
-98.4951
-170.346
-241.128
-337.437
-584.25
-475.255
-654.161
-671.358
-32.7624
-103.125
-177.163
-248.141
-343.614
-587.095
-480.204
-655.422
-671.67
27.1501
98.9102
170.361
241.063
337.37
584.221
475.203
654.147
671.353
28.3997
103.59
177.19
248.081
343.552
587.071
480.158
655.412
671.666
-6.74002
-21.3086
-37.0188
-52.7661
-74.8656
-134.788
-107.461
-153.035
-158.202
-7.05325
-22.2903
-38.4953
-54.3428
-76.3388
-135.617
-108.742
-153.461
-158.322
5.82489
21.3889
37.0126
52.743
74.8429
134.777
107.442
153.029
158.199
6.08798
22.3791
38.4908
54.3202
76.3167
135.607
108.724
153.455
158.319
-1.66247
-5.27474
-9.21106
-13.2419
-19.041
-35.4409
-27.7559
-40.7564
-42.438
-1.73707
-5.50881
-9.56913
-13.6361
-19.427
-35.6933
-28.1134
-40.8982
-42.4807
1.43192
5.29184
9.20701
13.2337
19.033
35.4362
27.749
40.7535
42.4361
1.49435
5.52752
9.56523
13.6279
19.419
35.6888
28.1066
40.8954
42.4788
)
;
    }
}


// ************************************************************************* //
